33.00 3.35 1.73 2.80 1200 600
0.00 3.35 1.73 2.80 1200 600
17.00 4.36 1.78 3.32 1200 600
50.00 4.38 1.78 3.33 1200 600
50.00 4.45 1.79 3.38 1200 600
50.00 4.53 1.79 3.42 1200 600
50.00 4.60 1.80 3.47 1200 600
50.00 4.68 1.80 3.51 1200 600
50.00 4.76 1.80 3.55 1200 600
63.00 4.85 1.80 3.59 1200 600
87.00 4.96 1.81 3.64 1200 600
100.00 5.29 1.81 3.86 1200 600
70.00 5.66 1.81 4.11 1200 600
130.00 5.99 1.80 4.36 1200 600
100.00 6.13 1.79 4.46 1200 600
100.00 6.25 1.80 4.55 1200 600
100.00 6.36 1.80 4.65 1200 600
100.00 6.43 1.80 4.71 1200 600
100.00 6.50 1.80 4.76 1200 600
100.00 6.56 1.81 4.83 1200 600