2.000000000000000111e-01 3.354959551524805406e+00
1.000000000000000056e-01 3.422959551524805466e+00
5.000000000000000278e-02 3.678959551524805249e+00
3.333333333333333287e-02 3.910959551524805455e+00
2.000000000000000042e-02 4.084959551524805832e+00
1.250000000000000069e-02 4.190959551524805704e+00
1.000000000000000021e-02 4.230959551524805740e+00
6.666666666666667095e-03 4.328959551524805605e+00
5.000000000000000104e-03 4.450959551524805491e+00
4.000000000000000083e-03 4.594959551524805619e+00
3.333333333333333547e-03 4.750959551524805313e+00
