1.539802711851859796e-01 6.089682496364138942e+00 3.366458602808297229e+00 2.727015310482630461e+00 1.351704759204713127e+03 5.792462729959119088e+02
3.501721181022007556e+01 5.534221954340613259e+00 3.297645545960566693e+00 2.777974645593039860e+00 1.448830502787589012e+03 5.786625513735209552e+02
3.366943007334360516e+01 7.487016247576049999e+00 4.463930058552216806e+00 3.335720598103211199e+00 1.440106243007063995e+03 6.206625510171110136e+02
5.124897074513086181e+01 7.838671452101419135e+00 4.506048787888711438e+00 3.451710192949591693e+00 1.339496804916404699e+03 5.844409724701356481e+02
1.032699614813910642e+02 8.236339395741545388e+00 4.484660073859213725e+00 3.353329653233586338e+00 1.929878941351272488e+02 8.018177103443915144e+01
1.558936817658916141e+02 8.323579282318618766e+00 4.607541522906909215e+00 3.405879211810512341e+00 1.922391009071197061e+02 7.902389617044821080e+01
2.104866699895526381e+02 8.372869182269338850e+00 4.595981849169056055e+00 3.504014001547998802e+00 3.774669325232059123e+02 8.375449290494593413e+01
2.393276232730479194e+02 8.036697841789289143e+00 4.688926972436800789e+00 3.361711914182484051e+00 3.679203102816621822e+02 1.429705000826768355e+02
3.120053150297960087e+02 8.858515691232833333e+00 4.890277738681103159e+00 3.451728276780410720e+00 3.587710072422199232e+02 1.374196583559874227e+02
3.449124682307838725e+02 8.326554702627499083e+00 5.002716970068304292e+00 3.760782010608579196e+00 3.750750613947298007e+02 1.396216015066858347e+02
4.145846906247259085e+02 9.201095698884019569e+00 4.969111630883366715e+00 3.530064474640901118e+00 3.476926176706508613e+02 1.363661447725699531e+02
5.115305164454809983e+02 9.353190411900181189e+00 5.071692650593512042e+00 3.829666059944945911e+00 3.678898354739171168e+02 1.391999483230210046e+02
5.742786172686722921e+02 1.024092744931827248e+01 5.553017244146474241e+00 4.137720242259608661e+00 3.519312856081594418e+02 1.365681684496676382e+02
6.972369242523819821e+02 1.109152296817141448e+01 5.866889047269481239e+00 4.505544703560196318e+00 7.435074863794096700e+02 3.141890113513449023e+02
8.007224531492419146e+02 1.094730278940715706e+01 6.258291265171994411e+00 4.601926206032047162e+00 7.172347206532195969e+02 3.091206592315890589e+02
9.111802717439992421e+02 1.140198820963752802e+01 6.205733685292504909e+00 4.457889161180454529e+00 7.561781562226090045e+02 3.090134387276683015e+02
1.022656540879165277e+03 1.098824357613532321e+01 6.240748860677288512e+00 4.659051103250888559e+00 7.359016656456410601e+02 3.007784628990934266e+02
1.124755565081179839e+03 1.170214161101811889e+01 6.249733425660648045e+00 4.615072233926445833e+00 7.245085376346453359e+02 3.154189970106310170e+02
1.237827966732511868e+03 1.174666886276169464e+01 6.460925502161391165e+00 4.551096510305700171e+00 7.568617012145372200e+02 3.156096584281253854e+02
1.264797417789765404e+03 1.207132719042360414e+01 6.717908741318390220e+00 5.003332700880712913e+00 7.389087464803425291e+02 3.169982833450697512e+02
1.449135938890877924e+03 1.194175737207153887e+01 6.395850750293786469e+00 4.656964237597660095e+00 7.545853902571509479e+02 3.165795628147613456e+02
1.553112824480528388e+03 1.185696369798928629e+01 6.557315471303901688e+00 5.108309758715651405e+00 7.210170228102793999e+02 3.140811537944381371e+02
1.733404185557233859e+03 1.293306628914450052e+01 6.876669907691504768e+00 5.038375439648289600e+00 8.216131932889036307e+02 3.151294991581037266e+02
1.903582825752980625e+03 1.308378237069962857e+01 6.876471169029110264e+00 5.310887355444172009e+00 8.024099680323766961e+02 3.037143415657999412e+02
2.157305084784967676e+03 1.338279578328513786e+01 6.956407696545631403e+00 5.357626269655963114e+00 8.201631153269299830e+02 3.244079880565470262e+02
2.300734333716779929e+03 1.353270018318586132e+01 6.979936524406087806e+00 5.237029926859629647e+00 7.775315880446725032e+02 2.986566477033285878e+02
2.516045378633082692e+03 1.373996850359521638e+01 6.784727857374168281e+00 5.242582843209415699e+00 7.754658323574850556e+02 3.227750573723316734e+02
2.482947716348504400e+03 1.342408862725018714e+01 7.156341349063734647e+00 5.564565862489539327e+00 8.376463741990701237e+02 3.136689175158189755e+02
2.899499443758235884e+03 1.380450866417626088e+01 7.045519128200828263e+00 5.506754724862685357e+00 8.372593678997927782e+02 3.083856836332068951e+02
2.799379904055067527e+03 8.066369347804627665e+00 0.000000000000000000e+00 9.535370271199653303e+00 8.337266689620233819e+02 3.164529797533599549e+02
2.914088564197265896e+03 7.894551723634283036e+00 0.000000000000000000e+00 1.000814149783020390e+01 5.522979788727850973e+04 0.000000000000000000e+00
3.204531061343696820e+03 8.015797479841898721e+00 0.000000000000000000e+00 1.032399614161850998e+01 6.044484660436488048e+04 0.000000000000000000e+00
3.147515310239592054e+03 8.311896461988151685e+00 0.000000000000000000e+00 9.811736277068929368e+00 5.980306960094376700e+04 0.000000000000000000e+00
3.306802897377232057e+03 8.837032783082058529e+00 0.000000000000000000e+00 1.026407163055352889e+01 5.844451284759765258e+04 0.000000000000000000e+00
3.450198910988012813e+03 8.894098938396513887e+00 0.000000000000000000e+00 1.012137870092806580e+01 5.656405197468888946e+04 0.000000000000000000e+00
3.600423420685683141e+03 9.324310994963482813e+00 0.000000000000000000e+00 1.039640191224145305e+01 6.033801310179538268e+04 0.000000000000000000e+00
3.623001536700475754e+03 8.970136112350264312e+00 0.000000000000000000e+00 1.108718663146451533e+01 6.046270805342565291e+04 0.000000000000000000e+00
3.626484422041501148e+03 8.826404543646722445e+00 0.000000000000000000e+00 1.042932377777269615e+01 5.963911180444272759e+04 0.000000000000000000e+00
3.932062571320245752e+03 8.830016142880724672e+00 0.000000000000000000e+00 1.160293354041298741e+01 5.601861892315905425e+04 0.000000000000000000e+00
3.898987639075962306e+03 9.760172732655188810e+00 0.000000000000000000e+00 1.121866697932891555e+01 5.600441860839060246e+04 0.000000000000000000e+00
3.966516669774026468e+03 9.727288703762216215e+00 0.000000000000000000e+00 1.153810845909633542e+01 5.584398482517728553e+04 0.000000000000000000e+00
3.949840138412401757e+03 9.865446344407276413e+00 0.000000000000000000e+00 1.183863210894232587e+01 5.551870074508520338e+04 0.000000000000000000e+00
4.114880755928189501e+03 1.002453777939657620e+01 0.000000000000000000e+00 1.166092160959806279e+01 5.513863998007678310e+04 0.000000000000000000e+00
4.096416406994924728e+03 9.281016289266345254e+00 0.000000000000000000e+00 1.187664433362551897e+01 5.813194820297895785e+04 0.000000000000000000e+00
4.312109965381997426e+03 9.951924813926723346e+00 0.000000000000000000e+00 1.111405089991818151e+01 5.901044707182282582e+04 0.000000000000000000e+00
4.593549126105969663e+03 9.771320935742414449e+00 0.000000000000000000e+00 1.174152277063189764e+01 5.848180198003628175e+04 0.000000000000000000e+00
4.431800751648484038e+03 1.000498326151406658e+01 0.000000000000000000e+00 1.178251756072681111e+01 5.931232106265303446e+04 0.000000000000000000e+00
4.793937042123824540e+03 9.631469910710031002e+00 0.000000000000000000e+00 1.144378048116229962e+01 5.853124442388819443e+04 0.000000000000000000e+00
4.597035159299766747e+03 1.005191305286793124e+01 0.000000000000000000e+00 1.204056916538031530e+01 5.700059757986545446e+04 0.000000000000000000e+00
4.864226215072823834e+03 1.025991893717401915e+01 0.000000000000000000e+00 1.258553992602035265e+01 5.972560116386209847e+04 0.000000000000000000e+00
4.764545032290357994e+03 9.892395092080265684e+00 0.000000000000000000e+00 1.187022296042808200e+01 5.787619438864610129e+04 0.000000000000000000e+00
4.911786887674450554e+03 1.036475839179380465e+01 0.000000000000000000e+00 1.211975393873133910e+01 5.806230675523950777e+04 0.000000000000000000e+00
5.399642961799150726e+03 1.045089483555125476e+01 0.000000000000000000e+00 1.174520293827837492e+01 5.802145631657538615e+04 0.000000000000000000e+00
5.011211219662237454e+03 1.126081184942426816e+01 3.568992520509636002e+00 1.293250704833711673e+01 4.389412310911088753e+02 8.287605990351468677e+01
5.366590302751350464e+03 1.062456029416269310e+01 3.497235047386480833e+00 1.269989690783324754e+01 4.537549406679175377e+02 8.605693607836590786e+01
5.398737817110217293e+03 1.087070790317664581e+01 3.574884821582994920e+00 1.311410454960376093e+01 4.391195517843528364e+02 8.726834668913791404e+01
5.279059060987365228e+03 1.107616216322733571e+01 3.408470966919092682e+00 1.278161878579723698e+01 4.421850319067164605e+02 8.345968692897247365e+01
5.477036597097829144e+03 1.093033658794511531e+01 3.744547726941208854e+00 1.338668053712438777e+01 4.271970994059283839e+02 8.176654639834688965e+01
5.484245327013024507e+03 1.074212806111113139e+01 3.595289044723298133e+00 1.305565495862487424e+01 4.437485687439041158e+02 8.501491551102907351e+01
5.872353638128837702e+03 1.158629302319686438e+01 3.594612666365061493e+00 1.298299021551315846e+01 4.484222914242925526e+02 8.677500671775281660e+01
5.679617247721532294e+03 1.156114165502830105e+01 3.581599184545596781e+00 1.307902627999229495e+01 4.327428872033628977e+02 8.885726139120572498e+01
6.032070473043232596e+03 1.098669515577196343e+01 3.731749448371066702e+00 1.308967693324717452e+01 4.377402644517002841e+02 8.286077509778722572e+01
5.976328051950634290e+03 1.079355825291849058e+01 3.832225499937450763e+00 1.347526894617847226e+01 4.367079252565182514e+02 8.691204189325347329e+01
5.882820099987808135e+03 1.072039554483865942e+01 3.783492465681444372e+00 1.307317386539607895e+01 4.290505536136062119e+02 8.733598286245681663e+01
6.292488193738866357e+03 1.167852014250575898e+01 3.672023448853268590e+00 1.362797085458062085e+01 4.164967553607798436e+02 8.841440464556360723e+01
6.290412339083246479e+03 1.124410303257124433e+01 3.813607530709910876e+00 1.351709444440757402e+01 4.331168183338444351e+02 8.270456500177149906e+01
6.595258162549473127e+03 1.169614506275698140e+01 3.750872695440210070e+00 1.246324782951482035e+01 4.292551328375317894e+02 8.402601547255039804e+01
