7.179983425854230550e-02 5.840706500667565138e+00 3.273353885467493729e+00 2.768047717261614693e+00 1.371651841736375445e+03 5.714173837674889000e+02
3.473723543864506524e+01 5.697085553267074332e+00 3.310298621399561103e+00 2.918236686851937822e+00 1.442965209850001202e+03 6.038144447849711014e+02
3.455389792293887297e+01 7.761409959548467796e+00 4.323795940591512732e+00 3.295986807056901835e+00 1.405137020773693621e+03 5.715670989314727422e+02
5.278075990318581745e+01 7.544824557713704749e+00 4.317430275596936262e+00 3.273721520987475042e+00 1.399494165140267114e+03 6.032524635337400696e+02
9.768435790250367745e+01 8.121914936920841654e+00 4.227599628639417517e+00 3.245316082917963918e+00 2.041878029277236806e+02 8.364773968053042097e+01
1.523286725051563621e+02 7.786624338456247685e+00 4.409310957811065634e+00 3.582052616059522077e+00 2.009428915105035856e+02 8.097135511765300464e+01
1.896174225414912939e+02 8.360437215411836931e+00 4.499671038649247556e+00 3.378607845955389877e+00 3.627250441190667516e+02 8.078467715794140247e+01
2.391704492904059975e+02 8.525029130441941660e+00 4.838337823601791321e+00 3.515063671433061199e+00 3.750519141785234751e+02 1.425146177272034720e+02
3.073783462738527987e+02 8.717600452778944131e+00 4.725011088642006918e+00 3.463922966242576340e+00 3.733317941096339609e+02 1.398161812191431181e+02
3.459154770843529150e+02 8.506743134735483380e+00 4.941876536676637954e+00 3.544848436645858136e+00 3.601110429084527027e+02 1.473258131769121064e+02
3.975881303122566237e+02 9.394128556457506107e+00 5.042019294750665459e+00 3.600956881978103485e+00 3.525325460128125314e+02 1.439153331321942346e+02
5.222994883215626487e+02 9.716339839346137097e+00 5.126969851712209980e+00 3.843173438584526203e+00 3.483766417159333173e+02 1.373126828742269367e+02
5.836627772621154691e+02 1.039080722287395453e+01 5.549031433739178176e+00 3.935578922602840368e+00 3.683287009397390079e+02 1.414799649708061793e+02
6.681226792806196499e+02 1.126942944513971234e+01 6.229994065931268921e+00 4.220650699562160213e+00 7.313496025439972072e+02 3.080920872264175614e+02
7.599998400341996785e+02 1.143097491406408395e+01 6.379049415596862893e+00 4.253487217205530690e+00 7.148072513414134619e+02 2.966388625659984655e+02
8.758940270782744619e+02 1.133079622019933197e+01 6.117978407607187030e+00 4.718961027163736333e+00 7.676484207170849459e+02 3.060520282836429828e+02
1.010392741298866895e+03 1.175586753505758608e+01 6.548593322760230429e+00 4.554745335393724837e+00 7.212403804778579115e+02 3.274070542142881663e+02
1.139832291954824086e+03 1.103523725679157153e+01 6.210685366410197972e+00 4.669027410879100337e+00 7.650685736153426433e+02 3.094679383962281349e+02
1.221305083653492147e+03 1.117534455557360573e+01 6.560939245226053984e+00 4.788330725315459446e+00 7.155493967359578846e+02 3.268410269650111104e+02
1.282033295170839438e+03 1.243177919737549431e+01 6.577212151925208694e+00 4.721554548293650733e+00 7.451079122190898261e+02 3.190595181258139519e+02
1.460137728936683970e+03 1.211160250315610654e+01 6.446909992572400050e+00 4.805276108763169240e+00 7.580527402137613535e+02 3.194008022231624864e+02
1.597716420335020985e+03 1.275486741592099804e+01 6.984432680572587593e+00 5.168930431932191816e+00 7.228855323897194012e+02 2.984983252536987948e+02
1.854699715172287597e+03 1.196981893581926393e+01 6.793817648704389534e+00 5.271075903059836421e+00 7.845927863219448000e+02 3.074887324972688702e+02
2.041213558139561883e+03 1.258454259332243375e+01 6.739119996453522887e+00 5.251601670441217173e+00 7.663025379941008168e+02 3.142143842230747168e+02
2.148283557295949777e+03 1.331666709751368671e+01 7.267223321676229197e+00 5.310689241460002208e+00 7.789925107803309174e+02 3.166660181368572466e+02
2.335100127096362485e+03 1.312861664082573654e+01 7.304810661839607810e+00 5.331522444701201735e+00 8.358347666016708217e+02 3.182690649313726112e+02
2.704983272920467243e+03 1.281040086210516193e+01 6.831441788074731569e+00 5.494738847215883126e+00 8.175703771715698167e+02 3.024239644441268524e+02
2.625766524550563190e+03 1.353403880040291263e+01 7.393096306624678427e+00 5.762108255764244902e+00 7.635961002176699139e+02 3.170073606331268365e+02
3.008257101850712388e+03 1.381876843003326272e+01 7.042581632077792086e+00 5.529844538585755309e+00 8.095196179387608026e+02 3.136578760020246932e+02
2.916542696727597104e+03 7.883001275876444502e+00 0.000000000000000000e+00 9.380948707453672597e+00 8.022591167195587332e+02 3.069121209358128226e+02
2.873294588531031877e+03 8.171753710152344752e+00 0.000000000000000000e+00 9.660119081894839255e+00 5.806531712836953375e+04 0.000000000000000000e+00
3.158202710493783343e+03 8.512640833718760902e+00 0.000000000000000000e+00 1.068134547448166671e+01 5.728284524101608986e+04 0.000000000000000000e+00
3.180525869263899949e+03 8.522146803049830410e+00 0.000000000000000000e+00 1.061744473457037152e+01 5.541386417808420083e+04 0.000000000000000000e+00
3.406438676788838620e+03 8.707473464078654857e+00 0.000000000000000000e+00 1.043102926661657115e+01 6.010883169172074122e+04 0.000000000000000000e+00
3.340320176873140099e+03 9.077859791058495276e+00 0.000000000000000000e+00 1.105483404737748820e+01 5.869567472919308057e+04 0.000000000000000000e+00
3.619827848172206359e+03 9.033227394078453543e+00 0.000000000000000000e+00 1.075361038826004290e+01 5.875343891010111111e+04 0.000000000000000000e+00
3.603047843831332557e+03 8.840627687414926328e+00 0.000000000000000000e+00 1.100994468156787143e+01 5.730925436715003161e+04 0.000000000000000000e+00
3.563324724172682636e+03 9.137795533054310582e+00 0.000000000000000000e+00 1.045401615539791962e+01 5.531113236903385405e+04 0.000000000000000000e+00
3.824767615360270611e+03 9.553310251941363518e+00 0.000000000000000000e+00 1.060465896348628334e+01 5.611076594537292840e+04 0.000000000000000000e+00
3.771384811032257403e+03 9.317876107850597833e+00 0.000000000000000000e+00 1.139847355233469273e+01 5.708487851746693195e+04 0.000000000000000000e+00
3.965288174739705482e+03 9.526854039142030217e+00 0.000000000000000000e+00 1.179323596266511665e+01 6.047107531961404311e+04 0.000000000000000000e+00
3.895604154325252239e+03 9.127351204824842412e+00 0.000000000000000000e+00 1.112765255975144107e+01 5.516623040323002351e+04 0.000000000000000000e+00
4.353749582540737720e+03 9.760203453607486423e+00 0.000000000000000000e+00 1.161843818677685647e+01 5.961784589767394937e+04 0.000000000000000000e+00
4.314079085464813033e+03 1.011962618967776883e+01 0.000000000000000000e+00 1.116955119632724092e+01 5.504489492265717126e+04 0.000000000000000000e+00
4.288749711612584179e+03 9.844173810939707892e+00 0.000000000000000000e+00 1.207286004464218010e+01 5.937786156556707283e+04 0.000000000000000000e+00
4.688347728967549301e+03 9.854394331026357534e+00 0.000000000000000000e+00 1.220823691156932078e+01 5.628278985277628090e+04 0.000000000000000000e+00
4.595110313675083489e+03 1.003277260154473716e+01 0.000000000000000000e+00 1.162255938407028211e+01 6.001235174687838298e+04 0.000000000000000000e+00
4.472256958876409954e+03 9.801491156618114431e+00 0.000000000000000000e+00 1.240658033710300678e+01 5.716879892465865851e+04 0.000000000000000000e+00
4.744631885873063766e+03 9.761926327925108282e+00 0.000000000000000000e+00 1.147030071293952247e+01 5.999066994905648608e+04 0.000000000000000000e+00
4.664362194875212481e+03 9.937931634044968376e+00 0.000000000000000000e+00 1.193055069774607446e+01 5.881359155459347676e+04 0.000000000000000000e+00
4.966495844957498775e+03 1.023496318216912115e+01 0.000000000000000000e+00 1.242395726193334582e+01 5.822546860478207236e+04 0.000000000000000000e+00
4.899972589905596578e+03 1.017450722320059420e+01 0.000000000000000000e+00 1.178284577237022468e+01 5.817982801327571360e+04 0.000000000000000000e+00
4.925715203952750926e+03 1.051337197764199871e+01 0.000000000000000000e+00 1.183215235401144305e+01 5.608359788118178403e+04 0.000000000000000000e+00
4.964811084925418982e+03 1.148048079367531216e+01 3.676488919387773890e+00 1.264247951019424576e+01 4.643719276944735839e+02 8.528503892046882129e+01
5.061231168635908034e+03 1.143955741160426243e+01 3.343523715509894689e+00 1.246377014956935803e+01 4.321405221150376974e+02 8.836821961369497558e+01
5.186434083047462991e+03 1.142843700221861702e+01 3.461527860255656730e+00 1.297016739803582830e+01 4.323024944019144300e+02 8.383586088369820288e+01
5.381696879324135807e+03 1.130395142618789706e+01 3.660980725952377668e+00 1.330978802278759865e+01 4.523403946698587674e+02 8.739092746101401588e+01
5.700480379979943791e+03 1.059715059172077822e+01 3.433487817089539984e+00 1.268068973532408705e+01 4.598481075505681588e+02 8.306381866498520594e+01
5.627264761895004085e+03 1.143164285101472899e+01 3.452014405138138731e+00 1.331985950840086552e+01 4.230832540599476488e+02 8.909295028848717379e+01
5.852114096711198727e+03 1.129737483450149860e+01 3.739237054900150348e+00 1.306666406223221344e+01 4.430738480621739086e+02 8.898908473660753771e+01
5.883822709561606644e+03 1.134165691598571790e+01 3.800525304443220787e+00 1.310229499314229962e+01 4.126929620386867441e+02 8.359817443781601298e+01
5.655866394419935204e+03 1.175294345810519658e+01 3.477041899320977958e+00 1.320841344223741132e+01 4.525496679815997823e+02 8.712193949905766033e+01
6.122837374857036593e+03 1.173862574835485262e+01 3.831668453291449783e+00 1.341775212292572483e+01 4.453441578879399003e+02 8.286832887314503182e+01
6.012022699871444274e+03 1.158353088323034186e+01 3.486200629503684922e+00 1.283029157296842016e+01 4.530014557550188670e+02 8.805204607027310715e+01
5.903164836216534241e+03 1.078418881330434331e+01 3.638036672081885303e+00 1.281187170567688405e+01 4.474440987445299243e+02 8.853424115386663118e+01
6.116630363316646253e+03 1.181326212747879545e+01 3.541247312347801213e+00 1.295546380620896443e+01 4.475479062522880440e+02 8.470384629849979774e+01
6.208845732391590900e+03 1.112043161639780386e+01 3.580359927084638461e+00 1.358089397609796301e+01 4.191325112561906394e+02 8.712114347214004795e+01
