7.101343993544761979e-02 5.798586793620216895e+00 3.264265712746033277e+00 2.785620023743189844e+00 1.462831993375175898e+03 5.865760263572030908e+02
3.382305204380678987e+01 5.785334415388392770e+00 3.370770526610695761e+00 2.737501508885276547e+00 1.381446241721049091e+03 5.818277694673669203e+02
3.315048333698430838e+01 8.056042718981000661e+00 4.274735983350943513e+00 3.255113120196043042e+00 1.364205417409671554e+03 5.994055495479383353e+02
4.915249488066321959e+01 7.766419730427769785e+00 4.537488496581131514e+00 3.224436709910138976e+00 1.394407039879366494e+03 5.824384102605527005e+02
9.756319760282873688e+01 8.228398288411028716e+00 4.256315787383980087e+00 3.272398377542270698e+00 1.943891518228464861e+02 8.121256786665666993e+01
1.480638793333962155e+02 8.073357521031935491e+00 4.714201374079840079e+00 3.379430185437853229e+00 1.968971139781813804e+02 8.248806183232673561e+01
1.934610553809011435e+02 8.586514747441672313e+00 4.403873072275728440e+00 3.353446402699915563e+00 3.517461901308783467e+02 8.328756296677281057e+01
2.535888614662912062e+02 8.663391604634451681e+00 4.877554905277089681e+00 3.653911599193031545e+00 3.480650254435069542e+02 1.436448465325931068e+02
2.917066637657088108e+02 8.576445486212330493e+00 4.916537831420020765e+00 3.514077994199612309e+00 3.472039332401959655e+02 1.441960160096341212e+02
3.492656725593564602e+02 8.621817737865729470e+00 4.816824806004905035e+00 3.626078382697008884e+00 3.671044103585812195e+02 1.431041145064623379e+02
4.132837090310558779e+02 8.949226580626611138e+00 4.956117163976860418e+00 3.727922844693649207e+00 3.711313095865828018e+02 1.456723369609698011e+02
5.080687509309851748e+02 9.407619928658469632e+00 5.340232535505669453e+00 3.959759019511128297e+00 3.572404997944693719e+02 1.493047403590399540e+02
6.253083092450593767e+02 9.926499126313977683e+00 5.690363006904414434e+00 4.004643998616442602e+00 3.559847350259088330e+02 1.440659876911770709e+02
6.626109850790959399e+02 1.088910576749588266e+01 6.044867657020143170e+00 4.184850630431180996e+00 7.274210053020184432e+02 3.171247981671808134e+02
7.913983538183031214e+02 1.126256601169974481e+01 6.200769268026359526e+00 4.505667374412428927e+00 7.718852764217934919e+02 3.123923893740143285e+02
9.185136401736697280e+02 1.135517134838049458e+01 5.992059187075844839e+00 4.488116049841154087e+00 7.533632021353955679e+02 3.072820551439360770e+02
1.038479281132762935e+03 1.099365553642923565e+01 6.276210203852889968e+00 4.825431971539859255e+00 7.680986778575390872e+02 3.197337109536111370e+02
1.088591797315411213e+03 1.114049013008213862e+01 6.272395398356331420e+00 4.689305653600220225e+00 7.298168460897601335e+02 2.990648571766861323e+02
1.179236451962960473e+03 1.203152560214180333e+01 6.537527230473668460e+00 4.776870998375168931e+00 7.521743745904851721e+02 3.226976366372034022e+02
1.235158501668256577e+03 1.217740804739881533e+01 6.495435630790928450e+00 5.056626163714740940e+00 7.031157440310106495e+02 3.221530921955152280e+02
1.379096197387661277e+03 1.235980218831109134e+01 6.938921835591640885e+00 4.745745577282725058e+00 7.262962439911136698e+02 2.981893618335747647e+02
1.521793818144184570e+03 1.247763689401415732e+01 6.962033674480508694e+00 4.897681676521547622e+00 7.113137640358639828e+02 2.993158866440149950e+02
1.890348658825851089e+03 1.256186445913128402e+01 6.503107817941004676e+00 5.003300161095370235e+00 7.849822842306358552e+02 3.108906920698394742e+02
2.028013389115573091e+03 1.321926229059541846e+01 7.256773287461082411e+00 5.070879837448504013e+00 8.234221082428001637e+02 3.066233707395462034e+02
2.129475638987121783e+03 1.302044195737975585e+01 7.060316053755305354e+00 5.325606483778116740e+00 7.649872578260388991e+02 3.214673397216137118e+02
2.367057120028687223e+03 1.326773820020401118e+01 7.030898916917889707e+00 5.232780343052188421e+00 8.261301012440293334e+02 3.214179891549497938e+02
2.661031023174773509e+03 1.269987929252810765e+01 6.885883209334180854e+00 5.646415713663972546e+00 7.638517953448169919e+02 3.073231984781622259e+02
2.716344425450482049e+03 1.356375593330045248e+01 6.962831483259927623e+00 5.771540339711590306e+00 8.329381276496130795e+02 2.969251442631966711e+02
2.833748406493666153e+03 1.432647225246788736e+01 7.639119094068620441e+00 5.504363925505352917e+00 7.800636958016846165e+02 3.229394768140544443e+02
3.017641515799184617e+03 8.282272390168804677e+00 0.000000000000000000e+00 9.680184063836549058e+00 7.715600292460151195e+02 3.044213136411512437e+02
3.006664878517627585e+03 8.494561420857930756e+00 0.000000000000000000e+00 9.829515532135911116e+00 5.813591997645701485e+04 0.000000000000000000e+00
2.986577622054060157e+03 8.421776310876520455e+00 0.000000000000000000e+00 1.042748395260790240e+01 5.641884445983850310e+04 0.000000000000000000e+00
3.261529348739317356e+03 8.519637624199990711e+00 0.000000000000000000e+00 1.082504178871853107e+01 5.779312108888001239e+04 0.000000000000000000e+00
3.353226131358705516e+03 8.414507092087349704e+00 0.000000000000000000e+00 1.073861686126239334e+01 5.867943372582000302e+04 0.000000000000000000e+00
3.347483619403366447e+03 8.862609060987264087e+00 0.000000000000000000e+00 1.010497893155381455e+01 6.066295066310005495e+04 0.000000000000000000e+00
3.365484731199196631e+03 9.126905435500281882e+00 0.000000000000000000e+00 1.043292742768314874e+01 6.004726982585831138e+04 0.000000000000000000e+00
3.691016106886310354e+03 9.410046334097843967e+00 0.000000000000000000e+00 1.119073006516700808e+01 5.586162218500677409e+04 0.000000000000000000e+00
3.633033312497691441e+03 9.056288195154865051e+00 0.000000000000000000e+00 1.071374018474894818e+01 6.012509530922442354e+04 0.000000000000000000e+00
3.592334104668946566e+03 9.355823473033439086e+00 0.000000000000000000e+00 1.112818590997721024e+01 5.919957221318888332e+04 0.000000000000000000e+00
3.704911758028029453e+03 8.982011281993639074e+00 0.000000000000000000e+00 1.105351972776478497e+01 5.734567550651894999e+04 0.000000000000000000e+00
3.877014501449300042e+03 9.807478981028934228e+00 0.000000000000000000e+00 1.078586301240907375e+01 5.981550026131627237e+04 0.000000000000000000e+00
3.908648867154300660e+03 9.550305921763680317e+00 0.000000000000000000e+00 1.144218618200591031e+01 5.742467451388744666e+04 0.000000000000000000e+00
4.022657107963877024e+03 9.382348884780943976e+00 0.000000000000000000e+00 1.154203194966811985e+01 5.812624168181427376e+04 0.000000000000000000e+00
4.165892887444794724e+03 9.307840576917209674e+00 0.000000000000000000e+00 1.115501079889173930e+01 6.048129921232887864e+04 0.000000000000000000e+00
4.322780329963791701e+03 9.935696792190466198e+00 0.000000000000000000e+00 1.188934306932072182e+01 5.633581550339330715e+04 0.000000000000000000e+00
4.623087735338206585e+03 9.592924225999896137e+00 0.000000000000000000e+00 1.151959893685060976e+01 5.967834851170438924e+04 0.000000000000000000e+00
4.665148846491076256e+03 9.777344841490982930e+00 0.000000000000000000e+00 1.230691035071470374e+01 5.730172264735592034e+04 0.000000000000000000e+00
4.480287863083429329e+03 1.026800752239264192e+01 0.000000000000000000e+00 1.163863070108835984e+01 5.535122999230366986e+04 0.000000000000000000e+00
4.859579795004864536e+03 9.999924603180161853e+00 0.000000000000000000e+00 1.190455821356455424e+01 5.774770856931065646e+04 0.000000000000000000e+00
4.891521452729791235e+03 9.813407069941384009e+00 0.000000000000000000e+00 1.187869457385998828e+01 5.498094145977046719e+04 0.000000000000000000e+00
5.088250786317883467e+03 1.037387428823276281e+01 0.000000000000000000e+00 1.214673477444389604e+01 5.801715344033763540e+04 0.000000000000000000e+00
4.953495128588589978e+03 1.048759139065015411e+01 0.000000000000000000e+00 1.175765651455898464e+01 5.621738726948958356e+04 0.000000000000000000e+00
4.962211323158315281e+03 1.015631539825779939e+01 0.000000000000000000e+00 1.190838658191923116e+01 5.679519877545580675e+04 0.000000000000000000e+00
5.110426056185892776e+03 1.146339122480313222e+01 3.523175463182971257e+00 1.262045826315349828e+01 4.596513197300957358e+02 8.430821520999879226e+01
5.043890967089517289e+03 1.126417283073495490e+01 3.419638913992752105e+00 1.306179935375135059e+01 4.461538934261490681e+02 8.199050400919585968e+01
5.361337430089334703e+03 1.066783985505427701e+01 3.465512348381344587e+00 1.231297310525607358e+01 4.473310535522957707e+02 8.722221831567351558e+01
5.635543867521173524e+03 1.144621998732938017e+01 3.556786701835422893e+00 1.263047475971280065e+01 4.236409335859102612e+02 8.603216855642426708e+01
5.493043706966921491e+03 1.099076525797296888e+01 3.407171690669667186e+00 1.328370374639498053e+01 4.600817001134575435e+02 8.660373266342698173e+01
5.722283884527876580e+03 1.076004177432022679e+01 3.757554417627521737e+00 1.312584975413508737e+01 4.438543316092718669e+02 8.915725724184004264e+01
5.632211858292373108e+03 1.163964201742988891e+01 3.544441511980639170e+00 1.275095792979351295e+01 4.297190216342903000e+02 8.506787528633110185e+01
5.563985810720962945e+03 1.116875681694610556e+01 3.753224139873337251e+00 1.238301620916970514e+01 4.336993461985716181e+02 8.212880242083494409e+01
5.802547785976153136e+03 1.147902394768162537e+01 3.749350229591609462e+00 1.290028919393103024e+01 4.527846308542328302e+02 8.564138986217085403e+01
5.817666681413159495e+03 1.137447077974665710e+01 3.700725777330592603e+00 1.322302916483985413e+01 4.289194269828379902e+02 8.540707499736885211e+01
6.174010350101213589e+03 1.093993381085322980e+01 3.789017001766302961e+00 1.341282770809157476e+01 4.529287265480665496e+02 8.837885560100649229e+01
5.890395589654656760e+03 1.141723067101536948e+01 3.549837650828508995e+00 1.344241217235804697e+01 4.233659344181571100e+02 8.296359614706926777e+01
6.160592412795971541e+03 1.113308229259143189e+01 3.549357587018833637e+00 1.273037057410410000e+01 4.300738580150602957e+02 8.134392818220692334e+01
6.179900574733780559e+03 1.158233902520334446e+01 3.793846778570738820e+00 1.271361699184240202e+01 4.227839452238525837e+02 8.186193924451146131e+01
