7.438162427810290911e-02 5.653191774071737008e+00 3.368187645468661895e+00 2.741679425225536981e+00 1.422166407640080479e+03 5.755784853908488685e+02
3.203569457174675961e+01 5.814556199877077169e+00 3.329960911235355425e+00 2.857570654592932691e+00 1.424684606279194668e+03 5.902017537943538628e+02
3.347609986314684249e+01 7.837823671364355427e+00 4.229610419836614454e+00 3.200602165649597985e+00 1.338845863668560014e+03 5.842643261512981780e+02
5.126033770712462001e+01 7.922995302496276260e+00 4.162709347344075717e+00 3.246337623974854036e+00 1.360621559984943588e+03 5.818181063294711066e+02
1.029494687835391034e+02 7.818409895234961660e+00 4.571798809458281099e+00 3.398345997133849661e+00 2.062085368849264739e+02 8.155099254470309234e+01
1.473684029349199704e+02 8.498654460030712343e+00 4.692614131535143507e+00 3.579065550722853040e+00 1.979065896119287231e+02 7.824301626707467960e+01
1.898274445543412412e+02 7.989573873861135489e+00 4.466809804418109486e+00 3.360568639667160795e+00 3.423800382540337637e+02 8.232035936111509500e+01
2.428989867393437407e+02 8.344608794957212083e+00 4.749141697506796156e+00 3.340749202297961684e+00 3.739841169241767602e+02 1.369328929308570650e+02
2.908838594172387957e+02 8.599554347543294952e+00 4.781162002806246036e+00 3.414589979971243583e+00 3.774938191437186674e+02 1.370866276678152929e+02
3.481234844487308919e+02 8.801094606106600438e+00 4.716896809697188608e+00 3.452820463955774244e+00 3.675177124283890180e+02 1.449963807543932717e+02
3.922808538638326468e+02 8.902262551784048128e+00 5.006071179398584370e+00 3.653570200874125096e+00 3.573474170389558822e+02 1.363225138436161217e+02
4.984274476996868657e+02 9.808797381261994630e+00 5.078226678275004957e+00 3.934450041504738316e+00 3.673074789882014670e+02 1.431688099809509822e+02
5.833973555237118944e+02 9.990705464548252479e+00 5.670057103652412778e+00 4.262517575789074975e+00 3.690501037343711346e+02 1.403945176019183805e+02
6.881389500869190670e+02 1.075253384390792455e+01 5.868781742049541172e+00 4.369637150912447865e+00 7.324229468189400905e+02 3.111424283997198472e+02
8.178543886243677434e+02 1.079671415930604894e+01 5.850170925918184217e+00 4.621280844444167535e+00 7.540030836592993637e+02 2.970280385303506137e+02
8.559909012861337487e+02 1.136377914183099413e+01 6.042830505872099245e+00 4.754917972807560567e+00 7.168935959076881090e+02 3.036797749684933478e+02
9.986427219451514929e+02 1.151997045914992768e+01 6.632237529402950749e+00 4.664228312819431288e+00 7.273437361840809672e+02 3.245985648785289186e+02
1.064886683602113408e+03 1.198208698171187692e+01 6.423148649413336742e+00 4.798017848999039714e+00 7.351391143994773074e+02 3.258329320489710881e+02
1.150786834929805991e+03 1.142264112744146587e+01 6.746322479296242847e+00 4.704551254207711253e+00 7.570421780903835725e+02 3.244848589523517717e+02
1.361048511222846173e+03 1.167231916152586457e+01 6.589758239442997656e+00 4.665975278365156242e+00 7.724255809575859075e+02 3.261396996601787350e+02
1.398531881132882518e+03 1.206797851326568072e+01 6.626679679560995240e+00 5.040155288112992515e+00 7.429712074243723237e+02 3.120125530667205567e+02
1.542914856553682512e+03 1.284249285704155419e+01 6.614455135733209090e+00 5.062352299779496967e+00 7.203358964124125805e+02 3.089132504036459750e+02
1.854688725448124387e+03 1.248607627605874804e+01 6.988610000352918128e+00 5.040706297401110980e+00 7.840091755504523690e+02 3.095712184017855861e+02
1.952040382221869777e+03 1.236057160514723385e+01 6.904159691199811100e+00 5.195690909730176443e+00 8.397797815265679446e+02 3.176211708206991489e+02
2.250877325274161649e+03 1.247385388988457677e+01 7.148640821713813764e+00 5.568121468447721156e+00 7.656490473070894041e+02 3.072116698605109377e+02
2.247423534344234213e+03 1.279688850458459015e+01 7.398852111457465242e+00 5.614137653910765025e+00 7.759178515595461931e+02 2.988716043582638235e+02
2.633309944275352336e+03 1.374472541976747486e+01 7.210562705375607173e+00 5.410139332271022283e+00 7.619575182740359196e+02 2.997095205038963286e+02
2.516586492241386168e+03 1.331143031231962226e+01 7.381145836126267845e+00 5.559980331676600329e+00 8.163427024210241143e+02 3.035629819614428584e+02
2.962412392561328488e+03 1.332131902895942233e+01 7.163750918663424727e+00 5.611581276086717196e+00 8.152127338347174828e+02 3.138379496851087538e+02
2.807172622658132696e+03 8.002181999474700547e+00 0.000000000000000000e+00 9.538766544351158672e+00 8.266006875735449739e+02 3.254353706632516605e+02
2.889393824860783752e+03 8.049225360537375806e+00 0.000000000000000000e+00 1.030571433467425635e+01 5.939188959705166053e+04 0.000000000000000000e+00
3.043306004909210969e+03 8.007084302873289872e+00 0.000000000000000000e+00 9.922486703886493231e+00 5.876054504447977524e+04 0.000000000000000000e+00
3.201559680072839001e+03 8.734721869514977755e+00 0.000000000000000000e+00 1.011626922677617380e+01 5.966940928960601013e+04 0.000000000000000000e+00
3.400643948730958527e+03 8.441580461712556271e+00 0.000000000000000000e+00 1.037072769297447294e+01 5.595918198518209829e+04 0.000000000000000000e+00
3.531257656601117560e+03 8.881176275786621943e+00 0.000000000000000000e+00 1.095054270487807280e+01 5.861063005552536197e+04 0.000000000000000000e+00
3.444769761446434586e+03 8.630169903662599395e+00 0.000000000000000000e+00 1.081639448345303478e+01 5.977150868429951515e+04 0.000000000000000000e+00
3.495607358626699352e+03 9.215584273879613875e+00 0.000000000000000000e+00 1.082940333777039577e+01 5.859430140185166965e+04 0.000000000000000000e+00
3.771371280937351457e+03 8.825968047669750405e+00 0.000000000000000000e+00 1.066860121754747404e+01 5.646086657085347542e+04 0.000000000000000000e+00
3.659655894332779098e+03 9.367635460769712097e+00 0.000000000000000000e+00 1.160322156128889937e+01 5.919324154999713937e+04 0.000000000000000000e+00
3.717655370532385405e+03 9.065372360670490792e+00 0.000000000000000000e+00 1.152667308096319232e+01 5.584342742591362912e+04 0.000000000000000000e+00
4.116928790193349414e+03 9.091662504183585014e+00 0.000000000000000000e+00 1.169449547003991441e+01 5.701103804233788833e+04 0.000000000000000000e+00
4.109192879679271755e+03 9.254495835884890553e+00 0.000000000000000000e+00 1.177018578300232932e+01 5.917941480679358938e+04 0.000000000000000000e+00
4.207823610272629594e+03 1.005158681033639212e+01 0.000000000000000000e+00 1.189052746946322969e+01 5.541800478897602443e+04 0.000000000000000000e+00
4.202074708273122269e+03 9.589574171944111214e+00 0.000000000000000000e+00 1.101407968746047672e+01 6.044795297299756930e+04 0.000000000000000000e+00
4.411229225852604941e+03 1.026334927150359988e+01 0.000000000000000000e+00 1.115232951730762601e+01 5.514958615412595100e+04 0.000000000000000000e+00
4.408240422026229680e+03 9.563101680072112032e+00 0.000000000000000000e+00 1.209459768921581180e+01 5.754227329213266057e+04 0.000000000000000000e+00
4.630629214199288072e+03 1.029059483129746688e+01 0.000000000000000000e+00 1.132602071742743810e+01 5.956749839976624935e+04 0.000000000000000000e+00
4.608628517363064930e+03 9.763168608548010496e+00 0.000000000000000000e+00 1.186622304617469226e+01 5.493293107204478292e+04 0.000000000000000000e+00
4.973653966254138140e+03 9.661488572969128441e+00 0.000000000000000000e+00 1.252506656854814615e+01 5.925247138611793343e+04 0.000000000000000000e+00
4.892820613525868794e+03 1.044560762851369340e+01 0.000000000000000000e+00 1.193223243404978895e+01 5.787182830623823247e+04 0.000000000000000000e+00
5.148681837766117496e+03 1.057126246023374350e+01 0.000000000000000000e+00 1.228478988716989839e+01 5.981989917619558400e+04 0.000000000000000000e+00
5.179104035668910001e+03 9.840109927091777564e+00 0.000000000000000000e+00 1.205609963224590153e+01 5.853595308167227631e+04 0.000000000000000000e+00
4.978245561083271241e+03 9.847556927418802175e+00 0.000000000000000000e+00 1.157453796085782649e+01 5.937278249690972007e+04 0.000000000000000000e+00
5.112189052093316604e+03 1.096033472141304088e+01 3.650571290099628108e+00 1.313923882516339781e+01 4.279708028527518309e+02 8.722041891941844938e+01
5.147907794616381580e+03 1.097263040923454369e+01 3.431536309875511392e+00 1.250891539121161777e+01 4.588392510368430521e+02 8.096161465760512499e+01
5.296803782898513418e+03 1.129490753797477964e+01 3.498086403419820911e+00 1.307993367123343731e+01 4.610957854834638852e+02 8.640428528344314429e+01
5.456231404606005526e+03 1.075460113804987472e+01 3.493969444030464722e+00 1.335300456845583206e+01 4.598001079642012314e+02 8.836911520002909981e+01
5.465196487834629806e+03 1.116377299993989070e+01 3.597525100698287126e+00 1.348848684700039868e+01 4.448709386043638006e+02 8.626616210501143200e+01
5.800755955029819233e+03 1.105456562373275986e+01 3.433504482589644802e+00 1.246820539245251247e+01 4.548397945022063027e+02 8.680417921906767731e+01
5.468613752150225991e+03 1.086574762348107548e+01 3.702622915888019950e+00 1.293993716167230090e+01 4.518600409821489166e+02 8.743365271602422695e+01
5.992278725353331538e+03 1.094897795815879427e+01 3.778875896480212937e+00 1.308806938451123258e+01 4.297676741018246389e+02 8.369570935942167011e+01
5.750960683217216683e+03 1.171950323230542779e+01 3.600049627147187792e+00 1.302693607517928420e+01 4.261583793610947168e+02 8.296195896047493079e+01
6.240586797178883899e+03 1.127755604825448188e+01 3.544530393254887723e+00 1.250636679338643908e+01 4.260544709891032085e+02 8.342009685653511042e+01
5.811121123414994145e+03 1.113594589166661919e+01 3.708170947495216474e+00 1.276395163286824541e+01 4.114456219753762980e+02 8.147759595181327086e+01
6.465885561731736743e+03 1.091325688902938751e+01 3.611069135994783963e+00 1.323864420639696782e+01 4.457769792202936401e+02 8.746763785547106806e+01
6.240130356968819797e+03 1.101901522908819331e+01 3.579022457199420248e+00 1.250289210746021595e+01 4.119350525176178621e+02 8.132600956181582319e+01
6.165433324544052084e+03 1.071964256624078793e+01 3.576843881129458946e+00 1.258114647622213589e+01 4.315538214681209297e+02 8.319572902581960250e+01
