1.236977441002145017e-01 5.747323380622033184e+00 3.192041793593225485e+00 2.711507382122585685e+00 1.436319920768729844e+03 6.172026419137170024e+02
3.405033969385844017e+01 5.931675784375807226e+00 3.491398134415152565e+00 2.918077425384971502e+00 1.370382739549033886e+03 5.765684603588088066e+02
3.373397573336047373e+01 7.517770710875528728e+00 4.268281885219152194e+00 3.156547058456971921e+00 1.461500041888605665e+03 6.263410475340615449e+02
4.838953670456673706e+01 8.194391094636584327e+00 4.387116601156116680e+00 3.185869372976712022e+00 1.454705875677594804e+03 5.784323449812376339e+02
9.689858221948217931e+01 8.191827739553570353e+00 4.520322287212211521e+00 3.248550297419728672e+00 2.034629980233733022e+02 7.791616209830174000e+01
1.520488043939875524e+02 8.043435028828463729e+00 4.700616642836777714e+00 3.487452044698374554e+00 2.022039883213134885e+02 8.191735214771313167e+01
1.918155239564929957e+02 7.957174766179889502e+00 4.774365470951308588e+00 3.527938970178292166e+00 3.764937445920812706e+02 7.785270204162085861e+01
2.403621161738192313e+02 8.268385010128625368e+00 4.825205135873249063e+00 3.521803506867709821e+00 3.421633802980552446e+02 1.395434925390474064e+02
2.895055461863718165e+02 8.203930091365881694e+00 4.806200384465323161e+00 3.657886706385387043e+00 3.591025114265707998e+02 1.465785775220387563e+02
3.522811625088792198e+02 8.470794292029143691e+00 4.889124582798537233e+00 3.492536400405705344e+00 3.674084165089672638e+02 1.450476627569560435e+02
3.925020218338616473e+02 8.907450720998934202e+00 5.024025249361305789e+00 3.776719714080440493e+00 3.692843162826160324e+02 1.415506104734143946e+02
5.050010974922717537e+02 9.320203041157126833e+00 5.272714803606754153e+00 3.913251505424606425e+00 3.505700962395424654e+02 1.387905158196934678e+02
6.163166716369075857e+02 1.075721315745188811e+01 5.658360054073127365e+00 4.286410304629932000e+00 3.423131605196417127e+02 1.370578084861807326e+02
6.381733878934161339e+02 1.104412662218217811e+01 5.711526828933910949e+00 4.503974580702082342e+00 7.717258512303404814e+02 3.185357773840733557e+02
7.826642429249498036e+02 1.123146110631705596e+01 6.366052465133281935e+00 4.414467657367038278e+00 7.075657991181255966e+02 3.254980359665461265e+02
9.368135254136911954e+02 1.080499138724001185e+01 6.319942750195115089e+00 4.732267002438194758e+00 7.082534843123615929e+02 3.037870031205097234e+02
9.680728676834066846e+02 1.176825416671828428e+01 6.145183169694617753e+00 4.771873864899919937e+00 7.125010271621898710e+02 3.265874247103682251e+02
1.067712588822641237e+03 1.147729856697273654e+01 6.572387537479807307e+00 4.793372931466947762e+00 7.222780501811004115e+02 3.157526238413909141e+02
1.181428196145829588e+03 1.140897360724201981e+01 6.225236951981283795e+00 4.816323124948326040e+00 7.228438738078078813e+02 3.150256886482253549e+02
1.303621554227892602e+03 1.183256954667371197e+01 6.847083757852941766e+00 4.965291636548343490e+00 7.105516040081607798e+02 3.266015548115740899e+02
1.364180347830617166e+03 1.246326793230067587e+01 6.324873734176125417e+00 5.004649989922963726e+00 7.700333022847760276e+02 3.052792815559852215e+02
1.523360355557035291e+03 1.218625500341667234e+01 6.792919231815427672e+00 5.148859035867110023e+00 7.648768876138296946e+02 3.246273285603459726e+02
1.794275786513296680e+03 1.291570509655008259e+01 6.793100007684735431e+00 5.112471819917090876e+00 7.711431459877275074e+02 3.243637613087938121e+02
1.909723907179377875e+03 1.336244981783045205e+01 6.875572624599563198e+00 5.428060613379545707e+00 8.212325887713532211e+02 3.105079802574764472e+02
2.100060391439305022e+03 1.345460001261326788e+01 7.107889521574043634e+00 5.328008903886973791e+00 7.803340987003413147e+02 3.073569249982496103e+02
2.298593145717677089e+03 1.257899114740282265e+01 6.845104011789667986e+00 5.296692359117177951e+00 8.007711714615002165e+02 3.077480651832795502e+02
2.533741220042569239e+03 1.272501688012005339e+01 6.864549394942384808e+00 5.458814227937666352e+00 7.605206764531443469e+02 3.075046368654511753e+02
2.589089352304149543e+03 1.350874818897171714e+01 6.968560371116731211e+00 5.504901602593915477e+00 8.361203878945277665e+02 3.251485517414802757e+02
2.802306678625872792e+03 1.387790073914355915e+01 7.052185136890584793e+00 5.633690342084425318e+00 8.256847011362763169e+02 2.980159721004466746e+02
2.815455280497997137e+03 8.040072631401823600e+00 0.000000000000000000e+00 9.351536507402599341e+00 7.937139593306741290e+02 3.238517918275920806e+02
2.992098465147671050e+03 7.984948875496587384e+00 0.000000000000000000e+00 1.048633196508582799e+01 5.712522852030992362e+04 0.000000000000000000e+00
3.196409842500020204e+03 8.745773458513776077e+00 0.000000000000000000e+00 1.011266209855505238e+01 5.869482305009298580e+04 0.000000000000000000e+00
3.116405483955694308e+03 8.087890313081238958e+00 0.000000000000000000e+00 9.989740320342772151e+00 5.813047595709479356e+04 0.000000000000000000e+00
3.397711890817000949e+03 8.945320961136131288e+00 0.000000000000000000e+00 1.074843418504252490e+01 5.912994248599103594e+04 0.000000000000000000e+00
3.272837846160275149e+03 8.993066440812675921e+00 0.000000000000000000e+00 1.041422221126681968e+01 5.973517944201381033e+04 0.000000000000000000e+00
3.474896007940862546e+03 8.927321617791230679e+00 0.000000000000000000e+00 1.121881054087141472e+01 5.927748933734596358e+04 0.000000000000000000e+00
3.602376282804455514e+03 8.880358276099935111e+00 0.000000000000000000e+00 1.069102909268058355e+01 5.720422260527619073e+04 0.000000000000000000e+00
3.780967097669029954e+03 9.429276101190939841e+00 0.000000000000000000e+00 1.054525528381905808e+01 6.027988485033520556e+04 0.000000000000000000e+00
3.910170383863272036e+03 8.938978675985389089e+00 0.000000000000000000e+00 1.118907801585066508e+01 5.844831026007583569e+04 0.000000000000000000e+00
3.877771888196396958e+03 9.475925569449195507e+00 0.000000000000000000e+00 1.083561028748148303e+01 5.496752179188851733e+04 0.000000000000000000e+00
3.947894969750906057e+03 9.193818071922246205e+00 0.000000000000000000e+00 1.097202416809001946e+01 5.986211141855801543e+04 0.000000000000000000e+00
4.196798082184251143e+03 9.703390875419529493e+00 0.000000000000000000e+00 1.085660163081040963e+01 5.742456751682465256e+04 0.000000000000000000e+00
4.085729954407084279e+03 9.820130015841609605e+00 0.000000000000000000e+00 1.115422544438059660e+01 6.014234914763693814e+04 0.000000000000000000e+00
4.131142239408222849e+03 9.869172815679950972e+00 0.000000000000000000e+00 1.110351349391124920e+01 6.035810048041866685e+04 0.000000000000000000e+00
4.425451210010674004e+03 9.926196890404543893e+00 0.000000000000000000e+00 1.114037108751222149e+01 5.646515994425410463e+04 0.000000000000000000e+00
4.406246461104527043e+03 1.008913778242849446e+01 0.000000000000000000e+00 1.169177812758545976e+01 5.891208709947397438e+04 0.000000000000000000e+00
4.684168433519743303e+03 1.048284406387913847e+01 0.000000000000000000e+00 1.223276491784128339e+01 6.048060989454945957e+04 0.000000000000000000e+00
4.621525166860013996e+03 1.000982843754156093e+01 0.000000000000000000e+00 1.176366613046052834e+01 5.578805625348488684e+04 0.000000000000000000e+00
4.788661778982702344e+03 9.867846369371157778e+00 0.000000000000000000e+00 1.245209732287762350e+01 5.629078651053947397e+04 0.000000000000000000e+00
4.791392482895754256e+03 9.782538481516368734e+00 0.000000000000000000e+00 1.248430781877890539e+01 6.061833049108695559e+04 0.000000000000000000e+00
4.980944222498238560e+03 1.062925283772337615e+01 0.000000000000000000e+00 1.244352615441111709e+01 5.613252100415694440e+04 0.000000000000000000e+00
5.151416427540701989e+03 1.023113011109960979e+01 0.000000000000000000e+00 1.268564647479920993e+01 5.631929505065519334e+04 0.000000000000000000e+00
5.021164246645683306e+03 1.034807679070489961e+01 0.000000000000000000e+00 1.219044982325358184e+01 5.919843298662432062e+04 0.000000000000000000e+00
5.079239695940356796e+03 1.143781587971415448e+01 3.663142987319715882e+00 1.225261752022169226e+01 4.569112468037411077e+02 8.806333551878158517e+01
4.986894897459443200e+03 1.107088456959062839e+01 3.466347424799009147e+00 1.254253803686469837e+01 4.642227445272604314e+02 8.583104068402896303e+01
5.419489661535041705e+03 1.088149530573103796e+01 3.489825090666521579e+00 1.324079088904641388e+01 4.331035188880307487e+02 8.157192466147044740e+01
5.183523721406395453e+03 1.099833434629113782e+01 3.562926554666637990e+00 1.282606346684320364e+01 4.616548913723720489e+02 8.722150705817132632e+01
5.425548608843751026e+03 1.137797972963709725e+01 3.472016409941581561e+00 1.349566096041816721e+01 4.475154089006428535e+02 8.369671759035985303e+01
5.779809210990211795e+03 1.106687966531793954e+01 3.716419125768178677e+00 1.300769792749931142e+01 4.280543276695608483e+02 8.395786480629283233e+01
5.703772112021452813e+03 1.087699717577115699e+01 3.684232688258505917e+00 1.259711494640417939e+01 4.418269167525179455e+02 8.549816362177296014e+01
6.047545112877767679e+03 1.154608772254701066e+01 3.698510521328399747e+00 1.355452365093637468e+01 4.217442752862658608e+02 8.141401268223300747e+01
5.578955327301569923e+03 1.083017107040595839e+01 3.757764189289657608e+00 1.277151615781626148e+01 4.495397251690586700e+02 8.219133744347827530e+01
6.042682898848557670e+03 1.118640051093979793e+01 3.620580157352104589e+00 1.318087673372648183e+01 4.270968361948073948e+02 8.288611102639565331e+01
6.189728919640361710e+03 1.137110287424161825e+01 3.711445525326921402e+00 1.371262190339437659e+01 4.383211911275718080e+02 8.373392506659644141e+01
6.287035387359307606e+03 1.091169413840595581e+01 3.506985717874849140e+00 1.349771136287116846e+01 4.434514492455792265e+02 8.740467740485151182e+01
6.550310810264184511e+03 1.118870137763573425e+01 3.805316027966777259e+00 1.325139039872341939e+01 4.107745349768568985e+02 8.497110235454992733e+01
6.234802421833905100e+03 1.137011954727548968e+01 3.537592400174121909e+00 1.249179052841394011e+01 4.220021699860919853e+02 8.279064403611363332e+01
