2.570011574565170820e-01 5.624026011006765025e+00 3.206741144797782717e+00 2.699472102975176924e+00 1.370908833184111472e+03 5.884243538353130134e+02
3.456744920024286927e+01 5.674606491537111275e+00 3.406354502495755554e+00 2.735836433947330004e+00 1.338315715777906235e+03 6.210368451209070599e+02
3.291699089126115041e+01 7.635805916411467109e+00 4.354214558562659931e+00 3.428684755363526460e+00 1.364066811028473012e+03 6.076528285899214552e+02
4.956057952990632032e+01 8.041493650393656267e+00 4.251255059503241895e+00 3.408589123692201905e+00 1.428417867869641441e+03 6.026735205074296573e+02
1.020342143924123519e+02 8.297508561065994215e+00 4.398948986529025440e+00 3.447290985603055802e+00 2.054224931082371768e+02 7.976795540688928554e+01
1.504555038462882237e+02 8.024606002522926218e+00 4.677241579712796415e+00 3.550557491416746814e+00 1.993542702694996365e+02 8.378535353146403963e+01
2.075626021494919371e+02 8.527989184329113570e+00 4.373158531453567477e+00 3.549250307022980611e+00 3.455748168185243685e+02 7.713556599956790194e+01
2.394120391658035771e+02 8.130891195742448119e+00 4.868498010415595267e+00 3.641300222144765453e+00 3.752772038663533749e+02 1.470941368663270623e+02
3.089341923058437942e+02 8.863128287704597597e+00 4.618783906089263702e+00 3.567950412467990606e+00 3.702386419264815913e+02 1.361426584764333256e+02
3.469225285779531305e+02 9.071818652592709142e+00 5.052419325006511031e+00 3.414174159740832160e+00 3.562155456960300626e+02 1.406981969859294566e+02
3.933865287922963603e+02 8.554777075601164071e+00 4.918586225882293661e+00 3.484693090199748156e+00 3.455338812352689501e+02 1.453293829585671801e+02
5.191885771900357440e+02 9.908932770859733452e+00 5.101221530101343937e+00 3.757554068695595717e+00 3.428485244660328135e+02 1.433743850612116546e+02
5.867111486659260891e+02 9.872343789143082304e+00 5.561048184052850729e+00 4.301551089193627497e+00 3.604451325895416289e+02 1.439065890436187942e+02
6.541277429602695292e+02 1.076262910603211331e+01 6.192452408582332701e+00 4.480951851116439677e+00 7.274638820512957409e+02 3.026021901006957364e+02
7.908541713798387036e+02 1.115546815828019511e+01 6.350869708838766670e+00 4.479226112451682340e+00 7.122530181760126879e+02 3.029272771228567080e+02
9.276226475348829581e+02 1.141772587853541054e+01 5.966444150617511433e+00 4.485539883762852398e+00 7.476147166892392306e+02 3.134225546687336532e+02
1.002793026559477539e+03 1.096962657540477259e+01 6.096731116305916132e+00 4.526874470868574640e+00 7.216953746674162176e+02 3.150222199174196476e+02
1.115701586690089698e+03 1.191437847075877698e+01 6.700858014834491172e+00 4.787045401165348935e+00 7.391615941268613597e+02 3.124665196355290959e+02
1.233364228312243313e+03 1.198123700771155420e+01 6.621590970265170739e+00 4.744430956507256880e+00 7.699742259525384043e+02 3.004630746567667643e+02
1.278381199468045907e+03 1.176960596398622094e+01 6.320162904564046613e+00 4.682244589469505058e+00 7.123551141672235190e+02 3.005017361159930260e+02
1.360458776340355826e+03 1.229245182848923434e+01 6.840058567858679162e+00 4.886470983057330741e+00 7.150187169798596187e+02 3.087591139655276606e+02
1.617490405312084931e+03 1.270788759210324947e+01 6.622435786276612113e+00 5.103537338447283744e+00 7.761117640817986967e+02 3.235727696742470130e+02
1.729069460719829522e+03 1.197346387810388713e+01 7.135566282914142633e+00 4.999798923414648932e+00 8.135064003911942336e+02 3.189718118926438706e+02
1.948842999359254691e+03 1.275166809643732257e+01 7.221539297560708448e+00 5.201400415861091808e+00 8.013344572560170036e+02 2.976358559915780120e+02
2.159028698334041565e+03 1.276493408348712322e+01 6.830188010785606778e+00 5.465938782583514843e+00 7.660728788132150839e+02 3.216293134961114788e+02
2.261306633978940681e+03 1.354765188093854533e+01 7.355695201627201030e+00 5.478795179372457191e+00 8.249606409256895176e+02 3.229708251509735533e+02
2.593828701414071475e+03 1.345960299604609922e+01 7.252214160708344792e+00 5.561570202424538145e+00 8.054096332632238955e+02 3.189667127687591801e+02
2.523493924615444485e+03 1.374902693717595525e+01 7.248404964671223638e+00 5.450775649060728867e+00 7.709922418073864492e+02 3.103878826781345879e+02
2.984949710006117584e+03 1.334423433934237657e+01 7.234754816171771630e+00 5.901694491273171472e+00 8.122072985012159734e+02 3.108020076792770965e+02
2.963821538350451647e+03 8.046653281973931371e+00 0.000000000000000000e+00 9.957827958693455273e+00 7.966384321126722625e+02 3.256841940707909657e+02
2.822789523216382804e+03 8.294947126115303604e+00 0.000000000000000000e+00 1.010037401548403579e+01 5.823222933984902193e+04 0.000000000000000000e+00
3.036338239409841208e+03 8.521444168506002725e+00 0.000000000000000000e+00 9.835747309172262476e+00 5.748555081500678352e+04 0.000000000000000000e+00
3.286680481533618149e+03 8.843362871658392521e+00 0.000000000000000000e+00 1.039301944223983121e+01 5.837377833884457505e+04 0.000000000000000000e+00
3.261734378157676929e+03 8.374570433689999760e+00 0.000000000000000000e+00 1.035679106852728104e+01 5.930284070238201821e+04 0.000000000000000000e+00
3.245307537290796517e+03 8.846776711274861427e+00 0.000000000000000000e+00 1.077136866063927378e+01 5.720904669661890512e+04 0.000000000000000000e+00
3.297306467141549092e+03 9.261240871592910651e+00 0.000000000000000000e+00 1.055757262872759128e+01 5.836505884067490115e+04 0.000000000000000000e+00
3.705812780800719338e+03 8.880750117920893416e+00 0.000000000000000000e+00 1.136928576532501189e+01 5.684045001769335795e+04 0.000000000000000000e+00
3.517633562565811189e+03 9.038612653427486876e+00 0.000000000000000000e+00 1.123475684438555611e+01 5.732293736946673016e+04 0.000000000000000000e+00
3.902249440475716710e+03 8.898100613757746302e+00 0.000000000000000000e+00 1.161363950178141735e+01 6.037817130362072203e+04 0.000000000000000000e+00
4.029435492767869164e+03 9.307019500978594095e+00 0.000000000000000000e+00 1.118062405422102046e+01 5.919007673811596032e+04 0.000000000000000000e+00
4.135026343370959694e+03 9.625028321130347564e+00 0.000000000000000000e+00 1.121350351577170912e+01 5.939915424469245772e+04 0.000000000000000000e+00
3.917999775159740693e+03 9.742610886576661855e+00 0.000000000000000000e+00 1.106309743579133809e+01 6.067591496534420003e+04 0.000000000000000000e+00
4.282531749896032125e+03 1.011200431813585254e+01 0.000000000000000000e+00 1.135321837152024749e+01 5.637314369928699307e+04 0.000000000000000000e+00
4.162017666616126007e+03 9.998896585827278471e+00 0.000000000000000000e+00 1.103878496555651978e+01 5.879643307798563183e+04 0.000000000000000000e+00
4.184581714838993321e+03 1.025647547926205405e+01 0.000000000000000000e+00 1.179665408141402949e+01 5.726741816012672643e+04 0.000000000000000000e+00
4.257829781936176005e+03 9.478342195080497135e+00 0.000000000000000000e+00 1.211087434239539640e+01 5.856189502059995721e+04 0.000000000000000000e+00
4.538696709453040057e+03 1.027479025516984201e+01 0.000000000000000000e+00 1.230139417703217397e+01 5.653205748212728213e+04 0.000000000000000000e+00
4.776671762700940235e+03 9.997821800920121404e+00 0.000000000000000000e+00 1.140706440327207893e+01 5.510003259330681612e+04 0.000000000000000000e+00
4.573332587483681891e+03 1.024950984923321151e+01 0.000000000000000000e+00 1.140513618742476964e+01 5.568898549590585753e+04 0.000000000000000000e+00
5.012573458735991153e+03 9.699395260783878925e+00 0.000000000000000000e+00 1.234941199102424569e+01 6.066993441394288675e+04 0.000000000000000000e+00
5.142819833628585911e+03 1.062756267979959368e+01 0.000000000000000000e+00 1.196658265727410964e+01 5.943628309643911780e+04 0.000000000000000000e+00
5.281627738942618635e+03 1.008761782748325153e+01 0.000000000000000000e+00 1.256884665430754211e+01 5.900783045737061184e+04 0.000000000000000000e+00
4.901469414212989250e+03 1.082087655498314938e+01 0.000000000000000000e+00 1.190919137886590740e+01 5.513754984912888904e+04 0.000000000000000000e+00
5.363181220734279123e+03 1.089387618051802420e+01 3.402812982113609053e+00 1.223796315665642886e+01 4.277235864804185894e+02 8.604352009263723744e+01
5.049594821661522474e+03 1.120218002205597330e+01 3.628152670520816248e+00 1.221493443089555875e+01 4.363897855534297037e+02 8.397449657686291857e+01
5.350860908424317131e+03 1.052786692055438245e+01 3.365976588151068150e+00 1.224853420398406811e+01 4.632326466763514077e+02 8.381398760331892106e+01
5.263008318782859533e+03 1.060357463513589060e+01 3.579166913620053680e+00 1.260087627107886732e+01 4.456405704802798482e+02 8.220023119571779091e+01
5.315152761260187617e+03 1.145113508500514143e+01 3.676335753848704702e+00 1.267312725486656433e+01 4.218426569183163792e+02 8.694446837808818884e+01
5.545543624511421513e+03 1.074926504896556878e+01 3.659379030826888091e+00 1.263072669344571253e+01 4.278669627270943465e+02 8.116030618734015434e+01
5.551954951938330851e+03 1.116946505840306969e+01 3.723750770058012804e+00 1.310780069015102356e+01 4.429476865957516907e+02 8.467534829434896437e+01
5.732234978325264819e+03 1.148641505176064648e+01 3.797402571365324775e+00 1.361511112711888316e+01 4.477454800518667071e+02 8.735114989279844622e+01
6.040765303496397792e+03 1.135718669737868680e+01 3.782013486910049238e+00 1.349398699254421530e+01 4.420117810558718361e+02 8.311727124562986546e+01
5.922202721775513965e+03 1.134708919979703268e+01 3.727094817537190519e+00 1.250099182986505397e+01 4.408852355249588868e+02 8.343802409472449710e+01
6.249740452791508687e+03 1.074161970597900506e+01 3.630756706572886294e+00 1.314510874633428550e+01 4.177968090641197136e+02 8.254538040965718437e+01
6.126243058814029609e+03 1.083428097322343575e+01 3.568130887330373646e+00 1.314724728493115435e+01 4.274234752570619662e+02 8.296317671706228225e+01
6.555506450031339227e+03 1.139921800738261304e+01 3.521689367977329788e+00 1.269004771106248519e+01 4.255719911066090049e+02 8.087117719822951756e+01
6.603289560418942528e+03 1.122335913632614179e+01 3.834494163516267484e+00 1.280107424682869777e+01 4.503135606832549342e+02 8.887233974255583746e+01
