1.050073099684724287e+00 5.663914063536147125e+00 3.456050679961032657e+00 2.596469797460674300e+00 1.442078801969005099e+03 5.974040011818032099e+02
3.553018899305918410e+01 5.686706670538201891e+00 3.508516803015753194e+00 2.542969239570809670e+00 1.421268548778240302e+03 6.186502433386918938e+02
3.521669336779947912e+01 7.511821790882643235e+00 4.371106251903098538e+00 3.582119080835303837e+00 1.385847479182656798e+03 5.511727186689588507e+02
5.204039112457670058e+01 8.106441527287907789e+00 4.794919062005894794e+00 3.204200822744434518e+00 1.291745501044628554e+03 5.465427202326926590e+02
1.193568089736889419e+02 8.453557846724603309e+00 4.773091279129053177e+00 3.380932662998137328e+00 2.182988215288146705e+02 8.149223283364375447e+01
1.750406080013648307e+02 8.600772491858688085e+00 4.330440493850819195e+00 3.350670643223114364e+00 1.928797494991784163e+02 7.973166975384087607e+01
2.024624441811422741e+02 8.035125944128665765e+00 4.216694794058136964e+00 3.632576047499673333e+00 3.923645831308044762e+02 7.493358737008850312e+01
2.038144850666208470e+02 8.361348481750599859e+00 4.903388757178928081e+00 3.174864401391232160e+00 3.924398997198265420e+02 1.322915648595011362e+02
2.841869292387669361e+02 8.076729717760201765e+00 4.684923882503187365e+00 3.410160805971509390e+00 3.296393362537459666e+02 1.517306704693539814e+02
2.957000450538046721e+02 8.310184193935288732e+00 5.063408474091684042e+00 3.272318153935525942e+00 3.311485321958584223e+02 1.557079306308114894e+02
3.321565954712608573e+02 9.232561091182541091e+00 4.691938797779961590e+00 3.771275595756359955e+00 3.599265064173069391e+02 1.299884285765280936e+02
4.643329767197630531e+02 1.048934154936779173e+01 5.661319646311918419e+00 4.211489120825912202e+00 3.392065043378273685e+02 1.483592713735432369e+02
5.151593789751474333e+02 1.034952831147517038e+01 5.681834844205588375e+00 3.988491695958652716e+00 3.365855853818534911e+02 1.310837692687564981e+02
7.305750821869962692e+02 1.098764777474032073e+01 6.576866429160947547e+00 4.027758060660262096e+00 7.884279500051089826e+02 3.047528187230619210e+02
8.324697886352553269e+02 1.006825066563871474e+01 6.158563228694311498e+00 4.864600862241335477e+00 6.669358718492156868e+02 3.006191750979928656e+02
9.200778466808264966e+02 1.185133531173748977e+01 6.743207235295872515e+00 4.457770899544435395e+00 6.737198133649081910e+02 3.166637000428879674e+02
1.161827071677708773e+03 1.059933895976106122e+01 6.517758249546997895e+00 4.750007446135152911e+00 7.415880359364017522e+02 3.037989366433715190e+02
1.157177926815525097e+03 1.220185501814632900e+01 6.433179603883608877e+00 4.305665251214175093e+00 6.776221546058060312e+02 3.279473946927623729e+02
1.285859672060138791e+03 1.158676403882395078e+01 6.708239318687729380e+00 5.116577032235902323e+00 8.139646253331413845e+02 2.912725429705571401e+02
1.241868762626770831e+03 1.243570313328748078e+01 6.797681460165247103e+00 4.874424422733631523e+00 7.398287924072712940e+02 3.203521486092101895e+02
1.451987033580761818e+03 1.315941419596329531e+01 6.544025267952664038e+00 4.763230485415633986e+00 8.095843705361586444e+02 3.062975721615063662e+02
1.865845096969560700e+03 1.182841659018145286e+01 6.583895593433723548e+00 5.442231438051448045e+00 6.912653347146352871e+02 3.000690075104596417e+02
1.863289342170048258e+03 1.335471395510599812e+01 6.213328193432767321e+00 4.999883212476023076e+00 8.328315711283142946e+02 2.960867353311746228e+02
1.948059108583737043e+03 1.172868367857256011e+01 6.727310397297011413e+00 5.409289097457983253e+00 8.597824071952529721e+02 2.837748445118875793e+02
2.008072379328331408e+03 1.236569247026921836e+01 6.323646483580017907e+00 5.813200999467570185e+00 8.471482106896761479e+02 3.356138898587522021e+02
2.635788720702732917e+03 1.437554232347162575e+01 6.580490404540552341e+00 4.992779379643049076e+00 7.852285757453178121e+02 3.243448365135182030e+02
2.934689999769947917e+03 1.447194748045806456e+01 7.781129004212952616e+00 5.143492459540364159e+00 8.332324150413818415e+02 3.303764177648541818e+02
2.326158294975263743e+03 1.448881164467549176e+01 7.513813024067116153e+00 5.612840346385821633e+00 8.348807817619418756e+02 3.253920147911967433e+02
2.523213345120682334e+03 1.444155509374079394e+01 6.663866824010916012e+00 5.884511658983319293e+00 8.398820683099902453e+02 3.380746749222184917e+02
2.333185033138945983e+03 7.548482466551756254e+00 0.000000000000000000e+00 9.123372798136374584e+00 8.417349352172939234e+02 3.359704712597441016e+02
3.260182942267585076e+03 8.491913361521906012e+00 0.000000000000000000e+00 9.251035797069436128e+00 5.409273649224599649e+04 0.000000000000000000e+00
3.028844648872137896e+03 8.179958171841965608e+00 0.000000000000000000e+00 1.051401927165538730e+01 5.715080200834792049e+04 0.000000000000000000e+00
3.634267787233359286e+03 9.047310010581695039e+00 0.000000000000000000e+00 1.051283884740440122e+01 5.301047368140469189e+04 0.000000000000000000e+00
3.672922564106424488e+03 8.905890685026431441e+00 0.000000000000000000e+00 1.035422324634373581e+01 5.496679348532947188e+04 0.000000000000000000e+00
2.905641400102181706e+03 9.347894222077524518e+00 0.000000000000000000e+00 1.141924763310811386e+01 5.839562138189449615e+04 0.000000000000000000e+00
2.881664937716601798e+03 8.838210784461375980e+00 0.000000000000000000e+00 1.122558304235494475e+01 6.218765600125079072e+04 0.000000000000000000e+00
2.907419973120621762e+03 9.040119803850716451e+00 0.000000000000000000e+00 1.167245121494283921e+01 5.209826162109656434e+04 0.000000000000000000e+00
4.303791516491932271e+03 8.860936585480590821e+00 0.000000000000000000e+00 1.173277639076826340e+01 5.796052377434629307e+04 0.000000000000000000e+00
3.046520977689982828e+03 1.014524145329310834e+01 0.000000000000000000e+00 1.162953731395885626e+01 5.719712719369462138e+04 0.000000000000000000e+00
3.306506480753226697e+03 9.915794503300663365e+00 0.000000000000000000e+00 1.197623711574154193e+01 6.236840571356574947e+04 0.000000000000000000e+00
4.742344317270433748e+03 1.006154791942013915e+01 0.000000000000000000e+00 1.097088391604447111e+01 5.539010265194333624e+04 0.000000000000000000e+00
4.073977894335578185e+03 8.965949005081762735e+00 0.000000000000000000e+00 1.134672680833004144e+01 5.750091726620988629e+04 0.000000000000000000e+00
3.594199637596461798e+03 9.054685535969372978e+00 0.000000000000000000e+00 1.224868260644818996e+01 6.302843524279706617e+04 0.000000000000000000e+00
4.105957883733140079e+03 1.002478874068369485e+01 0.000000000000000000e+00 1.085775951075382295e+01 5.670833080365481146e+04 0.000000000000000000e+00
4.499929994850291223e+03 9.576203090772127169e+00 0.000000000000000000e+00 1.132536394783831213e+01 5.544616424838022795e+04 0.000000000000000000e+00
3.655626716758180464e+03 8.927745370522373491e+00 0.000000000000000000e+00 1.270887222877764877e+01 5.488546875730668398e+04 0.000000000000000000e+00
5.136251255897533156e+03 1.069986521958318626e+01 0.000000000000000000e+00 1.148299183262335532e+01 5.890077431480254018e+04 0.000000000000000000e+00
5.207454387539999516e+03 1.037386828882754486e+01 0.000000000000000000e+00 1.195457974187275063e+01 5.742728723523065128e+04 0.000000000000000000e+00
4.858605636533462530e+03 1.098055594952590930e+01 0.000000000000000000e+00 1.212494424613620048e+01 5.517216206962014985e+04 0.000000000000000000e+00
4.758908931766622118e+03 1.102297079764585419e+01 0.000000000000000000e+00 1.140239758571567741e+01 6.192826850758631190e+04 0.000000000000000000e+00
4.490470577467318435e+03 1.044050247189755609e+01 0.000000000000000000e+00 1.200473733457778813e+01 5.544466982499720325e+04 0.000000000000000000e+00
4.279240511277541373e+03 9.993156123659250767e+00 0.000000000000000000e+00 1.233717340440710153e+01 5.720772125568257616e+04 0.000000000000000000e+00
4.730025516166524540e+03 1.134575145303740484e+01 0.000000000000000000e+00 1.180447366108321461e+01 5.391072666445224604e+04 0.000000000000000000e+00
4.803003038347919755e+03 1.157471106469254885e+01 3.405715093267963400e+00 1.311555930656634317e+01 4.572623426892915290e+02 7.956542247850315164e+01
4.857490762891799022e+03 9.955648066131022489e+00 3.605916605935578279e+00 1.381957096705906451e+01 4.683997396831233573e+02 8.759139769037952306e+01
5.696930517217294437e+03 1.083475127160070706e+01 3.345935676663171598e+00 1.165043723414996357e+01 4.757625471734075404e+02 8.353032709622451080e+01
6.121035015148861930e+03 1.025065776225857483e+01 3.528958068993042207e+00 1.406841575101962327e+01 4.669807846695015883e+02 8.717036152121956150e+01
5.637391796182992039e+03 1.114651542263703377e+01 3.788137127318225605e+00 1.410180894200056123e+01 4.082108383272830565e+02 8.713118315387652046e+01
6.423116313222656572e+03 1.057248485808379712e+01 3.559523609457410753e+00 1.178138521174238207e+01 4.146599405319446987e+02 8.441396554973876221e+01
6.223454652112298390e+03 1.009546501037196009e+01 3.326722249447234159e+00 1.204450974058129731e+01 4.264977716486600912e+02 9.283049105142484336e+01
6.508465286934757387e+03 1.074242712425219892e+01 3.361883799211997648e+00 1.236981229136329041e+01 4.593155810323342507e+02 8.165750761088521870e+01
5.754282823952805302e+03 1.172362930058421782e+01 3.639263395224926256e+00 1.272206215387562445e+01 4.037862984067184584e+02 9.258363197445068238e+01
4.989427819897190602e+03 1.145031097926176322e+01 3.511111187377169429e+00 1.330137321734210154e+01 4.064552564048508430e+02 8.418131036192110628e+01
4.983780057034547099e+03 1.174278449913622069e+01 3.802347864889463747e+00 1.250201307869542688e+01 4.153083808018012633e+02 8.830660094434924190e+01
6.163283080181588048e+03 1.015706749601481640e+01 3.688637746113855087e+00 1.352523517906917583e+01 4.632597446081875319e+02 8.065854463081119263e+01
7.393291317439299746e+03 1.110171317865092533e+01 3.749629493754395249e+00 1.365567495916823937e+01 3.967802719185492037e+02 9.286926578099243557e+01
5.331467763447135439e+03 1.145573585894555713e+01 3.415554297059996358e+00 1.208398782523419257e+01 4.596061887213335808e+02 7.941906057941588415e+01
