4.020746728111281865e-01 5.675169463671651648e+00 3.430925528605517361e+00 2.727753319461161396e+00 1.383519898323668485e+03 5.945255390884118469e+02
3.442107275109411546e+01 5.703068626750643411e+00 3.397591486310022724e+00 2.732793517455421206e+00 1.374405612496237836e+03 5.892682487093155714e+02
3.108721774295684170e+01 7.723589185887157704e+00 4.504611094553546025e+00 3.171665309872466310e+00 1.455853986078868502e+03 5.758561995886572049e+02
4.781950115796973932e+01 8.086348179869949249e+00 4.182527576188879159e+00 3.439116318964137609e+00 1.401633598017681152e+03 6.001365206196429654e+02
9.463743307908967495e+01 8.094816047772502188e+00 4.266491908613636141e+00 3.548492221427651305e+00 2.008516317792210657e+02 7.964534013561950587e+01
1.523804397562197437e+02 8.005368903050118945e+00 4.628065453316181355e+00 3.454876902035778574e+00 2.004416079614593684e+02 8.270959598224719400e+01
2.023926008163855386e+02 8.282099304439162424e+00 4.526487991271157973e+00 3.521179188782799674e+00 3.647749036802937326e+02 8.390187248306841639e+01
2.570612698663582592e+02 8.411587603206752917e+00 4.566783389413160421e+00 3.450582374582297440e+00 3.567552088370486558e+02 1.393823094270321690e+02
3.040077557982519352e+02 8.726623828298393448e+00 4.764204868930168146e+00 3.536227414661280655e+00 3.455270763348208902e+02 1.497750816824337790e+02
3.398395797445547259e+02 8.774504742069289875e+00 4.960021830710955371e+00 3.701259132246879968e+00 3.612789728683887347e+02 1.425650135913701604e+02
4.261225891324924078e+02 8.887699432148652434e+00 4.915294130455666100e+00 3.513212767549314552e+00 3.578883163669854639e+02 1.426847985407574413e+02
5.186155778530059024e+02 9.387865028576134918e+00 5.075400794724057363e+00 3.893231972560200926e+00 3.625435418308745739e+02 1.362677151744879609e+02
6.047380922423975562e+02 1.029418416388424262e+01 5.630683685350529544e+00 4.292880473117111961e+00 3.774695335023288294e+02 1.412323450086923060e+02
6.768131526048489377e+02 1.128167362834731158e+01 6.227550613346272357e+00 4.355042187117152075e+00 7.262898407749672742e+02 3.166183162072794062e+02
7.784585175947887592e+02 1.137476543120001615e+01 6.388326438602119239e+00 4.552740475556846356e+00 7.221328970273992809e+02 3.198847576330282436e+02
8.907410744860326304e+02 1.086081652561638222e+01 6.448375767588873764e+00 4.454528938678208760e+00 7.162303201701473654e+02 3.219051240252388197e+02
1.005101656478925065e+03 1.177192273988568694e+01 6.533829498755650889e+00 4.839013604905685995e+00 7.684003664182577040e+02 3.222187101747224460e+02
1.094522663997111522e+03 1.104143655208577535e+01 6.205777162403231628e+00 4.895081957712506870e+00 7.339767333662431383e+02 3.167199569462902105e+02
1.168337355300995796e+03 1.138298218608757928e+01 6.414795196862263182e+00 4.568434512623337440e+00 7.683850926983510590e+02 3.255279171977344390e+02
1.333055813679406356e+03 1.182914622164664031e+01 6.788562378768543404e+00 4.776443023434608470e+00 7.747936915153291011e+02 3.123672101539519304e+02
1.457548178372621351e+03 1.160569061777967370e+01 6.800113509013843149e+00 4.806015963257276979e+00 7.268845564951456026e+02 3.099497059438994597e+02
1.575075594485333795e+03 1.190189190099196992e+01 6.816681566446649576e+00 5.230563942722660009e+00 7.749367932397674394e+02 3.232492504938580851e+02
1.885343749557642468e+03 1.233639858821317503e+01 6.722315095972485111e+00 5.146748395899336082e+00 7.803689545897670996e+02 3.115490453792166363e+02
1.982133511349646142e+03 1.306090145528281354e+01 6.892661858262032482e+00 5.010811057193859774e+00 7.618770175692095563e+02 3.064650578733011912e+02
2.249242765150935611e+03 1.309311439711737712e+01 7.233288770207412455e+00 5.334290656735237945e+00 8.035923662235818483e+02 3.153847684919392691e+02
2.309329139166865389e+03 1.272067975347071211e+01 7.235468849796663271e+00 5.538198789282171575e+00 7.601957917215007683e+02 3.275123290988605618e+02
2.704509989273067276e+03 1.317307387596775214e+01 7.218924473215354354e+00 5.660629377552989006e+00 8.147747858359234669e+02 3.225078758991529071e+02
2.555043671828483639e+03 1.355717523436875283e+01 7.623425757817319237e+00 5.333142051529272010e+00 7.899608595223357952e+02 3.023252861444384507e+02
2.996112665531461971e+03 1.324740930748890833e+01 7.538452827733941319e+00 5.429590156740471407e+00 7.990290580062317076e+02 3.187599265360183836e+02
2.930476289239297785e+03 8.026582574284450544e+00 0.000000000000000000e+00 9.645382259381236167e+00 7.701313399679827398e+02 3.104818968391376757e+02
2.946973312261433421e+03 7.914345763755038732e+00 0.000000000000000000e+00 9.666875913580119217e+00 5.838855538092617644e+04 0.000000000000000000e+00
2.980814285792643204e+03 8.370218568855277042e+00 0.000000000000000000e+00 9.811752341149087897e+00 5.707955462071384682e+04 0.000000000000000000e+00
3.226978927555813243e+03 8.190556713978125458e+00 0.000000000000000000e+00 1.067210718044171536e+01 5.812074469360506919e+04 0.000000000000000000e+00
3.357044142794908566e+03 8.940986207506124828e+00 0.000000000000000000e+00 1.048197364269907084e+01 5.703294712493543193e+04 0.000000000000000000e+00
3.309532351408340219e+03 8.490518862285703960e+00 0.000000000000000000e+00 1.041539071001572658e+01 5.986841158073637052e+04 0.000000000000000000e+00
3.526092104662658585e+03 8.783393108477875799e+00 0.000000000000000000e+00 1.082267048003304133e+01 5.835876037525472202e+04 0.000000000000000000e+00
3.511245008289592533e+03 9.476270403108944862e+00 0.000000000000000000e+00 1.034796653001542310e+01 5.708186112223537202e+04 0.000000000000000000e+00
3.503706036426423452e+03 9.618748547549042627e+00 0.000000000000000000e+00 1.097008994053784292e+01 5.638620850041640369e+04 0.000000000000000000e+00
3.884240478140560754e+03 9.583651653002521087e+00 0.000000000000000000e+00 1.111632627314179977e+01 5.522877812955831905e+04 0.000000000000000000e+00
3.989904192627934208e+03 9.047507712927997048e+00 0.000000000000000000e+00 1.106828124327545204e+01 5.527052820059513033e+04 0.000000000000000000e+00
3.795354506457245407e+03 9.767761023512191443e+00 0.000000000000000000e+00 1.137267755739111763e+01 5.602281328300054884e+04 0.000000000000000000e+00
3.921760838029596016e+03 9.770775284165921448e+00 0.000000000000000000e+00 1.085924001543899742e+01 5.912339607529987552e+04 0.000000000000000000e+00
4.176816074534043764e+03 1.014456700816631951e+01 0.000000000000000000e+00 1.180323818014457338e+01 6.048352023231157364e+04 0.000000000000000000e+00
4.263351125465719633e+03 1.004412288940957332e+01 0.000000000000000000e+00 1.187516453809480765e+01 5.884337542303073860e+04 0.000000000000000000e+00
4.368238888177392255e+03 1.003441788178321481e+01 0.000000000000000000e+00 1.136587666040019151e+01 5.617658967914806999e+04 0.000000000000000000e+00
4.470256095739532611e+03 9.886532606131991585e+00 0.000000000000000000e+00 1.193872649884095694e+01 5.526417030342511134e+04 0.000000000000000000e+00
4.380849579936409100e+03 9.637747931899486531e+00 0.000000000000000000e+00 1.145721444198884242e+01 5.837923415346258844e+04 0.000000000000000000e+00
4.887958552065717413e+03 1.007046397324444698e+01 0.000000000000000000e+00 1.177012386608859273e+01 6.049367766446321912e+04 0.000000000000000000e+00
4.674020455320769543e+03 1.049298263415490062e+01 0.000000000000000000e+00 1.161248018643272495e+01 5.635809361957595684e+04 0.000000000000000000e+00
4.730416174871840667e+03 1.033307149798586089e+01 0.000000000000000000e+00 1.203818627325581936e+01 5.504633830022133043e+04 0.000000000000000000e+00
5.076985141232229580e+03 9.831086909397711793e+00 0.000000000000000000e+00 1.150457592040706878e+01 5.671880082417171070e+04 0.000000000000000000e+00
4.960559988713599523e+03 1.000766133198495567e+01 0.000000000000000000e+00 1.191345247304712274e+01 5.599337618966720765e+04 0.000000000000000000e+00
4.960069577897846102e+03 1.019254797579688088e+01 0.000000000000000000e+00 1.250379221920037409e+01 5.873519037680197653e+04 0.000000000000000000e+00
5.351326970135772171e+03 1.113040621730977620e+01 3.462542769164099532e+00 1.317454547033285728e+01 4.254507759061777961e+02 8.593651965538776949e+01
5.177720079407192316e+03 1.137979097281554353e+01 3.486413634127283334e+00 1.327567554638317837e+01 4.333759047626253391e+02 8.503854384148743861e+01
5.036920983442989382e+03 1.084138920075282719e+01 3.447218643469018851e+00 1.324113621894483295e+01 4.637452427973871636e+02 8.679309875781319761e+01
5.257049320908527079e+03 1.115698277285349960e+01 3.412229637806782900e+00 1.231922011663977301e+01 4.387537298322022821e+02 8.893304233226754718e+01
5.714846059441791112e+03 1.168908893940227500e+01 3.722324122040631345e+00 1.290837684780631456e+01 4.518685052765034698e+02 8.226387872675609003e+01
5.301992783499684265e+03 1.105936132049539999e+01 3.715457823824617645e+00 1.306014037974591524e+01 4.559141559176463829e+02 8.168599347464893867e+01
5.623186997794598028e+03 1.150955158978837289e+01 3.700914086336467790e+00 1.274561480470153185e+01 4.237712293217360298e+02 8.430052055293228364e+01
5.501070035790535258e+03 1.133200043882683516e+01 3.713045035055276610e+00 1.323181379611998487e+01 4.235372991017247273e+02 8.637319351029699988e+01
5.905266965703104688e+03 1.115325018260879020e+01 3.707434842487227211e+00 1.272363726973082088e+01 4.157658687709497372e+02 8.112167064365286251e+01
6.215750498099463584e+03 1.103988773647267507e+01 3.557233073833512282e+00 1.260996319669350818e+01 4.149755657780324896e+02 8.224444756750040142e+01
6.182545663936571145e+03 1.119334659872127169e+01 3.808079676239496614e+00 1.251462701398898680e+01 4.306054606989081321e+02 8.501651845923494477e+01
6.226724716925985376e+03 1.125284030268713842e+01 3.723967122479932446e+00 1.253712713406866364e+01 4.486936521538897296e+02 8.475575079228450193e+01
6.319608936938635452e+03 1.106467938843216814e+01 3.695851290648564547e+00 1.269270824200689241e+01 4.410634334827719272e+02 8.711634763109984192e+01
6.160713120754070587e+03 1.091399439967617724e+01 3.518823032191862765e+00 1.250493511456772033e+01 4.100408587539622545e+02 8.880001847836517470e+01
