-2.325036762168430915e-01 6.051417229191439873e+00 3.401400830627624217e+00 2.926814437500697252e+00 1.334460684119669850e+03 6.098173582415164447e+02
3.107957490952082225e+01 5.847161604829893555e+00 3.207911164656152003e+00 2.936335144118567886e+00 1.395417038432158051e+03 5.777171479419223488e+02
3.149226747017208439e+01 7.902276654408149525e+00 4.392792153397103938e+00 3.429179657435916795e+00 1.435553838456924041e+03 5.995820067008523893e+02
5.194785051100721773e+01 7.690162891468001582e+00 4.329442482020281702e+00 3.288566340306612545e+00 1.455415350907526772e+03 5.790827359329186947e+02
9.569159349179599872e+01 7.714571755694032973e+00 4.631511551876050348e+00 3.225812611444763611e+00 2.026726635019009279e+02 7.870533014937302596e+01
1.574104671762938494e+02 8.131977961680679101e+00 4.488088593760047651e+00 3.429503952032713965e+00 2.063989413964294215e+02 7.972137787811050202e+01
1.917480513173431405e+02 8.203858932123562653e+00 4.402049584146046968e+00 3.601361513783961410e+00 3.444677309885739760e+02 8.344646480153571133e+01
2.529436137285157997e+02 8.085165549108804584e+00 4.643799614081800087e+00 3.373632776357914143e+00 3.428702826099806771e+02 1.364443793361307087e+02
2.966078580571496559e+02 8.249139455058614345e+00 4.636069599289318610e+00 3.701057468471347089e+00 3.558564374133898127e+02 1.432983904534978876e+02
3.501740799064651810e+02 8.600208157431252332e+00 4.705017276921317659e+00 3.445091204707217081e+00 3.619334033552181609e+02 1.447095669454689073e+02
4.117925687039198124e+02 9.334013869090487248e+00 5.172933070916855058e+00 3.673820133332459381e+00 3.488286995743713987e+02 1.466921270393415568e+02
4.763777550275975727e+02 9.196969180549569245e+00 5.461345833024998875e+00 3.833709166530772094e+00 3.490676751388284629e+02 1.472377046983628475e+02
6.150054032489133533e+02 1.012748730488910098e+01 5.402980817406401570e+00 4.242545028198176027e+00 3.632081708430303024e+02 1.437150071869699275e+02
6.660086086569777990e+02 1.084681502368388806e+01 6.134659697686322133e+00 4.161692832889451132e+00 7.401644461529502905e+02 3.034885702949296729e+02
8.201278121949400202e+02 1.142138076627762899e+01 6.426277197918224715e+00 4.286266935668730405e+00 7.745645323334857721e+02 2.983172696621917908e+02
9.067317005503635983e+02 1.147232680700980190e+01 6.479474467245621483e+00 4.749259710914050636e+00 7.356797985942287141e+02 3.071435466880676586e+02
9.672329050769317291e+02 1.095384947505768558e+01 6.479875755138404969e+00 4.537707839871127469e+00 7.202605602298419853e+02 3.187909314437560511e+02
1.070491102318707135e+03 1.112585548327407459e+01 6.333021576343114134e+00 4.937567468430656525e+00 7.646178994321030586e+02 3.145054813317595972e+02
1.160177319390551020e+03 1.121629354834326087e+01 6.782424820135040555e+00 4.989129166325797726e+00 7.735314028309802552e+02 2.970272093756913137e+02
1.279743580558710391e+03 1.146112182514572631e+01 6.281792402400229847e+00 4.593331104843977997e+00 7.492812212305198045e+02 3.156190925585231071e+02
1.466664655949549569e+03 1.246942570898177394e+01 6.689767502659869969e+00 4.835171711186298182e+00 7.290637999759065906e+02 3.104196823247455654e+02
1.582351431624027782e+03 1.246789395320877780e+01 6.917127185696220870e+00 4.952912258105706123e+00 7.259737826418086115e+02 3.095701775866609182e+02
1.790555356451592161e+03 1.251411214385977821e+01 7.102288499114615128e+00 5.124090293805967811e+00 8.359122834175877870e+02 3.081286326909741433e+02
1.986857851999361401e+03 1.222983809093999774e+01 6.807712791557152698e+00 5.042160260662423177e+00 7.796545121760348138e+02 3.091848694068567056e+02
2.121428951779636009e+03 1.247545141776457100e+01 7.363827898564300867e+00 5.155061784499721078e+00 8.125900882455798637e+02 3.226191071934354113e+02
2.229435259898240929e+03 1.266286545819357734e+01 7.416374302934769069e+00 5.186291734420042765e+00 8.218709968690350252e+02 3.027466210842629266e+02
2.633587107452308373e+03 1.323296925286620862e+01 6.875985752530626272e+00 5.252030357872893518e+00 8.309727009204585784e+02 3.009594433749700784e+02
2.679811148383133968e+03 1.300081174372272130e+01 7.441654605923083032e+00 5.304866972020973570e+00 7.692405715619653392e+02 3.107827082879705927e+02
2.881237821147785326e+03 1.362432647643119310e+01 7.692978783540334042e+00 5.851857647777470639e+00 8.384632202632012650e+02 3.027399947642553570e+02
3.026341784082851518e+03 8.210603268256658538e+00 0.000000000000000000e+00 9.816876634719491790e+00 8.223444825208916882e+02 3.209546643582999650e+02
2.911355373725554273e+03 8.481669628482558565e+00 0.000000000000000000e+00 1.027077511648905705e+01 5.761191776622847829e+04 0.000000000000000000e+00
2.933308820085617754e+03 8.740851065030724953e+00 0.000000000000000000e+00 9.748025998083322818e+00 5.773884561194809794e+04 0.000000000000000000e+00
3.093838828872065733e+03 8.554109493232445516e+00 0.000000000000000000e+00 1.009004789885975661e+01 5.729910652689018752e+04 0.000000000000000000e+00
3.236055586847739050e+03 8.519371946676690399e+00 0.000000000000000000e+00 1.024212989870561863e+01 5.987675578252225387e+04 0.000000000000000000e+00
3.276486245182493803e+03 8.915783035669644363e+00 0.000000000000000000e+00 1.012382565753927466e+01 5.550890733556046325e+04 0.000000000000000000e+00
3.384146035974767983e+03 8.818181098421659314e+00 0.000000000000000000e+00 1.028934268587009448e+01 5.927628980429266812e+04 0.000000000000000000e+00
3.739913233376546032e+03 8.988631681972789167e+00 0.000000000000000000e+00 1.126278943174575353e+01 5.908657399186350813e+04 0.000000000000000000e+00
3.577969523860384015e+03 9.187500703099978239e+00 0.000000000000000000e+00 1.070481754414508835e+01 5.819384188170914422e+04 0.000000000000000000e+00
3.886615725976701015e+03 9.342058713540701831e+00 0.000000000000000000e+00 1.072530315916445431e+01 5.538699622588181956e+04 0.000000000000000000e+00
3.742074133072239420e+03 9.412528502504981631e+00 0.000000000000000000e+00 1.173192985705462199e+01 5.522774246110838430e+04 0.000000000000000000e+00
4.048908587756091492e+03 9.598331423426996523e+00 0.000000000000000000e+00 1.087678264294245167e+01 5.990340196034382097e+04 0.000000000000000000e+00
3.920641268454809051e+03 9.906656569002592505e+00 0.000000000000000000e+00 1.162599576406334378e+01 5.532395426142070937e+04 0.000000000000000000e+00
3.982765619380951648e+03 9.700498229537718231e+00 0.000000000000000000e+00 1.128622572931918455e+01 5.836158718138302356e+04 0.000000000000000000e+00
4.286832808542252678e+03 1.002323747328579628e+01 0.000000000000000000e+00 1.101076599282424873e+01 5.568874532887269743e+04 0.000000000000000000e+00
4.189017527224294099e+03 9.757315741880317361e+00 0.000000000000000000e+00 1.152452537958286882e+01 5.854313649880877347e+04 0.000000000000000000e+00
4.328627329162882234e+03 9.786721235403778252e+00 0.000000000000000000e+00 1.182687559090326523e+01 5.687183893483060092e+04 0.000000000000000000e+00
4.550927633365915426e+03 1.019576553641131511e+01 0.000000000000000000e+00 1.192498226343944623e+01 5.938965291688338039e+04 0.000000000000000000e+00
4.739007417475333568e+03 1.014610377124780705e+01 0.000000000000000000e+00 1.241898260873449011e+01 5.649254997326965531e+04 0.000000000000000000e+00
4.662203709807526138e+03 1.020644118312495863e+01 0.000000000000000000e+00 1.189108232828323963e+01 5.782575350033235736e+04 0.000000000000000000e+00
4.697620203172037691e+03 1.027445101437903041e+01 0.000000000000000000e+00 1.258053150565799783e+01 5.953993137650804420e+04 0.000000000000000000e+00
4.888329232181715270e+03 9.789665881899338729e+00 0.000000000000000000e+00 1.156538964061885189e+01 5.603789112382887834e+04 0.000000000000000000e+00
5.148476126276534160e+03 1.019336022569716071e+01 0.000000000000000000e+00 1.201512776144299899e+01 5.540077112406491506e+04 0.000000000000000000e+00
5.104350303302189786e+03 1.066460793798831830e+01 0.000000000000000000e+00 1.228592170921252524e+01 5.870287567294343171e+04 0.000000000000000000e+00
5.406831579531677562e+03 1.146691109066956038e+01 3.549449171897819610e+00 1.280743917593603598e+01 4.254967813036469124e+02 8.732136682444163966e+01
4.920997005111576982e+03 1.070683108801982542e+01 3.511092703752989763e+00 1.323692065245418625e+01 4.383739877243156116e+02 8.781825165194000249e+01
5.284279304092043276e+03 1.109374073902416313e+01 3.540536252827045427e+00 1.312742842570721180e+01 4.569998929019092770e+02 8.598942005918148368e+01
5.587453836115377271e+03 1.151660070341289810e+01 3.637052060472234061e+00 1.240405276974012416e+01 4.291599179942189721e+02 8.247438897819860415e+01
5.367767583451811333e+03 1.120296773148661806e+01 3.442520366974022306e+00 1.319289117125221011e+01 4.512528441710736615e+02 8.417885800785543893e+01
5.315294819714156802e+03 1.113638128526018001e+01 3.511715583574141597e+00 1.290017903793468079e+01 4.479002519289728070e+02 8.228178813629887145e+01
5.499054946397404819e+03 1.167687296549715370e+01 3.560842943799825910e+00 1.245583240721854779e+01 4.218274648875196817e+02 8.086190666078753964e+01
5.757325954504311085e+03 1.073979147622778463e+01 3.536835487805835232e+00 1.273897452384438544e+01 4.456803463477735363e+02 8.557799371737297633e+01
5.942521075821954582e+03 1.098618124356864989e+01 3.464194205418241523e+00 1.351687816181264523e+01 4.149439713652498085e+02 8.484094188050971752e+01
6.244490072842263544e+03 1.086528784097112599e+01 3.509888307569104970e+00 1.257682365909485611e+01 4.534538352676397039e+02 8.525948086430128114e+01
6.120560887957096384e+03 1.118802346379282220e+01 3.621145555079798406e+00 1.283152920476950953e+01 4.513620436098434539e+02 8.096951884174150393e+01
6.396583942332752486e+03 1.177780138393122833e+01 3.567333152499771121e+00 1.330089965670352292e+01 4.268874659400468090e+02 8.667792637862734750e+01
6.268256448369326790e+03 1.165199688665572353e+01 3.566601587837571419e+00 1.313116898799947307e+01 4.442933069506132711e+02 8.900180410858484947e+01
6.341436714330110590e+03 1.166705910431535109e+01 3.728371894458364810e+00 1.326514267375966583e+01 4.387877539709045891e+02 8.657301994436325288e+01
