2.000000000000000111e-01 3.388771415280709576e+00
1.000000000000000056e-01 3.420771415280709604e+00
5.000000000000000278e-02 3.942771415280709846e+00
3.333333333333333287e-02 4.104771415280709768e+00
2.000000000000000042e-02 4.190771415280710066e+00
1.250000000000000069e-02 4.242771415280709668e+00
1.000000000000000021e-02 4.284771415280709483e+00
6.666666666666667095e-03 4.402771415280709810e+00
5.000000000000000104e-03 4.524771415280709697e+00
4.000000000000000083e-03 4.648771415280709363e+00
3.333333333333333547e-03 4.768771415280709469e+00
