6.992991433928053002e-02 6.037083866736899118e+00 3.359576288043225833e+00 2.776822180483459857e+00 1.418475930164919646e+03 5.916087841272161540e+02
3.147203363369320073e+01 5.937122784665547215e+00 3.318477273904904656e+00 2.841168673171034609e+00 1.359192005994276087e+03 5.991361368376622067e+02
3.379239523243647625e+01 7.458489968663595704e+00 4.242925289094165109e+00 3.423924580164406706e+00 1.469755319483067979e+03 5.975145847722545795e+02
5.064718296517934704e+01 7.681327480906259275e+00 4.335242349077710777e+00 3.356715340356783983e+00 1.457500980090428357e+03 5.756537638486325932e+02
1.026564894704630149e+02 8.065435821535757555e+00 4.278620154079996851e+00 3.310524850916168660e+00 1.973118166058760039e+02 8.289744535686027405e+01
1.512774679068993180e+02 7.742639879537883907e+00 4.631136839366418734e+00 3.337339358316553817e+00 2.013765108558919792e+02 8.103943238786085601e+01
2.008893670526286712e+02 8.075243455344084609e+00 4.555403570616604725e+00 3.433584796099315106e+00 3.574448037613282168e+02 7.756902860543607403e+01
2.459581425926458564e+02 8.715268691239169030e+00 4.858770784130763687e+00 3.354409198214197918e+00 3.625008173597170185e+02 1.485005933978420387e+02
2.919074773795834403e+02 8.400280329959647574e+00 4.791110197290207928e+00 3.681640634851579108e+00 3.681340658844039240e+02 1.424902046821148929e+02
3.529228841162309891e+02 8.434478580969548389e+00 5.073342626625519713e+00 3.524283718672141852e+00 3.644098946677538038e+02 1.420156835232891979e+02
4.225459841249389683e+02 9.091084673968765628e+00 4.814132963911163188e+00 3.464233658357989576e+00 3.470269468517403197e+02 1.406629429445819994e+02
5.129330861016146628e+02 9.852326801120613098e+00 5.315004123150836257e+00 3.815759670097270018e+00 3.537192021332007243e+02 1.453629121084601081e+02
6.097951688494975997e+02 9.917964482946649341e+00 5.755095664592265514e+00 3.979070319422591151e+00 3.607865842972820474e+02 1.465850578059479403e+02
6.516746000032828761e+02 1.127652761984221996e+01 5.918150986318750029e+00 4.429959492264734067e+00 7.178244120971494340e+02 3.168257485146540944e+02
7.606145266302609116e+02 1.154433828549365870e+01 5.978453552849454233e+00 4.509787338049407346e+00 7.451359972090797328e+02 3.163777162796677658e+02
8.642380746335434196e+02 1.170981265135579186e+01 6.221070575299507688e+00 4.650103539614099724e+00 7.709956263462204333e+02 3.147944738108088245e+02
1.039767467093159212e+03 1.109162595909845983e+01 6.511394910009002501e+00 4.796089755555860812e+00 7.194684993264169179e+02 3.215406873716471523e+02
1.110760401428612795e+03 1.181873083442413552e+01 6.363642868509526096e+00 4.790862109286824655e+00 7.390227054497619292e+02 3.222226572934978890e+02
1.160610824594497672e+03 1.165301990380435804e+01 6.797576807692277789e+00 4.675947436716239913e+00 7.366308172307186624e+02 2.969245267905532728e+02
1.362340161906515959e+03 1.134108766851608507e+01 6.861867876182274451e+00 4.997228918540884912e+00 7.495772584061235193e+02 2.966748578763476303e+02
1.383159567726250771e+03 1.188242710214172781e+01 6.649559834023974325e+00 4.899078119251505825e+00 7.202859970247558294e+02 3.192689632262777764e+02
1.594224420967397691e+03 1.180351078585843716e+01 7.062941115381800472e+00 5.039666017567584255e+00 7.271254953572565682e+02 3.175060407755736378e+02
1.850600793644548503e+03 1.273671091170957403e+01 7.082065315360697610e+00 5.179983154965821512e+00 8.306836615923183444e+02 3.137114367873884930e+02
1.956870277416206363e+03 1.264214406369596233e+01 7.184816636328462458e+00 5.073632596730332622e+00 8.061224325096656003e+02 3.087016890203759090e+02
2.097186625777679183e+03 1.287947783310586480e+01 7.059354966383495800e+00 5.051736125066286220e+00 7.934601446424592268e+02 3.240781688538488652e+02
2.376625093920363270e+03 1.301047804215087922e+01 7.356704946151641167e+00 5.500254528171602431e+00 8.022320471236296271e+02 3.208591762234625548e+02
2.611701571353118652e+03 1.313862452733319230e+01 6.874761426450530344e+00 5.191583804122740453e+00 8.098318469523061367e+02 3.236255517120857803e+02
2.723655957678672166e+03 1.383207831867983195e+01 6.971371588080678805e+00 5.646336987939174712e+00 7.863786375535387378e+02 2.998406513472870643e+02
2.929835854459663551e+03 1.372332303993915481e+01 7.356856252146069863e+00 5.780289045813532312e+00 8.002651614444097277e+02 3.038929536947656516e+02
3.040320868597695608e+03 8.077144182680349616e+00 0.000000000000000000e+00 9.749243131551821762e+00 7.699965772492612359e+02 3.145364201809690599e+02
2.913483937777294614e+03 7.829992105391466062e+00 0.000000000000000000e+00 1.019495320539349592e+01 6.055516209689446987e+04 0.000000000000000000e+00
3.184696090971332978e+03 7.951423946877191895e+00 0.000000000000000000e+00 1.024922544008123637e+01 6.014123018144001253e+04 0.000000000000000000e+00
3.097158769537614717e+03 8.114972800075351600e+00 0.000000000000000000e+00 1.082147204131647555e+01 5.809936907799424080e+04 0.000000000000000000e+00
3.127825508934624395e+03 8.292944075805786852e+00 0.000000000000000000e+00 1.060169662915681243e+01 6.012738862501941912e+04 0.000000000000000000e+00
3.316716933814624554e+03 9.012730760212050996e+00 0.000000000000000000e+00 1.103454050962773536e+01 5.515856531831979373e+04 0.000000000000000000e+00
3.612364242519743584e+03 8.994036136886572663e+00 0.000000000000000000e+00 1.101165476630596274e+01 5.592857599389435200e+04 0.000000000000000000e+00
3.511795833076766485e+03 9.493036920268540513e+00 0.000000000000000000e+00 1.045997841061293165e+01 6.017046418594303395e+04 0.000000000000000000e+00
3.638004572223394916e+03 9.308754783029097979e+00 0.000000000000000000e+00 1.140599900315337933e+01 6.028085971064319892e+04 0.000000000000000000e+00
3.953858228491607406e+03 9.534463341204775233e+00 0.000000000000000000e+00 1.073596043875569350e+01 5.984287131434707408e+04 0.000000000000000000e+00
3.783988947703511712e+03 9.302663630584582677e+00 0.000000000000000000e+00 1.128304131809449551e+01 5.680020680786809680e+04 0.000000000000000000e+00
4.117044529253320434e+03 9.791626767794138431e+00 0.000000000000000000e+00 1.100591656383146244e+01 5.634022643453646015e+04 0.000000000000000000e+00
4.117383561676878344e+03 9.434756801573351837e+00 0.000000000000000000e+00 1.102819019918949195e+01 5.615811726663784066e+04 0.000000000000000000e+00
4.321916645092690487e+03 9.903225633321238064e+00 0.000000000000000000e+00 1.179586745538825632e+01 5.581721536012114666e+04 0.000000000000000000e+00
4.251598385547252292e+03 9.671871795102280345e+00 0.000000000000000000e+00 1.101260681947706566e+01 6.056781155866540212e+04 0.000000000000000000e+00
4.539343254565637835e+03 1.015370056607542359e+01 0.000000000000000000e+00 1.184860981496927579e+01 5.848664784704078193e+04 0.000000000000000000e+00
4.376208314029315261e+03 1.007194647637450835e+01 0.000000000000000000e+00 1.167386768999703328e+01 5.533286624543421931e+04 0.000000000000000000e+00
4.691112248153136534e+03 1.013037467727593466e+01 0.000000000000000000e+00 1.177943675593694195e+01 5.639779997206817643e+04 0.000000000000000000e+00
4.522671802131069853e+03 9.592647561629769726e+00 0.000000000000000000e+00 1.155737024473119590e+01 5.605647258994439471e+04 0.000000000000000000e+00
4.846146369873376898e+03 9.814615783825665574e+00 0.000000000000000000e+00 1.230783606983738210e+01 5.965267596731020603e+04 0.000000000000000000e+00
4.764367505314101436e+03 1.007294181514022213e+01 0.000000000000000000e+00 1.252904310186563031e+01 5.846248330192145659e+04 0.000000000000000000e+00
4.726318752487035454e+03 9.836693690269081358e+00 0.000000000000000000e+00 1.258582428020896771e+01 5.531362880051529646e+04 0.000000000000000000e+00
4.969888610743185382e+03 1.007479464405792235e+01 0.000000000000000000e+00 1.186748612243696499e+01 5.805807063902620575e+04 0.000000000000000000e+00
5.316603693784942152e+03 1.072699656477336205e+01 0.000000000000000000e+00 1.207826431346140517e+01 5.848210395243846870e+04 0.000000000000000000e+00
5.317221058479713065e+03 1.087836705694478034e+01 3.383165152658456076e+00 1.278677728915096878e+01 4.236738077602053067e+02 8.248679813499320801e+01
5.189633109490679999e+03 1.086177168727786224e+01 3.349986639346995254e+00 1.338684293353578170e+01 4.390530563772248911e+02 8.714553944844219302e+01
5.317139097849565587e+03 1.140470308002693933e+01 3.571375087819020688e+00 1.231857245137174317e+01 4.354026930155713444e+02 8.702909813843575648e+01
5.143356445655258540e+03 1.113766496375532356e+01 3.535142834555086822e+00 1.348495310764455368e+01 4.389160835658572068e+02 8.268343202590787655e+01
5.455454639600820883e+03 1.084353962475731770e+01 3.435542776990282654e+00 1.299270896062935243e+01 4.175488368912447186e+02 8.594871197892933878e+01
5.598258651306514366e+03 1.101342381540520243e+01 3.739240520984840721e+00 1.257170884762760288e+01 4.416116947867575391e+02 8.132349277886059724e+01
5.685636023889125681e+03 1.164689661308035973e+01 3.437300320266791775e+00 1.340418764015398878e+01 4.153220351377487987e+02 8.886544295591228604e+01
6.048382708004149208e+03 1.064736814280641219e+01 3.612866684385657390e+00 1.363163019250999852e+01 4.350086975907273654e+02 8.572706335077874940e+01
5.974372236211750533e+03 1.153330700048657320e+01 3.599902507084172587e+00 1.324012652070200247e+01 4.484430749757979129e+02 8.562928556796912005e+01
5.878227109274765098e+03 1.139051915073467036e+01 3.612382811205990141e+00 1.339673352611566060e+01 4.381274742145128016e+02 8.813764824741465986e+01
6.128298931634716610e+03 1.146968778828736113e+01 3.513183470391122665e+00 1.349311890469645903e+01 4.219314358453540876e+02 8.822044439333255639e+01
6.338350542806849262e+03 1.127739515654369384e+01 3.706411903174270162e+00 1.322251240412571605e+01 4.275580631731741619e+02 8.854921193155284698e+01
6.490572564230878925e+03 1.110156136052455444e+01 3.768820958348662042e+00 1.308215062608873147e+01 4.278438020342786672e+02 8.879159150201620321e+01
6.561225668173575286e+03 1.152849767873825293e+01 3.577000763587542487e+00 1.305537827881673429e+01 4.189629666737390608e+02 8.533023058401740002e+01
