-4.741484378108050679e-01 5.617307667376793212e+00 3.458283167739672148e+00 2.684129497770254780e+00 1.395532802118984591e+03 5.791090685254091568e+02
3.391801539245288666e+01 5.810065334248847080e+00 3.439308243737029258e+00 2.660290178601366406e+00 1.429730033541284001e+03 6.249140104210766822e+02
3.270703177170700826e+01 7.969493560852450642e+00 4.277194852361658306e+00 3.156798340187437102e+00 1.427815427816546844e+03 5.889104715898662334e+02
5.269617685498830184e+01 7.690926135140116138e+00 4.369426794413699078e+00 3.394860055230997986e+00 1.455337800292232487e+03 6.274868831787237013e+02
1.033335971890606828e+02 8.268044323787476557e+00 4.386330128342654788e+00 3.361391565214016275e+00 2.050535099238190071e+02 8.201784486477906455e+01
1.576307485901176051e+02 8.068153101719342857e+00 4.351009681605860990e+00 3.272973551205347054e+00 2.038012264509139300e+02 8.133074268390285511e+01
1.928464033948502561e+02 8.320186290138902763e+00 4.370169904314355591e+00 3.341912760100957502e+00 3.485356047033958475e+02 7.650410553481252407e+01
2.545419126762392636e+02 8.286339676137840726e+00 4.539944556790774577e+00 3.659074987103765331e+00 3.738926335873953235e+02 1.377243979904118305e+02
2.917442840450780750e+02 8.564395975412955053e+00 4.696246893175474391e+00 3.436667281428710474e+00 3.442404407417001835e+02 1.418331762838930956e+02
3.676167121411166363e+02 9.135662270611407010e+00 5.090651381089433158e+00 3.759250748327228386e+00 3.562322976035886199e+02 1.456816812555502452e+02
4.097374456541929248e+02 8.882724100204857365e+00 5.154671122955166496e+00 3.706431980189089703e+00 3.761915218556549121e+02 1.493577920518072517e+02
5.167677336403052095e+02 9.589234131969497810e+00 5.548182240226783968e+00 3.838392976980711691e+00 3.654040131526800792e+02 1.442933982981411987e+02
5.944486216646378125e+02 1.039632611256711492e+01 5.824526095846676021e+00 4.117037780516832335e+00 3.663249410050779034e+02 1.398385125127907997e+02
6.872901157630484477e+02 1.056234890383103320e+01 5.775572956980768780e+00 4.416559190666286661e+00 7.763683967569147626e+02 3.120152493834435177e+02
7.766802966194244391e+02 1.086861201711816705e+01 5.958712120853299155e+00 4.318659393783796041e+00 7.120093996458087986e+02 3.235826749786028245e+02
9.340637873841276360e+02 1.096495645481955705e+01 6.109163272288636648e+00 4.647716390440065126e+00 7.542383674071214728e+02 3.229846176961796687e+02
9.519577944670405714e+02 1.190078444974355243e+01 6.619470118762659894e+00 4.667089213533870407e+00 7.282840471684091881e+02 3.172427716926521839e+02
1.118330494978333263e+03 1.099213501608112509e+01 6.205729475053340494e+00 4.776621269971863981e+00 7.250108618025033138e+02 3.234636373511701208e+02
1.149275826804209601e+03 1.207137819444202442e+01 6.530845841863847312e+00 4.721489707061776286e+00 7.581346467863837688e+02 3.104117016912537110e+02
1.304177578527201376e+03 1.133904511693771688e+01 6.824446431509540112e+00 4.691762206647002387e+00 7.672659239594398741e+02 3.058776361759798874e+02
1.458803224284575208e+03 1.171645500395344541e+01 6.901694948639572225e+00 5.073596635586240744e+00 7.623741087802462744e+02 3.224799995770953274e+02
1.639393567890905615e+03 1.267170427325034332e+01 6.921784987337738393e+00 4.813418669915013659e+00 7.599265596530943867e+02 3.063434553492310783e+02
1.890245938663911147e+03 1.240630473443455806e+01 7.148746753267496423e+00 4.968312271831460514e+00 8.298374053308290286e+02 3.086674137000337623e+02
1.934435445284489560e+03 1.297851109921646184e+01 6.719595281623931271e+00 5.379796731910939656e+00 7.935304461957484818e+02 2.995314125003393428e+02
2.209143210985595033e+03 1.241741520390265663e+01 6.861768720928067111e+00 5.155962867763379087e+00 7.905403010897261993e+02 3.270696725535534597e+02
2.207994752059826624e+03 1.339181857501458595e+01 7.115267376828017909e+00 5.487389755113257550e+00 8.207878703024874767e+02 3.061273931567922091e+02
2.525642814623705362e+03 1.338091571187307949e+01 7.331981634283044613e+00 5.226932644007337814e+00 7.629780130643353004e+02 3.190372330649010451e+02
2.697217273487093735e+03 1.417561988095076408e+01 7.619054588861295940e+00 5.392518134341862002e+00 8.016303482409424532e+02 3.260963182585194886e+02
2.888465856768825233e+03 1.425634586522892810e+01 7.211960776529084960e+00 5.693957155239258050e+00 8.053814574174186873e+02 3.149284005327624527e+02
2.842802023508609636e+03 8.080481304257943975e+00 0.000000000000000000e+00 1.013114633169540291e+01 8.111462846476049435e+02 3.118760958347793917e+02
2.977895814116901420e+03 8.031899938089521740e+00 0.000000000000000000e+00 1.003229668467815294e+01 5.558837584297718422e+04 0.000000000000000000e+00
3.214155540326223218e+03 8.679769031606751284e+00 0.000000000000000000e+00 9.936735848005177729e+00 5.777469006995705422e+04 0.000000000000000000e+00
3.060396258023800783e+03 8.918323888368178132e+00 0.000000000000000000e+00 1.051588625497052831e+01 6.006930454725633172e+04 0.000000000000000000e+00
3.298760914953137672e+03 9.052955561531197404e+00 0.000000000000000000e+00 1.026817972500788301e+01 5.776987087064027583e+04 0.000000000000000000e+00
3.471168677582679720e+03 8.379878576966609316e+00 0.000000000000000000e+00 1.060142519525400751e+01 6.020739316121257434e+04 0.000000000000000000e+00
3.362033188890135534e+03 8.889950599372221873e+00 0.000000000000000000e+00 1.063206567138148273e+01 5.681959325766399706e+04 0.000000000000000000e+00
3.734318013860771316e+03 8.965306420268959187e+00 0.000000000000000000e+00 1.054234262575660175e+01 5.624880999651356979e+04 0.000000000000000000e+00
3.592290883361761189e+03 9.084320518121911547e+00 0.000000000000000000e+00 1.114543907947905588e+01 5.992331820631650771e+04 0.000000000000000000e+00
3.729681549896047272e+03 9.708184000831511895e+00 0.000000000000000000e+00 1.153771021166260269e+01 5.593323067043220362e+04 0.000000000000000000e+00
4.003165089660407830e+03 9.722431725718337248e+00 0.000000000000000000e+00 1.128759476220678160e+01 6.061147655837759521e+04 0.000000000000000000e+00
3.843585609130603189e+03 9.628943696503402094e+00 0.000000000000000000e+00 1.168461262332200690e+01 6.045435138417340204e+04 0.000000000000000000e+00
4.223896254606916045e+03 9.184777368630482997e+00 0.000000000000000000e+00 1.129027288144776087e+01 5.969452933197487437e+04 0.000000000000000000e+00
4.147193153042822814e+03 1.009600988850849745e+01 0.000000000000000000e+00 1.186933076256248043e+01 5.978589922309483518e+04 0.000000000000000000e+00
4.452899896219304537e+03 1.015515462361314647e+01 0.000000000000000000e+00 1.202580514760843045e+01 5.721493757644001744e+04 0.000000000000000000e+00
4.386532451222307827e+03 9.925743610134290407e+00 0.000000000000000000e+00 1.196921622717454703e+01 5.555701816757504275e+04 0.000000000000000000e+00
4.295729024959737217e+03 9.566602153532791419e+00 0.000000000000000000e+00 1.168933692406970870e+01 5.607484880624003563e+04 0.000000000000000000e+00
4.431769203838475732e+03 9.498990019251337458e+00 0.000000000000000000e+00 1.157127604103112084e+01 5.535063998224064562e+04 0.000000000000000000e+00
4.670934727339894380e+03 9.902559490580561175e+00 0.000000000000000000e+00 1.204609548515496265e+01 5.865288672096934170e+04 0.000000000000000000e+00
4.693146080211253320e+03 1.057499022181913695e+01 0.000000000000000000e+00 1.173733334095705594e+01 6.032870329134917847e+04 0.000000000000000000e+00
5.031811695795960986e+03 1.042704089506583998e+01 0.000000000000000000e+00 1.186670768418656330e+01 5.559229681639033515e+04 0.000000000000000000e+00
4.844159396045306494e+03 1.049139611899061997e+01 0.000000000000000000e+00 1.195166937386261985e+01 5.623869714634068077e+04 0.000000000000000000e+00
5.149917069279405041e+03 1.023784179220310264e+01 0.000000000000000000e+00 1.219306860685266614e+01 5.553625664096143009e+04 0.000000000000000000e+00
5.382059076698193167e+03 9.904899593206813790e+00 0.000000000000000000e+00 1.263652295853061247e+01 5.794458196328660415e+04 0.000000000000000000e+00
5.314687533295548747e+03 1.083354518577806225e+01 3.480529173775925855e+00 1.310763178349313129e+01 4.619207996458688967e+02 8.208387969635096226e+01
5.051666166219046318e+03 1.121746434331054587e+01 3.574596114037721595e+00 1.307615078573420497e+01 4.487218525714314978e+02 8.251361443192298850e+01
5.261867113722848444e+03 1.093026228780899700e+01 3.634363453437127855e+00 1.301233983937054539e+01 4.251929170919223111e+02 8.726319473522508474e+01
5.401691754965374457e+03 1.132847664072380311e+01 3.442795013224435596e+00 1.333532370249157317e+01 4.572048457107469517e+02 8.168367874376805560e+01
5.253516181498682272e+03 1.118457233851553134e+01 3.586145401792697918e+00 1.339354416792353675e+01 4.397429994008161884e+02 8.470233234920384291e+01
5.799944617844922504e+03 1.079175790320989670e+01 3.659138875324884577e+00 1.325929822474046915e+01 4.497461326759168969e+02 8.384410712033417212e+01
5.502560118239184703e+03 1.160824285723463589e+01 3.609690975157747062e+00 1.329576816881353274e+01 4.178202272575752545e+02 8.262328645673522942e+01
5.973194608462358701e+03 1.080318733788950070e+01 3.537907422264489288e+00 1.342159663603740505e+01 4.556498443109504706e+02 8.684926954752062045e+01
5.996450476802014236e+03 1.142202427098165529e+01 3.694914200152731087e+00 1.274707096403764517e+01 4.483674657165765893e+02 8.707686528205503862e+01
6.012942446260323777e+03 1.166300446807342794e+01 3.765168609593645854e+00 1.293622018432187204e+01 4.398243884528510534e+02 8.157038972959500711e+01
6.108350010706726607e+03 1.127647308027082751e+01 3.660368953060037178e+00 1.327915160680760742e+01 4.268059461659004228e+02 8.621349729105853044e+01
6.010979013103324178e+03 1.094282854212255529e+01 3.822620151705285352e+00 1.349640647878607780e+01 4.364733683250064473e+02 8.327398227320402668e+01
6.293428660682581722e+03 1.115663719897815653e+01 3.613319945937699451e+00 1.262191385062300952e+01 4.321960567945957337e+02 8.249207898809584094e+01
6.264972193136686656e+03 1.094521841444208832e+01 3.596309913943709358e+00 1.338355946059534141e+01 4.377908823227039647e+02 8.480313909806889683e+01
