-2.223349150072209124e-01 6.077058691462378981e+00 3.340233730250796285e+00 2.888054774676820369e+00 1.435525458875210234e+03 6.029412631737130823e+02
3.511717447369696998e+01 5.699530840785152819e+00 3.353780150831234153e+00 2.869337399606973538e+00 1.435053496437971035e+03 6.280429402959291565e+02
3.125237814855713481e+01 7.681143026868782364e+00 4.229161034266954111e+00 3.168559557365796753e+00 1.431320871893882895e+03 6.165349068432112745e+02
5.060314450317906676e+01 7.634487553327472753e+00 4.574193226416173985e+00 3.500833013104716951e+00 1.394566977128499502e+03 6.132857326594159986e+02
1.051636606980265611e+02 7.776524940885713555e+00 4.575986572633980565e+00 3.382898798433682686e+00 2.043208776425530857e+02 8.388969451999898297e+01
1.474081576542608332e+02 8.456497362057588063e+00 4.589529614511463684e+00 3.545024295088129218e+00 2.007642523597132538e+02 7.974603101383881665e+01
2.073510124305570628e+02 8.068810453060303090e+00 4.420731119557219202e+00 3.536238775032098047e+00 3.568538388563093235e+02 7.686495968294524062e+01
2.510732425533590515e+02 8.162204325448827902e+00 4.673263496530764449e+00 3.350937090070152724e+00 3.437322373608908492e+02 1.420391429223280682e+02
2.951072127858415683e+02 8.938643791093218383e+00 4.588818545019174522e+00 3.548697731114326182e+00 3.644154343875878226e+02 1.453492816536594034e+02
3.639588857842093148e+02 9.175719917593687214e+00 4.732615637544748566e+00 3.574736942080626978e+00 3.722179212311481820e+02 1.469943431581861830e+02
3.963147503154746119e+02 9.129335397902689664e+00 5.155478953459776470e+00 3.780970136852830787e+00 3.540370154311046349e+02 1.450311394946228347e+02
4.875179909516958219e+02 9.450766713214218129e+00 5.032322250067649883e+00 3.865942554876280024e+00 3.534440976195043618e+02 1.451839726656510265e+02
6.279878633550472387e+02 1.026265198979673876e+01 5.545624608669115219e+00 4.085926013408614388e+00 3.462128666208245704e+02 1.421504071914204985e+02
7.022231743561270605e+02 1.067124851527746365e+01 5.826439522245389746e+00 4.456716925670432872e+00 7.324379405886056702e+02 3.103193724197632264e+02
8.099217065926230816e+02 1.090604568116836326e+01 5.859030123907678522e+00 4.496902648415503911e+00 7.047998753307480229e+02 3.270605504339291087e+02
9.321060025557330846e+02 1.172417839523879479e+01 6.447577369408533876e+00 4.766837547757158511e+00 7.694408997846128386e+02 3.214116910046627140e+02
9.714364218748535222e+02 1.136586088574680353e+01 6.417200622242884123e+00 4.779895045826896727e+00 7.322112113958739883e+02 3.238543838595968509e+02
1.091828161108798668e+03 1.100462642577338634e+01 6.738122560895128288e+00 4.767300334302926323e+00 7.754431223588773037e+02 3.206148978673880379e+02
1.176669429272922116e+03 1.126521118709906411e+01 6.623549891021975888e+00 4.997895249970476073e+00 7.186806097754461007e+02 3.249776527680264167e+02
1.358612948618987048e+03 1.162181525958927608e+01 6.294871321997815627e+00 4.767143070216148359e+00 7.728905839222678651e+02 3.083990859980567052e+02
1.403970941792894337e+03 1.231188172960784399e+01 6.700003761535213265e+00 4.912887629345562779e+00 7.617650568067190306e+02 3.053642951825510750e+02
1.653029973498386425e+03 1.212978781510779669e+01 6.789399533016574395e+00 5.055799690326894691e+00 7.509401894154126467e+02 3.012421426116647467e+02
1.752285646460734370e+03 1.272079052148311185e+01 6.716085379689865853e+00 5.241165579564037280e+00 7.983723366621414925e+02 3.252739901396596451e+02
2.035419175983584637e+03 1.257557996045684057e+01 6.899111474981526548e+00 5.238163391553437798e+00 7.843494036573800940e+02 3.071723413292957616e+02
2.161208238436044212e+03 1.253265127573769533e+01 7.180363795652444203e+00 5.154685207560547155e+00 8.339698334784316103e+02 3.044443775076231873e+02
2.266348134137628676e+03 1.335643505897343530e+01 7.178113061157679553e+00 5.532672851866880848e+00 7.971550961325086746e+02 3.172765795083811327e+02
2.670597964800293084e+03 1.279266483290292378e+01 7.257228020746256725e+00 5.495392012914353863e+00 7.862697912439358561e+02 3.228879078115253947e+02
2.733330738468771870e+03 1.302930175790409351e+01 7.031068795164370222e+00 5.645659450841256977e+00 7.695494193973752317e+02 3.149634731016651585e+02
3.015471628839791265e+03 1.317847618112396013e+01 7.471446855678424370e+00 5.822486570034306474e+00 8.044049804517119355e+02 3.272626602339814781e+02
3.016057371440467250e+03 7.977685934242810362e+00 0.000000000000000000e+00 9.262532476524938829e+00 8.282911723913341575e+02 2.999740710117541767e+02
3.048972835274401859e+03 7.960253776037680140e+00 0.000000000000000000e+00 9.899507488084426043e+00 5.733060534632886993e+04 0.000000000000000000e+00
3.016483904224762227e+03 8.010481453743084401e+00 0.000000000000000000e+00 1.042323866586936454e+01 5.709550209666537557e+04 0.000000000000000000e+00
3.024439269368582700e+03 8.849940399654055767e+00 0.000000000000000000e+00 1.077891878124390779e+01 5.742799655803025234e+04 0.000000000000000000e+00
3.412280226643076730e+03 8.421041536503556912e+00 0.000000000000000000e+00 1.000870014212451764e+01 5.516050978274666704e+04 0.000000000000000000e+00
3.375243941637086209e+03 9.176429768889743599e+00 0.000000000000000000e+00 1.103143958788101919e+01 5.814685183160273300e+04 0.000000000000000000e+00
3.616724112979743040e+03 9.011238276898758670e+00 0.000000000000000000e+00 1.070672355982006607e+01 5.533848944598152593e+04 0.000000000000000000e+00
3.659516347516877886e+03 8.603027714907511836e+00 0.000000000000000000e+00 1.111479364770843326e+01 5.769742648611262121e+04 0.000000000000000000e+00
3.636139776789105326e+03 8.842173031401397765e+00 0.000000000000000000e+00 1.044533566487723242e+01 5.705220942234400718e+04 0.000000000000000000e+00
3.705208405444786422e+03 9.314708671704662990e+00 0.000000000000000000e+00 1.128016900305816073e+01 5.952123336660055065e+04 0.000000000000000000e+00
3.903932210059698718e+03 9.103473727815666550e+00 0.000000000000000000e+00 1.082147626135113860e+01 5.874896365939290263e+04 0.000000000000000000e+00
4.028615758151083355e+03 9.882843060734606055e+00 0.000000000000000000e+00 1.179258958697340809e+01 5.705707331959901785e+04 0.000000000000000000e+00
4.246793455231110784e+03 9.813840771065422075e+00 0.000000000000000000e+00 1.101918254624921722e+01 6.000940753125841729e+04 0.000000000000000000e+00
4.349386182697820914e+03 1.011914746546814925e+01 0.000000000000000000e+00 1.100771309789309171e+01 5.559337518690784054e+04 0.000000000000000000e+00
4.468715854244512229e+03 9.541929060557022169e+00 0.000000000000000000e+00 1.167703963386240673e+01 5.589474228795580711e+04 0.000000000000000000e+00
4.152614293876942611e+03 1.008310883593389917e+01 0.000000000000000000e+00 1.148016963881182839e+01 5.668316126983767754e+04 0.000000000000000000e+00
4.273372886567963178e+03 9.816851563447201556e+00 0.000000000000000000e+00 1.189685803312359269e+01 5.802415461094403872e+04 0.000000000000000000e+00
4.377356009416301276e+03 9.771581535105376304e+00 0.000000000000000000e+00 1.188919041375295826e+01 5.797039134013456351e+04 0.000000000000000000e+00
4.636160614269957478e+03 1.012418898328686545e+01 0.000000000000000000e+00 1.152980760159149831e+01 5.747868464461455005e+04 0.000000000000000000e+00
4.671276302888804821e+03 9.632510514306842353e+00 0.000000000000000000e+00 1.154490246889304395e+01 5.612900707245199737e+04 0.000000000000000000e+00
5.102686583123041601e+03 9.847816091014097495e+00 0.000000000000000000e+00 1.254933711044848721e+01 5.919948162509933900e+04 0.000000000000000000e+00
4.961792583738310896e+03 1.018039633001447442e+01 0.000000000000000000e+00 1.199322085413450090e+01 5.743250462004888686e+04 0.000000000000000000e+00
5.305285372986046241e+03 1.074758531071073620e+01 0.000000000000000000e+00 1.182456520070429917e+01 5.827710699804892647e+04 0.000000000000000000e+00
5.043838522078362985e+03 1.066534519714326024e+01 0.000000000000000000e+00 1.267523162724781827e+01 5.622953840451410360e+04 0.000000000000000000e+00
4.973053362278797067e+03 1.091927171321321488e+01 3.523669268256573783e+00 1.253681976612982751e+01 4.608738053819268430e+02 8.503058742813351500e+01
4.955570440540853269e+03 1.119034928455305611e+01 3.646138667627831786e+00 1.245620282832335057e+01 4.355716814925938820e+02 8.862549767755763241e+01
5.127449114584566814e+03 1.064911242526283353e+01 3.553915867032323650e+00 1.316449081995286541e+01 4.584124490988334628e+02 8.276922922207630506e+01
5.341051751242603132e+03 1.082152137049870078e+01 3.456848265015088462e+00 1.334056049117766207e+01 4.330301200361470251e+02 8.431657023441516685e+01
5.453489185412634470e+03 1.083226071489088049e+01 3.683540305366534984e+00 1.320898272871617962e+01 4.240714026320014227e+02 8.234074951370510576e+01
5.300027880764646397e+03 1.163545209459118901e+01 3.524969241090656791e+00 1.289817974179943860e+01 4.214860627562071613e+02 8.591835618159456089e+01
5.580829039272276532e+03 1.159704557652883317e+01 3.445924258566043008e+00 1.323932485505271472e+01 4.276913328575086553e+02 8.918975375437734954e+01
5.907662306812945644e+03 1.107554855292613638e+01 3.551942130318499924e+00 1.348835412546280033e+01 4.455615899633220351e+02 8.186121765759213531e+01
5.935690864665823028e+03 1.161561961637478646e+01 3.734150955534924154e+00 1.282647420096060209e+01 4.427178100298077652e+02 8.370348747440310433e+01
5.769724950309115229e+03 1.089104377255238987e+01 3.550087445299615396e+00 1.292940883172940048e+01 4.201784540879210113e+02 8.440253471300454180e+01
6.347580866176035670e+03 1.111723769454721555e+01 3.814880755998275585e+00 1.300342757959568551e+01 4.234167018559341500e+02 8.247352222944589073e+01
6.366861104570403768e+03 1.175806803013361623e+01 3.485628206609578061e+00 1.282268765773090990e+01 4.459122396243848812e+02 8.534794898420231846e+01
6.257394911580265216e+03 1.173438610772731927e+01 3.823972581922215674e+00 1.309400045810817836e+01 4.142021831376545151e+02 8.342729196796003066e+01
6.162941577187204530e+03 1.095186656748131782e+01 3.659142384595099440e+00 1.250870600570543267e+01 4.277478880892534789e+02 8.341879947505270820e+01
