1.637543945771549048e-01 5.891187596734126508e+00 3.268500633982436288e+00 2.825136686327911040e+00 1.387137100104780075e+03 5.903169261720199756e+02
3.413914624860507985e+01 5.986851283021755954e+00 3.359743608022002448e+00 2.917583815266988179e+00 1.349220721852987026e+03 5.941343542780055031e+02
3.417232222407136533e+01 8.078458146624653224e+00 4.337852072593915587e+00 3.405833592918471098e+00 1.353320115991966304e+03 6.290114967370822114e+02
5.140674280912366356e+01 7.988655921552339834e+00 4.382099122491232457e+00 3.427023452040253826e+00 1.343215066463028506e+03 5.827081931832931332e+02
1.035229326862922221e+02 7.877170083018897095e+00 4.463853652025090213e+00 3.287720021869534825e+00 2.013938993929706953e+02 8.363504116305716707e+01
1.537118373499251334e+02 8.257258270487493945e+00 4.630590295967359715e+00 3.379193830418866007e+00 1.928131759222032713e+02 8.386606784360876077e+01
2.030533333907254985e+02 8.011794882800222339e+00 4.640720900711118091e+00 3.445877659212294830e+00 3.516742575588178283e+02 8.085119544481442233e+01
2.608031224667651031e+02 8.418879362522199372e+00 4.629265921982537613e+00 3.370710116181681038e+00 3.728794906300499292e+02 1.410452071178088147e+02
2.909480924302690710e+02 8.765070126461633748e+00 4.790112772941986563e+00 3.382880124507160247e+00 3.532995345449458569e+02 1.479017867914085116e+02
3.572513405368517283e+02 8.352444357982646395e+00 5.064182942698298717e+00 3.615876554180265323e+00 3.771204759399267346e+02 1.452326848062883471e+02
4.291862336345009794e+02 9.211512632381973376e+00 4.732485004897673875e+00 3.657318613168060395e+00 3.623349323305914140e+02 1.361562545741933832e+02
4.852189741438210149e+02 9.454687291053202713e+00 5.309974608606398583e+00 3.839295858027447217e+00 3.779843740840768191e+02 1.461018127390041172e+02
5.915501179589721232e+02 1.016235258196688562e+01 5.732816370429238084e+00 4.058877249158421741e+00 3.443894352481796091e+02 1.435307655909425648e+02
6.936664276569928234e+02 1.036255282365303998e+01 6.249241067198227917e+00 4.347175033268436906e+00 7.369156132114715092e+02 3.256643594061173417e+02
7.728982523867875898e+02 1.115746111574178023e+01 5.924218557794615592e+00 4.346291405997054547e+00 7.464569245116864522e+02 3.174167258540210241e+02
9.133083769863106909e+02 1.066335410866207489e+01 6.556264216091518549e+00 4.453462582972323780e+00 7.652204940896203880e+02 3.227593050597836850e+02
9.632757197302116765e+02 1.151632359914851378e+01 6.315870472579950601e+00 4.731122899677859373e+00 7.526333272380821882e+02 3.032283480845903796e+02
1.139445194165397425e+03 1.202178749138550451e+01 6.612262036773079110e+00 4.911970005028116759e+00 7.766702361869341757e+02 3.126686403949844930e+02
1.174291336349062021e+03 1.206017285450918131e+01 6.226705348857907829e+00 4.970264904808535000e+00 7.171000737210686111e+02 3.137234006918044429e+02
1.249820357918468517e+03 1.243771628924395145e+01 6.643507919866677547e+00 4.743299287982055468e+00 7.766384768461851991e+02 3.225825628894373835e+02
1.425765223478048028e+03 1.140175899042774965e+01 6.293548585116015559e+00 4.764551080730766941e+00 7.691471504409481668e+02 3.142383982432417042e+02
1.579139932857152189e+03 1.210926589701062817e+01 6.547533362960628267e+00 4.751588993104726377e+00 7.359271146627804683e+02 2.974183093942212963e+02
1.887754903988140541e+03 1.194722002846554432e+01 6.781983486198664757e+00 5.222838925866676085e+00 7.788353284849137026e+02 2.967538150173862164e+02
2.085841812205842416e+03 1.311255142469606128e+01 7.262162510333888044e+00 5.455710705093445689e+00 8.277982468223592605e+02 3.167991462562589504e+02
2.280148285634117201e+03 1.272578402996385805e+01 6.823427819590588861e+00 5.051878094178355205e+00 7.772929629231477975e+02 3.087822057360677945e+02
2.324281967879599051e+03 1.314963436443101230e+01 7.184836261742357344e+00 5.622696432097082919e+00 7.825825166924316818e+02 3.192264580591539698e+02
2.603261545451799520e+03 1.307438018393710699e+01 7.120174350240723093e+00 5.556579834467409107e+00 7.731122599620787241e+02 3.018167738121973116e+02
2.674452735734697853e+03 1.348395727379064013e+01 7.584466019982406770e+00 5.373267460731987910e+00 7.636953354809012353e+02 3.010628106560274091e+02
2.785887760216993229e+03 1.367696566282630322e+01 7.450418140918690924e+00 5.691789177371077812e+00 8.153873239281148244e+02 2.966048089104173755e+02
2.932358663253388386e+03 7.751834843042436418e+00 0.000000000000000000e+00 9.389792501488066989e+00 8.319595671989304719e+02 3.023557435152447965e+02
3.034297443604356886e+03 8.563029712027022455e+00 0.000000000000000000e+00 9.729976514879133731e+00 5.819937917680994724e+04 0.000000000000000000e+00
3.082132705185825671e+03 8.516539978432819069e+00 0.000000000000000000e+00 1.052317849931002414e+01 5.610872461814914277e+04 0.000000000000000000e+00
3.175221509861450613e+03 8.924367600302684167e+00 0.000000000000000000e+00 1.048203936787925805e+01 5.791106474425328634e+04 0.000000000000000000e+00
3.191451318632227867e+03 8.315988571029871324e+00 0.000000000000000000e+00 1.089671666877796241e+01 5.951106895303207421e+04 0.000000000000000000e+00
3.216783714700360179e+03 8.837696736209055715e+00 0.000000000000000000e+00 1.077882601613974600e+01 5.821447394693137176e+04 0.000000000000000000e+00
3.311605467942335963e+03 8.642307871827368260e+00 0.000000000000000000e+00 1.058778898092944942e+01 6.010911269711927889e+04 0.000000000000000000e+00
3.443373087937884065e+03 9.222323131725818968e+00 0.000000000000000000e+00 1.038508788340012323e+01 5.979724278300087462e+04 0.000000000000000000e+00
3.663858348861219838e+03 9.511069919269621309e+00 0.000000000000000000e+00 1.087568517693516768e+01 5.585444713166223664e+04 0.000000000000000000e+00
3.943991732353454154e+03 8.871004453355414654e+00 0.000000000000000000e+00 1.114498455238579311e+01 5.810868195260671928e+04 0.000000000000000000e+00
3.971975729886603403e+03 9.130474453229295406e+00 0.000000000000000000e+00 1.109427132333314425e+01 6.059651793004255887e+04 0.000000000000000000e+00
3.915818147661919284e+03 9.891718779504051540e+00 0.000000000000000000e+00 1.163417006697939193e+01 5.825702480114206264e+04 0.000000000000000000e+00
4.110995991655010585e+03 9.169286213919455975e+00 0.000000000000000000e+00 1.122977215176285881e+01 5.694854752298859967e+04 0.000000000000000000e+00
4.198669407114130991e+03 9.888027189525752547e+00 0.000000000000000000e+00 1.136017770241821090e+01 5.992494622782048100e+04 0.000000000000000000e+00
4.274565361586180188e+03 9.398679545886412967e+00 0.000000000000000000e+00 1.141830097797041788e+01 5.925625658951237710e+04 0.000000000000000000e+00
4.222737421055319828e+03 9.667369748380243877e+00 0.000000000000000000e+00 1.172937348190993667e+01 5.756521467357749498e+04 0.000000000000000000e+00
4.486737564319229932e+03 1.018963916677178361e+01 0.000000000000000000e+00 1.131358580152458870e+01 6.016028125611328142e+04 0.000000000000000000e+00
4.529963480958503169e+03 1.040454321371390378e+01 0.000000000000000000e+00 1.154250418644684650e+01 5.899931403647300613e+04 0.000000000000000000e+00
4.592599200699901303e+03 9.683322975626090567e+00 0.000000000000000000e+00 1.151825576546312391e+01 6.007590774183501344e+04 0.000000000000000000e+00
4.885531518337729722e+03 1.028454871739068288e+01 0.000000000000000000e+00 1.203813287819418498e+01 5.589431564171726495e+04 0.000000000000000000e+00
4.731971441770530873e+03 9.720728508060076933e+00 0.000000000000000000e+00 1.217792174476503853e+01 5.560644751294057642e+04 0.000000000000000000e+00
4.739323230577157119e+03 1.000829119151487845e+01 0.000000000000000000e+00 1.162001548703545595e+01 5.989650213250728848e+04 0.000000000000000000e+00
4.830797740383715791e+03 1.072490857454436153e+01 0.000000000000000000e+00 1.258882909852783349e+01 5.809962600149198261e+04 0.000000000000000000e+00
5.204845448472032331e+03 1.009296742892417420e+01 0.000000000000000000e+00 1.173703589398023972e+01 5.872993347852362058e+04 0.000000000000000000e+00
4.897409851279619943e+03 1.088233801228480502e+01 3.425007029757326293e+00 1.228027065693339637e+01 4.597643660709530877e+02 8.663173877487905372e+01
4.946765478911122045e+03 1.112917196076089255e+01 3.351442401409940874e+00 1.316605246222720105e+01 4.316388387540475833e+02 8.599636899424707792e+01
5.124814390971532703e+03 1.102270813031470809e+01 3.475592045622034831e+00 1.289373406478629214e+01 4.349750515845090035e+02 8.121315330885288120e+01
5.497128685229821713e+03 1.123537868089079872e+01 3.428229071680120477e+00 1.323649757848958686e+01 4.387877687880329063e+02 8.096303818525305473e+01
5.330044418461677196e+03 1.103942529804313111e+01 3.440407990949374550e+00 1.294276290054108003e+01 4.181354585199069334e+02 8.398444038525339295e+01
5.772373858515758911e+03 1.137978783512687997e+01 3.472061226151194724e+00 1.230624075063514944e+01 4.308350116186998093e+02 8.134710968610180259e+01
5.388844902326436568e+03 1.128200243285783877e+01 3.559031367381486177e+00 1.281008429193134646e+01 4.220451030672962247e+02 8.270357202472241909e+01
5.683184754085241366e+03 1.146088196698744355e+01 3.599513786981058061e+00 1.331328949609341805e+01 4.464870713154684267e+02 8.866002477667136361e+01
6.135914295701460105e+03 1.130126466420731823e+01 3.466991518208006884e+00 1.254876342854213966e+01 4.199882788157300979e+02 8.766354799565881706e+01
6.216655436104773798e+03 1.126522833921302258e+01 3.660580666653420412e+00 1.272706014876341563e+01 4.181435916918615590e+02 8.687033674539500794e+01
6.355340102560664491e+03 1.075475092851603520e+01 3.555512255565199897e+00 1.264983562331984146e+01 4.491458525532866020e+02 8.461232692649898013e+01
5.975723037144677619e+03 1.136386451169496858e+01 3.586264753460092436e+00 1.320725623741156873e+01 4.248434615540560912e+02 8.880414111381723785e+01
5.972552296579541689e+03 1.084298645524508053e+01 3.559726861745712956e+00 1.361086073969964083e+01 4.170335543714590472e+02 8.249493696345450644e+01
6.129142534899796374e+03 1.089827833520017464e+01 3.529469938262893347e+00 1.315142727748738594e+01 4.503179431884503288e+02 8.198659423906543964e+01
