-9.187568711077320760e-02 5.692356208942665141e+00 3.417992412241161126e+00 2.662703956742850320e+00 1.355657931267990534e+03 6.135277599963573039e+02
3.121821324559331146e+01 5.549853306293139887e+00 3.386173261370659660e+00 2.852372466134998064e+00 1.433428692234116625e+03 6.049711224885056708e+02
3.477868613787102703e+01 7.858564827712690715e+00 4.255167567046441945e+00 3.164675611829254276e+00 1.359415220657161171e+03 6.226683269282190167e+02
5.107144696516577653e+01 7.670447975335981106e+00 4.410322745386071830e+00 3.345319589928714699e+00 1.418602104788194083e+03 5.831158165500512496e+02
9.761034000046220171e+01 7.995995943689285568e+00 4.426023946948564713e+00 3.535008906245256544e+00 2.068680729544376220e+02 8.108365071311835948e+01
1.471685210575363953e+02 8.305470768424875416e+00 4.601294216934349812e+00 3.383559241953315588e+00 2.032966677018578991e+02 7.611762208756333337e+01
1.990687198277074970e+02 8.383767320405311807e+00 4.378507765639747085e+00 3.519908752638126970e+00 3.770200062051686700e+02 7.771385312577793059e+01
2.403680267733851679e+02 8.096147751693830941e+00 4.469950043406478279e+00 3.450901319485725871e+00 3.484902818308474934e+02 1.382680657265978539e+02
3.017813453476040877e+02 8.486900076981983787e+00 4.758398417751556586e+00 3.692939951004540866e+00 3.677512324367867791e+02 1.373853356459520683e+02
3.471471315241248590e+02 8.681867059529949415e+00 4.820707583938986573e+00 3.655442895228760758e+00 3.466687955150393350e+02 1.461049946103377408e+02
4.324447411264916354e+02 9.386926870783275589e+00 4.961758438856962883e+00 3.803209149914855036e+00 3.572219477145657720e+02 1.397375586277282196e+02
4.802450120462332279e+02 9.150997510158166648e+00 5.342611893968520320e+00 3.854668093718811583e+00 3.459870982796143721e+02 1.466810328394103919e+02
6.193062840877751114e+02 9.778514407994887137e+00 5.402565385508241391e+00 4.168924863950755899e+00 3.585024828991726054e+02 1.442214704969566696e+02
6.454730534691093453e+02 1.120478912955629802e+01 6.130767885866999833e+00 4.186027935920601628e+00 7.089445453249011280e+02 3.230195724917310827e+02
8.347008213543853117e+02 1.144610530453309671e+01 6.326321719759563145e+00 4.239516918943305512e+00 7.768787472573803825e+02 3.160353826611236627e+02
9.431954661221053584e+02 1.157410595522705421e+01 6.115194680198830390e+00 4.662764369045887314e+00 7.389966188664097899e+02 3.235118512015518490e+02
1.000314382361940375e+03 1.137093150194433200e+01 6.045088898431915325e+00 4.741116486992300594e+00 7.493620762701984859e+02 2.993996576444299080e+02
1.126822945603211565e+03 1.115126806921071889e+01 6.462528097237564495e+00 4.862477730490986971e+00 7.610329548207957941e+02 2.968332495222546186e+02
1.255305989836690742e+03 1.221539731292284259e+01 6.811903512081616263e+00 4.598216579744238253e+00 7.479286782311369279e+02 3.172817151796821236e+02
1.291964207899079383e+03 1.213746138775367456e+01 6.731254443099536466e+00 4.909990847934048830e+00 7.607964135788372460e+02 2.985105065747091544e+02
1.336677203277568196e+03 1.200333013739974319e+01 6.692184594252386098e+00 4.986873230024094994e+00 7.281550569470120990e+02 3.081147950548295285e+02
1.540919960941283762e+03 1.194031838511233623e+01 6.587127732332112018e+00 5.190052612259345111e+00 7.530047430514719053e+02 3.139701685819898103e+02
1.737484598393721853e+03 1.228157608810710144e+01 6.838935186380046716e+00 5.254317808435354564e+00 7.698525796666455108e+02 3.157209189442658044e+02
2.060301423601349597e+03 1.276772291308833829e+01 6.777085295454917002e+00 5.100205305695732605e+00 7.738705200745451975e+02 3.041927392255206541e+02
2.186485403310649417e+03 1.253045295278881177e+01 7.059812055531353714e+00 5.338388947434331122e+00 8.302434753449858817e+02 3.108702677800063725e+02
2.268183617352233796e+03 1.354104940889003750e+01 7.334008333938378144e+00 5.408696750753367866e+00 8.098672941139044497e+02 3.028683541475481888e+02
2.515759111055926951e+03 1.347190649230294213e+01 6.963381056500988819e+00 5.440842927342941060e+00 7.686074441056407522e+02 3.273246591074214962e+02
2.701859183897571711e+03 1.327502311791423928e+01 7.154661149798305253e+00 5.712751778074106390e+00 8.308057498042014686e+02 3.060875919986802955e+02
2.890602512796136125e+03 1.339358754109099081e+01 7.046168847585625450e+00 5.420474906301662621e+00 7.940723314398438788e+02 3.120837190789649753e+02
2.871437236885683888e+03 7.994243730682929261e+00 0.000000000000000000e+00 9.825275719482156944e+00 8.006757901390579946e+02 3.261085279311499789e+02
3.076967093728575946e+03 8.490966580387139473e+00 0.000000000000000000e+00 1.007645444845469029e+01 6.052182795679591072e+04 0.000000000000000000e+00
2.983434734373978699e+03 8.071658959787894716e+00 0.000000000000000000e+00 1.067683843367570518e+01 5.624178666272506962e+04 0.000000000000000000e+00
3.273175528380055766e+03 8.848907215345708011e+00 0.000000000000000000e+00 1.020653981233572516e+01 6.003491524730225501e+04 0.000000000000000000e+00
3.393779869668496303e+03 8.837892500547473773e+00 0.000000000000000000e+00 1.051065649185934525e+01 5.594079827176185063e+04 0.000000000000000000e+00
3.292134515451581592e+03 9.070105137923912153e+00 0.000000000000000000e+00 1.019738536577780863e+01 5.925362367843169341e+04 0.000000000000000000e+00
3.459910531678905500e+03 9.306309055432805621e+00 0.000000000000000000e+00 1.117919839849646024e+01 5.689440691994978988e+04 0.000000000000000000e+00
3.662717553093941660e+03 9.046436840844469529e+00 0.000000000000000000e+00 1.103335197820862135e+01 5.779464421411061630e+04 0.000000000000000000e+00
3.818033940254344998e+03 9.276152258041614473e+00 0.000000000000000000e+00 1.144133172954124511e+01 5.544344121702684788e+04 0.000000000000000000e+00
3.879286415294070594e+03 9.726849590091212860e+00 0.000000000000000000e+00 1.138745591372576804e+01 5.525440663685598702e+04 0.000000000000000000e+00
3.711893341787122608e+03 9.376544338366409548e+00 0.000000000000000000e+00 1.157635346636356921e+01 6.044199811091061565e+04 0.000000000000000000e+00
4.111238644137847587e+03 9.196879065431749822e+00 0.000000000000000000e+00 1.114794224881399387e+01 5.661643158617043809e+04 0.000000000000000000e+00
3.918260466469200310e+03 9.562439691527162111e+00 0.000000000000000000e+00 1.150007289180322800e+01 5.902419624777756690e+04 0.000000000000000000e+00
4.329482681328679973e+03 9.593439542662650865e+00 0.000000000000000000e+00 1.113144075428812840e+01 5.858840494697958638e+04 0.000000000000000000e+00
4.168438835946840300e+03 1.005463862343381898e+01 0.000000000000000000e+00 1.132193922741126713e+01 5.540888731272435689e+04 0.000000000000000000e+00
4.583497914601221964e+03 1.012578772186877352e+01 0.000000000000000000e+00 1.214950738395752161e+01 5.886648957066356525e+04 0.000000000000000000e+00
4.600749352608884692e+03 9.715311162421079061e+00 0.000000000000000000e+00 1.160557083091660502e+01 6.059910489433718612e+04 0.000000000000000000e+00
4.702477554821756712e+03 9.697392170738540429e+00 0.000000000000000000e+00 1.180839654829684626e+01 5.680977331003133440e+04 0.000000000000000000e+00
4.452728175814213500e+03 9.681980157322692904e+00 0.000000000000000000e+00 1.239306664471028263e+01 5.652620754184773978e+04 0.000000000000000000e+00
4.752017695243584967e+03 9.648590925858322009e+00 0.000000000000000000e+00 1.236654189264688775e+01 5.974033317055636871e+04 0.000000000000000000e+00
5.029664963633936168e+03 9.994234446303227770e+00 0.000000000000000000e+00 1.168903968573250474e+01 5.528457527045630559e+04 0.000000000000000000e+00
4.866808070664654224e+03 1.055625853894469302e+01 0.000000000000000000e+00 1.161623856419932821e+01 6.002380365141667426e+04 0.000000000000000000e+00
4.924030910037833564e+03 1.054333785014561897e+01 0.000000000000000000e+00 1.154579985152082422e+01 5.525274237769137108e+04 0.000000000000000000e+00
4.998336432027965202e+03 1.062501135743576874e+01 0.000000000000000000e+00 1.195232753840786799e+01 5.959319780789790821e+04 0.000000000000000000e+00
5.023843153463873932e+03 1.152786569319176380e+01 3.639868496926720098e+00 1.290354478291672535e+01 4.642681121099723782e+02 8.722174607778264033e+01
4.912623054154732927e+03 1.139542543090514570e+01 3.547621670792236781e+00 1.248370204359584967e+01 4.583592452667140833e+02 8.384155541347956841e+01
5.475131319587738290e+03 1.149107135232620713e+01 3.589670375652722178e+00 1.324759576186844434e+01 4.419440988422188639e+02 8.140341047786124307e+01
5.296261722541365089e+03 1.152116548558327125e+01 3.512060226533579410e+00 1.313152671149195072e+01 4.283579238213256417e+02 8.354106358486797035e+01
5.526405618790838162e+03 1.141400543874578588e+01 3.670861489447732495e+00 1.340756524233068880e+01 4.396459358228262317e+02 8.414472435317958343e+01
5.737961513083775571e+03 1.104515180710379063e+01 3.637255886605976762e+00 1.351918715692395345e+01 4.180284928271147464e+02 8.661509837820192104e+01
5.524082161841241032e+03 1.102617143460934734e+01 3.580078035024457872e+00 1.336811338743889799e+01 4.519709541639368240e+02 8.628007015853233952e+01
6.058885352639520534e+03 1.102023553716263216e+01 3.467858403225442920e+00 1.253416264361601407e+01 4.199308936650505757e+02 8.666289861532925443e+01
5.628346945063359271e+03 1.104696059357887172e+01 3.657888314826389209e+00 1.340569631388503780e+01 4.449609972565001499e+02 8.336200685624356765e+01
6.205239163626315531e+03 1.146033626006746431e+01 3.564619708835602196e+00 1.352712785189137179e+01 4.185219706825854473e+02 8.634341948954143220e+01
6.135884681635315246e+03 1.163153584412942898e+01 3.820272453815034108e+00 1.250649800360350561e+01 4.148373721916210570e+02 8.874526238552159896e+01
6.455386329749336255e+03 1.106824849162762092e+01 3.842916692971667825e+00 1.243067141972560563e+01 4.249599360194036421e+02 8.332956061523378821e+01
6.523339987081404615e+03 1.092322676776210066e+01 3.678462805463599050e+00 1.354987073939694220e+01 4.265648040624935788e+02 8.899928060730050561e+01
6.253684265355810567e+03 1.146223372700834453e+01 3.691401408108538007e+00 1.330388200115177355e+01 4.142268326549681774e+02 8.620018711394151012e+01
