1.228799172659146288e-01 5.612179904374976047e+00 3.304919007303722900e+00 2.780530198429330468e+00 1.348760289958648400e+03 5.839529232895703217e+02
3.489478765739818300e+01 5.991947678395093568e+00 3.374892926290141482e+00 2.683741428345064239e+00 1.446932429084961313e+03 5.703954557832878436e+02
3.452584599311339275e+01 7.953758481093761823e+00 4.323127297791363510e+00 3.256520119413171432e+00 1.374931129058615397e+03 5.745402528517843166e+02
4.887999145304740978e+01 8.158120456044850144e+00 4.368938020515074960e+00 3.363108991331538622e+00 1.334547090237502971e+03 5.700707029442295379e+02
9.560383055029470256e+01 8.047218753398071911e+00 4.290221704833340866e+00 3.342290852515007238e+00 2.020631062675343514e+02 7.950739582891721113e+01
1.485274011794765272e+02 8.430808399250318885e+00 4.398366379258336956e+00 3.534639703840264158e+00 2.049362877161571816e+02 7.919685399560306394e+01
2.074157344925863811e+02 8.382384671368747320e+00 4.583700625871488299e+00 3.339297381849732460e+00 3.516145463919455665e+02 7.859413245889766131e+01
2.567639436222964946e+02 8.707781377020813451e+00 4.585426929027087262e+00 3.361857071191233004e+00 3.756983541548822814e+02 1.402929245147127801e+02
2.967036580348421921e+02 8.552950865418074144e+00 4.679030268906087642e+00 3.583854799345338016e+00 3.561304535097129929e+02 1.440071178903206430e+02
3.603204506552988846e+02 8.700770135140366790e+00 4.824269585247766834e+00 3.666453985275106131e+00 3.435346181755483030e+02 1.413791628603123343e+02
3.997568730735274016e+02 9.254660734689878154e+00 5.205445856529294701e+00 3.780398567401422216e+00 3.461211465092989670e+02 1.402665050472907353e+02
4.855221754364063713e+02 9.290826317465638695e+00 5.350361961621481477e+00 3.727058296909924184e+00 3.488771234468756006e+02 1.376215535645049783e+02
6.177635692401465803e+02 1.056039974159309835e+01 5.567247978617640314e+00 4.265720112419364440e+00 3.458312427613428781e+02 1.399241192588930573e+02
7.021161825815089514e+02 1.074556467920782055e+01 6.118026952613663916e+00 4.228014096696434798e+00 7.446973109750314279e+02 3.130828340028077719e+02
7.603895604728127182e+02 1.141103884411529279e+01 6.153643586344449190e+00 4.651267174396254589e+00 7.512826668740635796e+02 3.152625409222051189e+02
9.273834798421848973e+02 1.140110017118949592e+01 6.363039808624926685e+00 4.534059646588893600e+00 7.720637310191666529e+02 3.184816920158422136e+02
1.047604178351643668e+03 1.107650128781925503e+01 6.413681430058688626e+00 4.560757331010768745e+00 7.452857755261275088e+02 3.027888941859669671e+02
1.061371948479474668e+03 1.128500280846556336e+01 6.716827165808733291e+00 4.920560496033590248e+00 7.436149859164595455e+02 3.163032082433298342e+02
1.155092171352365085e+03 1.169673433548021535e+01 6.398596518222848140e+00 4.919783820227935145e+00 7.634266615550577626e+02 2.982692160810431119e+02
1.317797447774676812e+03 1.201030936900301960e+01 6.864747822374059005e+00 4.654956606286908105e+00 7.537270232575384625e+02 3.039059315272597246e+02
1.377207084289557770e+03 1.212907810639883799e+01 6.853768580940325705e+00 5.117383177424096097e+00 7.716183915613372619e+02 3.139224856374961519e+02
1.602610286738476134e+03 1.223947909494964215e+01 6.773661009376619191e+00 4.952361510933249278e+00 7.745166438376372753e+02 3.213011060789779094e+02
1.818876821037397349e+03 1.190430053628452178e+01 6.931581706758088046e+00 5.114609886073016476e+00 7.741458094727570369e+02 3.214772985687366713e+02
1.906657112161958594e+03 1.228091480288240156e+01 7.166991933100431034e+00 5.316919566136610875e+00 7.723343724535358206e+02 2.974088074857003221e+02
2.167061231850908825e+03 1.358186026241131472e+01 7.306107177201466740e+00 5.217505549376930674e+00 7.612804189162791317e+02 3.082996483347491221e+02
2.410476030629265097e+03 1.314358456077342474e+01 6.919570304337598898e+00 5.313594519781235981e+00 7.602842445974857810e+02 3.266286971071926359e+02
2.660803060619170537e+03 1.264479882761266083e+01 6.779076609167327128e+00 5.421798353196878750e+00 8.143092804058971979e+02 3.008398232732508859e+02
2.587488050173251395e+03 1.371002638887653369e+01 7.278893543922503540e+00 5.619093017030827752e+00 8.165533164385790315e+02 3.177653803709746398e+02
2.822425744834942634e+03 1.393880480350503070e+01 7.438315489188290108e+00 5.936233674951085781e+00 7.743195044659744326e+02 2.979412055522924447e+02
2.765508887169650279e+03 8.017125859963748269e+00 0.000000000000000000e+00 9.918033018033671766e+00 7.871101631142857968e+02 3.068696294241643159e+02
2.944942151374383229e+03 8.231490484028823218e+00 0.000000000000000000e+00 1.019184461886033688e+01 5.704198607809282112e+04 0.000000000000000000e+00
3.220004436117689693e+03 8.437909043967183109e+00 0.000000000000000000e+00 1.054261855810403681e+01 5.903226402481583500e+04 0.000000000000000000e+00
3.016702889030104416e+03 8.896747892212600206e+00 0.000000000000000000e+00 9.898186410920331468e+00 5.614384602784494200e+04 0.000000000000000000e+00
3.424044584164545086e+03 8.511128867552265831e+00 0.000000000000000000e+00 1.006836903506918546e+01 5.790630559385557717e+04 0.000000000000000000e+00
3.349888272585892082e+03 8.882115894445105297e+00 0.000000000000000000e+00 1.056543067202698083e+01 5.605118940447354544e+04 0.000000000000000000e+00
3.487913361872010228e+03 8.984000659850311266e+00 0.000000000000000000e+00 1.116341344627362631e+01 5.691578778246016009e+04 0.000000000000000000e+00
3.514370173746236105e+03 9.226545291317005848e+00 0.000000000000000000e+00 1.112329536072550340e+01 5.784775946406698495e+04 0.000000000000000000e+00
3.488623862983855361e+03 9.230579031428222336e+00 0.000000000000000000e+00 1.087708587888888268e+01 5.797468090124342416e+04 0.000000000000000000e+00
3.773862447145041187e+03 9.371233825667850681e+00 0.000000000000000000e+00 1.058239534626845035e+01 5.751816461699618230e+04 0.000000000000000000e+00
3.787089200360188897e+03 9.112357434825336000e+00 0.000000000000000000e+00 1.122131825682744477e+01 5.827181522928370396e+04 0.000000000000000000e+00
3.932200967719363689e+03 9.468506894710404964e+00 0.000000000000000000e+00 1.168367605889340410e+01 6.048193179203755426e+04 0.000000000000000000e+00
4.211272814440901129e+03 9.556171318896657496e+00 0.000000000000000000e+00 1.086913705692621868e+01 5.519326060176683677e+04 0.000000000000000000e+00
4.038329282010560291e+03 9.558496321170636634e+00 0.000000000000000000e+00 1.113941671697075009e+01 5.831706559128496156e+04 0.000000000000000000e+00
4.086924619102491761e+03 1.006814177013455769e+01 0.000000000000000000e+00 1.132276896132927568e+01 5.494090168196650484e+04 0.000000000000000000e+00
4.563472892885079091e+03 9.923819462835185234e+00 0.000000000000000000e+00 1.139216700617256883e+01 6.021485434210814856e+04 0.000000000000000000e+00
4.295273678400127210e+03 9.949600387565777027e+00 0.000000000000000000e+00 1.215019764464541652e+01 5.824993102671175438e+04 0.000000000000000000e+00
4.473199180439362863e+03 9.681771966761976600e+00 0.000000000000000000e+00 1.188585419592429737e+01 5.986880397611259104e+04 0.000000000000000000e+00
4.760448013365790757e+03 1.010258986436662276e+01 0.000000000000000000e+00 1.157345738899911680e+01 5.727023327950131352e+04 0.000000000000000000e+00
4.747759382452373757e+03 1.054548954575088615e+01 0.000000000000000000e+00 1.248755696090112366e+01 5.520454576793430169e+04 0.000000000000000000e+00
4.724016822893937388e+03 1.063299306784081288e+01 0.000000000000000000e+00 1.222777319623171088e+01 6.058491692234968650e+04 0.000000000000000000e+00
4.915380430140617136e+03 1.037728245200592170e+01 0.000000000000000000e+00 1.244173393236350655e+01 5.503639167418197758e+04 0.000000000000000000e+00
5.016102713519810095e+03 1.046822436003354184e+01 0.000000000000000000e+00 1.271109980755318603e+01 5.827567069216862001e+04 0.000000000000000000e+00
4.919623834458998317e+03 9.888012083428725063e+00 0.000000000000000000e+00 1.245945522095958502e+01 5.925548776511216420e+04 0.000000000000000000e+00
5.395514320498221423e+03 1.079349955316433984e+01 3.569477295031990405e+00 1.326760457647511160e+01 4.269327513111035159e+02 8.742995436019820943e+01
4.976055212263444446e+03 1.122466842675381926e+01 3.489462740017664100e+00 1.326882938312672700e+01 4.614175041221633364e+02 8.920766168214485958e+01
5.367344218423648272e+03 1.063917550833060055e+01 3.608495054160969939e+00 1.284164399955177416e+01 4.326971548781300498e+02 8.236373759991687393e+01
5.325605280552814293e+03 1.063741316487049282e+01 3.559909391788459221e+00 1.283776234309185149e+01 4.478996109582250256e+02 8.084340040792916682e+01
5.521529207476019110e+03 1.116129383466292069e+01 3.564709700134404802e+00 1.346701860190784750e+01 4.443882567115107918e+02 8.844259870265999268e+01
5.424406566365240906e+03 1.139638063649768540e+01 3.719636933723513117e+00 1.324164771440852739e+01 4.452788827964531038e+02 8.808319802375849861e+01
5.821037455289972058e+03 1.123677733070588403e+01 3.584242524409280151e+00 1.277676359991467869e+01 4.397440269740319536e+02 8.350229044731682393e+01
6.036371577725570205e+03 1.139439493446232099e+01 3.655635512343704985e+00 1.256524200411971037e+01 4.414657267214926719e+02 8.160051041110503434e+01
6.154149829576710545e+03 1.094121469355760112e+01 3.662732695723736054e+00 1.342290558535863632e+01 4.184823353188596684e+02 8.606822823426723801e+01
5.779512315543702243e+03 1.144037776775190274e+01 3.543669710072181900e+00 1.292251980170932768e+01 4.191035447319969762e+02 8.224284900839717238e+01
6.359597405561915366e+03 1.147539356044488379e+01 3.709694163632000219e+00 1.362686671908755365e+01 4.272736658191184915e+02 8.776672278001639427e+01
6.293629155390711276e+03 1.180934283823881437e+01 3.840517662158180023e+00 1.372918062409531714e+01 4.509175686322895444e+02 8.719525600513469499e+01
6.415954767058107791e+03 1.133914902579269146e+01 3.634556530733274116e+00 1.250932820054817540e+01 4.246196657399790411e+02 8.662403235582715411e+01
6.304745711772388859e+03 1.112278326317091093e+01 3.713380119281977532e+00 1.351014016577135557e+01 4.289437562018365497e+02 8.617938871915598043e+01
