2.681065912542722751e-01 5.648315246121656585e+00 3.413783714556539284e+00 2.779678571222444994e+00 1.389121282580329989e+03 6.245730729171783651e+02
3.257887731358810157e+01 5.901413847439157756e+00 3.236826612889621924e+00 2.913811965377419266e+00 1.434913508617737079e+03 6.236797554935021708e+02
3.228538034593903205e+01 7.745952711315872818e+00 4.174210776033048020e+00 3.258663233565253226e+00 1.407957314185439373e+03 5.994491970970424290e+02
5.211472315924150678e+01 8.003896674016832691e+00 4.249346756209504861e+00 3.484439000683265508e+00 1.383570480691206967e+03 6.109986343692851278e+02
1.033076516796121922e+02 7.660068223101293761e+00 4.419166159349457779e+00 3.469076613049566493e+00 2.037594613427290255e+02 8.155334591221303242e+01
1.478617873691121076e+02 7.708663552744722480e+00 4.462724947031524003e+00 3.503864390082193747e+00 2.028419496774985191e+02 8.041139794741965829e+01
1.968334632346329158e+02 8.291857279253290969e+00 4.711110368211987698e+00 3.561618313083091625e+00 3.491231649278838631e+02 7.658277767218136489e+01
2.604876003123060286e+02 8.793016814481495302e+00 4.837763669347819651e+00 3.553808589802674778e+00 3.660068814906902048e+02 1.376345483698122791e+02
2.899914855001389924e+02 8.781742340838240679e+00 4.634723004551723591e+00 3.646339257758800745e+00 3.707668116647558918e+02 1.367741539955204644e+02
3.322096408518477801e+02 8.392574663117352785e+00 4.971406405679914542e+00 3.765650741617549979e+00 3.512890625262442654e+02 1.394977697459772230e+02
4.313813389432142458e+02 9.146455708636098691e+00 5.055504597881724571e+00 3.666626029071695214e+00 3.744911969747582248e+02 1.419219921939932476e+02
4.951221322959859776e+02 9.750779294061697300e+00 5.238485782568581328e+00 3.833051655361982668e+00 3.737896859899769311e+02 1.421822931595827697e+02
6.003647111853814522e+02 1.074040491935066477e+01 5.622821568650802071e+00 4.068018065159890284e+00 3.753207796700925201e+02 1.459737696994649809e+02
6.746500631532391026e+02 1.056724937439128098e+01 5.747003843851667071e+00 4.494885809153404743e+00 7.724833258985033808e+02 2.979383908927435414e+02
7.870762324063175583e+02 1.125796851455020686e+01 6.209353879804267784e+00 4.484964026408371218e+00 7.490114306843961458e+02 2.985361664786218512e+02
8.618852489100647745e+02 1.154003565209638360e+01 5.978353643662724259e+00 4.557657381339391911e+00 7.646863635147932428e+02 3.271671675531115397e+02
1.041750452603868325e+03 1.127176816015324512e+01 6.436808783524628375e+00 4.434617273369373613e+00 7.449935710521693863e+02 3.236977767596922035e+02
1.054158429466270718e+03 1.108814779777910964e+01 6.409405568645376583e+00 4.804123054042579000e+00 7.490367837873743611e+02 3.220194976598087919e+02
1.139643689566751846e+03 1.174751255021412533e+01 6.601861639897871115e+00 4.817990565580733353e+00 7.501904311143449604e+02 3.242902421401789752e+02
1.280643797760815687e+03 1.168216841482917268e+01 6.444781575714645605e+00 5.033365980196763623e+00 7.563538206354890008e+02 3.002197567321836118e+02
1.386055818566628204e+03 1.247380392546057237e+01 6.898177212836656302e+00 4.791293468108848153e+00 7.604350917016466838e+02 3.214692417193662095e+02
1.671357265107113562e+03 1.253690779831217128e+01 6.424385722852720804e+00 4.776997831249465420e+00 7.467407803398191390e+02 3.227066222599367507e+02
1.783942629580815264e+03 1.311303960998885287e+01 6.912825769816204335e+00 4.856132851811764795e+00 8.138534124930768030e+02 3.131695377427284370e+02
2.076662174804147980e+03 1.302867251965093054e+01 6.975535596581384112e+00 5.432129838339156080e+00 8.128290628582545878e+02 3.265788218929344566e+02
2.231462379584849714e+03 1.278497588341986990e+01 6.775345734517853380e+00 5.089011484927635109e+00 7.938609601035391279e+02 3.152520981922017995e+02
2.404280868574504893e+03 1.320831278696985045e+01 6.838776531363267353e+00 5.622675733179816504e+00 8.353771586459648688e+02 3.017515386050173447e+02
2.554530578354448608e+03 1.377271105795435346e+01 7.068523190530213718e+00 5.551864771628095774e+00 8.126553907525154727e+02 3.075024905547687695e+02
2.697380673753157680e+03 1.386765034669327257e+01 7.228324015701783622e+00 5.312547176149695183e+00 8.343320770019703332e+02 3.113258201911656329e+02
2.815179525005808046e+03 1.372356602397277570e+01 7.030055238981076648e+00 5.453842373406816435e+00 8.209290117333265471e+02 2.979863175350814686e+02
2.792513516465810426e+03 8.235262802247360625e+00 0.000000000000000000e+00 9.384939524916996234e+00 7.675705133226746284e+02 3.152720215205054046e+02
3.007813232421190605e+03 8.581663578895028621e+00 0.000000000000000000e+00 1.027293287420680734e+01 5.901958523225702811e+04 0.000000000000000000e+00
3.097923988747774274e+03 8.131722083046653893e+00 0.000000000000000000e+00 1.036373270533140634e+01 5.875678318510993267e+04 0.000000000000000000e+00
3.325505345883415430e+03 8.867273443325327520e+00 0.000000000000000000e+00 1.062377120029350230e+01 5.559209807297888619e+04 0.000000000000000000e+00
3.344105414371701499e+03 8.372075344535550911e+00 0.000000000000000000e+00 1.028335166673442735e+01 5.805546307755020098e+04 0.000000000000000000e+00
3.441324041278670393e+03 8.589195182660548156e+00 0.000000000000000000e+00 1.052807120040588629e+01 5.830895875122732832e+04 0.000000000000000000e+00
3.564622551039007249e+03 8.505625879080833229e+00 0.000000000000000000e+00 1.041133738874766834e+01 6.011659734447055962e+04 0.000000000000000000e+00
3.609650432448996980e+03 9.173673157321148963e+00 0.000000000000000000e+00 1.068406006856446311e+01 5.917418603369199263e+04 0.000000000000000000e+00
3.646541581237649098e+03 8.913297858252075656e+00 0.000000000000000000e+00 1.103291714183015415e+01 5.617164074385228741e+04 0.000000000000000000e+00
3.663534724997015473e+03 8.981625547523007569e+00 0.000000000000000000e+00 1.114970276900986512e+01 5.976783880249752110e+04 0.000000000000000000e+00
3.890296708944878446e+03 9.264146586518080539e+00 0.000000000000000000e+00 1.146306151389828898e+01 5.647673985425954743e+04 0.000000000000000000e+00
4.071504116259879083e+03 9.192024314125834650e+00 0.000000000000000000e+00 1.166731428846555296e+01 5.823681151145665353e+04 0.000000000000000000e+00
4.176701178119229553e+03 9.720864985924162482e+00 0.000000000000000000e+00 1.104985697565979486e+01 5.907952103206591710e+04 0.000000000000000000e+00
4.274642549631312249e+03 1.001061080305449913e+01 0.000000000000000000e+00 1.204235211283192974e+01 5.629875974303079420e+04 0.000000000000000000e+00
4.471651184673615717e+03 9.377324222718865343e+00 0.000000000000000000e+00 1.137770391265805259e+01 5.706843490039041353e+04 0.000000000000000000e+00
4.301068840519295918e+03 1.019573136871299823e+01 0.000000000000000000e+00 1.113812063125705620e+01 5.857873646988390828e+04 0.000000000000000000e+00
4.488539928152781613e+03 1.028836238716491991e+01 0.000000000000000000e+00 1.145658340698331656e+01 5.997128064250519674e+04 0.000000000000000000e+00
4.560763606850909127e+03 1.045210911179941782e+01 0.000000000000000000e+00 1.122415479577726849e+01 5.624664719364904886e+04 0.000000000000000000e+00
4.808519781538988354e+03 1.020589940859489175e+01 0.000000000000000000e+00 1.211904099201972862e+01 5.851703438544643723e+04 0.000000000000000000e+00
4.762905328388305861e+03 9.910853157642701916e+00 0.000000000000000000e+00 1.211215408995606602e+01 5.830270849108491529e+04 0.000000000000000000e+00
4.673811948226746608e+03 1.059962921350938814e+01 0.000000000000000000e+00 1.222802988850592953e+01 6.028269824942275591e+04 0.000000000000000000e+00
4.852076422734457992e+03 1.016118804825558897e+01 0.000000000000000000e+00 1.191146436037226586e+01 5.863568408335462300e+04 0.000000000000000000e+00
5.002615392739087838e+03 1.082542195746400537e+01 0.000000000000000000e+00 1.182182910879114068e+01 5.725282166889486689e+04 0.000000000000000000e+00
5.157137952970087099e+03 9.899100000828155999e+00 0.000000000000000000e+00 1.229382185448897502e+01 5.721892766846226732e+04 0.000000000000000000e+00
5.122503503930458464e+03 1.113784326839000194e+01 3.370291481129283895e+00 1.218074283970937977e+01 4.397243131278964370e+02 8.765025809070283458e+01
5.286983521641928746e+03 1.083353319168378626e+01 3.488013374121208265e+00 1.269339384848780306e+01 4.416941924925519061e+02 8.340546664864325521e+01
5.221829291753628240e+03 1.129434489379537609e+01 3.455762818923378443e+00 1.225067823575721704e+01 4.574071036272176798e+02 8.142162655107001967e+01
5.117605037085281765e+03 1.083550655112964201e+01 3.727013083970994511e+00 1.285514292044465279e+01 4.410649505704244007e+02 8.431975737844956598e+01
5.480773401647318678e+03 1.160652053746522050e+01 3.551694895496393389e+00 1.279581906433054606e+01 4.608816237533100661e+02 8.485333351600156959e+01
5.470899056060555267e+03 1.150378953299321871e+01 3.550217408384489737e+00 1.263427235118938796e+01 4.558635395251877753e+02 8.382032904513016547e+01
5.525742147654339533e+03 1.095664228355868630e+01 3.513752827239931431e+00 1.348869531991434556e+01 4.182782338456410685e+02 8.860187847624581536e+01
5.982432796453531409e+03 1.158975837294354427e+01 3.749266819585852062e+00 1.359715281042153734e+01 4.341091713421642453e+02 8.574011390674405675e+01
5.907772118673751720e+03 1.074488466804196030e+01 3.490123875682802801e+00 1.314760193008069145e+01 4.262935897349642573e+02 8.129515236511488752e+01
5.683832191699859322e+03 1.083632498684445444e+01 3.587631098099296256e+00 1.335311266103383332e+01 4.251992102308391281e+02 8.370414933051776529e+01
5.856565277696473458e+03 1.118665618379350057e+01 3.588499933603258363e+00 1.358144896771287691e+01 4.472000584655347097e+02 8.405582257920819700e+01
6.004005105721738801e+03 1.078426748914163369e+01 3.527084265419904607e+00 1.338210708013469841e+01 4.276657900264689260e+02 8.155916935623640995e+01
6.317589244517878797e+03 1.128285346172604697e+01 3.704388016234804848e+00 1.249725015995856836e+01 4.156445923550096495e+02 8.716006598338468336e+01
6.142087316387786814e+03 1.167734105601359040e+01 3.652051444439372130e+00 1.359838016853999143e+01 4.177222045755354998e+02 8.805001113129543455e+01
