2.247841800487603292e-01 5.699331719509318717e+00 3.418142675582866996e+00 2.834898946907249861e+00 1.405253051372256778e+03 6.209605510581362751e+02
3.213493850463141399e+01 5.693897001240890710e+00 3.413319157324987252e+00 2.713603085502256818e+00 1.335010846376543896e+03 5.918285256855630223e+02
3.178820516530561591e+01 7.643887273647365532e+00 4.409769078057930614e+00 3.293196262603406144e+00 1.386279068396889215e+03 6.138742758474352286e+02
4.779328076121603885e+01 8.095606405050657983e+00 4.388520183518694218e+00 3.342992473875257442e+00 1.332006107148236197e+03 6.283990531268231052e+02
9.694523284330637125e+01 8.141162050875102807e+00 4.492200147295330126e+00 3.469246693889403321e+00 2.015397402249936079e+02 7.717746829958362298e+01
1.479274488476278862e+02 8.136150841466664119e+00 4.563064583369177640e+00 3.330328299160826511e+00 1.926354554252468176e+02 8.027590147487052263e+01
2.062057656471661744e+02 8.061198007394793308e+00 4.531971493519900918e+00 3.560081609948992920e+00 3.502457137623868562e+02 8.043985643490252357e+01
2.573951617966326921e+02 8.745512931876476159e+00 4.483520834027364899e+00 3.597084347505973057e+00 3.491402373960852401e+02 1.494137470388275517e+02
3.061795040942484434e+02 8.868298919750102982e+00 4.732034660998599485e+00 3.616977314540561927e+00 3.693299916632921054e+02 1.486120717416297623e+02
3.434443641845744537e+02 8.488840171006392765e+00 4.877028483767711364e+00 3.577948698758885104e+00 3.455501454815321836e+02 1.469332478544513094e+02
4.313907693266054366e+02 8.873694668551253883e+00 4.774419488207256812e+00 3.566107561271485871e+00 3.477292600089622283e+02 1.419583917053731170e+02
5.089138246769592229e+02 9.382593314780274696e+00 5.084750313037495140e+00 3.992611257066787545e+00 3.644414947997069589e+02 1.389793525170089481e+02
5.954574685031000172e+02 1.010358436069018317e+01 5.907331090103279614e+00 3.967284442503093089e+00 3.689581127819752169e+02 1.475023330860667556e+02
6.538230715551727599e+02 1.031167297483549383e+01 6.033717605215211499e+00 4.239459440454324657e+00 7.120670771136286703e+02 3.254090625044379408e+02
7.761649735606358718e+02 1.112826303766009772e+01 5.938009004254180212e+00 4.389515010411858320e+00 7.528475159045395912e+02 3.172908116134904049e+02
9.082134314973133087e+02 1.135424564727591701e+01 6.024577529333987158e+00 4.622613064089034829e+00 7.101418475909412109e+02 3.143074075168815398e+02
9.621185728183338597e+02 1.151572403279553747e+01 6.592414200105535471e+00 4.445482397858889989e+00 7.258198481107845055e+02 3.192351068945685029e+02
1.108546309950386785e+03 1.207468287863752288e+01 6.214609622746812612e+00 4.659998187461500407e+00 7.392633620397011782e+02 3.031952554975831049e+02
1.204296250007974322e+03 1.195455129697377750e+01 6.524204733784120691e+00 4.637949932689926946e+00 7.705852902276635632e+02 3.104098002313381244e+02
1.348918032592972850e+03 1.175223223067777667e+01 6.382673619368447682e+00 4.775952571949075853e+00 7.433540555092140494e+02 3.098031492780492044e+02
1.394511352353274333e+03 1.245377249596756819e+01 6.389701083029749817e+00 4.806452087192663924e+00 7.084628039828841111e+02 3.266881737963421415e+02
1.641036477666968494e+03 1.201842899780218765e+01 6.551700118933240446e+00 5.101423271080530064e+00 7.623403457794937594e+02 3.023514870529378982e+02
1.850400180796913446e+03 1.276625629437678455e+01 6.748420486066081025e+00 5.074040082287114117e+00 7.741142156615131853e+02 3.070705837229152735e+02
2.024001499869369582e+03 1.287372387636350624e+01 7.203291199828184332e+00 5.437158049696274809e+00 8.103456289776728454e+02 3.008195666686955860e+02
2.211357974215787181e+03 1.366267094718708108e+01 7.032174393968141146e+00 5.281943843996018906e+00 8.232648831468990238e+02 3.242966098712924463e+02
2.196363496000320993e+03 1.317368391395593008e+01 7.014539051573365214e+00 5.310262150814153870e+00 8.086369800337058678e+02 3.054086456327442534e+02
2.715693954074986777e+03 1.311670766426137469e+01 7.046528660835031488e+00 5.487483009806530809e+00 7.795297386364974273e+02 3.198052143655777968e+02
2.507046276330775527e+03 1.417977896491310474e+01 6.966855182267741142e+00 5.740804340983268084e+00 7.776377057654111695e+02 3.229920616472854249e+02
3.023719383212020603e+03 1.331191422838652194e+01 7.216058718278121731e+00 5.848430786398061798e+00 7.897955120715299699e+02 3.234171587156767487e+02
2.923757123664681330e+03 7.911676937881823690e+00 0.000000000000000000e+00 9.929735026007831422e+00 7.758208384775158493e+02 3.098246826438242465e+02
3.109176442927709104e+03 7.958652691838154603e+00 0.000000000000000000e+00 9.596235256652928314e+00 5.507962490547031484e+04 0.000000000000000000e+00
3.088421744918454806e+03 8.575733885767116149e+00 0.000000000000000000e+00 1.025739065103187997e+01 5.980164489961398795e+04 0.000000000000000000e+00
3.219119887258615108e+03 8.573775237922092174e+00 0.000000000000000000e+00 1.036914946819938699e+01 5.631536311338848463e+04 0.000000000000000000e+00
3.136251479923489569e+03 9.004649324080839179e+00 0.000000000000000000e+00 1.026318276743525182e+01 5.852352896482728102e+04 0.000000000000000000e+00
3.452743093054918972e+03 8.877333519637403469e+00 0.000000000000000000e+00 1.084032691146982152e+01 5.640021265546801442e+04 0.000000000000000000e+00
3.347313489833412405e+03 8.659571638009845529e+00 0.000000000000000000e+00 1.061072270411892760e+01 5.647184255421107810e+04 0.000000000000000000e+00
3.526808085856796879e+03 8.741220103195727731e+00 0.000000000000000000e+00 1.043372740717801861e+01 6.000428628900490003e+04 0.000000000000000000e+00
3.649061357897091966e+03 9.166753419485878851e+00 0.000000000000000000e+00 1.143433040945813950e+01 5.734337166706388962e+04 0.000000000000000000e+00
3.911089969239856600e+03 9.521742343712615408e+00 0.000000000000000000e+00 1.076552456060224294e+01 5.890450829154476378e+04 0.000000000000000000e+00
3.833239292896085317e+03 8.981501820975042349e+00 0.000000000000000000e+00 1.075831327412929106e+01 5.567433799867370544e+04 0.000000000000000000e+00
3.982375831928897242e+03 9.706136383946649460e+00 0.000000000000000000e+00 1.180347255539474105e+01 5.892528402989738970e+04 0.000000000000000000e+00
4.114222655782626134e+03 9.204330577782506850e+00 0.000000000000000000e+00 1.091078080237451786e+01 5.964907332420783496e+04 0.000000000000000000e+00
4.167612439701329095e+03 9.930027493938638372e+00 0.000000000000000000e+00 1.132920859403548519e+01 5.763859139495988347e+04 0.000000000000000000e+00
4.291241633595466737e+03 9.531471997805699203e+00 0.000000000000000000e+00 1.170656447688108237e+01 5.559651927135993901e+04 0.000000000000000000e+00
4.361479680719106000e+03 1.005633789375396780e+01 0.000000000000000000e+00 1.156549979809021167e+01 5.947060841311941476e+04 0.000000000000000000e+00
4.648988399190960990e+03 9.571141393334128722e+00 0.000000000000000000e+00 1.124202313202109416e+01 5.801722736501508189e+04 0.000000000000000000e+00
4.366558111022959565e+03 9.619662128309851568e+00 0.000000000000000000e+00 1.219966730188706094e+01 5.685078200429055141e+04 0.000000000000000000e+00
4.581579748931018003e+03 9.782366284098072740e+00 0.000000000000000000e+00 1.189012947069404369e+01 6.005099740545395616e+04 0.000000000000000000e+00
4.659942550008222497e+03 1.050746601356636134e+01 0.000000000000000000e+00 1.236452962808655087e+01 5.847767211200745805e+04 0.000000000000000000e+00
4.900463494697080932e+03 1.054211519648751860e+01 0.000000000000000000e+00 1.253057807442440641e+01 5.675323214086938970e+04 0.000000000000000000e+00
5.166011983770359620e+03 1.008369421229703988e+01 0.000000000000000000e+00 1.236446631564048815e+01 5.620966952920555195e+04 0.000000000000000000e+00
5.202140583199136017e+03 1.042807734625055005e+01 0.000000000000000000e+00 1.264853682921517830e+01 5.750181957906010211e+04 0.000000000000000000e+00
5.100359578407823392e+03 1.010532290255923371e+01 0.000000000000000000e+00 1.250881673781724679e+01 5.850186286601667234e+04 0.000000000000000000e+00
4.962744298012339641e+03 1.098225140807790901e+01 3.476111061630328347e+00 1.243062498091433810e+01 4.479751757702996429e+02 8.630724391898519343e+01
5.395617526637711308e+03 1.062586928286144961e+01 3.537835501646121372e+00 1.310779549902783891e+01 4.245418171994720637e+02 8.794264607185660054e+01
5.119221905592815347e+03 1.068833186276541625e+01 3.437322504506788778e+00 1.309041863989294185e+01 4.622241982634978967e+02 8.423790101948421238e+01
5.383421932593790189e+03 1.163336646200472835e+01 3.666231035439028396e+00 1.238602092666138610e+01 4.231549512269209004e+02 8.714603850119021899e+01
5.427651526644743171e+03 1.138745845529095035e+01 3.578678293589621529e+00 1.261877756800248918e+01 4.448437768557624850e+02 8.584416855566806248e+01
5.564965500018479361e+03 1.107738121242216600e+01 3.541337218709786683e+00 1.272628238428279168e+01 4.485326153971524263e+02 8.648604967587441195e+01
5.827603412784584179e+03 1.105115802593910601e+01 3.777979365806980905e+00 1.341115173495275492e+01 4.457132079840888537e+02 8.571202887104260526e+01
6.036236980132615827e+03 1.089800556848252100e+01 3.627654357454453748e+00 1.248786261006128129e+01 4.440863649854808273e+02 8.486482384722248185e+01
6.120973588318311158e+03 1.160964656047370980e+01 3.818019916472622288e+00 1.343729017667545733e+01 4.530421468197261561e+02 8.225873123638189099e+01
5.930126847441458267e+03 1.134444706410340231e+01 3.810309495300957305e+00 1.345750417062056492e+01 4.264992353966096630e+02 8.642271294757075850e+01
5.895707790497404858e+03 1.121032801227146081e+01 3.538581813445428104e+00 1.249200736864351491e+01 4.388760003920299937e+02 8.877158328592346948e+01
5.882386150112058203e+03 1.113072692260549879e+01 3.550646591372313310e+00 1.278516212298876731e+01 4.331209433929129204e+02 8.870621309948751332e+01
6.018493334057006905e+03 1.152722135380504298e+01 3.695089640266511211e+00 1.322737742208959411e+01 4.109387747468207408e+02 8.683658798710153803e+01
6.453967416412826424e+03 1.107978575087880024e+01 3.530092961613699121e+00 1.314080151419236842e+01 4.493491503305752417e+02 8.811043542735917811e+01
