2.457343248302198413e-01 5.686623789702512255e+00 3.314481730383298519e+00 2.880890017106624956e+00 1.426508830173608885e+03 5.738656734416128984e+02
3.221649955142238042e+01 6.065672751277199737e+00 3.480553954351588430e+00 2.907413587725019788e+00 1.426567856040995366e+03 5.980083175949624774e+02
3.436058522047811437e+01 8.145559579674239714e+00 4.336838369391684544e+00 3.308454693999750784e+00 1.461116158195138269e+03 6.178349652208480620e+02
4.715619815954193683e+01 8.173413989766737942e+00 4.327524618743264107e+00 3.346870605175113589e+00 1.403921561347960278e+03 6.142762019871074699e+02
1.048563829585674227e+02 8.182659489779666728e+00 4.433127760710945608e+00 3.399934682609505376e+00 2.055988819028950161e+02 8.018124474212646646e+01
1.569522281620470210e+02 8.212216093755220214e+00 4.662552073678881470e+00 3.260185888220749728e+00 1.900322876777883323e+02 8.332282182089473110e+01
1.998881426205077787e+02 8.666443773567772624e+00 4.662065582458104096e+00 3.413445977046938307e+00 3.646727328519838807e+02 8.030663983826013919e+01
2.516939556022270210e+02 8.319586642264553689e+00 4.642814143617417955e+00 3.452053776089216264e+00 3.478612624281667536e+02 1.361268606670870724e+02
2.852242810534564228e+02 8.796833467434550968e+00 4.737169366996729636e+00 3.716896140741092758e+00 3.776155455741283049e+02 1.386417553110880760e+02
3.640229061236299231e+02 8.607479709703063975e+00 5.078460419375582902e+00 3.729607736168741638e+00 3.701767204246360166e+02 1.368908720998535387e+02
4.047618590088353017e+02 9.416099334923686115e+00 4.899548460699461039e+00 3.812873969182361655e+00 3.711687615677781196e+02 1.395122787009466379e+02
4.933278343567906745e+02 9.162060000320046527e+00 5.348834485901901026e+00 3.956135686775064109e+00 3.606160552288229155e+02 1.384593732976233014e+02
6.068783451829305022e+02 9.880742326018616239e+00 5.640245302273220851e+00 4.084021970368908683e+00 3.652931010246921346e+02 1.401257866008830320e+02
6.932854796757117128e+02 1.074545761144218048e+01 5.981075109010635771e+00 4.255333480940358015e+00 7.342691334148871647e+02 3.238548441088880736e+02
7.984548926347582665e+02 1.069698778427468788e+01 6.020987805835956053e+00 4.539307042908057532e+00 7.500382047715185081e+02 3.042281749725576105e+02
8.813543212620572831e+02 1.085636626558900808e+01 6.351064425999906504e+00 4.619366851836116616e+00 7.743859323874962683e+02 3.060263595474694398e+02
1.042831313615316958e+03 1.137479465511501786e+01 6.304191422916784582e+00 4.786632382893323268e+00 7.031036267405244189e+02 3.149441547217716675e+02
1.117441157518704586e+03 1.208518555179891862e+01 6.571362969668815168e+00 4.559739070571107611e+00 7.194540276885021512e+02 3.101575801580901270e+02
1.245999321029223893e+03 1.181904005753253273e+01 6.231198652695085549e+00 4.742073350118431563e+00 7.105560569435644993e+02 2.982706930322976291e+02
1.237117883375957035e+03 1.218217570404336669e+01 6.302016026417380345e+00 4.941560244319955331e+00 7.685666783380395373e+02 3.220696666736274096e+02
1.338088138233802283e+03 1.152569718515411168e+01 6.300491750515957889e+00 5.037090617786090796e+00 7.634450089452366228e+02 3.143405056426431088e+02
1.617129224599962981e+03 1.177756778604130439e+01 6.484275604393205938e+00 4.916769208595654028e+00 7.222660371192583852e+02 3.095536575926411729e+02
1.763736399546086432e+03 1.255771800057307885e+01 6.924737074598052544e+00 4.935953781768510851e+00 8.388087023603862917e+02 3.028661088253372782e+02
2.003985451966602113e+03 1.260674722622398747e+01 7.036697952175870796e+00 5.131848711768342675e+00 7.755663159439039873e+02 3.063582522952286240e+02
2.262455488450631492e+03 1.271965962808236483e+01 7.348655997405194817e+00 5.527725310250782620e+00 7.848457260250989975e+02 3.158013380419183704e+02
2.401091946391499732e+03 1.274656011022813473e+01 6.746112121979313869e+00 5.169132001971828316e+00 7.639902199827095046e+02 3.161601396018121477e+02
2.574775309273656148e+03 1.302858179765106250e+01 7.290668082547114182e+00 5.140304964202081273e+00 8.315701884943184723e+02 3.070900898125088929e+02
2.723201006161510577e+03 1.325042480936128619e+01 7.165266629661736886e+00 5.404837920117802952e+00 8.048202590503437932e+02 3.091725510567993638e+02
2.799930070580758638e+03 1.413282728997013393e+01 6.969846888190108558e+00 5.881362844215452412e+00 7.936601265750912262e+02 3.201329791936977358e+02
2.806920604595271925e+03 8.476388255111562131e+00 0.000000000000000000e+00 9.744036747321924707e+00 8.156881212863538622e+02 3.262852502146592428e+02
3.095809742890221969e+03 8.144682733196217939e+00 0.000000000000000000e+00 9.633454995741374205e+00 5.627201184773071873e+04 0.000000000000000000e+00
3.012922285401719819e+03 8.596970498907111846e+00 0.000000000000000000e+00 1.035816556889164097e+01 5.749594194411279750e+04 0.000000000000000000e+00
3.150233193393022248e+03 8.422816135246167235e+00 0.000000000000000000e+00 1.026359466243997076e+01 5.712417439723397547e+04 0.000000000000000000e+00
3.216674808183980531e+03 8.954380756574956024e+00 0.000000000000000000e+00 1.028143548982563260e+01 5.667392264132449782e+04 0.000000000000000000e+00
3.482336390114429832e+03 8.405288751689171889e+00 0.000000000000000000e+00 1.032004603682432098e+01 5.871691606849747768e+04 0.000000000000000000e+00
3.408499799803252245e+03 8.937332246819080339e+00 0.000000000000000000e+00 1.114506241993990976e+01 5.574659587672356429e+04 0.000000000000000000e+00
3.526658139352652597e+03 8.805442354332708277e+00 0.000000000000000000e+00 1.095892062859665117e+01 5.687126919108094444e+04 0.000000000000000000e+00
3.681824942626435131e+03 9.401974795388257533e+00 0.000000000000000000e+00 1.129253650875585713e+01 6.044812303107836487e+04 0.000000000000000000e+00
3.705745116946159214e+03 9.408515547675589730e+00 0.000000000000000000e+00 1.078643464883009173e+01 6.008419915377497819e+04 0.000000000000000000e+00
4.041760111947327459e+03 9.382948960522771387e+00 0.000000000000000000e+00 1.084119326270386097e+01 5.893031908657715394e+04 0.000000000000000000e+00
3.790322675193498071e+03 9.859281109062166593e+00 0.000000000000000000e+00 1.168122801997392202e+01 5.563942940207572974e+04 0.000000000000000000e+00
4.111379936828920108e+03 9.416219398466429524e+00 0.000000000000000000e+00 1.083634354752340911e+01 5.673962999629198748e+04 0.000000000000000000e+00
4.073423592773275232e+03 9.196047874149941848e+00 0.000000000000000000e+00 1.191014907355952168e+01 5.928126667917027225e+04 0.000000000000000000e+00
4.423197971022415913e+03 9.386034136045614318e+00 0.000000000000000000e+00 1.122489777379356646e+01 6.056916885356509010e+04 0.000000000000000000e+00
4.178927699400662277e+03 9.646026454811217121e+00 0.000000000000000000e+00 1.173327724583245235e+01 5.503318604187382880e+04 0.000000000000000000e+00
4.272526419127360896e+03 9.677159155852798733e+00 0.000000000000000000e+00 1.173421274083180954e+01 5.833883571270394168e+04 0.000000000000000000e+00
4.507577865617901807e+03 9.796701161488522658e+00 0.000000000000000000e+00 1.220454451490544834e+01 6.041271602513300604e+04 0.000000000000000000e+00
4.780271910282624958e+03 1.011529568077947339e+01 0.000000000000000000e+00 1.208735890084876807e+01 5.770257557523296418e+04 0.000000000000000000e+00
4.929778673245738901e+03 1.054528715009805850e+01 0.000000000000000000e+00 1.252775189264325739e+01 5.526700686871694052e+04 0.000000000000000000e+00
4.764498386075655617e+03 9.864305251628666227e+00 0.000000000000000000e+00 1.253986643394449452e+01 5.752699766225347412e+04 0.000000000000000000e+00
5.114975111327034938e+03 1.040819124560057496e+01 0.000000000000000000e+00 1.163024648810394623e+01 5.569140408512557042e+04 0.000000000000000000e+00
4.995223400777636016e+03 1.000313311253986903e+01 0.000000000000000000e+00 1.263709107741524029e+01 5.909865974787285813e+04 0.000000000000000000e+00
5.039795396816795801e+03 1.023053741086794410e+01 0.000000000000000000e+00 1.174169038877775506e+01 5.943995456554171687e+04 0.000000000000000000e+00
5.238279298435071723e+03 1.115456068761882236e+01 3.456259082204142796e+00 1.313381231522440729e+01 4.436666889609501254e+02 8.167588945858678073e+01
5.192025135014869193e+03 1.101248132815596925e+01 3.677359005999671471e+00 1.239096910639147353e+01 4.639979960766579552e+02 8.471261788133239179e+01
5.130166509302824124e+03 1.139118433350665960e+01 3.434532185695480688e+00 1.279105652927324144e+01 4.381349458734441100e+02 8.209874163752949983e+01
5.610593242996908884e+03 1.110518957629495596e+01 3.671590514523827675e+00 1.337118153861006853e+01 4.545035590589408798e+02 8.380418868561592660e+01
5.560955867212912381e+03 1.139870143426200144e+01 3.715559046506715646e+00 1.272454665751089387e+01 4.273291596949873110e+02 8.661330281945704712e+01
5.661720484312601911e+03 1.100755543633594868e+01 3.767926862197281679e+00 1.348787232462930774e+01 4.153260392860366892e+02 8.640777436742773432e+01
5.451041581710459468e+03 1.074239748772403047e+01 3.601877648095250350e+00 1.289480401678212118e+01 4.262536151410591856e+02 8.329542579592758500e+01
6.014722490660551557e+03 1.082483815706411079e+01 3.678558287937439886e+00 1.350885401100284078e+01 4.170280975873882312e+02 8.417800793763166212e+01
5.887770628796451092e+03 1.157081647395184199e+01 3.676821461008161318e+00 1.246405558928068480e+01 4.309788799651165050e+02 8.684828812950892996e+01
6.250695492917525371e+03 1.125154090143028363e+01 3.527734607295740954e+00 1.285261003745139874e+01 4.454361679624283283e+02 8.874345641671030194e+01
5.818843454764512899e+03 1.097117084621799599e+01 3.530670995364789455e+00 1.340516127112089606e+01 4.380306250501029126e+02 8.851148156915768084e+01
6.037807163327924172e+03 1.129278660409602431e+01 3.644500154216428811e+00 1.321532601206035729e+01 4.246676250183015782e+02 8.740413231957532503e+01
6.101438775826110032e+03 1.166659043503744542e+01 3.546998868875706812e+00 1.288692495331356191e+01 4.349470384884997429e+02 8.343149563615311592e+01
6.491745906025817021e+03 1.111735751889393953e+01 3.847266761492598164e+00 1.284791626569575307e+01 4.369145852147588016e+02 8.687872963490407585e+01
