-3.317541624771895847e-01 5.536040083622816077e+00 3.186781829944418831e+00 2.700667769363429116e+00 1.463702319919653291e+03 5.960679624756638759e+02
3.384534582097215605e+01 6.053020078062710141e+00 3.508755636495622277e+00 2.925995979966383054e+00 1.423280179110466634e+03 6.067029280116857990e+02
3.166075383439032720e+01 7.521477245975360937e+00 4.459743588572469442e+00 3.225844696623048957e+00 1.422578249372916616e+03 5.770188924153781045e+02
4.894118903391908759e+01 7.761575283059272579e+00 4.411311896495677232e+00 3.242181650294991169e+00 1.469353367465905421e+03 6.057434553435996349e+02
1.029225251470569731e+02 8.041789431879557526e+00 4.498750885581835668e+00 3.322778273867090348e+00 1.961375861973789654e+02 8.054777575760292052e+01
1.484588385781846682e+02 7.869663628025456603e+00 4.578393572095197150e+00 3.400934827090977386e+00 1.904427392138022981e+02 8.397838433667592994e+01
2.095923319793209885e+02 8.100433456905541618e+00 4.584627648560043234e+00 3.558926430484835368e+00 3.729678573677040845e+02 7.903450721797509004e+01
2.576488167398165388e+02 8.824369568783074769e+00 4.621606662236194651e+00 3.412839961271356248e+00 3.498228731827794036e+02 1.496796972213482775e+02
3.102682601246661989e+02 8.757236471096064179e+00 4.590582753939527194e+00 3.387416865298889412e+00 3.658995766075862548e+02 1.360263641184717471e+02
3.353116963405392994e+02 8.594336354628055119e+00 4.660579120510575990e+00 3.438744960905518511e+00 3.749250836772699245e+02 1.445835616856198271e+02
4.132514485911720499e+02 9.313131776619961499e+00 5.001904375023828564e+00 3.514217963091490038e+00 3.624517654605587609e+02 1.479326083505770839e+02
4.909506065319699246e+02 1.000749745814133007e+01 5.308057779789471020e+00 3.809968325114482024e+00 3.723782274215740244e+02 1.467356331683786550e+02
6.252939566838962264e+02 9.739157846805866825e+00 5.760382978533959530e+00 4.054232968068736120e+00 3.717589243864205741e+02 1.403442438501713525e+02
6.804045802884121485e+02 1.065374035123270957e+01 5.981174477643347309e+00 4.295087877112067076e+00 7.397857323165574144e+02 3.266437588996410568e+02
8.039005606211700297e+02 1.140441160840467028e+01 6.383951674651068942e+00 4.286686407484236128e+00 7.300771496056041769e+02 3.272605379863048256e+02
8.694264335143697053e+02 1.166738164652480769e+01 6.155999696988267544e+00 4.347658093416807645e+00 7.722127228636460359e+02 3.069949869817564263e+02
1.046417651306885546e+03 1.117449070260591704e+01 6.277271073452457273e+00 4.487019933421734663e+00 7.565291335609081216e+02 2.976788407841289654e+02
1.046972808427480004e+03 1.116251743651965000e+01 6.464970300412562487e+00 4.625493788549715823e+00 7.132784897429847888e+02 2.981853934443668663e+02
1.229983377280170089e+03 1.123683664756064005e+01 6.433075771756478822e+00 4.701775406969159299e+00 7.058477364120344646e+02 3.194984588698475250e+02
1.297997159637730874e+03 1.173178695293423601e+01 6.460962486779746605e+00 4.651137269466850022e+00 7.370959424559614490e+02 3.198254449193421465e+02
1.351820820244654669e+03 1.141531867027921798e+01 6.493318812130307371e+00 4.742110920248309824e+00 7.740144849070601367e+02 3.146780810192233844e+02
1.578870496345749643e+03 1.221726001356064728e+01 6.840704596883826483e+00 4.854752629654083051e+00 7.129627761206000969e+02 3.231916151069208922e+02
1.788960315855585804e+03 1.227509015818633920e+01 7.167859162486600155e+00 5.323184781594809678e+00 7.871594670452641367e+02 3.263782802131472067e+02
2.001558031040937976e+03 1.315723197009903167e+01 6.625694596865967512e+00 5.083594660856477709e+00 8.031084947158707337e+02 3.087379502970855469e+02
2.162450774254261887e+03 1.296534915765126605e+01 7.109412652971458968e+00 5.516725125097964089e+00 7.831230988379240898e+02 3.165765827226042575e+02
2.229345570036081881e+03 1.282805671736414332e+01 7.198711847073882453e+00 5.385324821445015786e+00 8.148239467522311088e+02 3.147604909406924776e+02
2.589225838213233601e+03 1.336280664107113658e+01 7.020285633158886540e+00 5.196716276418837488e+00 8.112160560077903710e+02 2.982756299041935790e+02
2.508293841894641901e+03 1.400152780868750924e+01 7.570501652629940459e+00 5.442975088515766835e+00 7.949477707699971916e+02 3.150485709326747497e+02
2.795848454820270035e+03 1.431113280378114183e+01 7.672539487977213746e+00 5.614089684369726996e+00 8.056835452366467507e+02 3.255676182088253654e+02
2.871369450992969632e+03 8.320455479283358713e+00 0.000000000000000000e+00 9.481026690167572823e+00 8.214690816768801369e+02 3.254645286707015543e+02
3.074572867626624884e+03 8.432585185823418428e+00 0.000000000000000000e+00 1.007389359816026975e+01 5.541366776799505897e+04 0.000000000000000000e+00
2.982206632346852530e+03 8.506241318849312449e+00 0.000000000000000000e+00 9.989114811608438060e+00 5.583976114674987912e+04 0.000000000000000000e+00
3.040255055965468728e+03 8.212343451913207915e+00 0.000000000000000000e+00 1.081497324190246800e+01 5.548096098045049439e+04 0.000000000000000000e+00
3.328160286439355787e+03 8.549853534752820394e+00 0.000000000000000000e+00 1.093566118256637232e+01 5.541789907121802389e+04 0.000000000000000000e+00
3.333588001048139176e+03 8.909562675099774509e+00 0.000000000000000000e+00 1.029218573422271277e+01 5.967147079019570810e+04 0.000000000000000000e+00
3.444815191877607049e+03 8.632325654854755115e+00 0.000000000000000000e+00 1.073508904616297244e+01 5.864022731031232979e+04 0.000000000000000000e+00
3.600573342363964457e+03 8.953521196463800180e+00 0.000000000000000000e+00 1.134130846502213785e+01 5.507420471243073553e+04 0.000000000000000000e+00
3.807452244682421224e+03 9.150562257801135857e+00 0.000000000000000000e+00 1.063131782261770120e+01 5.599129216547686519e+04 0.000000000000000000e+00
3.764524198045270623e+03 8.872571212840362875e+00 0.000000000000000000e+00 1.067114301890738304e+01 5.610926928416106966e+04 0.000000000000000000e+00
3.881013952157274161e+03 9.490895438351842017e+00 0.000000000000000000e+00 1.101858433301456408e+01 5.675966814116483874e+04 0.000000000000000000e+00
3.989431975080844040e+03 9.081836564767371556e+00 0.000000000000000000e+00 1.102231600563910519e+01 5.560438779563627031e+04 0.000000000000000000e+00
4.252552901960274539e+03 9.421862360216964660e+00 0.000000000000000000e+00 1.114694386430466544e+01 5.986360807798018504e+04 0.000000000000000000e+00
4.114395303490262449e+03 1.003526663916301587e+01 0.000000000000000000e+00 1.101710134550050313e+01 5.787783615247724811e+04 0.000000000000000000e+00
4.253484942558453440e+03 9.618076422925133429e+00 0.000000000000000000e+00 1.180872299158670913e+01 5.528359458847869246e+04 0.000000000000000000e+00
4.190268297547536349e+03 1.021791558168153102e+01 0.000000000000000000e+00 1.158094513143618975e+01 5.683386996818284388e+04 0.000000000000000000e+00
4.377625279802097793e+03 1.012582162961462728e+01 0.000000000000000000e+00 1.178685776646928929e+01 5.908184565008505888e+04 0.000000000000000000e+00
4.350286218441961864e+03 9.898440092446074701e+00 0.000000000000000000e+00 1.228094265732480395e+01 5.922217943364663370e+04 0.000000000000000000e+00
4.796062417849725534e+03 9.635989484239887659e+00 0.000000000000000000e+00 1.187544925096256954e+01 5.943156613924717385e+04 0.000000000000000000e+00
4.596332082943462410e+03 1.017284719087133205e+01 0.000000000000000000e+00 1.188182886075831668e+01 5.645754337867424329e+04 0.000000000000000000e+00
4.667332472589372628e+03 9.813742609388432570e+00 0.000000000000000000e+00 1.196779631351853723e+01 5.544615338119697117e+04 0.000000000000000000e+00
4.766838182279645480e+03 1.071560377940058473e+01 0.000000000000000000e+00 1.239735179314132729e+01 6.013855271864947281e+04 0.000000000000000000e+00
5.026537520373084590e+03 1.024877444594249276e+01 0.000000000000000000e+00 1.266605649506058739e+01 5.536324333831429249e+04 0.000000000000000000e+00
5.307780020922531548e+03 1.009274268348024250e+01 0.000000000000000000e+00 1.256367845935206695e+01 5.609667138719057402e+04 0.000000000000000000e+00
5.148364090625880635e+03 1.125332067536395719e+01 3.589893686648028215e+00 1.318482483775591341e+01 4.348678277951940458e+02 8.915049543712146374e+01
5.140059330867783501e+03 1.126518012543846048e+01 3.597722959642351448e+00 1.322389519534529434e+01 4.511281886797095240e+02 8.174254028493920998e+01
5.145571907254753569e+03 1.125427880129427294e+01 3.501795126330888408e+00 1.314234760458087692e+01 4.351748220814829438e+02 8.372700862995104387e+01
5.354199571585159902e+03 1.125481828479952107e+01 3.476682107368004981e+00 1.300760682311109129e+01 4.583434364896914985e+02 8.880173468940769510e+01
5.440841492656393712e+03 1.062164122146784528e+01 3.576118312673389532e+00 1.326817923841007563e+01 4.536632681260445565e+02 8.701958995632068650e+01
5.794026078629623044e+03 1.089508695073303279e+01 3.738389157937427321e+00 1.329449790266442122e+01 4.474597635800676017e+02 8.145090538118398626e+01
5.422932263110999884e+03 1.091347671679684517e+01 3.503970258410886718e+00 1.276974522052875827e+01 4.426108773323484229e+02 8.402961994553302816e+01
5.937888946793441391e+03 1.145487881201162850e+01 3.723805815045594603e+00 1.324782514197474725e+01 4.523789265117776495e+02 8.764351656915123101e+01
5.882392678903594060e+03 1.149211009418494278e+01 3.680401427832953321e+00 1.339600147601107238e+01 4.289913627736672197e+02 8.570068028858226228e+01
6.251048373429987805e+03 1.134213735838479842e+01 3.727900612451177320e+00 1.253392676335526623e+01 4.355993475352188966e+02 8.640323306955711757e+01
6.122127783353588711e+03 1.087994344724554274e+01 3.619434459142682137e+00 1.298149696479666027e+01 4.184590589806515482e+02 8.880423678854751302e+01
5.958373667390500486e+03 1.112456766033136546e+01 3.798034563489998128e+00 1.303485056022223176e+01 4.207845990398725462e+02 8.762610468135126496e+01
6.262004354454321401e+03 1.165895969231619134e+01 3.821717814898982990e+00 1.314984294356283989e+01 4.183185535595668512e+02 8.399545932723461306e+01
6.659384581824278030e+03 1.070097452262880999e+01 3.675836570928876945e+00 1.348880774478725897e+01 4.372107529785280349e+02 8.917056229427505798e+01
