-9.197614019272815078e-02 6.021806190616979748e+00 3.471184446117791200e+00 2.819472960615139634e+00 1.370441347079667139e+03 6.175565795590179050e+02
3.310392748972320476e+01 6.025575023759105697e+00 3.349709237661877115e+00 2.774112237244002799e+00 1.389985314645228755e+03 6.048926619634253257e+02
3.249350828728859142e+01 7.838203922658212974e+00 4.287959635731520613e+00 3.168313285581504157e+00 1.414533524835753042e+03 5.936105715820048090e+02
5.188131828958272251e+01 7.788340612052127909e+00 4.295591833720266983e+00 3.277023039531271831e+00 1.394210371491717979e+03 6.170639829545245902e+02
9.739250580197619911e+01 8.128111040526910358e+00 4.607770410741960809e+00 3.250486404171187171e+00 1.944063284659433748e+02 8.043824557482062687e+01
1.457358312353962617e+02 8.292945248872401365e+00 4.323223112485116815e+00 3.433121597446912254e+00 1.988081109596675731e+02 8.157674704453499714e+01
2.079274228769429556e+02 8.421884349200480457e+00 4.779782385025471036e+00 3.443623770483103197e+00 3.631736252679402241e+02 7.884278356226057838e+01
2.479186142912724620e+02 8.665868674924395165e+00 4.789885958640688557e+00 3.537291540820334479e+00 3.739876052845251024e+02 1.450435814548140740e+02
2.963081496127568357e+02 8.993400199530361405e+00 4.875561829800492575e+00 3.706848917754851591e+00 3.607869974213396063e+02 1.484842690690068423e+02
3.633657764950553997e+02 9.154396497969697677e+00 4.693266386611716356e+00 3.556252583884810026e+00 3.776496287669908156e+02 1.451627413869968848e+02
3.964322576611830868e+02 8.987840268694755608e+00 5.022555792003032593e+00 3.685146560670542026e+00 3.659612390566113618e+02 1.466274651863447218e+02
4.841521078713393536e+02 9.987459026218136415e+00 5.230150531947095338e+00 3.910212232259653309e+00 3.456655933823234363e+02 1.406629206232076683e+02
5.830089735456425615e+02 1.033644068566320762e+01 5.530793159985152307e+00 4.124930450665670989e+00 3.524400035553258022e+02 1.450974101586108986e+02
6.520819621641732056e+02 1.032177207686820886e+01 6.252154221826487834e+00 4.164417430152960620e+00 7.194359672407364314e+02 2.973828805542937062e+02
8.167739778831904687e+02 1.134514907428335206e+01 6.296592952774774155e+00 4.674584218041821337e+00 7.680012485532378150e+02 3.161509164813845132e+02
8.852257080999806931e+02 1.146415712956004285e+01 6.226394079723031716e+00 4.518935847607115974e+00 7.235154331510267411e+02 3.092019945185653000e+02
1.023789600626220022e+03 1.189486891203505436e+01 6.287669251849836272e+00 4.627027824975085579e+00 7.642512036732857723e+02 2.993357858979305774e+02
1.139918897163718157e+03 1.191451791858125731e+01 6.316746648752220139e+00 4.833064250374492943e+00 7.592386401027808915e+02 3.268272092644572240e+02
1.209779272961185598e+03 1.209155875463138585e+01 6.565480146399726991e+00 4.924107387864851582e+00 7.498488149340353175e+02 3.137157344143651585e+02
1.260469170778737407e+03 1.154534922505220251e+01 6.802050363788648468e+00 4.625005117557503986e+00 7.754111851006042571e+02 3.193927803110996138e+02
1.448005377897693734e+03 1.189454310350427235e+01 6.937940964890353612e+00 4.818079306305207865e+00 7.625440806591963110e+02 3.252348723460988822e+02
1.597998515201524469e+03 1.282765245383013486e+01 6.574151001622966284e+00 5.211053982108938776e+00 7.311522862003002956e+02 3.227541993492665711e+02
1.774254660314462399e+03 1.297953417470871784e+01 6.836877547619614859e+00 4.948933161956533766e+00 7.780609996137950475e+02 2.991010183042505446e+02
2.029272762164435335e+03 1.221364329453373720e+01 6.745168807168231417e+00 4.947586928845280951e+00 8.042222979100620250e+02 3.099051348666340573e+02
2.103834780452688392e+03 1.251643245993139608e+01 6.684208014823036947e+00 5.348086127231477249e+00 8.075808539507290789e+02 2.986064272253292984e+02
2.377525287065449447e+03 1.314271728888585145e+01 6.968493308399879460e+00 5.224895427605996012e+00 7.964596009111011199e+02 3.064189550748344004e+02
2.668466693494536230e+03 1.310843879286567137e+01 7.321129191181706020e+00 5.573317839495612880e+00 7.964725259849394661e+02 3.147180384767210626e+02
2.492874374790933871e+03 1.389717952626705078e+01 7.270398043602382288e+00 5.663998174553329434e+00 7.650861060470758730e+02 3.221795214474717568e+02
2.909803727920951587e+03 1.430279533891744848e+01 7.233410114860440387e+00 5.732623656719423977e+00 7.753150323902764285e+02 3.136365130022064704e+02
2.874416816453438514e+03 8.216256188504473812e+00 0.000000000000000000e+00 9.911946342711438263e+00 7.998506032314062395e+02 2.992596715305555222e+02
2.865954236251430757e+03 8.601339050584201118e+00 0.000000000000000000e+00 1.026074499488398750e+01 5.605034472372784512e+04 0.000000000000000000e+00
3.201170438522110089e+03 8.459167903451374926e+00 0.000000000000000000e+00 1.051610906892692299e+01 5.873687860097090015e+04 0.000000000000000000e+00
3.320058892352302792e+03 8.926796904914665376e+00 0.000000000000000000e+00 1.046025807372102179e+01 5.852288260449078371e+04 0.000000000000000000e+00
3.299374572275271476e+03 8.676356561436112003e+00 0.000000000000000000e+00 1.093684281069644015e+01 5.691068339678736811e+04 0.000000000000000000e+00
3.509851929790114809e+03 9.081945361441205122e+00 0.000000000000000000e+00 1.039084518498543552e+01 5.507115692211666465e+04 0.000000000000000000e+00
3.515130349334023322e+03 8.764802550211204135e+00 0.000000000000000000e+00 1.074777359910547325e+01 5.929475257598515600e+04 0.000000000000000000e+00
3.447428488028395805e+03 8.797967402533172887e+00 0.000000000000000000e+00 1.117630083250916861e+01 6.059584060205180140e+04 0.000000000000000000e+00
3.830596653656824401e+03 9.512447498326661588e+00 0.000000000000000000e+00 1.091481909870504552e+01 5.833612601854254899e+04 0.000000000000000000e+00
3.958495539622419983e+03 9.509925439027821170e+00 0.000000000000000000e+00 1.053103762825130474e+01 5.790408699845203955e+04 0.000000000000000000e+00
3.999642423578762646e+03 9.678539435230074872e+00 0.000000000000000000e+00 1.132406369007850166e+01 5.836464149347354396e+04 0.000000000000000000e+00
4.027698949182973138e+03 9.582526258495541072e+00 0.000000000000000000e+00 1.161098384979633202e+01 5.916261727466213779e+04 0.000000000000000000e+00
4.221958809018327884e+03 9.151418134322012676e+00 0.000000000000000000e+00 1.142824241309388889e+01 5.650162983299831831e+04 0.000000000000000000e+00
4.070278050021130184e+03 9.664023525159663563e+00 0.000000000000000000e+00 1.198309795828341962e+01 5.688992322053179669e+04 0.000000000000000000e+00
4.139925618750431568e+03 9.529025444449892746e+00 0.000000000000000000e+00 1.197189733010491253e+01 5.542196471540330822e+04 0.000000000000000000e+00
4.564806665778494789e+03 9.377813613337139032e+00 0.000000000000000000e+00 1.215744283274955961e+01 6.039616768028127990e+04 0.000000000000000000e+00
4.587829361344614881e+03 9.983916783147199325e+00 0.000000000000000000e+00 1.195297585810575036e+01 5.990083882167627598e+04 0.000000000000000000e+00
4.655519781189006608e+03 1.017894424295847600e+01 0.000000000000000000e+00 1.189720666230410018e+01 5.996154130748123862e+04 0.000000000000000000e+00
4.603407267343741296e+03 1.040465617403240373e+01 0.000000000000000000e+00 1.170857010893435479e+01 6.011796696528775647e+04 0.000000000000000000e+00
4.558498414273683011e+03 9.837742550022003485e+00 0.000000000000000000e+00 1.135605744519781979e+01 5.493547108361028222e+04 0.000000000000000000e+00
4.668570393991521996e+03 1.067419973172983205e+01 0.000000000000000000e+00 1.191611669035998489e+01 5.968728387239455333e+04 0.000000000000000000e+00
4.874619264194066091e+03 1.009665183270537447e+01 0.000000000000000000e+00 1.228253833320560773e+01 6.036510025321728608e+04 0.000000000000000000e+00
4.986597930354886557e+03 1.023694744237938004e+01 0.000000000000000000e+00 1.162192257082469382e+01 5.902788752363750245e+04 0.000000000000000000e+00
5.165451893883635421e+03 9.887823655977303616e+00 0.000000000000000000e+00 1.240524772051385050e+01 5.946232808105196455e+04 0.000000000000000000e+00
5.222552523329227370e+03 1.101207708029031274e+01 3.512209734974438557e+00 1.329449475932580071e+01 4.252016818283441921e+02 8.199376748524322522e+01
4.921822010151942777e+03 1.063450213199671346e+01 3.445337080287824705e+00 1.218785315026474514e+01 4.478519882684246340e+02 8.396827304205793041e+01
5.392361102503223265e+03 1.074910472669866834e+01 3.389772300031922647e+00 1.308889315605936154e+01 4.502409432133798077e+02 8.150211159641186498e+01
5.305606105198805380e+03 1.063672395824234762e+01 3.467457060155402448e+00 1.323178169538383564e+01 4.472280013053806442e+02 8.689070169511217046e+01
5.482569194162154417e+03 1.074051839794288021e+01 3.484322955014398815e+00 1.301525809871540496e+01 4.489130738717012150e+02 8.144649784301722661e+01
5.385126286675483243e+03 1.112215398088104124e+01 3.604413055833086243e+00 1.330798119469276841e+01 4.332882438592242806e+02 8.806203212051828189e+01
5.722465912002261575e+03 1.116718657606834242e+01 3.661958693998562886e+00 1.319339376405644515e+01 4.471601318926442445e+02 8.702746822548991190e+01
5.914850565978812483e+03 1.151323924364901075e+01 3.551965671493616306e+00 1.352978127616068704e+01 4.350968536802624840e+02 8.230629577273678876e+01
6.135037302483808162e+03 1.078702771924450232e+01 3.760290838263721902e+00 1.248298472560773043e+01 4.260931084133153490e+02 8.392647292665824921e+01
6.121673946160806736e+03 1.145008461978538250e+01 3.737723465477259754e+00 1.314920807098254940e+01 4.403369457753246365e+02 8.900706023927138233e+01
6.295260890837073930e+03 1.153522158424243393e+01 3.512783409880795293e+00 1.307997347339555283e+01 4.196615178572354239e+02 8.522150174105838971e+01
6.327798617346239553e+03 1.116178498091369420e+01 3.771890119857760126e+00 1.370186560574249768e+01 4.106244375723451299e+02 8.876674554735926392e+01
6.496637515512554273e+03 1.104644233736277492e+01 3.752657722419336928e+00 1.306999408110295313e+01 4.388751379670052870e+02 8.796592913975085537e+01
6.232430732364487085e+03 1.105515610915649738e+01 3.767243746677875205e+00 1.341811615174361805e+01 4.248593248965715929e+02 8.554866795975937066e+01
