-3.490144676160502613e-01 5.806909488730232383e+00 3.368242253314364998e+00 2.906545198563593946e+00 1.406935458738878424e+03 5.749935302132781771e+02
3.295711650285613814e+01 6.054841220312606964e+00 3.316993990022525374e+00 2.916858512084359756e+00 1.464334637558991062e+03 5.954252849130685945e+02
3.408597990055419302e+01 7.390968323761820002e+00 4.541937869030964414e+00 3.433067870712091185e+00 1.429907134353367837e+03 6.266103564726273589e+02
4.886696035991472797e+01 8.070528828982439506e+00 4.559909385980424723e+00 3.277662283148873534e+00 1.389559926746666633e+03 5.966918510390606798e+02
9.652448697059304550e+01 8.192407801700039016e+00 4.355846929186212968e+00 3.523296938674572498e+00 1.983991361334352916e+02 7.863214172644885025e+01
1.516892326551825363e+02 7.723953594540786227e+00 4.709201989357223894e+00 3.568749058619473224e+00 1.976458275444602180e+02 8.181946890773591008e+01
2.087982016326174062e+02 8.322985195007241543e+00 4.777931795146456828e+00 3.476350242220916709e+00 3.736930382721101296e+02 7.764034681264038795e+01
2.554942039826754865e+02 8.252824830209092966e+00 4.480939177955838737e+00 3.457927038132396547e+00 3.623774658887143119e+02 1.431351960444624467e+02
3.010429169213565501e+02 8.404690985173392193e+00 4.756851151598456617e+00 3.469700839598460984e+00 3.494671636347658250e+02 1.368231554933630321e+02
3.454834066255214111e+02 8.641784969660674776e+00 4.801794521865952348e+00 3.459591524164078002e+00 3.530599571341622891e+02 1.387345186571099589e+02
4.320300780119451360e+02 8.922303109057459380e+00 5.095545023791593131e+00 3.748659564345819817e+00 3.420837014896472965e+02 1.386266432809115656e+02
5.114225443204518342e+02 9.373391041403207780e+00 5.425280659830121088e+00 3.869963759310593776e+00 3.716889047270389597e+02 1.457489891896373138e+02
6.101848706744993933e+02 1.034742608462914859e+01 5.564320450743506008e+00 4.210510900023407999e+00 3.515546809357459210e+02 1.411532541058680010e+02
6.749216331821575068e+02 1.088312520375353110e+01 6.163144729353407847e+00 4.333062431526558456e+00 7.629628891995582762e+02 3.224485488988746056e+02
8.269430529512247858e+02 1.059013886609314170e+01 6.100560624145303201e+00 4.521081553550136967e+00 7.393397396952935878e+02 3.188363034579971895e+02
8.627126044189836875e+02 1.084356363273489521e+01 6.341289953705825155e+00 4.657564835248766855e+00 7.658750779204268611e+02 3.086734742890119492e+02
9.802602367965452004e+02 1.156320775814490531e+01 6.181864840814674800e+00 4.556118641598636998e+00 7.390787696103930102e+02 3.021489218240067203e+02
1.102977643527033479e+03 1.178131729536724670e+01 6.322321134375834539e+00 4.526011535258393614e+00 7.156265169262610470e+02 3.185850023311210748e+02
1.161372348946423699e+03 1.131704985417366416e+01 6.658845074243532558e+00 4.564603766053829226e+00 7.735333739184857222e+02 3.065630159757728848e+02
1.296128572782527954e+03 1.134166474191778207e+01 6.499669936260981551e+00 4.720997326138310690e+00 7.309383540350760313e+02 3.168923025288762005e+02
1.460506293524743342e+03 1.240086579340144723e+01 6.531271064178760355e+00 4.895253569159652152e+00 7.445712400699085265e+02 3.158828861289197221e+02
1.582724051143120278e+03 1.229988718350569776e+01 6.538457745482610939e+00 4.932245292155515770e+00 7.645469193597499498e+02 3.173968492516988249e+02
1.806378488760503387e+03 1.227708092685003116e+01 6.710784369975553609e+00 5.323088102442777192e+00 7.889283516014592124e+02 3.175808626225046396e+02
2.097836042962519514e+03 1.308994884287265492e+01 6.644562127633023785e+00 5.378960978979014484e+00 8.200313408203379595e+02 3.140894550053685634e+02
2.172386520244042913e+03 1.353872571494435562e+01 7.088448429614158997e+00 5.088932954091354155e+00 7.671079559665346324e+02 3.216723576218940934e+02
2.346365067038948382e+03 1.252936163740983666e+01 7.268193892048950389e+00 5.133479594795377743e+00 8.068536787045946994e+02 3.131743855089792987e+02
2.604125469181247354e+03 1.357111647542609845e+01 7.122715244800889245e+00 5.394615792822670564e+00 8.176798541137625307e+02 2.984572452303820000e+02
2.671298772834187730e+03 1.423189302505433496e+01 7.534568734585818106e+00 5.599057983291597651e+00 7.918370207575252380e+02 3.079895948660364979e+02
2.838118136790132667e+03 1.339963868286583448e+01 7.607610192748178513e+00 5.783130464364655943e+00 8.243740978231462577e+02 2.977057907929448675e+02
2.857870881040782024e+03 8.465550023329278417e+00 0.000000000000000000e+00 1.006042839422063651e+01 7.669957678468299491e+02 3.000628342890358908e+02
2.903360987246174773e+03 8.476837736669590839e+00 0.000000000000000000e+00 1.024431791272327175e+01 5.892213327588103857e+04 0.000000000000000000e+00
3.184127005884917253e+03 8.713735203393509821e+00 0.000000000000000000e+00 1.045733462909567280e+01 5.819820784326051216e+04 0.000000000000000000e+00
3.046285436278374618e+03 8.288192456475744763e+00 0.000000000000000000e+00 1.029545282574372855e+01 5.925275578044293798e+04 0.000000000000000000e+00
3.129886131861616377e+03 8.663213064113875816e+00 0.000000000000000000e+00 1.098421418037407804e+01 5.737389117127279314e+04 0.000000000000000000e+00
3.271542299743003696e+03 8.875106886566264563e+00 0.000000000000000000e+00 1.099915568018589695e+01 5.676635254093241383e+04 0.000000000000000000e+00
3.303480812595673797e+03 9.063234151158660268e+00 0.000000000000000000e+00 1.110957296880713407e+01 5.879512422348411201e+04 0.000000000000000000e+00
3.558058292841517414e+03 8.711937898729303242e+00 0.000000000000000000e+00 1.065213988198089545e+01 5.637023932899034844e+04 0.000000000000000000e+00
3.515908534179670369e+03 9.518491734748721456e+00 0.000000000000000000e+00 1.118995543710324014e+01 5.959244106098172779e+04 0.000000000000000000e+00
3.855025339113403334e+03 9.240482516800136992e+00 0.000000000000000000e+00 1.095734114437362372e+01 5.826020998342474923e+04 0.000000000000000000e+00
3.872623682777448266e+03 9.184849666678962521e+00 0.000000000000000000e+00 1.134767410834561119e+01 5.661970858290909382e+04 0.000000000000000000e+00
3.913759539617713472e+03 9.146625875317814902e+00 0.000000000000000000e+00 1.169497469381819066e+01 5.646955426523471397e+04 0.000000000000000000e+00
4.235418121968968080e+03 9.236652403787694254e+00 0.000000000000000000e+00 1.184633203524457556e+01 5.642990155514513754e+04 0.000000000000000000e+00
4.355783298680337793e+03 9.273346057087863414e+00 0.000000000000000000e+00 1.119205754224368299e+01 5.877023559176745766e+04 0.000000000000000000e+00
4.080500103343454157e+03 9.281019338618476056e+00 0.000000000000000000e+00 1.114862152079622604e+01 5.599513408101612731e+04 0.000000000000000000e+00
4.518628832037140455e+03 9.727771015687789458e+00 0.000000000000000000e+00 1.110531180326095324e+01 5.962915351935318176e+04 0.000000000000000000e+00
4.373883708097082490e+03 1.023456555674649060e+01 0.000000000000000000e+00 1.158225234450509689e+01 5.889203384777980682e+04 0.000000000000000000e+00
4.618570771775122921e+03 1.047999488922452471e+01 0.000000000000000000e+00 1.133911946969671547e+01 5.936097391394014267e+04 0.000000000000000000e+00
4.813098367847732334e+03 1.009644268836102299e+01 0.000000000000000000e+00 1.245349151227199158e+01 5.603031570670711517e+04 0.000000000000000000e+00
4.563783880084698467e+03 1.023072427087573821e+01 0.000000000000000000e+00 1.220733004221436602e+01 5.831080461996989470e+04 0.000000000000000000e+00
4.717974326251171078e+03 1.050365974340711617e+01 0.000000000000000000e+00 1.173977761255834551e+01 5.829337637509172782e+04 0.000000000000000000e+00
4.896051019239969719e+03 9.898382971102465788e+00 0.000000000000000000e+00 1.160615699550715618e+01 5.621164548181179271e+04 0.000000000000000000e+00
5.030294574005217328e+03 9.893958114875090359e+00 0.000000000000000000e+00 1.185631860202683008e+01 6.053818688794424088e+04 0.000000000000000000e+00
5.216293355997465369e+03 1.019210966549216835e+01 0.000000000000000000e+00 1.159247027069282154e+01 5.661412065529741812e+04 0.000000000000000000e+00
5.235791225820082218e+03 1.137502202006513485e+01 3.417865888558638598e+00 1.239502992162454831e+01 4.462189756542350665e+02 8.836501524922687167e+01
5.317713179615187073e+03 1.091246191264738741e+01 3.413083871511792822e+00 1.280976039835333857e+01 4.431963316536545108e+02 8.325777878830342615e+01
5.491915943523554233e+03 1.128960540762119535e+01 3.668374572756379681e+00 1.338231249102345188e+01 4.648536500941777376e+02 8.498471742260385042e+01
5.109702383298310451e+03 1.076891776762530739e+01 3.498086834676082724e+00 1.234335113382892501e+01 4.388933307286189915e+02 8.093021853558231271e+01
5.227143777934457830e+03 1.137093596647563842e+01 3.578591671311955213e+00 1.264184950424304965e+01 4.564934352519073855e+02 8.388501658456230814e+01
5.610904340306206905e+03 1.090464097231991758e+01 3.726735347736904291e+00 1.333201811156473937e+01 4.269875509289306592e+02 8.456249813538615001e+01
5.932530992583305306e+03 1.170043888161616863e+01 3.435557326604209649e+00 1.351713298608098235e+01 4.372727800294753138e+02 8.383318162310305866e+01
5.752475191439139962e+03 1.163314917604329857e+01 3.491191955866755237e+00 1.257568770423798377e+01 4.191592919704802398e+02 8.481112044822955909e+01
5.646892229333173418e+03 1.158758662196278877e+01 3.470272484649195466e+00 1.245819359440711160e+01 4.397371286016867202e+02 8.446886823756815943e+01
5.776205795339874385e+03 1.104480610033713006e+01 3.637726944489847902e+00 1.315709136941834068e+01 4.519324707351825623e+02 8.345371569821141122e+01
6.119448851491265486e+03 1.122185460863905959e+01 3.659276977703052047e+00 1.261010660804780592e+01 4.434896457195802668e+02 8.184680605619493576e+01
6.317286703631482851e+03 1.101484392910057686e+01 3.833337817092301147e+00 1.300081438979209025e+01 4.161977846139157577e+02 8.816820728808195895e+01
6.351450068910750815e+03 1.144110394455188384e+01 3.557681269790598844e+00 1.323193234265183094e+01 4.316018758638936674e+02 8.336002851026307781e+01
6.478943987347454822e+03 1.128091800628920183e+01 3.530692259460013638e+00 1.318395148527620897e+01 4.110255247678705359e+02 8.397500213555346704e+01
