-3.418831818604562978e-01 5.710161171989680540e+00 3.444894761592340870e+00 2.833126655079034162e+00 1.404172036364781889e+03 5.805011589232190090e+02
3.498708661106508089e+01 6.006782355112859406e+00 3.362854591645299873e+00 2.682125332809473850e+00 1.402821104424376244e+03 6.133569723238842926e+02
3.455366135447333420e+01 8.046287489763457756e+00 4.318012354652172036e+00 3.420457286615089298e+00 1.454940296857480007e+03 6.066259060463659125e+02
4.791319942744903670e+01 7.488456120913852487e+00 4.468004620574800967e+00 3.315909174577660323e+00 1.395312108360018783e+03 6.249888704720990518e+02
9.838285188092442013e+01 7.776188618377429584e+00 4.557385321888190788e+00 3.319819903254592752e+00 2.036999954877319112e+02 7.662849497770588414e+01
1.483892471978555250e+02 8.124523323409777120e+00 4.332351662618019184e+00 3.305004713067526634e+00 1.966260572284318471e+02 8.159206239962580298e+01
2.103869905419171005e+02 8.145120700881566478e+00 4.458060505821448416e+00 3.518391923752445916e+00 3.504315981391574724e+02 8.290225403444713947e+01
2.409023456338674976e+02 8.377667630218082806e+00 4.773912844861881055e+00 3.657020266740444114e+00 3.529738681798214657e+02 1.394498889900292227e+02
3.085185204207888887e+02 8.692774187871213698e+00 4.780653982948583902e+00 3.479191490835555900e+00 3.618185272583586425e+02 1.417200595197844279e+02
3.375656283344051758e+02 9.056383673763114928e+00 4.730548908164099231e+00 3.506890644956338843e+00 3.480385966411204777e+02 1.486771380819816670e+02
3.934680561378680181e+02 8.777035885538834847e+00 5.192300098637650407e+00 3.781423666527890415e+00 3.622924993801170785e+02 1.444277762447672444e+02
4.798094378582541140e+02 9.748274756507624872e+00 5.403101025515358202e+00 3.963808002700086153e+00 3.751923341670031959e+02 1.403536200388922737e+02
5.816724621370584600e+02 1.000679169450349271e+01 5.861619722469506577e+00 4.112015080624508379e+00 3.492584608367005785e+02 1.377762481315099024e+02
6.406713328476356537e+02 1.094230045812214591e+01 5.818051697875351813e+00 4.407606637495710800e+00 7.556927839854527065e+02 3.058614619790685651e+02
8.359070067149310717e+02 1.110410024886266100e+01 6.349908762994802558e+00 4.289134120056191435e+00 7.451751475280557315e+02 3.077872466996014396e+02
9.195526811267139919e+02 1.120072696406440116e+01 6.503479943939405317e+00 4.522957204040282342e+00 7.342242670392978425e+02 2.964604911834943550e+02
9.646870108436401097e+02 1.162131302225422047e+01 6.080197775649240022e+00 4.830593735543905254e+00 7.340383474902199623e+02 3.219117201954749135e+02
1.115736308678762271e+03 1.148671346420967332e+01 6.658658274962498069e+00 4.600979133287933287e+00 7.103307318480962067e+02 3.122740905000731573e+02
1.178495673675075295e+03 1.168555580840189734e+01 6.251555731536892146e+00 4.846113991445784031e+00 7.124577892539602999e+02 3.223097935048180034e+02
1.252788004118650633e+03 1.167945136945017559e+01 6.842640895763418385e+00 4.943435351415915058e+00 7.636279424579900024e+02 3.014143578086487878e+02
1.424794763476015760e+03 1.249279796111953189e+01 6.768995548376376625e+00 4.841281769017501624e+00 7.759242954744930785e+02 3.231450720263870835e+02
1.620740483945740380e+03 1.232603818943942464e+01 6.457724547407037718e+00 5.210292094143640362e+00 7.507492708177817349e+02 3.093912496902834164e+02
1.786285769608819919e+03 1.306536058085153051e+01 6.721485805472587671e+00 5.339444822959212189e+00 8.285599703390481636e+02 3.126547963145575295e+02
2.095167824027371353e+03 1.260607533146676751e+01 7.060434134802453521e+00 5.387344516341284972e+00 7.824470299930108013e+02 3.134116544473755539e+02
2.254683315695351666e+03 1.251183909107794889e+01 7.307438381621850887e+00 5.453915611585463452e+00 8.225804311050902697e+02 3.243718344531762909e+02
2.400950218986977234e+03 1.369931416755914277e+01 7.158175675651160752e+00 5.263881797132163420e+00 8.108625315729799468e+02 2.982417159188714209e+02
2.586554807386846278e+03 1.378681025282548056e+01 6.736014251507326911e+00 5.651245801043985217e+00 8.289523156274456142e+02 3.111990810219957098e+02
2.618294554268638421e+03 1.387404295051629255e+01 7.117675526584447354e+00 5.798671165994091048e+00 8.096605659185470358e+02 3.025487212341637360e+02
2.843304971323520476e+03 1.306401645571635761e+01 7.054482942941550760e+00 5.838992664378929831e+00 8.326451902914785705e+02 3.264004762726430613e+02
2.782992640764663975e+03 7.929735773992693026e+00 0.000000000000000000e+00 9.264428686918833478e+00 8.042259889569560301e+02 3.165169540797771788e+02
2.900242378682779872e+03 8.235152732509769535e+00 0.000000000000000000e+00 1.049591994380920212e+01 5.703337769583782210e+04 0.000000000000000000e+00
2.994983299963314494e+03 8.039892614556906736e+00 0.000000000000000000e+00 1.040478050812350297e+01 5.803172620006797661e+04 0.000000000000000000e+00
3.143560086927638167e+03 8.710726906517539447e+00 0.000000000000000000e+00 1.064376793610531102e+01 5.740789671479880053e+04 0.000000000000000000e+00
3.351943714671809175e+03 8.347027793569404608e+00 0.000000000000000000e+00 1.079963875971896670e+01 5.817731535118656029e+04 0.000000000000000000e+00
3.403235897299862700e+03 9.016440271942572693e+00 0.000000000000000000e+00 1.017639086644701507e+01 5.820376332977370475e+04 0.000000000000000000e+00
3.496711894294175636e+03 9.053427258635309727e+00 0.000000000000000000e+00 1.115882034032969017e+01 5.613345813192868081e+04 0.000000000000000000e+00
3.735390814660358046e+03 8.675818971777008670e+00 0.000000000000000000e+00 1.093032782581175866e+01 5.587184333256699028e+04 0.000000000000000000e+00
3.688068498142836688e+03 8.914259832969730013e+00 0.000000000000000000e+00 1.125480416114661431e+01 5.591132238480133674e+04 0.000000000000000000e+00
3.629573440396537080e+03 9.174771773727979252e+00 0.000000000000000000e+00 1.072685992207962968e+01 5.814556388508497912e+04 0.000000000000000000e+00
4.023784438816074271e+03 9.269069788772059226e+00 0.000000000000000000e+00 1.078303914267246100e+01 5.854575896018573985e+04 0.000000000000000000e+00
3.923124244156451368e+03 9.533753271874340740e+00 0.000000000000000000e+00 1.100566724642583871e+01 5.672800729648836568e+04 0.000000000000000000e+00
3.872275473014817180e+03 9.702759370215392920e+00 0.000000000000000000e+00 1.089271384227627415e+01 6.055595374559305492e+04 0.000000000000000000e+00
4.163627215531900220e+03 9.856573370101875398e+00 0.000000000000000000e+00 1.106061430590302841e+01 5.536234289817898389e+04 0.000000000000000000e+00
4.060621397320633150e+03 9.399552075631666170e+00 0.000000000000000000e+00 1.171753179277575363e+01 5.495972513637979864e+04 0.000000000000000000e+00
4.330511138593464239e+03 1.001482377767861287e+01 0.000000000000000000e+00 1.161459399168071727e+01 6.034233879780098505e+04 0.000000000000000000e+00
4.266913326731086272e+03 1.034562294025877272e+01 0.000000000000000000e+00 1.211601195242047169e+01 5.735160008133532392e+04 0.000000000000000000e+00
4.354371943314572491e+03 9.903760881310290642e+00 0.000000000000000000e+00 1.129938808492217639e+01 5.820234846898000251e+04 0.000000000000000000e+00
4.761921047501766225e+03 1.010152056717871183e+01 0.000000000000000000e+00 1.189282982572544611e+01 5.885000184856595297e+04 0.000000000000000000e+00
4.770056994266911715e+03 1.026976625908801211e+01 0.000000000000000000e+00 1.183630251423564772e+01 5.676924526482431975e+04 0.000000000000000000e+00
5.034064508863178162e+03 1.045192539636233775e+01 0.000000000000000000e+00 1.227447230959833391e+01 5.711244167537950125e+04 0.000000000000000000e+00
4.826428413355857629e+03 1.000137360369207506e+01 0.000000000000000000e+00 1.214204637589698343e+01 6.008012010548374383e+04 0.000000000000000000e+00
4.923954066935109040e+03 1.081345371070639949e+01 0.000000000000000000e+00 1.184481533732769520e+01 5.878628754771249078e+04 0.000000000000000000e+00
4.931516891786088308e+03 1.016951126732063493e+01 0.000000000000000000e+00 1.270140684648572815e+01 5.996045381534760963e+04 0.000000000000000000e+00
4.976906107155390600e+03 1.153334195357583880e+01 3.475695663240672584e+00 1.302976916958696485e+01 4.299746570736018043e+02 8.311828130348970944e+01
5.005278531365294839e+03 1.062763887911495075e+01 3.489741074750332572e+00 1.283205053409136376e+01 4.595811982757625174e+02 8.636129603702478619e+01
5.183054726421992200e+03 1.080895879497322554e+01 3.466828397010398799e+00 1.230062239922480671e+01 4.439066494326365273e+02 8.731282043189351327e+01
5.259170860964620260e+03 1.077015701796343983e+01 3.537414458089899849e+00 1.301179743381857357e+01 4.460160598648782866e+02 8.799815232039838975e+01
5.376418389746498178e+03 1.082796293751666639e+01 3.735964979783365170e+00 1.319124642688231575e+01 4.331244603982746071e+02 8.496932031561340182e+01
5.324657663884715475e+03 1.162245980957514035e+01 3.422246912633644556e+00 1.271866786343379907e+01 4.543508117938899318e+02 8.909891957002061247e+01
5.480664114798486480e+03 1.068155037773876437e+01 3.677712585968188286e+00 1.253310755935170206e+01 4.465800387914756016e+02 8.161158366228336547e+01
5.593626643390354729e+03 1.115625997772051470e+01 3.585010178983863316e+00 1.294831610606137851e+01 4.370771362117294530e+02 8.748364643552692144e+01
6.145626724731397189e+03 1.167019587295600580e+01 3.776100675017658670e+00 1.265552633080407041e+01 4.276240921789252525e+02 8.157375943852035505e+01
6.191892830937669714e+03 1.079317822595954013e+01 3.676763255994867308e+00 1.359013604590282398e+01 4.482648752198919624e+02 8.810139879349759440e+01
6.296901870707368289e+03 1.163312298204777484e+01 3.627055368217274811e+00 1.343137304142064536e+01 4.159570166661920325e+02 8.817169845918981252e+01
6.415224845458118580e+03 1.167699134516921511e+01 3.651172385649301244e+00 1.339702189035297053e+01 4.294838108733951003e+02 8.217577786613762214e+01
6.335301453460359880e+03 1.140313120981520356e+01 3.693456628421113219e+00 1.302997561828950701e+01 4.266794776011511772e+02 8.375652846854353584e+01
6.273580373953671369e+03 1.172398094771735089e+01 3.693637910685004577e+00 1.290259756867984464e+01 4.472983010111209978e+02 8.806543423777274882e+01
