4.313931398545429730e-01 5.963992843074772843e+00 3.223198688783135424e+00 2.912518263741193270e+00 1.363613560159071994e+03 5.900227823294750351e+02
3.321584786660859834e+01 5.902855319672274170e+00 3.212934386160383404e+00 2.809246467133826641e+00 1.404257026365567754e+03 5.859022105872891188e+02
3.157806199316642903e+01 7.404534441690473479e+00 4.551921073706936660e+00 3.168824006444808106e+00 1.390137063429083128e+03 6.253129841780659035e+02
4.720993187065023733e+01 7.461728676495257062e+00 4.199108066253437244e+00 3.437816522234437677e+00 1.356626620373544711e+03 6.118052615995496808e+02
1.043191184890216192e+02 8.036221764442780469e+00 4.417961717701069269e+00 3.377512815223987719e+00 1.944308616802882739e+02 7.655440006528205288e+01
1.442842713703400079e+02 7.883820460801591601e+00 4.511078671726505895e+00 3.446881850025277139e+00 2.041189644260895477e+02 8.350464014284276004e+01
2.006774821448896091e+02 8.019979680458959592e+00 4.784549285447903699e+00 3.333312098661749268e+00 3.495879305025541157e+02 8.391087193379777887e+01
2.480547229628097057e+02 8.378534726118816778e+00 4.866428046530715257e+00 3.624630040171020973e+00 3.583235811023598103e+02 1.501183004399542256e+02
2.891913591870839468e+02 8.957376553884971671e+00 4.774781355509061243e+00 3.555247771895685194e+00 3.711594347447242512e+02 1.442136240136595973e+02
3.429025018244982448e+02 8.457304737713144505e+00 5.016054434149817887e+00 3.555190693604639574e+00 3.688622632327051747e+02 1.487269921972335567e+02
4.274156723787621672e+02 8.883450918681306874e+00 4.922134603201481440e+00 3.553242379557567610e+00 3.567483672314408523e+02 1.473633636758172543e+02
4.921922526080654166e+02 9.645298678121507763e+00 5.512440132151283478e+00 3.955776683607097777e+00 3.525614399016307630e+02 1.364067978413257265e+02
5.758013767111198149e+02 1.015234949094360140e+01 5.576995504586993668e+00 4.226491124270233435e+00 3.667428948702927869e+02 1.476263301894413758e+02
6.365466155704340281e+02 1.098663719630754443e+01 5.897860980291776301e+00 4.458420904051656031e+00 7.424142402735917585e+02 3.181086604344320108e+02
7.793854085721134197e+02 1.053992598321501006e+01 5.837279025326727044e+00 4.358151388924994762e+00 7.249073493570655273e+02 3.221074188115134120e+02
8.908428690913486889e+02 1.131925902275384743e+01 6.285036744079136817e+00 4.638592633574342372e+00 7.207163061207039618e+02 3.145040451323175148e+02
9.628813277913227466e+02 1.100054015417465259e+01 6.340351104080792943e+00 4.772772889035008959e+00 7.582906264935660374e+02 3.218483773693389480e+02
1.107038033262340832e+03 1.102024168712894792e+01 6.128886751660970411e+00 4.850085107133586426e+00 7.269661685729419105e+02 3.034497813570527569e+02
1.183423798237591882e+03 1.131078729541488492e+01 6.253282211596399520e+00 4.858601495099126311e+00 7.274852763822486850e+02 3.131470842172563493e+02
1.349528869079527794e+03 1.182141353052895028e+01 6.866519569169495796e+00 4.873602913778102064e+00 7.305866332367041878e+02 3.008760939900260496e+02
1.440313912098764376e+03 1.245204414118390801e+01 6.713224934992464199e+00 4.653985235008020638e+00 7.196784031106495831e+02 3.180620138045300109e+02
1.552631454196415234e+03 1.221545872088490015e+01 6.756450708770352698e+00 5.193030018940032910e+00 7.159312614551239449e+02 3.165704712702753909e+02
1.718518996998578359e+03 1.290494021064107244e+01 6.923806833518596271e+00 5.236613554843682294e+00 8.127430876394308825e+02 3.247289919501398003e+02
1.920935628489759210e+03 1.337505685963800772e+01 7.140012697580190526e+00 5.395130482454889354e+00 7.642101030023792418e+02 3.268174130049594623e+02
2.140460932861275069e+03 1.327182140902408491e+01 7.303378747632845780e+00 5.360023299266535979e+00 7.935774079673946062e+02 3.051485757368410532e+02
2.270807167578287135e+03 1.317447364917089203e+01 7.315087326726374961e+00 5.612467370535586753e+00 7.653700897836272361e+02 3.245554916107916483e+02
2.722179454926793369e+03 1.341968397121827294e+01 7.166154580272977803e+00 5.601326206495647497e+00 7.963790790406048927e+02 3.259156672304921472e+02
2.536658484167522602e+03 1.331215192716691575e+01 7.303769189556306607e+00 5.596346795665973595e+00 8.034015262575255747e+02 3.067283179950484850e+02
2.768449440425932153e+03 1.318479029999915753e+01 7.362995961261926681e+00 5.453956795745678043e+00 8.185242364207517767e+02 3.133830813822027608e+02
2.854249423946246225e+03 7.755040745111394962e+00 0.000000000000000000e+00 9.569914883053074917e+00 8.359496285368812778e+02 3.016010789841402016e+02
2.827254558189578802e+03 8.570823713278070244e+00 0.000000000000000000e+00 9.681935257373762482e+00 5.992563509375594731e+04 0.000000000000000000e+00
2.986441478842231845e+03 7.989584294348261118e+00 0.000000000000000000e+00 9.699480642564981991e+00 5.807425641428833478e+04 0.000000000000000000e+00
3.268717582646051142e+03 8.525677726636470055e+00 0.000000000000000000e+00 9.840513966304008875e+00 5.545601064247979230e+04 0.000000000000000000e+00
3.260155005122599505e+03 8.379252300502107786e+00 0.000000000000000000e+00 1.043439825378330887e+01 5.698069700633734465e+04 0.000000000000000000e+00
3.438519257224736975e+03 8.462336006277569211e+00 0.000000000000000000e+00 1.042924854591210071e+01 5.613895300431500073e+04 0.000000000000000000e+00
3.414924862640484662e+03 8.877018250081261996e+00 0.000000000000000000e+00 1.024041167027949939e+01 5.605927604241767403e+04 0.000000000000000000e+00
3.623388725924459777e+03 9.441662650820861202e+00 0.000000000000000000e+00 1.133804842854282313e+01 5.839316229227520671e+04 0.000000000000000000e+00
3.773952877586754312e+03 8.897903611872557406e+00 0.000000000000000000e+00 1.111331445112409000e+01 5.556952013119491312e+04 0.000000000000000000e+00
3.742334963676930784e+03 9.306802008948794835e+00 0.000000000000000000e+00 1.068631894769984214e+01 5.978584122785543150e+04 0.000000000000000000e+00
3.838726650552035608e+03 9.464934956910081354e+00 0.000000000000000000e+00 1.094455090411282505e+01 5.854753735409140791e+04 0.000000000000000000e+00
3.871619090397538002e+03 9.197346175194896389e+00 0.000000000000000000e+00 1.096556674321682046e+01 5.695597816114687885e+04 0.000000000000000000e+00
4.188886633496913419e+03 9.374696719111925702e+00 0.000000000000000000e+00 1.137992747768049817e+01 6.024376802343449526e+04 0.000000000000000000e+00
4.267815094423624942e+03 9.849492003099321380e+00 0.000000000000000000e+00 1.193566765993059775e+01 6.044889272505884583e+04 0.000000000000000000e+00
4.106778842638724200e+03 9.768738078904203093e+00 0.000000000000000000e+00 1.130347766848738011e+01 5.697071963754561148e+04 0.000000000000000000e+00
4.291700034123758087e+03 1.002769804906987083e+01 0.000000000000000000e+00 1.148607488263414567e+01 5.859335414558214688e+04 0.000000000000000000e+00
4.515974676811784775e+03 9.682639012105756393e+00 0.000000000000000000e+00 1.146067719608728019e+01 5.550444818851441232e+04 0.000000000000000000e+00
4.396966229556556755e+03 9.691714422163329345e+00 0.000000000000000000e+00 1.133462250817096262e+01 5.885588553073260118e+04 0.000000000000000000e+00
4.797301820872123244e+03 1.006876321070499003e+01 0.000000000000000000e+00 1.153068063780180452e+01 5.785334215531014343e+04 0.000000000000000000e+00
4.885746038469289488e+03 1.047151878074087783e+01 0.000000000000000000e+00 1.160684248915815786e+01 5.935247086455138924e+04 0.000000000000000000e+00
5.025324693998513794e+03 1.049806632239041448e+01 0.000000000000000000e+00 1.178689024672835650e+01 5.598863694060714624e+04 0.000000000000000000e+00
5.160866469356629750e+03 1.029679456596259790e+01 0.000000000000000000e+00 1.160998652083994997e+01 5.964596197655450669e+04 0.000000000000000000e+00
5.180226238262356674e+03 1.046835137644371549e+01 0.000000000000000000e+00 1.181238911586402018e+01 5.930823740418528905e+04 0.000000000000000000e+00
5.344328709741770581e+03 1.026734533951851880e+01 0.000000000000000000e+00 1.156990890590758347e+01 5.904365255494543817e+04 0.000000000000000000e+00
5.051102793595586263e+03 1.117739908509430791e+01 3.628467408353349910e+00 1.257206315112350659e+01 4.528834580544983623e+02 8.812798043155737560e+01
4.933192641979825567e+03 1.085500159754170824e+01 3.482418435663881873e+00 1.327557251647600722e+01 4.305748200333634372e+02 8.848638530805450841e+01
5.061327308837271630e+03 1.106400391859604326e+01 3.361647654236360694e+00 1.294786399154684098e+01 4.366012483023415598e+02 8.464252481582244059e+01
5.148231363694974789e+03 1.118914006777091075e+01 3.586042846147643015e+00 1.293226484659160214e+01 4.439068131028658399e+02 8.115366684318031787e+01
5.247142841668657638e+03 1.146304886605462592e+01 3.687336061762033879e+00 1.228362146580682790e+01 4.220334354529312577e+02 8.213103953344879926e+01
5.544603903777612686e+03 1.169845264494977322e+01 3.610031799827752685e+00 1.319236816410399626e+01 4.513214180017631634e+02 8.505310074043966040e+01
5.881684938229642285e+03 1.107174532702894609e+01 3.735761912779396177e+00 1.356291214754966745e+01 4.319691895915570967e+02 8.341734523081973407e+01
5.489287239587974000e+03 1.086357511575407031e+01 3.572472023098693494e+00 1.301170271648089916e+01 4.507527266776251622e+02 8.299680166708574802e+01
6.155277206003807805e+03 1.089606610548038113e+01 3.522233651728858383e+00 1.349572748655003096e+01 4.266804861386845005e+02 8.376059981548505107e+01
5.829500004501953299e+03 1.173419627996502435e+01 3.743124351357811630e+00 1.317130376324314689e+01 4.268075801568272141e+02 8.519030932377486920e+01
6.297166632626865976e+03 1.069789619552835269e+01 3.483399574124396825e+00 1.371569245297162176e+01 4.208722704733441446e+02 8.127898302740010195e+01
6.441683794701545594e+03 1.103395343795990513e+01 3.715008531911927481e+00 1.283998402256693616e+01 4.237478562344784336e+02 8.659374265210756505e+01
6.224791975117841503e+03 1.151049606323161534e+01 3.641079232341715599e+00 1.359087733157851829e+01 4.412876950839932988e+02 8.395365225471731208e+01
6.452579165478337018e+03 1.092125041664187002e+01 3.698031677349744140e+00 1.303081276000177446e+01 4.446879619730790978e+02 8.829151884864866418e+01
