1.502456274413526138e-01 5.823549206678475088e+00 3.258148889836614881e+00 2.755160034190025975e+00 1.394209421370671635e+03 5.746855413676191802e+02
3.274538546061573641e+01 6.075884756369873685e+00 3.473171294533759390e+00 2.915054614196803229e+00 1.456011548949027883e+03 6.266546128825447113e+02
3.108668764642139948e+01 7.386116181058336672e+00 4.422258168454606064e+00 3.300667244209814388e+00 1.443441147553483006e+03 5.721150062614702847e+02
5.286295038935386259e+01 7.666236584081521421e+00 4.515057678465804081e+00 3.443226121167094700e+00 1.347312418580275107e+03 5.993357235553521605e+02
1.018429236488241543e+02 7.925104416478044200e+00 4.238227173035631345e+00 3.544525394973789822e+00 2.051649771473014709e+02 8.220942255211966199e+01
1.491881635067423701e+02 8.145477396939847736e+00 4.644530102028029184e+00 3.296360554641703633e+00 2.037427090954035407e+02 8.236491311582537378e+01
2.100918476366122150e+02 7.910876618976057983e+00 4.624781511902468445e+00 3.568827727029862285e+00 3.710414261299743544e+02 8.194176451682847073e+01
2.419009627963574474e+02 8.378656700893417408e+00 4.565745431034232915e+00 3.446000536948225168e+00 3.472812376425459320e+02 1.458446007595876779e+02
2.872770312058476634e+02 8.277595483254366115e+00 4.991964844726108907e+00 3.490713135771955411e+00 3.594456229173400743e+02 1.474156981132976512e+02
3.472519939906628110e+02 8.890936502131955521e+00 4.810746492571782440e+00 3.549530350079269869e+00 3.694613716981514244e+02 1.376545220809819341e+02
4.130308174023542165e+02 9.341014890665629622e+00 5.127237522747748244e+00 3.566348922368594465e+00 3.443809406417062746e+02 1.405947814472497726e+02
4.786798990288325513e+02 9.200896284848232298e+00 5.221886572938267079e+00 3.983360313786937557e+00 3.619353469559256382e+02 1.392407078895174379e+02
5.918918675757737446e+02 1.036967753335753706e+01 5.885877810368538299e+00 4.303366786999550442e+00 3.536471682028315513e+02 1.402077182464659018e+02
6.591507697783631556e+02 1.113393681006816927e+01 5.865681122081048748e+00 4.209189575073774670e+00 7.484548227069141149e+02 3.075367054504631028e+02
7.907034399064738182e+02 1.054177788425318951e+01 5.964337760567327784e+00 4.484713847704600909e+00 7.495284595262286302e+02 3.061642610524548900e+02
9.022654130500192196e+02 1.163335302114496272e+01 6.466649874927408170e+00 4.447081426572353280e+00 7.650400211213116108e+02 3.202565099709079277e+02
1.026844345660837007e+03 1.148924421259043704e+01 6.139841014252525042e+00 4.442531787005139066e+00 7.470852212386554356e+02 3.078792743258114797e+02
1.148392163084120284e+03 1.199176063721660057e+01 6.566326503541357162e+00 4.673288049691343815e+00 7.143927300093220083e+02 3.027708619888531985e+02
1.229740068460591374e+03 1.117323345552797420e+01 6.557524447309467597e+00 4.584628630550465545e+00 7.403433211941237460e+02 3.064961730536289224e+02
1.281293331699043165e+03 1.169648881602720358e+01 6.627852678594756242e+00 4.864524632993497910e+00 7.067268227743738862e+02 3.275990693821520381e+02
1.446683358616130818e+03 1.162358303649442703e+01 6.735980876629596992e+00 4.728851428728655826e+00 7.030303395984441295e+02 3.110735376376384238e+02
1.567967866960009360e+03 1.168899663191206884e+01 6.962928959352947977e+00 5.038085397473203386e+00 7.637827955410784853e+02 3.169318881406578043e+02
1.852166452885999433e+03 1.205142404002430290e+01 6.627390678305755678e+00 4.993309110078055113e+00 7.788242502936620895e+02 3.167771380070806231e+02
1.919302954004869207e+03 1.251166493120278922e+01 6.758460324640725325e+00 5.279902367258271667e+00 7.772700590512095005e+02 3.138927431923157769e+02
2.281833704428485362e+03 1.279258344210414222e+01 6.793661401670154198e+00 5.401391871498754327e+00 8.206134808596749508e+02 3.093638655184821005e+02
2.315649092113998449e+03 1.344075733320953780e+01 6.973942896421567283e+00 5.552239588014121097e+00 7.715845901782868168e+02 3.127431184014597534e+02
2.498626634400632611e+03 1.371871487702705572e+01 7.113330072768426326e+00 5.333004882281755066e+00 7.657594818901302460e+02 3.063428603409871016e+02
2.720482976001683255e+03 1.315609410398271528e+01 6.939850386214859057e+00 5.488122248488819466e+00 8.328854888163208443e+02 3.234898026486132494e+02
2.814693145556358104e+03 1.329292557059250335e+01 7.158975138210308842e+00 5.592846146852349598e+00 7.829882956553345821e+02 3.265508314516997075e+02
2.778029834857929927e+03 8.274901470211215582e+00 0.000000000000000000e+00 9.406659619287953689e+00 7.892691284448854958e+02 3.153220660915470717e+02
3.044901264567373346e+03 8.363258583232950016e+00 0.000000000000000000e+00 1.028519646021511491e+01 5.996389452665991121e+04 0.000000000000000000e+00
3.021676419213489226e+03 8.708434801286720983e+00 0.000000000000000000e+00 1.017761393092948019e+01 5.669420220529390645e+04 0.000000000000000000e+00
3.254129574770327963e+03 8.358058262276895078e+00 0.000000000000000000e+00 1.041071323404796090e+01 5.752680544027502037e+04 0.000000000000000000e+00
3.116371028456481326e+03 8.762049579703326430e+00 0.000000000000000000e+00 1.093671576309422733e+01 5.616000770008524705e+04 0.000000000000000000e+00
3.463647441417939262e+03 8.916236477604993382e+00 0.000000000000000000e+00 1.051607796452825383e+01 5.868459409450004023e+04 0.000000000000000000e+00
3.353417805915186364e+03 9.122770246384638071e+00 0.000000000000000000e+00 1.073747428040030805e+01 5.527110171858048125e+04 0.000000000000000000e+00
3.562899652409945247e+03 8.646748525489375226e+00 0.000000000000000000e+00 1.086468999213164111e+01 5.734451711836552568e+04 0.000000000000000000e+00
3.815867160156925365e+03 9.414888732091000634e+00 0.000000000000000000e+00 1.147558100296151373e+01 5.886350860612415272e+04 0.000000000000000000e+00
3.824182732640704216e+03 9.318271072694296109e+00 0.000000000000000000e+00 1.104465587453373310e+01 5.658338161811247119e+04 0.000000000000000000e+00
3.947472358207494835e+03 8.995723622365868977e+00 0.000000000000000000e+00 1.110647584353374207e+01 5.920175562372850254e+04 0.000000000000000000e+00
4.088089127160133103e+03 9.597977497109580369e+00 0.000000000000000000e+00 1.084067672384418124e+01 5.656055193830232747e+04 0.000000000000000000e+00
4.245518259427688463e+03 9.437790916437373667e+00 0.000000000000000000e+00 1.168808596952425916e+01 5.524038590353597829e+04 0.000000000000000000e+00
4.090519444731130079e+03 9.590644958236417494e+00 0.000000000000000000e+00 1.201727578089777815e+01 5.864444486416161089e+04 0.000000000000000000e+00
4.148974359136409475e+03 9.779537288284569030e+00 0.000000000000000000e+00 1.191409990674926433e+01 5.879761203735891468e+04 0.000000000000000000e+00
4.198588464967689106e+03 1.006051552918865966e+01 0.000000000000000000e+00 1.211193496188380614e+01 5.728081237597504514e+04 0.000000000000000000e+00
4.365315854292239237e+03 1.015584851671806632e+01 0.000000000000000000e+00 1.116006900335387186e+01 5.516725629301655863e+04 0.000000000000000000e+00
4.355039740447532495e+03 9.751220577046602500e+00 0.000000000000000000e+00 1.231113978541010390e+01 5.809480747116004932e+04 0.000000000000000000e+00
4.860812546717196710e+03 9.672336230770964605e+00 0.000000000000000000e+00 1.185891582685748880e+01 5.979731510677636106e+04 0.000000000000000000e+00
4.571812059974192380e+03 1.044967096110439897e+01 0.000000000000000000e+00 1.195766057082999367e+01 5.930124858369080903e+04 0.000000000000000000e+00
4.887626971081763259e+03 9.800858380820979932e+00 0.000000000000000000e+00 1.224391072586917595e+01 5.708182274886481900e+04 0.000000000000000000e+00
4.999395977141088224e+03 9.898922277590111563e+00 0.000000000000000000e+00 1.201022529417066309e+01 5.587144719435903244e+04 0.000000000000000000e+00
4.867745012804927683e+03 1.006346611698541516e+01 0.000000000000000000e+00 1.158188600809044999e+01 5.839620574445520469e+04 0.000000000000000000e+00
5.368960420759473891e+03 1.004687079041703335e+01 0.000000000000000000e+00 1.160551675188374965e+01 5.698333783706279792e+04 0.000000000000000000e+00
5.084133814099084702e+03 1.122866483843801255e+01 3.559514272714817018e+00 1.313046730372325399e+01 4.322809359392674082e+02 8.671232530168639130e+01
5.156534428285210197e+03 1.155168084412790108e+01 3.667749945860303118e+00 1.319744606412377053e+01 4.594065479836770578e+02 8.842037035679241797e+01
5.355725627172270833e+03 1.117340833040629633e+01 3.392442712826180706e+00 1.236070227353975959e+01 4.467687326595911372e+02 8.791453011550754582e+01
5.544843219229747774e+03 1.139899064086664815e+01 3.384621487787247585e+00 1.298916774088742621e+01 4.611956816481173860e+02 8.564223083313929408e+01
5.591214539977042477e+03 1.130871135447418929e+01 3.575901049443751312e+00 1.258984900474248114e+01 4.382507499608855142e+02 8.885788552942446472e+01
5.363721738206523696e+03 1.150909037934321688e+01 3.648316922378262994e+00 1.298661337421924422e+01 4.282694126339369518e+02 8.307210095020357699e+01
5.811608876950560443e+03 1.088575704647643327e+01 3.654403398740268649e+00 1.261164725591977742e+01 4.539060066679371062e+02 8.095357320716138361e+01
5.528335845410676484e+03 1.153125038010754189e+01 3.587406509151763956e+00 1.267732148165909045e+01 4.443641847668310447e+02 8.692947514992893332e+01
5.745089816903687279e+03 1.079667358630182150e+01 3.667637218199676585e+00 1.283388417697873685e+01 4.336549306999098121e+02 8.853027303178468799e+01
5.933272019094049938e+03 1.117123870775036742e+01 3.602413960028387763e+00 1.299349651610147127e+01 4.469895545595925910e+02 8.649949956621911440e+01
5.885188617571551731e+03 1.133455100508281710e+01 3.684594669931609889e+00 1.260873646813385562e+01 4.132994988398652936e+02 8.762772278807726423e+01
6.454189936231570755e+03 1.134627704842384865e+01 3.754812993936468501e+00 1.317188466343330333e+01 4.299840554808144475e+02 8.587838676526365589e+01
6.080222960052251437e+03 1.117257789554509628e+01 3.751182754630971505e+00 1.335902819978579537e+01 4.180386871722260480e+02 8.171281169153392909e+01
6.113016533287314815e+03 1.175210584631836674e+01 3.579199103614409072e+00 1.366657373796427954e+01 4.382368560898436840e+02 8.155753922243032150e+01
