4.456332874500136265e-01 5.977331822317274224e+00 3.214750300847303066e+00 2.768290019031161453e+00 1.469212477489149251e+03 6.224088426390899258e+02
3.376966558355144343e+01 5.560432696492647153e+00 3.266686540899175650e+00 2.747820658230677449e+00 1.436394253230562526e+03 5.851275063411267183e+02
3.498813817605508802e+01 7.641715358113086332e+00 4.147295853154469469e+00 3.277780252912492198e+00 1.467272945804514848e+03 5.712033219559172039e+02
4.979042984374591185e+01 7.933572848648286602e+00 4.200019815788200717e+00 3.264589907029684213e+00 1.439557445887152880e+03 5.704956949520925491e+02
9.468270721994889527e+01 8.097033196164179714e+00 4.248289987278589308e+00 3.543825799323153891e+00 1.925708213636577852e+02 8.099097563232255936e+01
1.536163303380373009e+02 8.078171842521008728e+00 4.589254560213487544e+00 3.443926364827648356e+00 1.914616159930046706e+02 8.303822998375055420e+01
2.009200098692232928e+02 7.938142111324207661e+00 4.664294870176052932e+00 3.399628677292917178e+00 3.662976045262559524e+02 8.155164161430165848e+01
2.589946600655520683e+02 8.202732956325395008e+00 4.492356460123920314e+00 3.628436696871580214e+00 3.535001307633063448e+02 1.384142554531696021e+02
2.911506680478145199e+02 8.286932062819598599e+00 4.992182022116907092e+00 3.532162212501246401e+00 3.671917329126729896e+02 1.432449140720550247e+02
3.483076768508114469e+02 8.507965713969689148e+00 4.608804960979035137e+00 3.669921759647159831e+00 3.547202885914883836e+02 1.429078051243000402e+02
3.919769657510992147e+02 9.312766555736697427e+00 5.045011841665005825e+00 3.571370181455856496e+00 3.599098783725751787e+02 1.454262472736732263e+02
5.044315707118718137e+02 9.849337698841360123e+00 5.090405072585351576e+00 3.880435651723891155e+00 3.563166523571421749e+02 1.402602565714612410e+02
5.875066282906875585e+02 1.026837608341543628e+01 5.518264739204432168e+00 4.311558880051437725e+00 3.662325529538204592e+02 1.501148380990592273e+02
6.950174120862812970e+02 1.076783776318291430e+01 6.164440227000118178e+00 4.187405548612819217e+00 7.567649365971990392e+02 3.249343158429849723e+02
7.858487341990928599e+02 1.051259082733460914e+01 6.060235175471816227e+00 4.486358597013528460e+00 7.705555449432984005e+02 3.166700713545561143e+02
9.123141900257575116e+02 1.113065319783480334e+01 6.264753648099299355e+00 4.487159440980549974e+00 7.509571030217813359e+02 3.105990326865121460e+02
9.606073738316406434e+02 1.186571252163068912e+01 6.401838617982668289e+00 4.601344228314953710e+00 7.742248637247698753e+02 3.214057754915653504e+02
1.053752361890586599e+03 1.188748426482779230e+01 6.724080250139692794e+00 4.500229643514428446e+00 7.633488898668884985e+02 3.059459715482794877e+02
1.244949872126180026e+03 1.192388495627417200e+01 6.320737527150509294e+00 4.715757521273980402e+00 7.475925357245117766e+02 3.110873989614896686e+02
1.270796836689107295e+03 1.168453695063475450e+01 6.822911784665328661e+00 4.638610758758878738e+00 7.356997308756838265e+02 3.008853070504824245e+02
1.434105381469492613e+03 1.215567228835299574e+01 6.394080116021052085e+00 5.008282298192900051e+00 7.730640729811989331e+02 3.076310404439188915e+02
1.676711646094907337e+03 1.265387743616599003e+01 7.053710422711999328e+00 5.005245504589987959e+00 7.561219473131693576e+02 2.966644527687067239e+02
1.807596683466334071e+03 1.299215821257500991e+01 6.550038026645946587e+00 5.126796241871977244e+00 7.940840871308523674e+02 3.101612064006811238e+02
2.033073876179818853e+03 1.273055082017424056e+01 7.030143059839140562e+00 4.962504498867827962e+00 8.164473809854589490e+02 3.084578477539251935e+02
2.264614414136079176e+03 1.284101364789602329e+01 6.743931525225897339e+00 5.334649707015026721e+00 8.153928490138500820e+02 3.247707287519358488e+02
2.283016005190036140e+03 1.265764348304591991e+01 7.360016350747638825e+00 5.394629330433905245e+00 8.180078269942100633e+02 3.025405844838959410e+02
2.549920506939634834e+03 1.292285369058876832e+01 6.741623358914775821e+00 5.149138898978642409e+00 7.677090360406182299e+02 3.135238952304608802e+02
2.639153376646368997e+03 1.368543876501090573e+01 7.020485534880081424e+00 5.396358364796525642e+00 8.155822810234287772e+02 3.235327413793133928e+02
2.799596300985911512e+03 1.331602783377967292e+01 7.349745798404473618e+00 5.950166604112570035e+00 7.801589430381786769e+02 2.979238843143682516e+02
2.811266623796871954e+03 7.697820903563031614e+00 0.000000000000000000e+00 9.336873883514222427e+00 8.332980872249697768e+02 2.987019078036905171e+02
3.063668516054615338e+03 8.049253210014828852e+00 0.000000000000000000e+00 1.052838254682834318e+01 5.605016684901206463e+04 0.000000000000000000e+00
3.144126565184875290e+03 8.655353192712468058e+00 0.000000000000000000e+00 9.731883466165422547e+00 5.577713306334912340e+04 0.000000000000000000e+00
3.203032221382868556e+03 8.488007884722907903e+00 0.000000000000000000e+00 1.034078655276973358e+01 5.535904463674700673e+04 0.000000000000000000e+00
3.221262278460045309e+03 8.731654124115689086e+00 0.000000000000000000e+00 1.081413919677098612e+01 5.768440284326643450e+04 0.000000000000000000e+00
3.430514854228248169e+03 8.865430767341445417e+00 0.000000000000000000e+00 1.068873702364068023e+01 5.926717007431952516e+04 0.000000000000000000e+00
3.489919984760397256e+03 9.173340959277489048e+00 0.000000000000000000e+00 1.062615627532071017e+01 5.974428305743277451e+04 0.000000000000000000e+00
3.605261126419714401e+03 9.377068454666293462e+00 0.000000000000000000e+00 1.127405997421207040e+01 6.055103062863687228e+04 0.000000000000000000e+00
3.549992224677762806e+03 8.981996780009451342e+00 0.000000000000000000e+00 1.060128194904976873e+01 6.064662125891922915e+04 0.000000000000000000e+00
3.932522447206424204e+03 9.629373897176819241e+00 0.000000000000000000e+00 1.160916457960018988e+01 6.068194220065534319e+04 0.000000000000000000e+00
3.886976694647869408e+03 9.850701817759155432e+00 0.000000000000000000e+00 1.159498563960285900e+01 5.993491564370678680e+04 0.000000000000000000e+00
4.048642394302839421e+03 9.245289957405724124e+00 0.000000000000000000e+00 1.098284721359748595e+01 5.586552712574641919e+04 0.000000000000000000e+00
3.955970580934625104e+03 9.652808093606578765e+00 0.000000000000000000e+00 1.097758510081804495e+01 6.034389255178625172e+04 0.000000000000000000e+00
3.970760246054809159e+03 1.009748358037485616e+01 0.000000000000000000e+00 1.135958292951989534e+01 5.840751140568276605e+04 0.000000000000000000e+00
4.278028405416643182e+03 9.682030994371737975e+00 0.000000000000000000e+00 1.130094763551337422e+01 5.995230326717538992e+04 0.000000000000000000e+00
4.269408179008451953e+03 9.815623176749673107e+00 0.000000000000000000e+00 1.114649843113321026e+01 5.565626145604313933e+04 0.000000000000000000e+00
4.629954874424051923e+03 9.442997736273023079e+00 0.000000000000000000e+00 1.163786464770743656e+01 5.993252577201725217e+04 0.000000000000000000e+00
4.671582607783414460e+03 1.005640994401637833e+01 0.000000000000000000e+00 1.200045789084612480e+01 6.050303973642345954e+04 0.000000000000000000e+00
4.455851633351034252e+03 9.554638616449585342e+00 0.000000000000000000e+00 1.185124072706702769e+01 6.033580915403502877e+04 0.000000000000000000e+00
4.877545791549865498e+03 9.645060803120182769e+00 0.000000000000000000e+00 1.137599488809627957e+01 5.499650251879206189e+04 0.000000000000000000e+00
4.848692796163258208e+03 1.052551103946858468e+01 0.000000000000000000e+00 1.150709886561644701e+01 5.864357729285857931e+04 0.000000000000000000e+00
4.923826275606464151e+03 1.028686035364061979e+01 0.000000000000000000e+00 1.192406448242985917e+01 5.606024075704081770e+04 0.000000000000000000e+00
5.262924775935732214e+03 1.079582266017481018e+01 0.000000000000000000e+00 1.167291614560965307e+01 6.051828976825770951e+04 0.000000000000000000e+00
5.336853780818205450e+03 1.054625623625302744e+01 0.000000000000000000e+00 1.202173845607532598e+01 5.672970172571895819e+04 0.000000000000000000e+00
4.999532613299962577e+03 1.090916320149134577e+01 3.634809037186741865e+00 1.314346641730295140e+01 4.394762605881452942e+02 8.866007024281739746e+01
5.082199150135263153e+03 1.129746399335828499e+01 3.533539744495264756e+00 1.271017806825248542e+01 4.504865698043018369e+02 8.394681925911271492e+01
5.170766159843298738e+03 1.057135026741822870e+01 3.543272839505371863e+00 1.222287852795411212e+01 4.509685155398485676e+02 8.381093474782831265e+01
5.352491408764213702e+03 1.124693335961987373e+01 3.692644177365064451e+00 1.329124291243122080e+01 4.585418677231494371e+02 8.156045562278472971e+01
5.643104511877379082e+03 1.118710456087328531e+01 3.691458678417430139e+00 1.326870872080682773e+01 4.326679224421797585e+02 8.368951681404361409e+01
5.703262428202921910e+03 1.156498054218343441e+01 3.446581153732546365e+00 1.319244265923428472e+01 4.389980397097439209e+02 8.922771273335601450e+01
5.718507977266949638e+03 1.134474415852708340e+01 3.435359801164301174e+00 1.244466561866619081e+01 4.562838984008143370e+02 8.897241098006102789e+01
5.627668195889050367e+03 1.118056973704708845e+01 3.619623039932596598e+00 1.288884723259403131e+01 4.400156242586988355e+02 8.666796829809543112e+01
6.007602225934069793e+03 1.138895201230167942e+01 3.546425275654180975e+00 1.302085679942574004e+01 4.431838660623801616e+02 8.211895716069344076e+01
6.061056440923221999e+03 1.108416369193375139e+01 3.559215153985352487e+00 1.293671883583103366e+01 4.254792426233780702e+02 8.859221957341996756e+01
6.300646736274692557e+03 1.117739540784581287e+01 3.701505333273006570e+00 1.293807008720008156e+01 4.443891199381153001e+02 8.395088972131691207e+01
6.368114970512893706e+03 1.170390520906269138e+01 3.667410518165156397e+00 1.269604100998506624e+01 4.471382006710082351e+02 8.305875079716604148e+01
6.009115997310325838e+03 1.100729591710193667e+01 3.567471484230106071e+00 1.351921281257528662e+01 4.181005452824715576e+02 8.810612354525483170e+01
6.581969700398156419e+03 1.120923153963759589e+01 3.741208675968642261e+00 1.305636954470423028e+01 4.160752325916469658e+02 8.367302585801751036e+01
