-4.675395357159799481e-01 5.847425845511047271e+00 3.337892678638884725e+00 2.871355890655246768e+00 1.333193876444531497e+03 6.031949445501164746e+02
3.477581766136786001e+01 5.918128364371949779e+00 3.316656688615259529e+00 2.782642241005250039e+00 1.353968160459115097e+03 6.165236240831291070e+02
3.292451589906673348e+01 7.879462756721556715e+00 4.351180520340083291e+00 3.388558583273365787e+00 1.373645686415945420e+03 6.249637431008160320e+02
5.212123252906724957e+01 7.864102115360219969e+00 4.518684451730508478e+00 3.386847773907319503e+00 1.372148192071618723e+03 6.279692488479836356e+02
9.532444159454074395e+01 7.983699306564960629e+00 4.587695673494273763e+00 3.376898360096765028e+00 1.993731050550034354e+02 8.178326664773750565e+01
1.517477764932064588e+02 8.318357737576903332e+00 4.688673037324198489e+00 3.257610091426680121e+00 1.940611628887271252e+02 7.755449048807017220e+01
1.988287752200321847e+02 8.590093390717743915e+00 4.634486043368339914e+00 3.597663915362909748e+00 3.615956409578775492e+02 8.131489554867411584e+01
2.538764153698735413e+02 8.417212351475694021e+00 4.636290940518201786e+00 3.503797331941563620e+00 3.729054680625190485e+02 1.424689927330389594e+02
3.058807611058898601e+02 8.683216857966176150e+00 4.974625519466562729e+00 3.720129733838750674e+00 3.700646747102725271e+02 1.401197544816590437e+02
3.656471389049895606e+02 8.837189903832586069e+00 4.848352704089620602e+00 3.628386085203850975e+00 3.587577448596491649e+02 1.424480168012619572e+02
4.015737676780161678e+02 9.334877407777335989e+00 4.752687398822596165e+00 3.623521164051282106e+00 3.703827048841047826e+02 1.449154455700477797e+02
5.247734302700578155e+02 9.380177114415628736e+00 5.064710669433787338e+00 3.737969454578127682e+00 3.746506297154091385e+02 1.417111627839114476e+02
5.950056988087571881e+02 1.048347677688356860e+01 5.864855652708054201e+00 4.313059067418432591e+00 3.589970994932554618e+02 1.439930077889517008e+02
6.777938800594491795e+02 1.024743249944917522e+01 5.863432825676660798e+00 4.319470122353768815e+00 7.315661801619555717e+02 3.140585746427576623e+02
8.377440801937018477e+02 1.119865170767241125e+01 5.926814756458659517e+00 4.673501426383927182e+00 7.540073597473747213e+02 3.146136386880724558e+02
9.057123084825456090e+02 1.068769434247841943e+01 6.143009250496186624e+00 4.460662758038727915e+00 7.692649922471289301e+02 3.211668279943701236e+02
1.033672172637378935e+03 1.188473618673510046e+01 6.049040182419267886e+00 4.676587936939791135e+00 7.706262412008321689e+02 2.979441457693289408e+02
1.049450153083670557e+03 1.138065335309204151e+01 6.141631981347678959e+00 4.532011138541480300e+00 7.334322382005474310e+02 3.177504442574945074e+02
1.217542391834663249e+03 1.157636406760215486e+01 6.712512429101392009e+00 4.707279941575137627e+00 7.093544591776433208e+02 3.131189789137680464e+02
1.346775325331102522e+03 1.188527879783010377e+01 6.378739931345855041e+00 4.961022106675172516e+00 7.491242572160722375e+02 3.094386002689820430e+02
1.410423774840518490e+03 1.144707108650763061e+01 6.563609093085413626e+00 4.870673190878322067e+00 7.560188191344418556e+02 3.024680491214297149e+02
1.599185776732984550e+03 1.257463304781850688e+01 6.773700674244506281e+00 4.999302660930811548e+00 7.220826403652498584e+02 3.002119528574672813e+02
1.775449369556903093e+03 1.196623734456136923e+01 6.781007449575255031e+00 5.262523513809533426e+00 8.287432739888818105e+02 3.220911865774074272e+02
1.982851461737700674e+03 1.305088341315866529e+01 6.609594411106964884e+00 5.281673833669683127e+00 8.125793384215003243e+02 3.179336722820415275e+02
2.155231304006892060e+03 1.309682966345382304e+01 6.996871046140377359e+00 5.156277659253391654e+00 7.788061480751435965e+02 3.192686541047552851e+02
2.402827247665818959e+03 1.373324528960121960e+01 7.019633265089922247e+00 5.616088997994522991e+00 7.964771172950763685e+02 3.213328441354219080e+02
2.598406499601832820e+03 1.264561444885916330e+01 7.014302325811660133e+00 5.250146072878075110e+00 8.278611166477847974e+02 3.097995767810517691e+02
2.522723877658438141e+03 1.311878950895367879e+01 7.156968629036943419e+00 5.704707013063949894e+00 7.707821862875766783e+02 3.025729323021073469e+02
2.822051763228361324e+03 1.388105899612615524e+01 7.091363297229492879e+00 5.924096065135257660e+00 7.779668104143845540e+02 3.125433944007046421e+02
2.842159228438605624e+03 8.450228520683412015e+00 0.000000000000000000e+00 9.463239074421011310e+00 7.902879327972045758e+02 3.076681817477518734e+02
2.895829336084990246e+03 7.806224299307396919e+00 0.000000000000000000e+00 9.558861008010374860e+00 5.601112869070308807e+04 0.000000000000000000e+00
3.028369358104359890e+03 8.420435200069146475e+00 0.000000000000000000e+00 1.068745851278591630e+01 5.966398973676263267e+04 0.000000000000000000e+00
3.309071862310184770e+03 8.165090121039627391e+00 0.000000000000000000e+00 1.012248526507967306e+01 6.063479722774983384e+04 0.000000000000000000e+00
3.117972808872269525e+03 8.875943502571237431e+00 0.000000000000000000e+00 1.035954911246932042e+01 5.867276662569870678e+04 0.000000000000000000e+00
3.361657736929060320e+03 8.583444097805658757e+00 0.000000000000000000e+00 1.101789942670487221e+01 6.010584898359756335e+04 0.000000000000000000e+00
3.523616965382162562e+03 8.737698349980929535e+00 0.000000000000000000e+00 1.073305147684069638e+01 5.890769964548281860e+04 0.000000000000000000e+00
3.705642520429129945e+03 9.101797431686286188e+00 0.000000000000000000e+00 1.072371691885882150e+01 5.907572520479485684e+04 0.000000000000000000e+00
3.625160026981906412e+03 8.878361731237792043e+00 0.000000000000000000e+00 1.143498057338615226e+01 5.826258869701073127e+04 0.000000000000000000e+00
3.716767321368383364e+03 8.846508978505067233e+00 0.000000000000000000e+00 1.068181001875166025e+01 6.038730415598955733e+04 0.000000000000000000e+00
3.953094786960381953e+03 9.668323934859989421e+00 0.000000000000000000e+00 1.090883873140786342e+01 5.669859800863379496e+04 0.000000000000000000e+00
3.802785473222922519e+03 9.030666724062282213e+00 0.000000000000000000e+00 1.143295082310775435e+01 5.516813822436377814e+04 0.000000000000000000e+00
3.988930761779141903e+03 9.298198828055902254e+00 0.000000000000000000e+00 1.109285741065590614e+01 5.769465601087405958e+04 0.000000000000000000e+00
4.118560478537712697e+03 9.308555245163725900e+00 0.000000000000000000e+00 1.128792273467993645e+01 5.974507596589174500e+04 0.000000000000000000e+00
4.121453842171076758e+03 1.006356986266738751e+01 0.000000000000000000e+00 1.212835109750611728e+01 5.507332368567803496e+04 0.000000000000000000e+00
4.303934339670588088e+03 9.587083224909195067e+00 0.000000000000000000e+00 1.161224360218756679e+01 5.579214520953148167e+04 0.000000000000000000e+00
4.644271815845899255e+03 1.010157757385485766e+01 0.000000000000000000e+00 1.215267077470937629e+01 5.744904394151212909e+04 0.000000000000000000e+00
4.596262492762803049e+03 9.581291428093068774e+00 0.000000000000000000e+00 1.122474016830089916e+01 5.651832980592787499e+04 0.000000000000000000e+00
4.889424108480309769e+03 9.774027136203827126e+00 0.000000000000000000e+00 1.134730111686392817e+01 6.063116065571094805e+04 0.000000000000000000e+00
4.754794788547856115e+03 9.819849684823717340e+00 0.000000000000000000e+00 1.157913913306413178e+01 5.687067225218106614e+04 0.000000000000000000e+00
5.046896925418990577e+03 1.060460921105120491e+01 0.000000000000000000e+00 1.203604271384573821e+01 5.970355593914323981e+04 0.000000000000000000e+00
4.865737195513236657e+03 9.969363298548024943e+00 0.000000000000000000e+00 1.220711251688837429e+01 5.903184819394571241e+04 0.000000000000000000e+00
5.104177517339713631e+03 1.053150999697105483e+01 0.000000000000000000e+00 1.164129812964180566e+01 5.596148613405713695e+04 0.000000000000000000e+00
5.301163639326459815e+03 1.083289677444998311e+01 0.000000000000000000e+00 1.189419687249432833e+01 5.568849552941806905e+04 0.000000000000000000e+00
5.225878152887784381e+03 1.054510205134519651e+01 3.654691301767001743e+00 1.291777344814473416e+01 4.300726284126962469e+02 8.407838050619699288e+01
5.400463674278694270e+03 1.060574351010988892e+01 3.486468554910503670e+00 1.333782910250612908e+01 4.529528520591085794e+02 8.456056469945362153e+01
5.069683513553875855e+03 1.052338433576976584e+01 3.515077052071420294e+00 1.236474338740964640e+01 4.549464530353385499e+02 8.642718381117467175e+01
5.289384089303990550e+03 1.108360369044886262e+01 3.703194184610580919e+00 1.241624408921259004e+01 4.256450113761217722e+02 8.605974475077464092e+01
5.273247297388705192e+03 1.153308617945433312e+01 3.756814040978403657e+00 1.292154263582129659e+01 4.526974262846188140e+02 8.823942177488261507e+01
5.694359183261096405e+03 1.088341736274901450e+01 3.521385010706834073e+00 1.284320042248235083e+01 4.231572769469905211e+02 8.909740988489477331e+01
5.545591992977367227e+03 1.123855334246648496e+01 3.637668069597268072e+00 1.325673561938525147e+01 4.496654226687578557e+02 8.165077085683086011e+01
5.719050841197144109e+03 1.138895850296952439e+01 3.763460876908370611e+00 1.250081278519703964e+01 4.427868283300785492e+02 8.692355218894186919e+01
5.971569116899019718e+03 1.091064703404029146e+01 3.737629212579816951e+00 1.257238899061889548e+01 4.356156505466670978e+02 8.406860175362569976e+01
5.816488568644399493e+03 1.125765532122016666e+01 3.545877674393596468e+00 1.284904584581466125e+01 4.383061799799910432e+02 8.731894006060278457e+01
5.846096347396553938e+03 1.170338099293259404e+01 3.522241931327460218e+00 1.320272474861423717e+01 4.303426483692300621e+02 8.248016823190727109e+01
6.324273897617514194e+03 1.105144433047007269e+01 3.828504589585199458e+00 1.256277846932250242e+01 4.137276121352687710e+02 8.737474386169702711e+01
5.973687782461083771e+03 1.179235559361615060e+01 3.692609196498152002e+00 1.258636569901197610e+01 4.463513594223651353e+02 8.915852749430855795e+01
6.676636566583600143e+03 1.102234762984122973e+01 3.545314078889786558e+00 1.297376105617843223e+01 4.315446578001466946e+02 8.465656938682199950e+01
