2.000000000000000111e-01 3.300783799365960114e+00
1.000000000000000056e-01 3.390783799365960416e+00
5.000000000000000278e-02 3.734783799365960277e+00
3.333333333333333287e-02 3.974783799365960490e+00
2.000000000000000042e-02 4.134783799365960633e+00
1.250000000000000069e-02 4.218783799365960263e+00
1.000000000000000021e-02 4.254783799365959851e+00
6.666666666666667095e-03 4.352783799365960604e+00
5.000000000000000104e-03 4.482783799365960498e+00
4.000000000000000083e-03 4.630783799365960185e+00
3.333333333333333547e-03 4.784783799365960100e+00
