4.491743593759836006e-01 5.537684258298492423e+00 3.204219218550023562e+00 2.849711390852299520e+00 1.396162065167345872e+03 5.728842487256694085e+02
3.305256383186535629e+01 5.857236581927195651e+00 3.245553583352727145e+00 2.671263097447213575e+00 1.379561443952630043e+03 5.723779435886086731e+02
3.163404357699138103e+01 7.791115698888145147e+00 4.170111113125052782e+00 3.462636580924361773e+00 1.379479996482949218e+03 5.734060617367675832e+02
5.133693450471859876e+01 7.834026712582423002e+00 4.284224720367633132e+00 3.183094578455626600e+00 1.389368420240478144e+03 5.932469328018325996e+02
9.589443482952320608e+01 7.800136940820025622e+00 4.421154754024152034e+00 3.310321558157697019e+00 1.900233356271512264e+02 8.136229871721670293e+01
1.434963262937395427e+02 7.807479698133011681e+00 4.609905403731542783e+00 3.477148447751256644e+00 2.053442977124958304e+02 8.228333558930211211e+01
2.028490052765378664e+02 8.221634304672980065e+00 4.606176021535352660e+00 3.302833095702471855e+00 3.623516265699818177e+02 8.074348316158923922e+01
2.496164652177606627e+02 8.223779281714655554e+00 4.754406918866049381e+00 3.359595021555556560e+00 3.458563663363216847e+02 1.370085015609153061e+02
2.962869309540326412e+02 8.546840726331540239e+00 4.807583085959162617e+00 3.589586352822585535e+00 3.763127870365155445e+02 1.382994778228619452e+02
3.547196453250872423e+02 8.958710278027572471e+00 5.008797387943313417e+00 3.547849088766548142e+00 3.714015599231569240e+02 1.428017077289835868e+02
4.246918676183861976e+02 9.235302369640983500e+00 4.845050346668130281e+00 3.773828889165728562e+00 3.560299890169303580e+02 1.427172861685450584e+02
4.915320612934162341e+02 9.093482763404141522e+00 5.102377118635182285e+00 3.920979234461678065e+00 3.427215255498707620e+02 1.473522107845263633e+02
5.882567771201672713e+02 1.044502453235507566e+01 5.590859668342694100e+00 4.110490952957542632e+00 3.570604203749316525e+02 1.365962311576859349e+02
6.366547499565980388e+02 1.041718412057687004e+01 5.825177873082924229e+00 4.334587540435804520e+00 7.342276204632710233e+02 3.073016561752472739e+02
7.779266527178938304e+02 1.059405396386911846e+01 6.122626873376597167e+00 4.479296156510331528e+00 7.602250886109827661e+02 3.100674688023766521e+02
9.002844881647815782e+02 1.172359764122306913e+01 6.192383001598562586e+00 4.509116860226464851e+00 7.207834478003929917e+02 3.087079311707024090e+02
9.517710735356101850e+02 1.142551834137494104e+01 6.360960502322631882e+00 4.604450233128524417e+00 7.378588409162694006e+02 3.182178354854123654e+02
1.149731285549498580e+03 1.126564699125259850e+01 6.544072642123928141e+00 4.877635372936035552e+00 7.377262839112570418e+02 3.098884110454185361e+02
1.195000172586934013e+03 1.130266782341658782e+01 6.466253768396190260e+00 4.976420021814913497e+00 7.393228179473853743e+02 3.200900390700946332e+02
1.296390711634441232e+03 1.233675451020102187e+01 6.363613292362146900e+00 4.676745858469637973e+00 7.438963166865647736e+02 3.042988323687479806e+02
1.349990295542723516e+03 1.195417518571905902e+01 6.531821723989781781e+00 4.935634183840992506e+00 7.251094116982470723e+02 3.003238697212013335e+02
1.649250764493213410e+03 1.183489410976370060e+01 6.879827622095007200e+00 4.795769668976968880e+00 7.546222018464458188e+02 3.186235319079231090e+02
1.784414082048481305e+03 1.209026646432477925e+01 6.489157586338309081e+00 5.251345178955224569e+00 7.992698037416170109e+02 3.047880932374108056e+02
1.983653825823434317e+03 1.272172820388700032e+01 7.207440026754735385e+00 5.030763015558035178e+00 8.095866521780271796e+02 2.986932422040327992e+02
2.153582735233739641e+03 1.316775204919735565e+01 6.935130612398234362e+00 5.431195849015098887e+00 8.217438263584041351e+02 3.202599022260172319e+02
2.349514893959499659e+03 1.253333648321784644e+01 6.780633167176953080e+00 5.190381447602361753e+00 8.063674575421233612e+02 3.211351914568130610e+02
2.694097230728466911e+03 1.259000102305330770e+01 6.935237993522646249e+00 5.339970688330566873e+00 7.709535724943565356e+02 3.049696715892773682e+02
2.680882804373916770e+03 1.316748792382406386e+01 7.360743477964580173e+00 5.839583203501356401e+00 8.172216475129648643e+02 3.125696918534563906e+02
2.982184212211701379e+03 1.395137529871456294e+01 7.357958932118257245e+00 5.946430064295585183e+00 7.646890795436692088e+02 3.082810611964887926e+02
2.954881395988450549e+03 7.706311245299362511e+00 0.000000000000000000e+00 9.293575120718845284e+00 7.620976921949728649e+02 2.967237090855651331e+02
3.104210583906741704e+03 8.132468936626628064e+00 0.000000000000000000e+00 9.549686709197306556e+00 5.658871250139376207e+04 0.000000000000000000e+00
3.018552162471020438e+03 8.341007979350132828e+00 0.000000000000000000e+00 9.933446619505859942e+00 5.979629538159622462e+04 0.000000000000000000e+00
3.215008328318142503e+03 8.219015265582958918e+00 0.000000000000000000e+00 9.828209291075870269e+00 5.855027210805983486e+04 0.000000000000000000e+00
3.315593099739574427e+03 8.604344067356812786e+00 0.000000000000000000e+00 1.089761270432066276e+01 5.579165423161438230e+04 0.000000000000000000e+00
3.398824808858792039e+03 8.773189209246972098e+00 0.000000000000000000e+00 1.101684075867214574e+01 5.519878620274014975e+04 0.000000000000000000e+00
3.388439922588330774e+03 9.240537856546064077e+00 0.000000000000000000e+00 1.111202374040827223e+01 5.712444309814737790e+04 0.000000000000000000e+00
3.392308482481366354e+03 8.663422973305840102e+00 0.000000000000000000e+00 1.099037685901418904e+01 5.692864716294596292e+04 0.000000000000000000e+00
3.605851496339235382e+03 9.162465309990023954e+00 0.000000000000000000e+00 1.083312231865672004e+01 5.507045802701548382e+04 0.000000000000000000e+00
3.883783926510437141e+03 9.464087297021793077e+00 0.000000000000000000e+00 1.066202544825075549e+01 5.829168264297442511e+04 0.000000000000000000e+00
3.909997220963359268e+03 9.822143047129753057e+00 0.000000000000000000e+00 1.168147932187058302e+01 5.911180618795051123e+04 0.000000000000000000e+00
3.774464474251329648e+03 9.260283914374186409e+00 0.000000000000000000e+00 1.100679418146601840e+01 5.577094091379908787e+04 0.000000000000000000e+00
3.922896881312653477e+03 9.827669222321143039e+00 0.000000000000000000e+00 1.097262194187475615e+01 5.916762540134001028e+04 0.000000000000000000e+00
4.140814126369831683e+03 9.549614720968396142e+00 0.000000000000000000e+00 1.146738421811979336e+01 5.842738039357517846e+04 0.000000000000000000e+00
4.451414857149800810e+03 9.615154260637943651e+00 0.000000000000000000e+00 1.174574823590069172e+01 6.057211620865220902e+04 0.000000000000000000e+00
4.186583566394158879e+03 1.027447903942978513e+01 0.000000000000000000e+00 1.128984404467108149e+01 5.775399951120477635e+04 0.000000000000000000e+00
4.479546476486091706e+03 1.008290255831329318e+01 0.000000000000000000e+00 1.190567464719585544e+01 5.494908390667348431e+04 0.000000000000000000e+00
4.411208115428355995e+03 1.043266617346691483e+01 0.000000000000000000e+00 1.157986743626613624e+01 5.539490602787144599e+04 0.000000000000000000e+00
4.648789261445198463e+03 9.791959512893631867e+00 0.000000000000000000e+00 1.191272272036557744e+01 6.022582317487877299e+04 0.000000000000000000e+00
4.736553964771399478e+03 1.056667501315632762e+01 0.000000000000000000e+00 1.188861811853474038e+01 5.933429849727406690e+04 0.000000000000000000e+00
4.801998763927202162e+03 9.749800768473891210e+00 0.000000000000000000e+00 1.170884000504355882e+01 5.513209838828704233e+04 0.000000000000000000e+00
4.978260056325887490e+03 1.073322422180676128e+01 0.000000000000000000e+00 1.204519238404651560e+01 5.985424054410873214e+04 0.000000000000000000e+00
5.299356968622251770e+03 1.036509741165657417e+01 0.000000000000000000e+00 1.266138128725526713e+01 5.798345657100933022e+04 0.000000000000000000e+00
5.256550319882878284e+03 1.035489046374527433e+01 0.000000000000000000e+00 1.191513977332844831e+01 5.720389494597203156e+04 0.000000000000000000e+00
5.361164198105595460e+03 1.059746921275018217e+01 3.529607628663514074e+00 1.315415633388384364e+01 4.624840079734804590e+02 8.523646621561776726e+01
5.163952498345148342e+03 1.088221377735059825e+01 3.623942493479657578e+00 1.340586617977218076e+01 4.638721348195931000e+02 8.829684893272514046e+01
5.090025279758356191e+03 1.086980717451306155e+01 3.489735100888552655e+00 1.265888403835178799e+01 4.623197724230764720e+02 8.607672749768219944e+01
5.421438130848091532e+03 1.132378641538834785e+01 3.575673401010801111e+00 1.339132516197274825e+01 4.421165293253403092e+02 8.500538176440846883e+01
5.515103601462681581e+03 1.155858495913905415e+01 3.672944095076403848e+00 1.295559468807399917e+01 4.514069630602516554e+02 8.557789732927165005e+01
5.430724090980218534e+03 1.072848087523441407e+01 3.499228209264457767e+00 1.267331434403525670e+01 4.264659353498180963e+02 8.221895092295063989e+01
5.503588646250559577e+03 1.134577781301882560e+01 3.575426632571137020e+00 1.347080211495431357e+01 4.181452997722045097e+02 8.505161612994470488e+01
5.978154753214200355e+03 1.159524142960420612e+01 3.698401965260774471e+00 1.316585373459206920e+01 4.493915629447005813e+02 8.449764209297612183e+01
5.978843264064568757e+03 1.132369975998707368e+01 3.502644541271786593e+00 1.266089097995024915e+01 4.202193600389557560e+02 8.909566394240501097e+01
6.179773228324073898e+03 1.139479940092823362e+01 3.551760525547944081e+00 1.277035217164984537e+01 4.224764071275741912e+02 8.506079920961201424e+01
6.181296853031613864e+03 1.088347180153705551e+01 3.766777967666107063e+00 1.308393567617144271e+01 4.490991671655030473e+02 8.448286108432995434e+01
6.182455678600308602e+03 1.109606057316442751e+01 3.563572819899609723e+00 1.337978075599631289e+01 4.147148515634433465e+02 8.437828050086072551e+01
6.194423344146804084e+03 1.179001734202476825e+01 3.592032545866564064e+00 1.339635730795279578e+01 4.414929948123176473e+02 8.869562641700083816e+01
6.226656519240924354e+03 1.102079412827030858e+01 3.596498990727672318e+00 1.278911937345253591e+01 4.379871689309233034e+02 8.398007950902241703e+01
