-1.656199987389308514e-01 5.638374932382275162e+00 3.183484162553161134e+00 2.682644936849353012e+00 1.455115639579905064e+03 5.938014457667802617e+02
3.337483605545532583e+01 5.614125694390053489e+00 3.262421945293274117e+00 2.696033966784578517e+00 1.383512788875109663e+03 5.977103665408628785e+02
3.273751706728210564e+01 7.609510860802947363e+00 4.168691755071210814e+00 3.460744147433383322e+00 1.433398664413675533e+03 6.220123775292194068e+02
5.011993854782233626e+01 7.453073127522877428e+00 4.479040924322585049e+00 3.249538326576729474e+00 1.398997214971145240e+03 5.990377751085668478e+02
9.540644068878758333e+01 7.949917828567887312e+00 4.376899038004848919e+00 3.451451677658320172e+00 1.941052692105027404e+02 7.992937393471656549e+01
1.530873797493160566e+02 8.128545582300493066e+00 4.514658075603223075e+00 3.308100815550769624e+00 2.053075967541014109e+02 7.845783942662750121e+01
1.924802041653379661e+02 7.957511808067686765e+00 4.445986630474112467e+00 3.473789678186411933e+00 3.713697337438285331e+02 8.351575361937754849e+01
2.431432215211526113e+02 8.503350272867443493e+00 4.704290125725955285e+00 3.581709140942798797e+00 3.565142668944592401e+02 1.405806484167186454e+02
2.930177812688120866e+02 8.632595633426779713e+00 4.866823977856111760e+00 3.723874892663313396e+00 3.608784986909719805e+02 1.446696258589315676e+02
3.422707917776505155e+02 8.807132412755670714e+00 4.610998557144656118e+00 3.564109419549484237e+00 3.510510807094265715e+02 1.482815422280875737e+02
4.244906805232989200e+02 8.569203560781843976e+00 4.960599594754671493e+00 3.547225722273517512e+00 3.758058347329294406e+02 1.392558525104489320e+02
5.253091876336879977e+02 9.850053412238507278e+00 5.476368368154995281e+00 3.667882304164992391e+00 3.433026521102761990e+02 1.437459581413714886e+02
5.985957813165492780e+02 1.047395255627327515e+01 5.543132554833989367e+00 4.186408489731447524e+00 3.649542452304251015e+02 1.501163971723829604e+02
6.570044448866667608e+02 1.124575902579459985e+01 5.943761271304931704e+00 4.320998680392290403e+00 7.046052216878855461e+02 3.167304893456984018e+02
8.043420184939881210e+02 1.086859187882055444e+01 6.340677624495018705e+00 4.669619142327102068e+00 7.041362378197082990e+02 3.209152950333940453e+02
8.989672127915782767e+02 1.104279223985706615e+01 6.127642442796459754e+00 4.755584209536807272e+00 7.598097855070037667e+02 3.179100753377667274e+02
1.021515383469261792e+03 1.170055794987299791e+01 6.667060943903522663e+00 4.427306874935680092e+00 7.470730536782647278e+02 3.149979859441785379e+02
1.111253910888104883e+03 1.158678152194766575e+01 6.390370105045869664e+00 4.550969908268335473e+00 7.712615107341935072e+02 3.092542610226569195e+02
1.227586170525001080e+03 1.123013043304838732e+01 6.314735460087388397e+00 4.980237087049108169e+00 7.238133755334129091e+02 3.242497519808994753e+02
1.340509601198535847e+03 1.164344101518002539e+01 6.572729088240732764e+00 4.638357687894580472e+00 7.060552684560325361e+02 3.128532446743886339e+02
1.353876640435025138e+03 1.240427534817181687e+01 6.555173967703245452e+00 4.977804372438705549e+00 7.128578204325464185e+02 3.254369212163896918e+02
1.679042771095715807e+03 1.262018768787334366e+01 6.512470527622551408e+00 5.143045228994528095e+00 7.087291090086411032e+02 3.270659458919699887e+02
1.737607978904253059e+03 1.309691308634381812e+01 6.817976090683099955e+00 5.338291685134898046e+00 7.660066034185553008e+02 3.040833752265031649e+02
2.056395646803151067e+03 1.323859541491584224e+01 7.002630699987972385e+00 5.281308504421031280e+00 8.066217053573117255e+02 3.169924063457079342e+02
2.207436519484970177e+03 1.366835695545482565e+01 7.314343959086076374e+00 5.077918519732644853e+00 8.383929064559724793e+02 3.147241245967757095e+02
2.201093857012164790e+03 1.341296807250868994e+01 6.723113125389021505e+00 5.300888447708757667e+00 7.790183817671154429e+02 3.256298717006271772e+02
2.714425124509856687e+03 1.284858286107199987e+01 7.167939207679296487e+00 5.144718478183078147e+00 7.832814075045505433e+02 3.082222193119995381e+02
2.483772337502206938e+03 1.367227844226493438e+01 7.338826134956476288e+00 5.460910743484506114e+00 8.148038138802339745e+02 3.006956955833753113e+02
2.978171424404043137e+03 1.309892155249768209e+01 7.461437542401964329e+00 5.678267379796826830e+00 7.653454159071302456e+02 3.191877356557467920e+02
2.761011780479720528e+03 8.329465766176786801e+00 0.000000000000000000e+00 9.281401699234024250e+00 8.188639138639558723e+02 3.188614993563977578e+02
3.042911791014930259e+03 8.032710337863205652e+00 0.000000000000000000e+00 9.685481762584593923e+00 5.669105247051261540e+04 0.000000000000000000e+00
3.131572402916020565e+03 8.295006799236778861e+00 0.000000000000000000e+00 9.897144073557440080e+00 5.615017370423382090e+04 0.000000000000000000e+00
3.096649717076004436e+03 8.747981644428707071e+00 0.000000000000000000e+00 1.054670262225359600e+01 6.027643547738507186e+04 0.000000000000000000e+00
3.322760459194093528e+03 8.322675169680966434e+00 0.000000000000000000e+00 1.063459903227004766e+01 6.032862743720436993e+04 0.000000000000000000e+00
3.258591937839491493e+03 8.897568364626126325e+00 0.000000000000000000e+00 1.044765581289943768e+01 5.624669072372104711e+04 0.000000000000000000e+00
3.438778115090590745e+03 8.804184322649730277e+00 0.000000000000000000e+00 1.107425307717296015e+01 5.953615836317498179e+04 0.000000000000000000e+00
3.519506032372470145e+03 8.865936152563156369e+00 0.000000000000000000e+00 1.122441327424241919e+01 5.685189120847095182e+04 0.000000000000000000e+00
3.595572459546501705e+03 9.351301638354941659e+00 0.000000000000000000e+00 1.062326809507804803e+01 5.693815397185175243e+04 0.000000000000000000e+00
3.879870996358623415e+03 9.488543708938166787e+00 0.000000000000000000e+00 1.143928376989330431e+01 5.709116238327137398e+04 0.000000000000000000e+00
3.754180700441305362e+03 9.709676273132741287e+00 0.000000000000000000e+00 1.066004362140792772e+01 6.006352583611063892e+04 0.000000000000000000e+00
4.019873392019380844e+03 9.699002733957353684e+00 0.000000000000000000e+00 1.144409258295483767e+01 5.832521584819823329e+04 0.000000000000000000e+00
4.158936507892693044e+03 9.834004561044077164e+00 0.000000000000000000e+00 1.117974570732309303e+01 6.043828469280442368e+04 0.000000000000000000e+00
4.307779534881661675e+03 9.882727690664271591e+00 0.000000000000000000e+00 1.132761995063973615e+01 5.851708549046893313e+04 0.000000000000000000e+00
4.095647148649307837e+03 9.268016911542144243e+00 0.000000000000000000e+00 1.197056260371766712e+01 5.711617497016413108e+04 0.000000000000000000e+00
4.466161601456636163e+03 9.813246131417070472e+00 0.000000000000000000e+00 1.177367896507261769e+01 5.867302253859075427e+04 0.000000000000000000e+00
4.334272792095845944e+03 1.009426874002343055e+01 0.000000000000000000e+00 1.185408125051472794e+01 5.961731052879029448e+04 0.000000000000000000e+00
4.533601126439029031e+03 9.968654227909611976e+00 0.000000000000000000e+00 1.140599402231628545e+01 5.500216856548207579e+04 0.000000000000000000e+00
4.809635871743843381e+03 9.692197512219403066e+00 0.000000000000000000e+00 1.149702029489977662e+01 5.686825020527485322e+04 0.000000000000000000e+00
4.970206430401924081e+03 1.031611856760020807e+01 0.000000000000000000e+00 1.150144788022390685e+01 5.933439097104842222e+04 0.000000000000000000e+00
4.726061557018170788e+03 9.744762445194215417e+00 0.000000000000000000e+00 1.189783330899243374e+01 6.055449349315111613e+04 0.000000000000000000e+00
5.122930658997928731e+03 9.802256000085472820e+00 0.000000000000000000e+00 1.177479150253544304e+01 6.024328517116919829e+04 0.000000000000000000e+00
4.881653748752160027e+03 1.027564176328739798e+01 0.000000000000000000e+00 1.262614224565097487e+01 5.622930758401550702e+04 0.000000000000000000e+00
5.387432030764922274e+03 1.028434992458031871e+01 0.000000000000000000e+00 1.263540784055097888e+01 5.648151436527291662e+04 0.000000000000000000e+00
5.054967805298632811e+03 1.154533915686652179e+01 3.591541681501738026e+00 1.315263802800343385e+01 4.602520699033040614e+02 8.197439946328067606e+01
5.111820225863792984e+03 1.105806399713727295e+01 3.650207184928853099e+00 1.245750809659127256e+01 4.451947956668855113e+02 8.760868233482922562e+01
5.513241128633173503e+03 1.161921788318910487e+01 3.374172398431055875e+00 1.317223361574178497e+01 4.399580453955090888e+02 8.902507234359454458e+01
5.181695343691994822e+03 1.126738759459754213e+01 3.701472796390726128e+00 1.224833044633093060e+01 4.370535821946485839e+02 8.275233402644030889e+01
5.358662135652783945e+03 1.134133093707684559e+01 3.570927973032318459e+00 1.301841511081310720e+01 4.543199576966478617e+02 8.703107115123680160e+01
5.760620998140096162e+03 1.166706203622690374e+01 3.695373676498687310e+00 1.230203364988201287e+01 4.562976125352611234e+02 8.503253868948071670e+01
5.846044810459680775e+03 1.120991453889898892e+01 3.535029183629438077e+00 1.246430948159727947e+01 4.441972068248998085e+02 8.488139574116081576e+01
5.834909242679120325e+03 1.140026588190317547e+01 3.506426343481224173e+00 1.289142340997912584e+01 4.233501417740549186e+02 8.867869442655650403e+01
5.773313276091143052e+03 1.116719287198160870e+01 3.770052092386253495e+00 1.246511916929249963e+01 4.288385073840301516e+02 8.346261592472031055e+01
6.040971929136191648e+03 1.104618776504650768e+01 3.691594623613880355e+00 1.281578837284026839e+01 4.405541342309577999e+02 8.386401188020653308e+01
6.114883237994685260e+03 1.149653101694105573e+01 3.640210400657246215e+00 1.352004023054296589e+01 4.384840792542205463e+02 8.293850427662698621e+01
6.475799716600914508e+03 1.120352073799108794e+01 3.741946497099364333e+00 1.302310484829450665e+01 4.337020373181048853e+02 8.078735181728566772e+01
6.188598647549444649e+03 1.078532744913519359e+01 3.647533601867471997e+00 1.284844810454104369e+01 4.409519408941289385e+02 8.780768745424664701e+01
6.160933868326989796e+03 1.155692853434032941e+01 3.526225523792511307e+00 1.355824649370489787e+01 4.215677448877466418e+02 8.330596137643509280e+01
