3.933579934218559560e-01 6.084663094528841576e+00 3.382713642796684184e+00 2.921741985024225219e+00 1.340135033503731393e+03 5.700244716148758926e+02
3.317695321168287137e+01 5.921520532660085046e+00 3.353756121110974320e+00 2.905432241903388668e+00 1.363035386345716233e+03 5.807101209358231699e+02
3.347581654062521750e+01 7.621009285098710784e+00 4.177647084031139713e+00 3.209908084962311836e+00 1.461212796036789314e+03 5.809388316590146815e+02
5.210496805905858508e+01 7.604483410839170787e+00 4.571227624309280202e+00 3.304428348464600429e+00 1.359670494122068931e+03 6.006173933921728576e+02
1.039379442422395528e+02 8.260908612817468466e+00 4.288816721195803261e+00 3.516079347444841741e+00 2.082905738979643502e+02 8.238147942035132587e+01
1.526654910611520961e+02 8.504757027547691806e+00 4.725724534975707769e+00 3.377772536361079769e+00 2.051019215325677862e+02 8.399538660119804945e+01
1.923460087425712572e+02 8.598573463919755966e+00 4.419294981414867429e+00 3.578019624894709594e+00 3.428726228979322173e+02 7.873621465476354331e+01
2.374049693297457111e+02 8.308373480659042798e+00 4.604242480449661556e+00 3.402304215860303849e+00 3.424274214413687787e+02 1.418030769793557795e+02
2.915382205989385511e+02 8.191188186062367649e+00 4.571278177706207480e+00 3.433078791464975410e+00 3.506887540999645125e+02 1.423214851666870970e+02
3.418953336122522160e+02 8.315136487625656159e+00 5.041037816386337411e+00 3.712055976375436384e+00 3.643930408146920854e+02 1.483621950808355621e+02
4.042509930427833638e+02 8.835462017968154669e+00 4.985388824047916501e+00 3.814141368249848618e+00 3.717397237286555765e+02 1.430455692986223539e+02
4.834440961041590299e+02 9.216968096878627392e+00 5.466196986593081064e+00 3.963456837120899134e+00 3.446397211942971808e+02 1.414625050556610972e+02
6.300875031802629564e+02 1.029356397686108515e+01 5.545579460009022910e+00 4.106912454739439333e+00 3.579501391240611952e+02 1.433611661813890805e+02
6.404927751324455585e+02 1.084161527575999884e+01 6.205333047387860290e+00 4.545656152227864233e+00 7.576756042502246373e+02 3.100257130386892186e+02
8.340815175711485381e+02 1.066110068185851922e+01 6.362991094288362071e+00 4.324087416345101076e+00 7.210440209057885568e+02 3.080561875683368385e+02
8.896999926882513137e+02 1.148364990225719495e+01 5.946826036055247400e+00 4.487515566747445561e+00 7.140931584133943488e+02 3.139922162519301878e+02
9.980127846601437795e+02 1.093248069581860804e+01 6.426372608213113402e+00 4.855973467389358866e+00 7.434340741677104916e+02 3.232715641040186370e+02
1.098638516398413230e+03 1.159755747666446624e+01 6.424004884804878301e+00 4.648867832839868264e+00 7.358769276485841146e+02 3.079075007926425656e+02
1.246074984769630646e+03 1.150274126298776878e+01 6.176836183226360966e+00 4.782321621950472945e+00 7.439355028730631147e+02 3.215615581947809574e+02
1.323921170893045428e+03 1.204831219265077813e+01 6.491876108245381971e+00 4.888511474420025316e+00 7.161587442676166120e+02 3.064101168808907687e+02
1.455110171823682776e+03 1.252118307898205884e+01 6.841571711628819941e+00 4.936012213936979975e+00 7.317798902656539894e+02 3.184908153687208596e+02
1.619192107788129988e+03 1.185643674366095013e+01 6.828514063273492418e+00 4.763418654314950373e+00 7.065810255044353880e+02 3.019943254677269238e+02
1.789433294593448863e+03 1.309506721072905222e+01 6.715063065235918671e+00 4.955636530335651990e+00 8.142216467147651429e+02 3.100177651315343610e+02
1.931495623394544509e+03 1.216253363549890842e+01 7.174929672907446765e+00 5.258576413406217398e+00 7.973728416095117382e+02 3.141844565005927166e+02
2.139177356842196332e+03 1.316041202816976075e+01 6.951495634277226721e+00 5.215187391776500370e+00 7.693226832109112365e+02 3.060017232939878227e+02
2.287400397626900030e+03 1.293605333684367764e+01 7.193814304573264984e+00 5.476243480075796199e+00 7.915381273496916492e+02 3.250283742482114349e+02
2.708158033937671007e+03 1.291546475026573226e+01 6.983547519907703283e+00 5.396015209865153928e+00 7.926262222691721036e+02 3.190094248397716683e+02
2.651408933576612981e+03 1.361129094975590981e+01 7.638282493296383535e+00 5.314098382172991464e+00 7.832930004625633273e+02 3.180270523251199961e+02
2.968886821104826140e+03 1.377294000708630506e+01 7.609195534004372874e+00 5.897323415748700448e+00 8.175491652056848579e+02 3.265128413573312969e+02
2.927412939732815175e+03 8.283764423888831274e+00 0.000000000000000000e+00 9.336608564757638007e+00 7.752216435240137571e+02 3.163624759355583933e+02
3.076532242424261312e+03 8.391620911990345988e+00 0.000000000000000000e+00 1.003732293937633635e+01 5.931579534401932324e+04 0.000000000000000000e+00
2.948337928516637476e+03 8.053377970121339047e+00 0.000000000000000000e+00 1.053707711433442284e+01 5.796821847703918320e+04 0.000000000000000000e+00
3.256419594157091069e+03 8.093001735042273381e+00 0.000000000000000000e+00 1.002017055653051614e+01 5.965164825190506963e+04 0.000000000000000000e+00
3.349723807591646619e+03 8.560330268630842454e+00 0.000000000000000000e+00 1.003103322185785728e+01 5.828235376782940875e+04 0.000000000000000000e+00
3.501558822747719660e+03 8.618973267890117640e+00 0.000000000000000000e+00 1.079471734030753538e+01 5.936070213827459520e+04 0.000000000000000000e+00
3.303066575753574398e+03 9.030860044652680330e+00 0.000000000000000000e+00 1.061486498783668075e+01 5.966774830530091276e+04 0.000000000000000000e+00
3.604542036997734158e+03 9.000233649720122742e+00 0.000000000000000000e+00 1.117006657728128260e+01 5.632417286795626569e+04 0.000000000000000000e+00
3.578894517215670930e+03 9.130897738481667858e+00 0.000000000000000000e+00 1.130102840604159375e+01 5.501203382431928912e+04 0.000000000000000000e+00
3.898150374955920597e+03 9.294024248698200097e+00 0.000000000000000000e+00 1.152090425312972499e+01 5.743383265645548090e+04 0.000000000000000000e+00
3.950145154634579285e+03 9.106687173416931458e+00 0.000000000000000000e+00 1.074876683758905571e+01 5.791614393870097410e+04 0.000000000000000000e+00
4.166262273847190954e+03 9.492970954877995027e+00 0.000000000000000000e+00 1.100926524270392903e+01 5.818582261272958567e+04 0.000000000000000000e+00
4.251578628396506247e+03 9.176528979761858551e+00 0.000000000000000000e+00 1.109824328139146488e+01 5.642756655250867334e+04 0.000000000000000000e+00
3.979980251459829105e+03 9.809118423256233399e+00 0.000000000000000000e+00 1.123634275208510225e+01 5.591662626392887614e+04 0.000000000000000000e+00
4.259890453573369996e+03 9.779174519980493585e+00 0.000000000000000000e+00 1.204536891271129484e+01 5.614131745500928810e+04 0.000000000000000000e+00
4.422131279233282839e+03 1.009924005057202834e+01 0.000000000000000000e+00 1.221684394458983292e+01 5.645166312018457393e+04 0.000000000000000000e+00
4.690963821939578338e+03 9.786739057967773547e+00 0.000000000000000000e+00 1.154326749046926537e+01 5.599029737831372768e+04 0.000000000000000000e+00
4.524310443969405242e+03 1.006050606113893764e+01 0.000000000000000000e+00 1.153445117147637333e+01 5.688673125577686005e+04 0.000000000000000000e+00
4.847581837772990184e+03 9.832806040467922060e+00 0.000000000000000000e+00 1.173679743006522891e+01 5.877052299232850783e+04 0.000000000000000000e+00
4.555035317175907949e+03 1.026605447565051854e+01 0.000000000000000000e+00 1.217740230625480002e+01 6.020363853346081305e+04 0.000000000000000000e+00
4.772526913493405118e+03 9.707502055780947714e+00 0.000000000000000000e+00 1.251815859380186957e+01 5.678155785825078783e+04 0.000000000000000000e+00
4.829701531335765139e+03 9.762112734261132019e+00 0.000000000000000000e+00 1.225551317134125995e+01 6.053139242737107270e+04 0.000000000000000000e+00
4.872700086529621331e+03 1.029489973008844217e+01 0.000000000000000000e+00 1.165231346655060385e+01 5.859111537925840094e+04 0.000000000000000000e+00
5.243948739343105444e+03 1.018597704977879559e+01 0.000000000000000000e+00 1.231926650720520477e+01 5.655314821015531925e+04 0.000000000000000000e+00
5.332643126597440641e+03 1.148012648536688829e+01 3.423471007749005146e+00 1.284156645865718360e+01 4.345498420482167035e+02 8.133974835432576356e+01
4.937481268422734502e+03 1.148951901882299254e+01 3.563401204912589826e+00 1.260507273203784706e+01 4.266238304430009975e+02 8.482079344080842986e+01
5.334395371337843244e+03 1.146875800685859303e+01 3.691874042420860480e+00 1.305526891246583965e+01 4.594159379233230425e+02 8.656043179125887832e+01
5.358307964810966951e+03 1.082948060854862504e+01 3.506979484427391824e+00 1.269077200395349792e+01 4.418708551814641510e+02 8.132882815336614613e+01
5.303928089780081791e+03 1.161296425430866286e+01 3.553032197593694264e+00 1.351692470982609429e+01 4.585804217506754412e+02 8.503563533298343202e+01
5.664942947828807519e+03 1.146910370587894157e+01 3.589710940911430725e+00 1.333914343351771059e+01 4.491976387230845944e+02 8.276154501820073506e+01
5.551240251829314730e+03 1.165296586272189039e+01 3.578505461010969668e+00 1.297307437509189931e+01 4.163763097141392109e+02 8.620451654176648049e+01
5.862063685297611300e+03 1.153009988850581458e+01 3.687987799796645927e+00 1.316161663158120909e+01 4.519528362328832145e+02 8.804642554729998949e+01
5.615399095553657389e+03 1.077857414672429570e+01 3.474029183599142812e+00 1.366054328586645639e+01 4.534743434231656920e+02 8.479418488609785243e+01
5.996982429607537597e+03 1.126643862223902204e+01 3.773825741843057635e+00 1.295417729003269081e+01 4.245943551554781834e+02 8.454380129052078985e+01
6.114294342706049974e+03 1.148885872719353607e+01 3.633801550504293765e+00 1.286122432612933686e+01 4.327448116802586924e+02 8.096782232755465714e+01
5.921423486262757251e+03 1.174499690049776390e+01 3.668881418160341745e+00 1.339923335615821287e+01 4.407159939059747558e+02 8.772637621424469501e+01
6.211288134951963912e+03 1.096200019504439105e+01 3.769233720641396168e+00 1.358247413589624308e+01 4.101891401082017410e+02 8.850573755001965992e+01
6.114160840354727952e+03 1.077832036192214993e+01 3.792493006005348999e+00 1.355360608879932727e+01 4.262581436566210300e+02 8.261479846740807886e+01
