4.796940372413890374e-01 5.852736395237845279e+00 3.488469746147491612e+00 2.721477840340936538e+00 1.344534124890315070e+03 6.232086171491553159e+02
3.125458945105008013e+01 5.688571925283532948e+00 3.283400735471162513e+00 2.758104747701187964e+00 1.414506459650850502e+03 6.140197394258489112e+02
3.206300440439719068e+01 7.866680914670431513e+00 4.421218273698686474e+00 3.446265713107433015e+00 1.426140415638024251e+03 6.237138734366510562e+02
5.221359894563208570e+01 7.657731863068105049e+00 4.275566937307681670e+00 3.455653993823524228e+00 1.360565395896362133e+03 6.234396731923920925e+02
9.954813740485546703e+01 8.172833929297143030e+00 4.401563302887693041e+00 3.510028807480704671e+00 2.013548663640007987e+02 8.340265925902613731e+01
1.493653676444239125e+02 7.747680695156077491e+00 4.544154050659468425e+00 3.503079555707405479e+00 2.063003188313993803e+02 8.109664346420119330e+01
2.025614005157243014e+02 7.948400563786197637e+00 4.612836603247258971e+00 3.490572179034888922e+00 3.562929889772207162e+02 7.980837896927407371e+01
2.406975753815535199e+02 8.463630853960717459e+00 4.871379397218054130e+00 3.437633762826425077e+00 3.764908600925232349e+02 1.498690876180033626e+02
2.909362327640461103e+02 8.987811503844895356e+00 4.568143421085562927e+00 3.469218149854876643e+00 3.500747562829758976e+02 1.492037050759828389e+02
3.449471528417986974e+02 8.735114681853948682e+00 4.707035675951205533e+00 3.488280349754938836e+00 3.775785814480619251e+02 1.455650859428732247e+02
3.990611727347471742e+02 8.770172134398995567e+00 5.097766753541078444e+00 3.644234735791426871e+00 3.611620839803885019e+02 1.387969787446200769e+02
5.197254273094398513e+02 9.830641172914738490e+00 5.143686607849812908e+00 3.741730205930200004e+00 3.752942033604763878e+02 1.420859899911218065e+02
5.940935270452227996e+02 9.987386120539955670e+00 5.523126828910703168e+00 4.095864831480473534e+00 3.475560436416564016e+02 1.442999333802294757e+02
6.643884062872007235e+02 1.127264480026879134e+01 5.934065005976612461e+00 4.515652970153004375e+00 7.426188835885562867e+02 3.231682629123066022e+02
7.842160245546585884e+02 1.048046271324010803e+01 5.917732465909958606e+00 4.679414420915336770e+00 7.352830585251919047e+02 3.092540361516890925e+02
8.990935854854160425e+02 1.101082512036469296e+01 5.975945534395465941e+00 4.501585769770200862e+00 7.524452236490240011e+02 3.182307510300971671e+02
1.017912769036101963e+03 1.113450920612194750e+01 6.289022646356841939e+00 4.767612752121809017e+00 7.660739433764199475e+02 3.028418665627281712e+02
1.102384271157026660e+03 1.170779144670313343e+01 6.373101174237793209e+00 4.685781193035588821e+00 7.159668386103120383e+02 2.966650468206203755e+02
1.191305953457587293e+03 1.165174486051121860e+01 6.531654284136511279e+00 4.758592143654245987e+00 7.360109383299288766e+02 3.140967271171844573e+02
1.321970048510048628e+03 1.198180246937981153e+01 6.684978309388140971e+00 4.881817036255977627e+00 7.369468256486760538e+02 3.221927067827494398e+02
1.389170426572310816e+03 1.152054750991980470e+01 6.603010866929706069e+00 4.879480401536778089e+00 7.131263129693638803e+02 3.067061993812715741e+02
1.595496972732652694e+03 1.273068551195590281e+01 6.508916235088674895e+00 4.754816363638559196e+00 7.396101761290099148e+02 3.042759429938640778e+02
1.794943778213673795e+03 1.207825344789396382e+01 6.905870808070619482e+00 5.051675432366016238e+00 8.294758548824536319e+02 3.224782817597637177e+02
2.033322681695161236e+03 1.247660544525007609e+01 6.807613521945357071e+00 5.404838055660541762e+00 8.311676251849200980e+02 3.197739576522295692e+02
2.137774046644117334e+03 1.261862730554441825e+01 6.733285617930972577e+00 5.257282768231993586e+00 8.016225063277116760e+02 3.247434196476794455e+02
2.379135602685933009e+03 1.366942796701703244e+01 7.394518487146922503e+00 5.301265295194884430e+00 7.701577595113059260e+02 3.215570123739900055e+02
2.621591339130302913e+03 1.335068246774830314e+01 6.727467671439054442e+00 5.193508685301344130e+00 8.200488949211548970e+02 3.146391040511809933e+02
2.536219358457603448e+03 1.351070290581489353e+01 7.104371763349872637e+00 5.839771222371416215e+00 7.921991431478932100e+02 3.220726980649452003e+02
2.909042064347641826e+03 1.425612193796832194e+01 7.452944317793429363e+00 5.960796627644515233e+00 7.823271127802011051e+02 3.085509828616458776e+02
2.789828904542372129e+03 8.209861205002239259e+00 0.000000000000000000e+00 9.621462556233471020e+00 8.374800650413277481e+02 3.229766801132265073e+02
2.849996610281358699e+03 8.552046698635804134e+00 0.000000000000000000e+00 1.025652617787002718e+01 6.022741867970964086e+04 0.000000000000000000e+00
3.130990889703521589e+03 8.004822612501431678e+00 0.000000000000000000e+00 1.021923708671247333e+01 5.944847585853293276e+04 0.000000000000000000e+00
3.065865239533310614e+03 8.726316788935310598e+00 0.000000000000000000e+00 1.079345552554573295e+01 5.858971482732020377e+04 0.000000000000000000e+00
3.196387182431064957e+03 8.303923210140926159e+00 0.000000000000000000e+00 1.042847850568837487e+01 6.053094074576064304e+04 0.000000000000000000e+00
3.372480253672821618e+03 9.198820433901426341e+00 0.000000000000000000e+00 1.050191099793641136e+01 5.811994377373725001e+04 0.000000000000000000e+00
3.328963957232259872e+03 8.911474856543867062e+00 0.000000000000000000e+00 1.041122128369615041e+01 5.718172838553539623e+04 0.000000000000000000e+00
3.519566107256754549e+03 8.916918603219944117e+00 0.000000000000000000e+00 1.124269645585550492e+01 5.910942854489701858e+04 0.000000000000000000e+00
3.693770144461776908e+03 8.778000562502736415e+00 0.000000000000000000e+00 1.116571904927781134e+01 5.520159787146540475e+04 0.000000000000000000e+00
3.785570933304061327e+03 8.947677379732791536e+00 0.000000000000000000e+00 1.095202438747368490e+01 5.663009824256878346e+04 0.000000000000000000e+00
3.754841360950008948e+03 9.778562080602021922e+00 0.000000000000000000e+00 1.115255051429550548e+01 5.569654664904373203e+04 0.000000000000000000e+00
3.947565400856316955e+03 9.774202139589228011e+00 0.000000000000000000e+00 1.083530921646250356e+01 5.800941051210046862e+04 0.000000000000000000e+00
3.876069293063714667e+03 9.132228894387736773e+00 0.000000000000000000e+00 1.143659728867693026e+01 5.624742615841873339e+04 0.000000000000000000e+00
4.088624550937384811e+03 9.503209067231866314e+00 0.000000000000000000e+00 1.146900067663402112e+01 5.675590465311472508e+04 0.000000000000000000e+00
4.431407049678957264e+03 9.823491535291461574e+00 0.000000000000000000e+00 1.133060004650689656e+01 6.055458895911536820e+04 0.000000000000000000e+00
4.255268419773618916e+03 1.022364336550357145e+01 0.000000000000000000e+00 1.212862285778131444e+01 5.566366322168231272e+04 0.000000000000000000e+00
4.248062604326145447e+03 1.025661018816451531e+01 0.000000000000000000e+00 1.179213322677042086e+01 5.827047863494589546e+04 0.000000000000000000e+00
4.639042798996380952e+03 1.043833745970554361e+01 0.000000000000000000e+00 1.206197975625287455e+01 6.000057267963827326e+04 0.000000000000000000e+00
4.875303890514845989e+03 9.739249400544883528e+00 0.000000000000000000e+00 1.207494268831198703e+01 5.983481000436478644e+04 0.000000000000000000e+00
4.792394375614987439e+03 1.007541939345519211e+01 0.000000000000000000e+00 1.239950449348853745e+01 5.614040371176618646e+04 0.000000000000000000e+00
4.796942457604156516e+03 9.775339254271711908e+00 0.000000000000000000e+00 1.234391984877450810e+01 5.715048844785751862e+04 0.000000000000000000e+00
4.974300362588443022e+03 9.883206085766559568e+00 0.000000000000000000e+00 1.177234004277102386e+01 5.810775051224769413e+04 0.000000000000000000e+00
4.980748132854720097e+03 1.079670570099915494e+01 0.000000000000000000e+00 1.211580330219686807e+01 5.670030210048306617e+04 0.000000000000000000e+00
5.066143274193517755e+03 1.015698470400379705e+01 0.000000000000000000e+00 1.206718190423184645e+01 5.954608542983928783e+04 0.000000000000000000e+00
5.188934529601065151e+03 1.115273247376216936e+01 3.471456107138208846e+00 1.312641161730689809e+01 4.514724692397526837e+02 8.862455658327141350e+01
5.015181929191924610e+03 1.073437060859810899e+01 3.490966524768899681e+00 1.259067143613373041e+01 4.397880850563623767e+02 8.795486564754725123e+01
5.256022798560753472e+03 1.065282816988309733e+01 3.676987698302627727e+00 1.333776510649928149e+01 4.244569810508140222e+02 8.520742686284955880e+01
5.469826244025724918e+03 1.081805174029251226e+01 3.429813714925065149e+00 1.294133892413551123e+01 4.524401404782450413e+02 8.151541928894937428e+01
5.341421887846299796e+03 1.144757254297537941e+01 3.461067233749600458e+00 1.312357523412985394e+01 4.337435349918371230e+02 8.660939512846285027e+01
5.519326371304475288e+03 1.102480776792869221e+01 3.677122957537130254e+00 1.347926252375288847e+01 4.331809010372815578e+02 8.870127547672232993e+01
5.413085818325322180e+03 1.072905177300474655e+01 3.593881331658213441e+00 1.336113053965981479e+01 4.426860533583470101e+02 8.459456979905421292e+01
5.647997509733744664e+03 1.140285897151343697e+01 3.645251966622153894e+00 1.311884453937243933e+01 4.498921065227889358e+02 8.654164932251299547e+01
6.084705506027194133e+03 1.135585556963553522e+01 3.517259060458636899e+00 1.348453360758820629e+01 4.335719202332147120e+02 8.138999647217954703e+01
6.028541986200404608e+03 1.117899062186921277e+01 3.702005876321410760e+00 1.334310008310755258e+01 4.331211358073861106e+02 8.758523679320323652e+01
6.142475293815115037e+03 1.135091307413259898e+01 3.788937105351147583e+00 1.324728365861650836e+01 4.168201495766486460e+02 8.582465869953165338e+01
5.876694229646504937e+03 1.109318901773002253e+01 3.527709346769468013e+00 1.250512720845028625e+01 4.347065552329088405e+02 8.814383815297905755e+01
6.571653755382250893e+03 1.179522710272281572e+01 3.759345569081210758e+00 1.245791040319171827e+01 4.308192696223075018e+02 8.453645691440610221e+01
6.054819444878485228e+03 1.095782422178911730e+01 3.825236651269626975e+00 1.303593709085306251e+01 4.387101198084407088e+02 8.858698516036287174e+01
