-7.191010703579814312e-02 5.637177659611124270e+00 3.322438956792778786e+00 2.731634057789432024e+00 1.380530295598097609e+03 6.267565680186768304e+02
3.373598735044929953e+01 5.981831909420487037e+00 3.222112033101113937e+00 2.800543581470840149e+00 1.428256528324409828e+03 6.087651084088980724e+02
3.453318654579267388e+01 7.627096798533756328e+00 4.409494797145162792e+00 3.191277848337478407e+00 1.342771178981296998e+03 6.126280716328055860e+02
5.144106763209568101e+01 7.590924133288969422e+00 4.574849803029670703e+00 3.193840862687248539e+00 1.431866309221288702e+03 5.988706800052190147e+02
1.052046470940140637e+02 7.958322154507385449e+00 4.626476217671031677e+00 3.514629653504680817e+00 1.988674792789615253e+02 8.127775560635585350e+01
1.530754562016681177e+02 8.091759306037209498e+00 4.712987577111760196e+00 3.529773276977822949e+00 2.013021108984024181e+02 8.301855481954781624e+01
2.078381822336053233e+02 8.312911045226124784e+00 4.626228994371735403e+00 3.372475542645335000e+00 3.691651126316933187e+02 7.610550897133961712e+01
2.489415384303617031e+02 8.725970512283275582e+00 4.648718146859009082e+00 3.401637878285566519e+00 3.594659888633210016e+02 1.485371793911305076e+02
2.954954513636054116e+02 8.764670824493260071e+00 4.866964256274820322e+00 3.423252293908109589e+00 3.702384116455099843e+02 1.469414499629187958e+02
3.592348326771233928e+02 9.017585792997785177e+00 4.692011539533457842e+00 3.497242227097730360e+00 3.553330830001877416e+02 1.440525091317288968e+02
4.255913726393029606e+02 8.595852696825295070e+00 4.995577349338979900e+00 3.459751629149928842e+00 3.454797895066019464e+02 1.434944940247733314e+02
5.094182461187936610e+02 9.438219441840692170e+00 5.527408479384106066e+00 3.955024466603211497e+00 3.756963421996238139e+02 1.431682330317999856e+02
6.278914667458853955e+02 1.062189690146402654e+01 5.502781253202781109e+00 4.019068001102904297e+00 3.701099823031049141e+02 1.361255255079137214e+02
6.842932916624788504e+02 1.082032218360922826e+01 6.081515970086967648e+00 4.500362606792307929e+00 7.608425261999182112e+02 3.222089616767414100e+02
8.269443512364389335e+02 1.061029956040412436e+01 6.188079712137695587e+00 4.299249840339651740e+00 7.520935752802495244e+02 3.088428540535839488e+02
9.028995387081467925e+02 1.091982945292356000e+01 6.032957838026703712e+00 4.633226284637342651e+00 7.754797960558000796e+02 3.023067160853303790e+02
1.047456166690226837e+03 1.154962850638875338e+01 6.664425783538485248e+00 4.594479182345730273e+00 7.598837881155219520e+02 3.218313895656879708e+02
1.103471346781059538e+03 1.116039574217752239e+01 6.347829196763925985e+00 4.556968116111297817e+00 7.228169220071696373e+02 3.272376585976807064e+02
1.152864541163465447e+03 1.197499524628565304e+01 6.748427589379355496e+00 4.822796043136667876e+00 7.543787787895420252e+02 3.013389244063553178e+02
1.286757723834995431e+03 1.132088226536660613e+01 6.237441487968263587e+00 4.606939834893282182e+00 7.292326719732870970e+02 3.217617601455767726e+02
1.424496587554336656e+03 1.180530780366870580e+01 6.584510511931497945e+00 4.822806327980831753e+00 7.117247553615097786e+02 3.129087738053029852e+02
1.617361722771292762e+03 1.260686429855954493e+01 6.555757531474904809e+00 4.781296702505037466e+00 7.450693215176561353e+02 3.106259747215585207e+02
1.835405004974731810e+03 1.265480338398440274e+01 6.524757061823435400e+00 5.316528301509045207e+00 8.309667877205969262e+02 3.256898049009945453e+02
1.971453133713373063e+03 1.236355047054152223e+01 7.165831980119078182e+00 5.191543850319806808e+00 8.220439151131523658e+02 3.170057372493776597e+02
2.287058169297333734e+03 1.254655535753246198e+01 6.870259193799044262e+00 5.151921997652049612e+00 8.021903451340534730e+02 3.052761937638430823e+02
2.272417192947987587e+03 1.340564603176227720e+01 7.302050632143109787e+00 5.231002941758585045e+00 8.061187718364781176e+02 2.969090781886986861e+02
2.662857335935277661e+03 1.333385722553831698e+01 7.303372243904564520e+00 5.387440410043418559e+00 8.286889452981812383e+02 3.121276997406650366e+02
2.672166565455288946e+03 1.388843001192600823e+01 7.251096341702043979e+00 5.478054103989742352e+00 8.036310152120428256e+02 3.235335076130739367e+02
2.965337856033727348e+03 1.347325788229255750e+01 6.978246039068690010e+00 5.932490813271530605e+00 8.150111096859202462e+02 3.232725595595313735e+02
2.823800229373707225e+03 8.148239140200288944e+00 0.000000000000000000e+00 9.424296396148468702e+00 8.183030546237249609e+02 3.228488900659078809e+02
3.081745806550223278e+03 8.162086061252185942e+00 0.000000000000000000e+00 9.558155712282617955e+00 5.651596157831871096e+04 0.000000000000000000e+00
2.925977176644229530e+03 8.493653302985466169e+00 0.000000000000000000e+00 9.765321551519580368e+00 5.624842675876720750e+04 0.000000000000000000e+00
3.103765113961344923e+03 8.489081219232348374e+00 0.000000000000000000e+00 1.063321997246750250e+01 6.017561188444569416e+04 0.000000000000000000e+00
3.361758445455794117e+03 8.735632041751955512e+00 0.000000000000000000e+00 1.075989455347964707e+01 5.514654827022879181e+04 0.000000000000000000e+00
3.220665417467881525e+03 8.786653550922725486e+00 0.000000000000000000e+00 1.076856370803142937e+01 5.689282075139040535e+04 0.000000000000000000e+00
3.619831833909162469e+03 8.577447300508923789e+00 0.000000000000000000e+00 1.078630569140734075e+01 5.736329016473095544e+04 0.000000000000000000e+00
3.668448859791285940e+03 9.340477686992413098e+00 0.000000000000000000e+00 1.097327178794884439e+01 5.988043058456765721e+04 0.000000000000000000e+00
3.610379880027895524e+03 9.503416833147181109e+00 0.000000000000000000e+00 1.128960471956900236e+01 5.724288493445607310e+04 0.000000000000000000e+00
3.616430753924992132e+03 8.940480625330311071e+00 0.000000000000000000e+00 1.082339334487180693e+01 5.624517697025820962e+04 0.000000000000000000e+00
3.875871827420759928e+03 9.053291542213781185e+00 0.000000000000000000e+00 1.109819431011219848e+01 5.590310736214671488e+04 0.000000000000000000e+00
3.844956346654054414e+03 9.412617025560997774e+00 0.000000000000000000e+00 1.171937444541893925e+01 5.635627043453347142e+04 0.000000000000000000e+00
4.202565844600037963e+03 9.744100982158531821e+00 0.000000000000000000e+00 1.174858250096943557e+01 5.889315552844150079e+04 0.000000000000000000e+00
4.173413973640181212e+03 9.464172289649038561e+00 0.000000000000000000e+00 1.173082223066345620e+01 5.982952619578025042e+04 0.000000000000000000e+00
4.174483040634168901e+03 9.274123084285092133e+00 0.000000000000000000e+00 1.135856891378359634e+01 5.669498387051108875e+04 0.000000000000000000e+00
4.284783951241412979e+03 9.869690280986938902e+00 0.000000000000000000e+00 1.138605776105262635e+01 5.708561162691777281e+04 0.000000000000000000e+00
4.581044664425636256e+03 9.866589215135721957e+00 0.000000000000000000e+00 1.189088430307833200e+01 5.561399465194976801e+04 0.000000000000000000e+00
4.763730039946681245e+03 9.643396522879044142e+00 0.000000000000000000e+00 1.220731618823143272e+01 6.069717473617348151e+04 0.000000000000000000e+00
4.442777372214615752e+03 9.801854006124083085e+00 0.000000000000000000e+00 1.207451819310409746e+01 5.910359778357957111e+04 0.000000000000000000e+00
4.710292346146911768e+03 9.691337215211216716e+00 0.000000000000000000e+00 1.166944406734780237e+01 5.714670286766047502e+04 0.000000000000000000e+00
4.971098555967039829e+03 1.015582224760797381e+01 0.000000000000000000e+00 1.236239771752422989e+01 5.929118698617996415e+04 0.000000000000000000e+00
4.724687365003698687e+03 1.031762652737141117e+01 0.000000000000000000e+00 1.244985541347310587e+01 5.872373888415777037e+04 0.000000000000000000e+00
5.015442785456320962e+03 1.061221110467094597e+01 0.000000000000000000e+00 1.250292655774050132e+01 5.770710371110071719e+04 0.000000000000000000e+00
4.990985244363143465e+03 1.078191035568066170e+01 0.000000000000000000e+00 1.180924036835449442e+01 5.496799606399440381e+04 0.000000000000000000e+00
5.256239059410934715e+03 1.140913060371464027e+01 3.523293410940467663e+00 1.215019900229448524e+01 4.249502022191308015e+02 8.546271502534844444e+01
5.045848833552957331e+03 1.067811604807892323e+01 3.584920598670468195e+00 1.322890013797345432e+01 4.562120712734067070e+02 8.081119414280819058e+01
5.449234002421910191e+03 1.123046799877016255e+01 3.441385531581504953e+00 1.336161795187298829e+01 4.208813170497859346e+02 8.320507092479985545e+01
5.149625032884387110e+03 1.077582923809221249e+01 3.512369599535654086e+00 1.262725402116512186e+01 4.299829667826618902e+02 8.221276754673368714e+01
5.308872040306087001e+03 1.096250809544681815e+01 3.696606253327927583e+00 1.245823782954438208e+01 4.350287284557608132e+02 8.760301209093827879e+01
5.490599188884726573e+03 1.100204760515681812e+01 3.668127990327559207e+00 1.275010368306881325e+01 4.504223136990905232e+02 8.293063973770490804e+01
5.600124937664287245e+03 1.098563056358085710e+01 3.704868376456023071e+00 1.255569041681353504e+01 4.185571917071562780e+02 8.773941691300555590e+01
5.660323618893481580e+03 1.176103426821561371e+01 3.576711579913097516e+00 1.310603845416113877e+01 4.181990055120814418e+02 8.257609814492212763e+01
6.116598240203964451e+03 1.170620535121575578e+01 3.582681345677665607e+00 1.332176059305312776e+01 4.173664358604980293e+02 8.894883520840122060e+01
6.137976110673416770e+03 1.110231849195791654e+01 3.649840580818407787e+00 1.327776545593044766e+01 4.491623969817370039e+02 8.566697558155220804e+01
5.827765817270920707e+03 1.142686603569791082e+01 3.838685049466004973e+00 1.333725893779999261e+01 4.162513129327393813e+02 8.264479420335236171e+01
6.074545997301119314e+03 1.179959276407532087e+01 3.525615107409421078e+00 1.329799677157140891e+01 4.331068046593931626e+02 8.847575294325417872e+01
6.506895039156254825e+03 1.141917230364002833e+01 3.524498480522527011e+00 1.322673130828558463e+01 4.391846402831521345e+02 8.244157204700708519e+01
6.434713826238717957e+03 1.124184272934684614e+01 3.589429885700736289e+00 1.268592822138101539e+01 4.244745200555506699e+02 8.592273583852140462e+01
