2.823789697564643708e-01 5.518576901927592537e+00 3.448029905035279619e+00 2.795824724849387266e+00 1.444826324869326299e+03 6.225182000141471690e+02
3.484102993133458170e+01 5.998961865967167739e+00 3.511366212322360347e+00 2.789699085576768933e+00 1.416870892921299173e+03 6.100525715758698198e+02
3.294836389620363093e+01 7.412772834847424441e+00 4.501991371283971866e+00 3.471594395647302544e+00 1.383709960234478558e+03 6.138827817849804660e+02
5.005576950189936980e+01 7.450795320427650026e+00 4.169681100222596193e+00 3.183038854180527899e+00 1.418258939086128748e+03 6.091748273356527079e+02
9.787736549462964319e+01 7.986909711833077630e+00 4.336377303724536780e+00 3.396842789237159543e+00 1.934292382005454556e+02 7.669349149397839938e+01
1.450481322415881209e+02 8.505882717981403829e+00 4.720084309419950053e+00 3.405525064414886227e+00 2.059647072904921288e+02 8.398794751890073940e+01
1.901101263888760968e+02 8.238822925751906112e+00 4.747851531413578741e+00 3.353163580636723040e+00 3.665872696669582638e+02 8.186643747266242599e+01
2.510275871012956372e+02 8.143508515205379439e+00 4.832703045638407247e+00 3.410240000499746849e+00 3.481052287610208396e+02 1.424343759761900117e+02
3.126947570528586198e+02 8.163011828150338545e+00 4.864386076719630303e+00 3.447509094077045422e+00 3.699778322290318329e+02 1.422945501032072002e+02
3.500417533600208344e+02 8.844019746582876706e+00 5.075894010273663604e+00 3.725140419533426339e+00 3.600292346011088966e+02 1.446142054285653558e+02
4.201986286003239002e+02 9.059410235883447626e+00 4.902501311881807489e+00 3.532862923302804159e+00 3.675464073049222407e+02 1.489744204456804653e+02
4.951498972112634078e+02 9.524520726966024142e+00 5.464686560306294183e+00 3.972292860182824459e+00 3.439089795632058895e+02 1.474434962504433599e+02
6.211928914166653612e+02 1.073136938420918618e+01 5.572127670704359659e+00 4.313851868317075677e+00 3.720161270785813485e+02 1.435271000379248392e+02
6.919602155618887309e+02 1.125043179613676259e+01 5.804974682773552885e+00 4.172511196223981145e+00 7.477653314889942067e+02 2.974888122441659561e+02
8.351621643288157202e+02 1.050814343514176308e+01 6.274664033253391615e+00 4.373438846472323505e+00 7.257830961885058514e+02 3.094368987261904635e+02
9.369890196905981838e+02 1.140955647291408503e+01 6.306397434273550040e+00 4.595606320986589388e+00 7.677165243749348065e+02 2.999333122366665521e+02
1.045257408743106680e+03 1.121926714410008152e+01 6.123522347317695846e+00 4.441993767487234734e+00 7.295853204515296966e+02 3.107210559045386731e+02
1.074214592981817304e+03 1.171382025514442482e+01 6.529774744279253085e+00 4.731143574405703767e+00 7.050792613572923528e+02 3.128907436826095250e+02
1.204547730346869685e+03 1.201482760739433786e+01 6.692757352647796587e+00 4.721282834802945416e+00 7.184985240538327389e+02 2.987673588700722576e+02
1.281681137725963026e+03 1.148616128561569738e+01 6.627108358746348848e+00 4.733466125530547686e+00 7.622121742266532465e+02 3.173536932449280812e+02
1.376674228908474788e+03 1.236815792717134244e+01 6.490854619885979560e+00 4.673057215508799267e+00 7.674512265446899164e+02 3.032747232046916110e+02
1.625509353622749813e+03 1.239291507701274142e+01 6.854411092862624066e+00 5.007183078844800406e+00 7.093625126924956703e+02 3.104898295404420310e+02
1.867826380355419587e+03 1.237523960035096238e+01 6.505745486064157035e+00 5.268529885266750590e+00 7.950089862617173821e+02 3.237970676308101474e+02
1.946076735415507756e+03 1.234556998915252635e+01 6.868499437460239498e+00 5.406202625525313721e+00 8.354291638823848416e+02 2.971343927667314233e+02
2.169567790466787756e+03 1.341648383315312643e+01 6.977087560449635184e+00 5.176081308040187068e+00 7.603123851988891602e+02 2.973085023550607957e+02
2.297999901724314441e+03 1.342194401436971063e+01 6.966325458426849693e+00 5.359863441629294734e+00 7.784767926655518977e+02 3.254050951359977830e+02
2.708383590371634909e+03 1.271260459439762869e+01 7.326831977404403951e+00 5.473247348726264505e+00 8.190355011423400811e+02 3.150523126458397769e+02
2.527141043701391027e+03 1.358289785995246035e+01 7.161013513234701477e+00 5.624111593972870082e+00 7.691109916118668934e+02 3.011538401694604659e+02
2.819601823537031578e+03 1.351265214506423362e+01 7.275415827988416240e+00 5.517476919396552937e+00 7.904219977372015364e+02 2.968706475635389097e+02
2.911192028518530151e+03 8.250790890491822793e+00 0.000000000000000000e+00 1.011987828296172687e+01 8.012735838228030616e+02 3.018316882538880463e+02
2.944680832574186752e+03 8.385813202116713327e+00 0.000000000000000000e+00 9.886814346809369880e+00 5.633237029735243414e+04 0.000000000000000000e+00
3.198274496542564066e+03 8.158667364035858682e+00 0.000000000000000000e+00 1.037676814124353797e+01 5.578320923880062037e+04 0.000000000000000000e+00
3.325599152104899986e+03 8.852043728346481899e+00 0.000000000000000000e+00 1.064819222775212459e+01 5.887072118412458076e+04 0.000000000000000000e+00
3.247656154919689470e+03 9.090660530300901598e+00 0.000000000000000000e+00 1.078145883627654555e+01 5.685720768220852187e+04 0.000000000000000000e+00
3.235281896769406558e+03 8.750261553705064088e+00 0.000000000000000000e+00 1.079580965426327843e+01 5.695731103643221286e+04 0.000000000000000000e+00
3.318627704736091346e+03 8.803005972813727098e+00 0.000000000000000000e+00 1.124882599603100886e+01 5.573386236575018120e+04 0.000000000000000000e+00
3.412818342199401286e+03 8.892688563476887964e+00 0.000000000000000000e+00 1.035664364774916102e+01 5.662838690241067525e+04 0.000000000000000000e+00
3.752039766111195149e+03 8.751132255325044795e+00 0.000000000000000000e+00 1.135630877787698267e+01 5.883142311007506942e+04 0.000000000000000000e+00
3.710182483143328227e+03 9.552945762882380620e+00 0.000000000000000000e+00 1.072148511931929704e+01 5.830832632823204040e+04 0.000000000000000000e+00
3.982975985134447455e+03 8.980918148044962024e+00 0.000000000000000000e+00 1.157535837983128602e+01 5.961755269395024516e+04 0.000000000000000000e+00
4.005424351380333519e+03 9.742917426665329117e+00 0.000000000000000000e+00 1.116930321311838981e+01 5.637309815043527487e+04 0.000000000000000000e+00
3.903687382155235355e+03 9.390013676015994903e+00 0.000000000000000000e+00 1.157610524885744496e+01 5.956286624135602324e+04 0.000000000000000000e+00
4.014370451078533733e+03 1.007212210434227018e+01 0.000000000000000000e+00 1.134066522811687072e+01 5.802170443752418214e+04 0.000000000000000000e+00
4.481666037617929760e+03 9.445178347814586317e+00 0.000000000000000000e+00 1.144995789793969188e+01 5.952294974784623628e+04 0.000000000000000000e+00
4.335356130880515593e+03 9.635549183144608065e+00 0.000000000000000000e+00 1.216492626029914170e+01 5.575364315441942745e+04 0.000000000000000000e+00
4.280638871529706194e+03 9.537725651682576355e+00 0.000000000000000000e+00 1.117315726585185764e+01 5.856096052639825939e+04 0.000000000000000000e+00
4.580783025179377546e+03 1.025854907063803800e+01 0.000000000000000000e+00 1.142031227520070047e+01 5.980869039256250835e+04 0.000000000000000000e+00
4.527890420398122842e+03 1.007215986530367680e+01 0.000000000000000000e+00 1.185186204582694458e+01 6.068119713279536518e+04 0.000000000000000000e+00
4.882492229653620598e+03 1.030908516114572393e+01 0.000000000000000000e+00 1.237587408583003246e+01 5.982315533795719239e+04 0.000000000000000000e+00
5.073045145202341700e+03 1.005739850375421618e+01 0.000000000000000000e+00 1.241891681338887921e+01 5.694951664374257234e+04 0.000000000000000000e+00
4.728366621093955473e+03 9.875737491122800193e+00 0.000000000000000000e+00 1.235379172344495480e+01 5.704113496154838504e+04 0.000000000000000000e+00
4.931266418556208919e+03 1.009606552505042387e+01 0.000000000000000000e+00 1.182626159572114588e+01 6.051123749922073330e+04 0.000000000000000000e+00
5.131225087950769193e+03 1.033890984168460037e+01 0.000000000000000000e+00 1.275658382363164733e+01 5.496921073435601284e+04 0.000000000000000000e+00
5.340988137911333979e+03 1.081314565751515211e+01 3.675835890084192759e+00 1.338101958497696664e+01 4.363002767751266902e+02 8.564057653486891297e+01
5.249130837430154315e+03 1.113541975061212241e+01 3.366587072987733187e+00 1.293946077759409974e+01 4.570280910429206642e+02 8.312950585704848550e+01
5.105335976264768760e+03 1.070672307877809715e+01 3.629087757864748909e+00 1.269699709048665071e+01 4.568123548421337432e+02 8.521319248394304680e+01
5.350023455428012312e+03 1.058726294810669266e+01 3.658717695154228178e+00 1.229443374381646059e+01 4.597385873867428927e+02 8.152024049463074107e+01
5.380617704370049069e+03 1.131234409544753206e+01 3.509657054791336606e+00 1.292331483078449672e+01 4.420925009760955504e+02 8.384568324530899019e+01
5.397353071767596703e+03 1.086869432986166117e+01 3.426349143537879449e+00 1.263637662675512985e+01 4.256853228602415697e+02 8.507166289558062999e+01
5.700582949828354685e+03 1.090320861991800605e+01 3.447581420984884737e+00 1.342865711253920225e+01 4.276873851521536380e+02 8.782519429287732748e+01
5.636893624307895152e+03 1.133316871386343294e+01 3.605939755483190456e+00 1.272904075013795122e+01 4.352879874488824044e+02 8.911163973655705206e+01
5.615733434220198433e+03 1.136944537311915759e+01 3.555631884240813889e+00 1.248581881317335807e+01 4.255976090574053501e+02 8.426551533609685407e+01
5.860593106613126110e+03 1.096996818035821342e+01 3.469173222701283699e+00 1.277724527732027759e+01 4.118356767863066921e+02 8.135656625663871466e+01
5.838792923419247018e+03 1.089098402486048478e+01 3.603284179778636798e+00 1.251567474677782776e+01 4.385628631858342033e+02 8.132316223757050011e+01
6.204200327814959564e+03 1.092332630757680967e+01 3.676559354501334642e+00 1.264477969309414362e+01 4.468133687410482935e+02 8.709179201721721597e+01
6.324147427410061027e+03 1.102464573571674578e+01 3.815661218481407602e+00 1.326651650624604883e+01 4.164779100050405418e+02 8.102662003376227062e+01
6.445656932550261445e+03 1.098943461322100745e+01 3.762825092526667969e+00 1.364644805432224928e+01 4.460289686765399892e+02 8.781185794286369628e+01
