-2.538749941633600127e-01 5.848383765267473500e+00 3.376009923988387396e+00 2.878804565450618913e+00 1.420324969148960463e+03 5.884649755366818908e+02
3.317348137423913101e+01 5.528764815804128041e+00 3.222009020335107277e+00 2.912376339414850079e+00 1.443159303223776760e+03 6.026190655051353815e+02
3.186132291381190385e+01 7.980751532637233581e+00 4.561421638518085686e+00 3.337514768147854305e+00 1.403710067869011482e+03 6.195814330714937341e+02
4.715890473731519705e+01 7.715095720630396947e+00 4.325259874924928916e+00 3.291148199666809493e+00 1.347401644558959106e+03 6.212299273400201400e+02
9.685636587239207529e+01 8.071201275246753681e+00 4.307882407692364524e+00 3.456935799815856747e+00 2.097067460603769007e+02 7.957008183371894461e+01
1.512925601347515965e+02 7.968077957525069976e+00 4.493128752924625324e+00 3.494108612983097384e+00 2.044213678928898617e+02 7.709335150074332432e+01
2.064973002479329693e+02 7.930211763291931781e+00 4.623635622709845627e+00 3.500133412899992802e+00 3.425740705954990517e+02 7.860646848803540365e+01
2.568242137397642750e+02 8.141453238801060976e+00 4.858359990724019362e+00 3.634130335850637827e+00 3.636011192146016242e+02 1.444116136859133235e+02
3.063090678234147504e+02 8.896413017347446939e+00 4.525316545267520141e+00 3.634768344841139864e+00 3.665709235367889391e+02 1.374051736347153394e+02
3.494300322209372212e+02 8.646131005230971667e+00 4.808874532113773803e+00 3.752264219447790872e+00 3.461311062966099712e+02 1.457013348568891900e+02
4.193894656055061319e+02 8.739582000996851008e+00 4.954777954714877808e+00 3.688605273780929839e+00 3.735324428967367112e+02 1.448998208638367089e+02
4.885066493342119998e+02 9.461871825017871274e+00 5.345343880890128574e+00 3.703209787832976385e+00 3.559836373041367210e+02 1.494388503513281421e+02
6.205249362932115673e+02 1.070124839361605851e+01 5.620764744320748463e+00 3.951338235403181631e+00 3.637048017621170857e+02 1.372027716033289835e+02
6.509501661576787228e+02 1.125361625653355624e+01 5.869585576025317053e+00 4.159077403455148314e+00 7.282349917874130369e+02 3.052408333109564182e+02
7.911686659527293841e+02 1.149404156800886767e+01 6.395379244714082034e+00 4.475366429365575272e+00 7.450555137244396064e+02 2.992272493641811479e+02
9.173052198354380380e+02 1.079629686368286379e+01 5.989297193297976385e+00 4.686155098015834852e+00 7.681746325642841384e+02 3.063468832320917272e+02
1.001670740332693072e+03 1.089664407870346174e+01 6.494206701331378895e+00 4.487710283849025927e+00 7.229491915177732153e+02 2.974030845806335037e+02
1.121883852834302843e+03 1.196625814640911933e+01 6.436415961089553939e+00 4.788355870080277299e+00 7.154991255070316356e+02 3.095280237872934208e+02
1.169076590253839868e+03 1.157901404387350830e+01 6.588084663895813264e+00 4.724828945399347724e+00 7.496027550930640473e+02 3.022118750646172316e+02
1.332694656397509334e+03 1.166551070099232135e+01 6.457070311545860086e+00 4.862017864082064378e+00 7.397333327957094298e+02 3.005597010138489509e+02
1.460761564686719339e+03 1.166401074892688250e+01 6.763077382341238675e+00 5.039580928965673223e+00 7.466259943682553057e+02 3.091435224509992281e+02
1.527293119100151898e+03 1.205359469254208982e+01 6.773520609465417230e+00 4.992881211509825334e+00 7.392678346589952980e+02 3.039571309784112145e+02
1.805420172877841651e+03 1.205216983901765992e+01 7.102000115110475242e+00 4.971184162018352559e+00 8.177702188122841562e+02 3.027254111351073789e+02
2.089905031848840736e+03 1.259074683128650740e+01 6.696067574157921420e+00 4.960950009040108633e+00 7.833229213766940120e+02 3.056347814621159387e+02
2.277374099372690580e+03 1.316448267209773171e+01 7.345549447622132355e+00 5.269613404909073928e+00 7.985352407572581797e+02 3.001259809018362148e+02
2.261666175924281106e+03 1.327637428908779960e+01 6.911432171439040317e+00 5.125903054970230244e+00 8.246562116342514628e+02 3.037080861353089745e+02
2.594393612864460920e+03 1.268161219381795846e+01 6.912294940899935902e+00 5.167843739976142992e+00 8.354677567980432968e+02 3.231809207685066667e+02
2.543728735518413941e+03 1.297246769371193942e+01 7.159463738638024211e+00 5.669287305423390322e+00 7.784910906255145164e+02 3.072636986856834369e+02
2.844222036665174983e+03 1.413931568032404584e+01 7.413071026561843802e+00 5.512181422062370828e+00 7.899258775101451420e+02 3.071288727850665055e+02
2.768389826790238203e+03 8.343335180227647641e+00 0.000000000000000000e+00 1.006601763097578939e+01 7.626127303381667843e+02 3.034541575865139862e+02
3.101238594721500704e+03 8.589597153038814881e+00 0.000000000000000000e+00 9.864658295452423786e+00 6.024594309837484616e+04 0.000000000000000000e+00
3.135304235269401943e+03 8.236932706305495344e+00 0.000000000000000000e+00 1.064286027350335928e+01 5.543488087649972294e+04 0.000000000000000000e+00
3.269652451933705379e+03 8.108342786458360152e+00 0.000000000000000000e+00 1.040718539058161518e+01 5.965807766687605908e+04 0.000000000000000000e+00
3.274730248567011131e+03 8.644958734824731650e+00 0.000000000000000000e+00 1.073126773773139320e+01 5.701692699947422807e+04 0.000000000000000000e+00
3.500072934615041049e+03 8.979740672518916611e+00 0.000000000000000000e+00 1.023415266018072245e+01 5.708528950365027413e+04 0.000000000000000000e+00
3.485901202695755728e+03 8.830614849009521095e+00 0.000000000000000000e+00 1.053201498761831800e+01 5.883713809136210330e+04 0.000000000000000000e+00
3.611570031249743352e+03 9.014512948087469724e+00 0.000000000000000000e+00 1.087038680158112136e+01 5.791108118277949688e+04 0.000000000000000000e+00
3.807954773121057769e+03 9.044901152771112507e+00 0.000000000000000000e+00 1.052479107928024504e+01 5.584218045342098776e+04 0.000000000000000000e+00
3.730846492755673808e+03 9.220414526240773512e+00 0.000000000000000000e+00 1.129524229165382465e+01 5.518204632746434072e+04 0.000000000000000000e+00
3.824215237641959902e+03 8.937944670873486430e+00 0.000000000000000000e+00 1.083372840835741968e+01 5.615387496056681994e+04 0.000000000000000000e+00
3.950211409410263059e+03 9.017886102629459444e+00 0.000000000000000000e+00 1.147381299458995052e+01 6.020797561459318240e+04 0.000000000000000000e+00
4.154948716826161217e+03 9.413790786266384103e+00 0.000000000000000000e+00 1.100062348776168974e+01 5.970209723360373755e+04 0.000000000000000000e+00
4.286577177633806059e+03 9.676323931803999301e+00 0.000000000000000000e+00 1.110459968631278649e+01 5.915785299103830039e+04 0.000000000000000000e+00
4.304690617426793324e+03 9.528189661649642872e+00 0.000000000000000000e+00 1.179188979328573161e+01 5.891200355412510544e+04 0.000000000000000000e+00
4.513960710645284053e+03 9.768208433050329376e+00 0.000000000000000000e+00 1.147895646255742896e+01 5.961108234644094773e+04 0.000000000000000000e+00
4.344288539464602763e+03 1.028588984439860354e+01 0.000000000000000000e+00 1.181580122643720721e+01 5.599617236648083053e+04 0.000000000000000000e+00
4.620196754914578378e+03 9.720880931056331775e+00 0.000000000000000000e+00 1.185441401401054762e+01 5.949800164017626230e+04 0.000000000000000000e+00
4.688355599986950438e+03 9.565480819451343208e+00 0.000000000000000000e+00 1.203639117880086395e+01 5.891175079358274525e+04 0.000000000000000000e+00
4.808822706952689259e+03 1.031548455902307104e+01 0.000000000000000000e+00 1.186352966141901177e+01 5.814565707925336756e+04 0.000000000000000000e+00
4.801361729607749112e+03 1.039579506960090605e+01 0.000000000000000000e+00 1.154864447032923103e+01 5.639528935321638710e+04 0.000000000000000000e+00
5.040844284545680239e+03 1.027161107619493308e+01 0.000000000000000000e+00 1.163482376262552975e+01 5.743020107783145068e+04 0.000000000000000000e+00
4.978009781901230781e+03 1.058274179849904328e+01 0.000000000000000000e+00 1.223675778955234250e+01 5.524352380001218989e+04 0.000000000000000000e+00
5.166338203978702950e+03 1.047789795877430308e+01 0.000000000000000000e+00 1.251698929564683205e+01 5.877844031630960671e+04 0.000000000000000000e+00
5.386760107841269019e+03 1.049796522839968382e+01 3.470890456440693494e+00 1.328538281476270022e+01 4.507143671263285114e+02 8.491738585495933478e+01
5.073945083083413010e+03 1.112738499771559653e+01 3.435308174068398834e+00 1.256169240145887223e+01 4.306326704804354222e+02 8.309246395840821720e+01
5.280585704500238535e+03 1.108030327938959125e+01 3.450885832119049645e+00 1.277442011851461068e+01 4.396937082759381497e+02 8.762616714899999693e+01
5.578140752261038870e+03 1.102273721862511735e+01 3.397949401540556025e+00 1.238648269910675381e+01 4.359903506702318623e+02 8.206642614692201221e+01
5.489634376824399624e+03 1.158426569331044220e+01 3.666320459112402119e+00 1.342539430537591372e+01 4.457330412417246635e+02 8.682488589334252538e+01
5.554073061446458269e+03 1.143974290227177804e+01 3.492976532584472604e+00 1.231848080639998244e+01 4.266767653375331975e+02 8.743007475477405421e+01
5.748930843986569926e+03 1.150024346869618874e+01 3.536528026164094562e+00 1.270567666798982209e+01 4.384340205515710522e+02 8.839165653534520573e+01
5.822445137515675015e+03 1.142124408267614655e+01 3.468840596113212271e+00 1.238955796639845452e+01 4.380624243422951736e+02 8.113151557137537395e+01
6.091921274964845907e+03 1.138719008760282669e+01 3.469766770110294996e+00 1.328485996159061955e+01 4.500542415740715683e+02 8.561090772385283287e+01
6.220164239143250597e+03 1.074909016044284904e+01 3.610378797559805175e+00 1.331034836550340827e+01 4.354984068632029448e+02 8.089960566432711175e+01
6.055876563419514241e+03 1.079666799042766634e+01 3.822481608298522460e+00 1.359813733424944537e+01 4.206298106307107787e+02 8.145294057099513907e+01
6.098304020038663111e+03 1.081362019118788353e+01 3.630066350067452152e+00 1.301938962056094162e+01 4.448945467122043169e+02 8.411297723685676431e+01
6.266291606369903093e+03 1.079708073654168565e+01 3.698157220058384542e+00 1.348365795556606628e+01 4.446922604181452812e+02 8.211730988525184216e+01
6.681408520749251693e+03 1.076918709445800815e+01 3.612154625300047162e+00 1.269885287270649954e+01 4.390958783731070412e+02 8.321310561615835866e+01
