1.477291288490185650e-01 5.897471085417467229e+00 3.430249757270258826e+00 2.887157125182067574e+00 1.340892892241304480e+03 5.803851721054334121e+02
3.459515241174046452e+01 5.580247599315961260e+00 3.446800528381349871e+00 2.935056892019856534e+00 1.459546532645877505e+03 6.227635764870107096e+02
3.184791744514537015e+01 7.561705990446551340e+00 4.168801830140033360e+00 3.229079114825986085e+00 1.353110304945224470e+03 6.109177497259020129e+02
5.075517944996102671e+01 7.681360994020034028e+00 4.437828783158808577e+00 3.425561048678213982e+00 1.396753334091425359e+03 6.013311034017229986e+02
1.027202511044305027e+02 7.766084963384570550e+00 4.476366275099310954e+00 3.496677802619973185e+00 1.935475648586562158e+02 7.965627268659048354e+01
1.442629687317611058e+02 8.367325197061342479e+00 4.655901030855110534e+00 3.463315471883845031e+00 2.096105757602162498e+02 7.704733130636083160e+01
2.064474748003088962e+02 8.484541427990299312e+00 4.797073419235870162e+00 3.426718624257441892e+00 3.442294515998287920e+02 8.129161064565283823e+01
2.506608806239979401e+02 8.239776050377576766e+00 4.467621371708279554e+00 3.586836287134973489e+00 3.559380061997948701e+02 1.362894768651009656e+02
2.865436196400115705e+02 8.880016398732424321e+00 4.615371126391369927e+00 3.456735876598478363e+00 3.510926165677640824e+02 1.365074346510070882e+02
3.416981959282104526e+02 9.086653254990013195e+00 5.091288518595046497e+00 3.473628376638991266e+00 3.610627699589832673e+02 1.499193569601757190e+02
4.223556888208762530e+02 9.066696005222897981e+00 5.206122684022793656e+00 3.499146213896118240e+00 3.754368483282195825e+02 1.480536590945341402e+02
4.985932754410936241e+02 9.094434628291883982e+00 5.215531694116417150e+00 3.844347337273798182e+00 3.578515620582309111e+02 1.486292968170612880e+02
6.239515014283925893e+02 9.925414881212612173e+00 5.553713059838848665e+00 3.937660914173359838e+00 3.699472438521946742e+02 1.373847980027070150e+02
6.532093197696088964e+02 1.115158349379310643e+01 6.281128075398048516e+00 4.230998696111446300e+00 7.261527923512494453e+02 3.186097754345251474e+02
8.318476018658941484e+02 1.115421790134759128e+01 5.826089610896601378e+00 4.627377108381112158e+00 7.498323885405221745e+02 2.987111777401837571e+02
8.757847406520209006e+02 1.140299804805588302e+01 6.445098447394746799e+00 4.405334740424261319e+00 7.517994028759122784e+02 3.167148512032353551e+02
1.023380161647899627e+03 1.122730851984751155e+01 6.609810633993133067e+00 4.646688430663788338e+00 7.377126859731308741e+02 3.173651900800529120e+02
1.124392368104692196e+03 1.100150886483640278e+01 6.207379790426612587e+00 4.553142102779202283e+00 7.349573012615077232e+02 3.039035778255147875e+02
1.233152834231918177e+03 1.214755168594320800e+01 6.606952235311696953e+00 4.914036656290750926e+00 7.562509088300284930e+02 3.046891047998790896e+02
1.357690929614079778e+03 1.182279227190478288e+01 6.506000238598640628e+00 4.994713675658969620e+00 7.563972671962695813e+02 3.003807559704262644e+02
1.391435272038731910e+03 1.249886620246076951e+01 6.323456813703113966e+00 4.886672802573180263e+00 7.164099673569800188e+02 3.250222432949309450e+02
1.656260195307702588e+03 1.263956683960628702e+01 6.683129999886338268e+00 5.199618116170256599e+00 7.445298231044341719e+02 2.985175634176368362e+02
1.841927930598507828e+03 1.260972684972281677e+01 6.610886668895562757e+00 4.881079029439709949e+00 7.713023498248797978e+02 3.252789342009018014e+02
2.032442447242728804e+03 1.224430097311181243e+01 7.225166732649325851e+00 5.353389151940517898e+00 8.063807602599035818e+02 3.270344830075528080e+02
2.138336445396926138e+03 1.319774964208675527e+01 6.931473555540903497e+00 5.287000444110647734e+00 7.809813654313646794e+02 3.264480598902372890e+02
2.268565163849506916e+03 1.264855635772805442e+01 6.751172826817253281e+00 5.229850722360064985e+00 8.180284591933510683e+02 3.236055011908262600e+02
2.530204694660003497e+03 1.352155113948315446e+01 6.783021250100008004e+00 5.637819796518550142e+00 7.945256155923245842e+02 3.020492653780057708e+02
2.693907284253327816e+03 1.342862790920367821e+01 6.994919547263564574e+00 5.412748966139268703e+00 7.857261578369160588e+02 3.046679639082207700e+02
3.005971449847097574e+03 1.320352713629232433e+01 7.671013046387429313e+00 5.928416124904838824e+00 7.695940543420496169e+02 3.102149629140957359e+02
3.007152515029005372e+03 7.908337741511204833e+00 0.000000000000000000e+00 9.379998375872062866e+00 7.809747518253045655e+02 3.168950926271237449e+02
3.041340282038970145e+03 8.565684889311842909e+00 0.000000000000000000e+00 9.746926745472057618e+00 5.799565091416561336e+04 0.000000000000000000e+00
3.074724794062452929e+03 8.612214908522631163e+00 0.000000000000000000e+00 9.879926794849581029e+00 5.669259193139175477e+04 0.000000000000000000e+00
3.170630916326942042e+03 8.463392490785997424e+00 0.000000000000000000e+00 9.927614056587341196e+00 6.051343654400527885e+04 0.000000000000000000e+00
3.262060308163767786e+03 8.557505673625811937e+00 0.000000000000000000e+00 1.027126150456037124e+01 5.939289527254704444e+04 0.000000000000000000e+00
3.350411432256703392e+03 8.538851653941998521e+00 0.000000000000000000e+00 1.027383366509734586e+01 5.672497444734614692e+04 0.000000000000000000e+00
3.315559021102657425e+03 9.185524034307240626e+00 0.000000000000000000e+00 1.100970422310385288e+01 6.068122429081005976e+04 0.000000000000000000e+00
3.488429692074556442e+03 9.078564493412212499e+00 0.000000000000000000e+00 1.042911248906002619e+01 5.890611738372774562e+04 0.000000000000000000e+00
3.705781999892428303e+03 9.531965032734831311e+00 0.000000000000000000e+00 1.050114001245011330e+01 5.577766272184004629e+04 0.000000000000000000e+00
3.583732555710278575e+03 9.392441048495159706e+00 0.000000000000000000e+00 1.098873629761151705e+01 5.511600201409507281e+04 0.000000000000000000e+00
3.851064931398912904e+03 9.144828674235160548e+00 0.000000000000000000e+00 1.125759654180581038e+01 5.669044976250613399e+04 0.000000000000000000e+00
4.153281221060506141e+03 9.360439686924632241e+00 0.000000000000000000e+00 1.100840991358187715e+01 6.039037802318871400e+04 0.000000000000000000e+00
3.936912578235352157e+03 9.263539802650452515e+00 0.000000000000000000e+00 1.184816712462777133e+01 5.535797584829046536e+04 0.000000000000000000e+00
4.273506400663169188e+03 9.951286164650463562e+00 0.000000000000000000e+00 1.142651745490448612e+01 6.030719131922924862e+04 0.000000000000000000e+00
4.109763932324342932e+03 9.685124860625247578e+00 0.000000000000000000e+00 1.170207160720493000e+01 6.068780727114450565e+04 0.000000000000000000e+00
4.359552332162027596e+03 9.438450807923759456e+00 0.000000000000000000e+00 1.169731068986239819e+01 5.585907976000147028e+04 0.000000000000000000e+00
4.465749755909211672e+03 1.024406096769447139e+01 0.000000000000000000e+00 1.115132991097096848e+01 5.888476863333424990e+04 0.000000000000000000e+00
4.420976999105560026e+03 1.003377918412229342e+01 0.000000000000000000e+00 1.141716631544048788e+01 5.575665224935483275e+04 0.000000000000000000e+00
4.795600444064355543e+03 9.695584132070381500e+00 0.000000000000000000e+00 1.234538208267885118e+01 5.689260096726658230e+04 0.000000000000000000e+00
4.889996404783932121e+03 1.015419607753218578e+01 0.000000000000000000e+00 1.213953097828130367e+01 5.611462839180220908e+04 0.000000000000000000e+00
4.661050956395158209e+03 9.943899427849649086e+00 0.000000000000000000e+00 1.244439903143928028e+01 5.843085484439124411e+04 0.000000000000000000e+00
5.049329027316957763e+03 9.906129815217633805e+00 0.000000000000000000e+00 1.205418365546307413e+01 5.941465431486725720e+04 0.000000000000000000e+00
5.318237672872118310e+03 1.043965556746591794e+01 0.000000000000000000e+00 1.238777739350252638e+01 5.536930053654343646e+04 0.000000000000000000e+00
4.897415994753908308e+03 1.066562986558806969e+01 0.000000000000000000e+00 1.246137641295052312e+01 5.522245326305888739e+04 0.000000000000000000e+00
4.930217724343541704e+03 1.123548458022095353e+01 3.428030364265564067e+00 1.244519716492485450e+01 4.355640902735912050e+02 8.831284791134362422e+01
5.374670194003950201e+03 1.069496037721083326e+01 3.587702863982126011e+00 1.335761311795361372e+01 4.228295907987373994e+02 8.848784150486518740e+01
5.410828266471139614e+03 1.109418584820602049e+01 3.654661653666165133e+00 1.343584689713299518e+01 4.438590677469870798e+02 8.458892640907797045e+01
5.433186218569057019e+03 1.099991702974655006e+01 3.444337281518591976e+00 1.321063530721788837e+01 4.456709872539898925e+02 8.515790400100176782e+01
5.396777614528879894e+03 1.091857671430201826e+01 3.579040937949888423e+00 1.309417299663142842e+01 4.567034803858491046e+02 8.878370338083159652e+01
5.809441586107899639e+03 1.160167713453358296e+01 3.448326629873289750e+00 1.286807021534689355e+01 4.257920682273858688e+02 8.810381980990585760e+01
5.655670083562995387e+03 1.151324378825127148e+01 3.755966553362156013e+00 1.329259341258065241e+01 4.544891900963055491e+02 8.524087986347792878e+01
5.528822087291815478e+03 1.070259105673803113e+01 3.478238802914364936e+00 1.346061530473371448e+01 4.260582771934567745e+02 8.527162315614501154e+01
6.003355261973467350e+03 1.136129562041409891e+01 3.710920624436742532e+00 1.285834362191522828e+01 4.207171620061847079e+02 8.219086149849736955e+01
5.755023253495014615e+03 1.166690732293942823e+01 3.616599085353434884e+00 1.289319206170102738e+01 4.304550905236894209e+02 8.522313568645949999e+01
5.847336006404005275e+03 1.121921057895747786e+01 3.729728888610075010e+00 1.353708143551649634e+01 4.215286579863006864e+02 8.783801671379750076e+01
6.306202955341641427e+03 1.164711883909991919e+01 3.794684395876702254e+00 1.315428899553008257e+01 4.344364095737697653e+02 8.359935535833355402e+01
6.465387267352185518e+03 1.165110167586753143e+01 3.849693984069440411e+00 1.303104989689389726e+01 4.514111678786366042e+02 8.820899628814701998e+01
6.510184343457599425e+03 1.107320993602102632e+01 3.524993365801210921e+00 1.346890177828100654e+01 4.463325923034215066e+02 8.616738502195599381e+01
