-1.950740055218171953e-01 5.757683584713387148e+00 3.464463482381484827e+00 2.747997232833240044e+00 1.391184107254758374e+03 5.785024972392151312e+02
3.233537235337664839e+01 5.924479190835075570e+00 3.278932502067101407e+00 2.854587932765067393e+00 1.357488916212445929e+03 5.764305793718789346e+02
3.153125302967437804e+01 7.443546345477304094e+00 4.483566691452320896e+00 3.188933456504227770e+00 1.410305890588768534e+03 6.008838443582690161e+02
4.901819217168197440e+01 7.987601938373900978e+00 4.287989166158097554e+00 3.199894376402819152e+00 1.339519793306711108e+03 6.012503416614906655e+02
1.012555484632357548e+02 7.583897206568495086e+00 4.389910543637602913e+00 3.384123385874841627e+00 1.905303172890733379e+02 7.730991017153444034e+01
1.460874301075321000e+02 7.909474713996469397e+00 4.722279734874852863e+00 3.333070931071755005e+00 1.937988037789695568e+02 8.023266450131015404e+01
2.029022374665389066e+02 8.414779632447482172e+00 4.392828001670907589e+00 3.592855571919700619e+00 3.556075309205792792e+02 7.750974045608275276e+01
2.480721977922967483e+02 8.140244395497981955e+00 4.661865188197104715e+00 3.567169689851791503e+00 3.535747685549769130e+02 1.361271983919674540e+02
3.069315227686365120e+02 8.577104634675293937e+00 4.841337987906837448e+00 3.421960392674987528e+00 3.572357223462695401e+02 1.395697724949613416e+02
3.349816012300923376e+02 9.065645945111828752e+00 4.621682016912764368e+00 3.722593955553564982e+00 3.543972459308199063e+02 1.364642768355633677e+02
4.302562332785058743e+02 8.986111540714958323e+00 4.887714640744225569e+00 3.557641985940573459e+00 3.430754161175327681e+02 1.415391702709120807e+02
4.985831963508691160e+02 9.453043368448389216e+00 5.435452863893545761e+00 3.672790858599554120e+00 3.461411821923405228e+02 1.430100562394646317e+02
6.003344931168468293e+02 9.767607639040408074e+00 5.527231232817008788e+00 3.998462729117019165e+00 3.522327360302296029e+02 1.453655771703810160e+02
6.896998491867083203e+02 1.119736164644117160e+01 6.233464241747857848e+00 4.470631599656099908e+00 7.553099571062379027e+02 3.151827024688634538e+02
8.131212764982334420e+02 1.150282561628000266e+01 6.310941940160446073e+00 4.535605544685053836e+00 7.629028599212094832e+02 3.206209427764199518e+02
9.408335130229542074e+02 1.122345581110113244e+01 6.091549054994800372e+00 4.371777840104582147e+00 7.484499070794515774e+02 3.233562190765343303e+02
1.007208058713355513e+03 1.136097794488421542e+01 6.313470240593624716e+00 4.874631124743540767e+00 7.186769829429422316e+02 3.248803467682746486e+02
1.076342315740402682e+03 1.184392283724238837e+01 6.622296071441506449e+00 4.747630414242244967e+00 7.389988747442473596e+02 3.272801338881159268e+02
1.180957297098665777e+03 1.129486971233059478e+01 6.697770788940495379e+00 4.659045811485425403e+00 7.589629438660230107e+02 3.084935366318665615e+02
1.255712018436965081e+03 1.141451908532837400e+01 6.354345718984599323e+00 4.688286206310831261e+00 7.662555756015724455e+02 3.217574297428109844e+02
1.346329199496248975e+03 1.249671950721142366e+01 6.452950254272841413e+00 4.816037456077303602e+00 7.502199028972146380e+02 3.085571108825855617e+02
1.673131156571535257e+03 1.184858076311542874e+01 7.042366194289842340e+00 4.909050600851820434e+00 7.505616781190288975e+02 3.246585676301637022e+02
1.817566103875066119e+03 1.234788705177541956e+01 6.977669511698804783e+00 5.287540760998093781e+00 7.715687027358503656e+02 2.979294979479226413e+02
1.982794033343732053e+03 1.316773577368678261e+01 6.710251764268708285e+00 5.158216204731208343e+00 8.192925713238585104e+02 3.267801954315593207e+02
2.167357869172446499e+03 1.292736905698505190e+01 7.037021033601415176e+00 5.370205671528288427e+00 8.081828118893913597e+02 3.035263116778355084e+02
2.334642398448449512e+03 1.250176711548772523e+01 6.734255008978274226e+00 5.404983725780154735e+00 7.710218734313759796e+02 3.163283302973414379e+02
2.724116910649783676e+03 1.289533739519365341e+01 7.093482060641206566e+00 5.642010153479368739e+00 8.016744333267967022e+02 3.092263886250235601e+02
2.652347760106647002e+03 1.358244264961857795e+01 7.076134438435644824e+00 5.580420338016166326e+00 8.152807089607028956e+02 2.970908549916048287e+02
2.940046060645798661e+03 1.413687958209765583e+01 7.254998128384481326e+00 5.471882553035793073e+00 8.381405039306370099e+02 3.120565849664861275e+02
2.849995288875045389e+03 8.401347775431679210e+00 0.000000000000000000e+00 9.481312069395439579e+00 7.763640628718893595e+02 3.178746404795259082e+02
2.871201512897684097e+03 8.067551834198082972e+00 0.000000000000000000e+00 1.016252437461192137e+01 5.833642580275749060e+04 0.000000000000000000e+00
3.112260188066794854e+03 8.715600271214066552e+00 0.000000000000000000e+00 1.011641637793816884e+01 5.642239203499730502e+04 0.000000000000000000e+00
3.278649695045663520e+03 8.632888015888040556e+00 0.000000000000000000e+00 1.006759832678320343e+01 5.495548407419428986e+04 0.000000000000000000e+00
3.420130931886460985e+03 9.072493311120670256e+00 0.000000000000000000e+00 1.064334015103175801e+01 5.537148658843159501e+04 0.000000000000000000e+00
3.457980371776578522e+03 8.742170791877031277e+00 0.000000000000000000e+00 1.098372712576982302e+01 5.522783101285411976e+04 0.000000000000000000e+00
3.482154341579324864e+03 9.030873392968327806e+00 0.000000000000000000e+00 1.044737714345669133e+01 5.605991437555660377e+04 0.000000000000000000e+00
3.394350745428341725e+03 8.711094962634250649e+00 0.000000000000000000e+00 1.083520063318930404e+01 5.605364270785728877e+04 0.000000000000000000e+00
3.489359857021099288e+03 9.104793709859791306e+00 0.000000000000000000e+00 1.148880278614481831e+01 5.692267298515269795e+04 0.000000000000000000e+00
3.854056690490876917e+03 9.436353747484897525e+00 0.000000000000000000e+00 1.080847526057655017e+01 5.678983011962104501e+04 0.000000000000000000e+00
3.913855509450887439e+03 9.371274398907347702e+00 0.000000000000000000e+00 1.116949538298617384e+01 5.742447459048112796e+04 0.000000000000000000e+00
3.973039043199623848e+03 9.377880640083313679e+00 0.000000000000000000e+00 1.166099058357009355e+01 5.872810725762012589e+04 0.000000000000000000e+00
3.950557031692720102e+03 9.390999290170256586e+00 0.000000000000000000e+00 1.141658553130839593e+01 5.932661785826559208e+04 0.000000000000000000e+00
4.256908189737980138e+03 9.221527994618746504e+00 0.000000000000000000e+00 1.098290062468626438e+01 5.557035602092707995e+04 0.000000000000000000e+00
4.385159356549301265e+03 9.774235223148595608e+00 0.000000000000000000e+00 1.203186514834177956e+01 5.763193057821368711e+04 0.000000000000000000e+00
4.240490112139828852e+03 1.023300222162265705e+01 0.000000000000000000e+00 1.181825512132374811e+01 5.648329338052406820e+04 0.000000000000000000e+00
4.608648933602066791e+03 1.012687052784885111e+01 0.000000000000000000e+00 1.127076658865237313e+01 5.945659187294370349e+04 0.000000000000000000e+00
4.773807297334064970e+03 1.040126271355684828e+01 0.000000000000000000e+00 1.172427167499123435e+01 5.658403805782417476e+04 0.000000000000000000e+00
4.810989325604640726e+03 9.667113769702631032e+00 0.000000000000000000e+00 1.195670622603843469e+01 5.748343634125676181e+04 0.000000000000000000e+00
4.623307909690730412e+03 1.060488634766119276e+01 0.000000000000000000e+00 1.236726715579608182e+01 5.691208799665974948e+04 0.000000000000000000e+00
4.789728515584658453e+03 1.057646931085329456e+01 0.000000000000000000e+00 1.224492597995079812e+01 5.995904915393842384e+04 0.000000000000000000e+00
4.979448384596879805e+03 1.061453058719283149e+01 0.000000000000000000e+00 1.184925909678869793e+01 5.561170587744611839e+04 0.000000000000000000e+00
5.054788690837009199e+03 9.988301667883677126e+00 0.000000000000000000e+00 1.222719807324163277e+01 5.946652976794848655e+04 0.000000000000000000e+00
5.054195428974037895e+03 1.038422601395046208e+01 0.000000000000000000e+00 1.237687017792541688e+01 5.873107625489692873e+04 0.000000000000000000e+00
5.294814536430652879e+03 1.149010013080574666e+01 3.348303497973822207e+00 1.294170426099417526e+01 4.272557231907583741e+02 8.556133183036956780e+01
4.989820363727052609e+03 1.071488477901677427e+01 3.409329799130268679e+00 1.336689680961083049e+01 4.450057739929557101e+02 8.339330168300234902e+01
5.053290944759924059e+03 1.151159348647069613e+01 3.583679439728167271e+00 1.329727097136854574e+01 4.241355752808021293e+02 8.315307545648751386e+01
5.424501463151593271e+03 1.104109814389706834e+01 3.578778361033977617e+00 1.276219528594710972e+01 4.437148423368950034e+02 8.347949224944589730e+01
5.598598652572313767e+03 1.112268844711235616e+01 3.661902206289075590e+00 1.329017482294385033e+01 4.331540624656926184e+02 8.441109315347846120e+01
5.736431814925407707e+03 1.159446079027731535e+01 3.423674173763237683e+00 1.274211987548477332e+01 4.456075031654455643e+02 8.816008069580949780e+01
5.847765382573997158e+03 1.161216614738802200e+01 3.451651871682677619e+00 1.260641048648824381e+01 4.555653906419594819e+02 8.602550143868262467e+01
5.971307131031258905e+03 1.080774741889981350e+01 3.547815484940913144e+00 1.295879949634236183e+01 4.525520366411786313e+02 8.395600529858579364e+01
6.098847748280220912e+03 1.171309094495949310e+01 3.758794093405140035e+00 1.329697880725187531e+01 4.510836717030596787e+02 8.574928830772813626e+01
5.862405036538734748e+03 1.102118773977862354e+01 3.563124014027860387e+00 1.309275357327685363e+01 4.506211991232052583e+02 8.429000587183527671e+01
6.100948288474735818e+03 1.163063646471712076e+01 3.569907196645941472e+00 1.303776659369046875e+01 4.505413625559067441e+02 8.578670104949199526e+01
6.104766900989278838e+03 1.123247253627376807e+01 3.512164314907932905e+00 1.271507889257842905e+01 4.225873946918733282e+02 8.201258006291281788e+01
6.199571838237614429e+03 1.154646452870192519e+01 3.807243803576938923e+00 1.293857774545697836e+01 4.341391023704347276e+02 8.838325696842716184e+01
6.642606249500626291e+03 1.156593386565284831e+01 3.616574245678604971e+00 1.291235535074984675e+01 4.524954276060573761e+02 8.374149236051020750e+01
