-2.317531392584384342e-01 5.544015980164827440e+00 3.260052250507400995e+00 2.776015667961559075e+00 1.418439283929972589e+03 5.897071129360259647e+02
3.264999007659354646e+01 5.619475072429852780e+00 3.350176691263082596e+00 2.773667967515512700e+00 1.394369388270488344e+03 6.015131020548014931e+02
3.286015321642874198e+01 7.530369570565703441e+00 4.417960349187463720e+00 3.154770225843345433e+00 1.390390030285022704e+03 5.855225561089978328e+02
4.973191907872217143e+01 7.983505890130412119e+00 4.483436052620574763e+00 3.477755786336819810e+00 1.438942149737290038e+03 6.261398116625776993e+02
9.513533840178368450e+01 8.298540001512913378e+00 4.501549451023517001e+00 3.531705209588258398e+00 1.979465883521359899e+02 8.021395431229595374e+01
1.427112916560937776e+02 8.326117283948679670e+00 4.585588921608293234e+00 3.338534571480463509e+00 2.009332428596596003e+02 7.758406934485022077e+01
1.963068289707897520e+02 7.952333079658971293e+00 4.428122058671536188e+00 3.309785885112534576e+00 3.531259520218125658e+02 7.819994042832179559e+01
2.460598623074370721e+02 8.240609854881766339e+00 4.627277499806373484e+00 3.645186614512732071e+00 3.669973604683168560e+02 1.483600771310122468e+02
2.963216923233021589e+02 8.367604310867532647e+00 4.902507363914346605e+00 3.458201513958729212e+00 3.612519848291490803e+02 1.448353730332246698e+02
3.421348701849353802e+02 8.948980562945594741e+00 4.736786865761888343e+00 3.755317567420307867e+00 3.752560027135760379e+02 1.365129921449446613e+02
3.958649373831461844e+02 8.886365685468492259e+00 4.736766703027422309e+00 3.638485664894206550e+00 3.492186153459084039e+02 1.436815829223589560e+02
5.130440113411178800e+02 9.726965528561594354e+00 5.257579833869672647e+00 3.946876424458473753e+00 3.691409062881681393e+02 1.409260428813574322e+02
5.766043690814043430e+02 1.068588155658241767e+01 5.387076184244738108e+00 4.239658666271664877e+00 3.481858858766543676e+02 1.387116405752217645e+02
6.755958482634380289e+02 1.046923902114484761e+01 5.761266470407965024e+00 4.220739359557502013e+00 7.713354612933909493e+02 3.040339109105080411e+02
7.824019640931956019e+02 1.105278320216890009e+01 6.310816469844731103e+00 4.364654684407873297e+00 7.363007332097362223e+02 3.030881236500814566e+02
8.727648248748188280e+02 1.102232954452112246e+01 6.362979040229340910e+00 4.515595940081073678e+00 7.043905829452081662e+02 2.979611459897773216e+02
9.528612401829205965e+02 1.153177116513523082e+01 6.240513783465925890e+00 4.754310473129617520e+00 7.126707054311297043e+02 3.146587668972940151e+02
1.096369337813619040e+03 1.159834554419487773e+01 6.587303659681833068e+00 4.768514107721596673e+00 7.492962754081841013e+02 3.106496150825377072e+02
1.210280007982260940e+03 1.118918429723642838e+01 6.214313070107193582e+00 4.560515885682156600e+00 7.767039467198000011e+02 3.183278290155443528e+02
1.288259945128657591e+03 1.132285112442443342e+01 6.863112871955723726e+00 4.924243175993231247e+00 7.110512165400376716e+02 3.124268846473537451e+02
1.445392039770974861e+03 1.165430340632585882e+01 6.600076433292399791e+00 4.672068513405723600e+00 7.403046990218543897e+02 3.125965694939406490e+02
1.625996344880884408e+03 1.211595868681250465e+01 6.971000963783080095e+00 4.802029591116411922e+00 7.316391270031095928e+02 2.975344640549816972e+02
1.755142735642009939e+03 1.310227313695435036e+01 6.980609606884113028e+00 5.141434638983920280e+00 7.749180822276232448e+02 3.011486876853954868e+02
1.935879885072746902e+03 1.293037975171593068e+01 6.670475009240031561e+00 5.383830160646536633e+00 8.044909805902012749e+02 3.142557788363029658e+02
2.176316397411716935e+03 1.273506794775398987e+01 7.071741490206453484e+00 5.467695542547281740e+00 8.143142102471446151e+02 3.259401496277886849e+02
2.398975736846825384e+03 1.255684197770738741e+01 6.983553953964237948e+00 5.299169230235734496e+00 8.339864036664895366e+02 3.028374349738650153e+02
2.484990515817418782e+03 1.353558707065955069e+01 6.975107356923665236e+00 5.447428753265881163e+00 8.111453273994982283e+02 3.203056108355607989e+02
2.649327117579111928e+03 1.425329371956338775e+01 7.295696342520197497e+00 5.373544114993975995e+00 7.932026513675990600e+02 3.153096010994981953e+02
2.806323844790450494e+03 1.395324302103821346e+01 7.625917295956601727e+00 5.716692764266650073e+00 7.779761803410782477e+02 3.162009389324839503e+02
2.845738324285258841e+03 7.909257266625539629e+00 0.000000000000000000e+00 1.014731379789943055e+01 7.670164116027415275e+02 3.204860920217643638e+02
2.828488912765988061e+03 8.249577698947520688e+00 0.000000000000000000e+00 1.007439814861660032e+01 5.545235600792140758e+04 0.000000000000000000e+00
3.103244106808804190e+03 8.771911691673766498e+00 0.000000000000000000e+00 9.736615852327874521e+00 5.886478160366836528e+04 0.000000000000000000e+00
3.309828008144871092e+03 8.883960003195358723e+00 0.000000000000000000e+00 1.064394040628856963e+01 5.937824186027298856e+04 0.000000000000000000e+00
3.334145878688854737e+03 8.630536108694373709e+00 0.000000000000000000e+00 1.048036639165156281e+01 5.877956089631876966e+04 0.000000000000000000e+00
3.240972886942183322e+03 8.452647381333985521e+00 0.000000000000000000e+00 1.009570977727168462e+01 5.673969441717677546e+04 0.000000000000000000e+00
3.312420825596485884e+03 9.328352492405796781e+00 0.000000000000000000e+00 1.097259956006002923e+01 6.035635342744725494e+04 0.000000000000000000e+00
3.397208531124810179e+03 9.317550227231770066e+00 0.000000000000000000e+00 1.106174753721387383e+01 6.064146955413606338e+04 0.000000000000000000e+00
3.677464558092545758e+03 8.859965746179531365e+00 0.000000000000000000e+00 1.087999606593878177e+01 5.770936345154031733e+04 0.000000000000000000e+00
3.792965055011794448e+03 9.662088152062114688e+00 0.000000000000000000e+00 1.093082611914929636e+01 6.051731560910266126e+04 0.000000000000000000e+00
3.731176957666327780e+03 9.168104756850452119e+00 0.000000000000000000e+00 1.150621891201913272e+01 5.518188292591695063e+04 0.000000000000000000e+00
3.997403636092492434e+03 9.491463687391355819e+00 0.000000000000000000e+00 1.081669127402943431e+01 5.854346852873032185e+04 0.000000000000000000e+00
4.226411074036569516e+03 9.376788994394985366e+00 0.000000000000000000e+00 1.113510300354228733e+01 5.948131314618137549e+04 0.000000000000000000e+00
4.261999568470232589e+03 9.797900942273166436e+00 0.000000000000000000e+00 1.188304073063054922e+01 5.796303322974277398e+04 0.000000000000000000e+00
4.329073803183875498e+03 9.528449821037671796e+00 0.000000000000000000e+00 1.118434637108726903e+01 6.014030759690415289e+04 0.000000000000000000e+00
4.255883483384222018e+03 9.846368859278580743e+00 0.000000000000000000e+00 1.154402427160534117e+01 5.565876415715250187e+04 0.000000000000000000e+00
4.305025762480499907e+03 1.013323971180891903e+01 0.000000000000000000e+00 1.196344662761267230e+01 5.774854154666775867e+04 0.000000000000000000e+00
4.607844394380655103e+03 9.660772393902400168e+00 0.000000000000000000e+00 1.130467923408216180e+01 5.537204197214541637e+04 0.000000000000000000e+00
4.437628625966086474e+03 9.686542180314557271e+00 0.000000000000000000e+00 1.242392465234911292e+01 5.696153252448745479e+04 0.000000000000000000e+00
4.627357326946966168e+03 9.768531939236003936e+00 0.000000000000000000e+00 1.138769853446402003e+01 5.797750385813321191e+04 0.000000000000000000e+00
5.050173275961719810e+03 1.046681920496745200e+01 0.000000000000000000e+00 1.163465118787796904e+01 5.977163256753719907e+04 0.000000000000000000e+00
4.750759838600269177e+03 1.006068424727551402e+01 0.000000000000000000e+00 1.156729625938136508e+01 5.640970489714092400e+04 0.000000000000000000e+00
5.086165017488886406e+03 1.048435538936735512e+01 0.000000000000000000e+00 1.236539200918497272e+01 5.715237875035213074e+04 0.000000000000000000e+00
5.300255267119163364e+03 1.066326652049651713e+01 0.000000000000000000e+00 1.185259239688355848e+01 5.934254206105150661e+04 0.000000000000000000e+00
4.920591197082785584e+03 1.067928517071485217e+01 3.386419366580887491e+00 1.253908193517125369e+01 4.638492161823482434e+02 8.499233325761754543e+01
5.322394335143371791e+03 1.146574205447296535e+01 3.519223841447561618e+00 1.282686779625074358e+01 4.329770523962157540e+02 8.234841956261010409e+01
5.456353855469308655e+03 1.108499313512279016e+01 3.457015550429479056e+00 1.331832380531297666e+01 4.475368547907709171e+02 8.812320223873720693e+01
5.346880473447437907e+03 1.144591966156255403e+01 3.430552447221741019e+00 1.259179665054472785e+01 4.275538430800035030e+02 8.260689782157362515e+01
5.723002665475761205e+03 1.099084365591557422e+01 3.550725956349433332e+00 1.280071485730549696e+01 4.471962405039403734e+02 8.597319355500766846e+01
5.571940001023899640e+03 1.121710524056589797e+01 3.669726095838158564e+00 1.262881071273969091e+01 4.274433714626352412e+02 8.719624315946286686e+01
5.853536067617331355e+03 1.144109495217607275e+01 3.654586643484560415e+00 1.250099112838668880e+01 4.307782748137373687e+02 8.631119461529947046e+01
5.573903812431963161e+03 1.153711030343835198e+01 3.557948766094871651e+00 1.287096655086521224e+01 4.265081017937873185e+02 8.443917550864021848e+01
5.596203010986900154e+03 1.107065861015563968e+01 3.818336654471695457e+00 1.357565781234096569e+01 4.174879451930909795e+02 8.916277682434639473e+01
5.740656684349893112e+03 1.174124078555614226e+01 3.565361638303398806e+00 1.250571977589985551e+01 4.133601160352498596e+02 8.664745186653834708e+01
5.977539383215589623e+03 1.163921189106031839e+01 3.685478915157372803e+00 1.260082605145156975e+01 4.371904643944918121e+02 8.853947942412244743e+01
5.965435151334138936e+03 1.162885967528055353e+01 3.501495797807820498e+00 1.261087373556939006e+01 4.378840827997422025e+02 8.136079034714192915e+01
6.531658946703092624e+03 1.115637903036011558e+01 3.644698581708982310e+00 1.290860545094531986e+01 4.097294403672766521e+02 8.343395555433860977e+01
6.106056967719091517e+03 1.160412982531918757e+01 3.793258763965682512e+00 1.254062459178193301e+01 4.232964349791983523e+02 8.715519817817740034e+01
