4.815026666581438963e-01 5.731261329879097310e+00 3.261331486098721477e+00 2.764164273140122585e+00 1.457237614784615744e+03 6.104833461854211691e+02
3.387734743468977427e+01 6.005072097898978889e+00 3.325822625683352740e+00 2.683608639577035326e+00 1.343283344622047252e+03 5.967717864556614131e+02
3.142599427412599766e+01 7.419396960244473149e+00 4.549207422550435531e+00 3.157658924323333505e+00 1.363156404184820985e+03 5.930273800407939007e+02
4.810790750303124241e+01 8.196198754444070644e+00 4.177250983595830469e+00 3.383632863652739076e+00 1.341375666906441893e+03 5.942841532718218787e+02
9.598068125315533905e+01 8.102648320121808467e+00 4.335370412834683052e+00 3.244607366298775109e+00 2.082932094650759325e+02 8.287021076703919675e+01
1.511725127312755887e+02 8.163739104765419086e+00 4.320297362446763323e+00 3.488750212583315413e+00 1.937563337750569019e+02 8.331351185216924193e+01
1.951924288823907148e+02 8.570816967321745139e+00 4.790904549677625468e+00 3.341320942995884113e+00 3.679748350819580196e+02 7.868760555063174422e+01
2.618140573610728552e+02 8.024134495892520036e+00 4.672648472097577610e+00 3.571108798023215236e+00 3.589318932583090600e+02 1.460771461567325673e+02
3.113668503256354256e+02 8.990005649686693801e+00 4.985620079991799791e+00 3.710444966603706263e+00 3.675445422962791895e+02 1.433298595975103922e+02
3.579715577554645165e+02 8.515453848398520265e+00 4.668692322114488036e+00 3.523152998779096823e+00 3.582960292668162765e+02 1.399521971524301307e+02
4.318748747436127928e+02 9.266268129414079624e+00 4.854793278865320083e+00 3.544542857156608662e+00 3.453142080735528339e+02 1.448107151157595354e+02
4.969831036036293312e+02 9.350777368186625083e+00 5.087282707647119651e+00 3.761326323403803684e+00 3.510412327793244458e+02 1.425129511890230560e+02
6.132376353649253815e+02 1.055467235454421271e+01 5.656140562947427952e+00 4.100796480601690774e+00 3.466994711481842160e+02 1.396231225678187400e+02
6.557523915362257867e+02 1.047188708688313419e+01 5.994010655355655359e+00 4.190219095006364469e+00 7.745939563085179316e+02 3.050856925837251197e+02
8.365389895993672553e+02 1.062550844744581013e+01 6.240594094553806315e+00 4.460735938604154960e+00 7.577026993114685638e+02 2.973800420915436007e+02
8.928518354007588869e+02 1.176708783580340700e+01 6.521903952575326180e+00 4.600766041512347471e+00 7.199178306844942199e+02 2.991203685656757898e+02
9.651678160014623700e+02 1.178445338355205685e+01 6.068958585206968515e+00 4.554922303539329143e+00 7.754144154200381536e+02 2.989681794114180207e+02
1.106730901989643598e+03 1.129004503654797631e+01 6.608780178632105873e+00 4.764948883376345812e+00 7.135421599020774011e+02 3.099727558756717940e+02
1.170647680239142801e+03 1.224482767553217855e+01 6.229798606665827521e+00 4.664099974858861408e+00 7.408010945673047445e+02 2.983979942097060984e+02
1.291459766921084110e+03 1.127101036490747532e+01 6.741205428365782737e+00 5.062610874588817644e+00 7.533904331810146004e+02 3.010411764448480767e+02
1.406627407598337641e+03 1.146212699066710172e+01 6.449085539298994085e+00 4.892587060294243173e+00 7.152288507954165198e+02 3.152770529865377398e+02
1.680046282295085348e+03 1.209201452613632632e+01 6.467927808460981254e+00 5.073994228006013074e+00 7.463901336860272977e+02 3.106473364149158556e+02
1.748207854490555064e+03 1.197342486296532016e+01 6.561503001260026835e+00 5.270526113691765602e+00 8.078665828445672332e+02 3.019890843984944127e+02
2.089091670832544878e+03 1.267198864260387126e+01 6.633669165194753248e+00 5.101170083160834423e+00 8.295952026070576721e+02 3.011625117621577488e+02
2.219975071582653982e+03 1.287995058177423324e+01 6.919755963974267843e+00 5.065676598337245373e+00 7.636575448023947956e+02 3.060247153167023839e+02
2.374124269816154083e+03 1.347511812587820046e+01 6.733621417354970440e+00 5.603329697680752730e+00 7.926259762015079104e+02 3.129024204560428188e+02
2.556195618011763599e+03 1.298269649414045190e+01 7.389778244629524373e+00 5.652617920517529981e+00 7.700415922722943378e+02 3.111882691964942182e+02
2.677681292131740065e+03 1.354733138934149039e+01 7.375687138428833833e+00 5.612338361930606645e+00 7.665059410265560018e+02 3.090354347711330547e+02
3.001624318467348076e+03 1.322369544043962009e+01 7.183528585567001024e+00 5.748356077656836760e+00 7.665111612357944750e+02 3.123989567416264208e+02
2.919544136369450825e+03 7.877861648610281264e+00 0.000000000000000000e+00 9.662121962348585669e+00 8.252509225049003589e+02 3.210716852813279161e+02
2.910760863844064261e+03 7.819600125405107960e+00 0.000000000000000000e+00 9.858228211787311679e+00 5.791487558834897209e+04 0.000000000000000000e+00
3.035031118107598104e+03 8.528498299108768776e+00 0.000000000000000000e+00 9.791822010339501503e+00 5.705893751829832763e+04 0.000000000000000000e+00
3.199691284087145959e+03 8.330941475728169010e+00 0.000000000000000000e+00 1.032185761503411392e+01 5.520196377243510506e+04 0.000000000000000000e+00
3.125923980291295720e+03 8.269717403172283099e+00 0.000000000000000000e+00 1.067822311664518864e+01 6.056292162171172095e+04 0.000000000000000000e+00
3.472533133758087843e+03 9.074107396218851207e+00 0.000000000000000000e+00 1.098079952264560966e+01 5.589666711165443849e+04 0.000000000000000000e+00
3.376830178789822639e+03 8.770842086358006995e+00 0.000000000000000000e+00 1.026241365753442381e+01 5.623375206654541398e+04 0.000000000000000000e+00
3.578826028545171994e+03 8.753877259932625776e+00 0.000000000000000000e+00 1.033903166673832530e+01 5.686824987827814766e+04 0.000000000000000000e+00
3.516202423287978036e+03 8.728202014382773655e+00 0.000000000000000000e+00 1.075000091363684263e+01 5.554577581022745289e+04 0.000000000000000000e+00
3.903205548055780127e+03 9.370277836357011836e+00 0.000000000000000000e+00 1.130202742398188853e+01 5.834648395133862505e+04 0.000000000000000000e+00
3.683663223669346735e+03 9.822705644426045879e+00 0.000000000000000000e+00 1.092101999072320773e+01 5.543865972105570108e+04 0.000000000000000000e+00
3.993119358207112782e+03 9.112469822570560041e+00 0.000000000000000000e+00 1.085367957030712738e+01 6.011954339444086509e+04 0.000000000000000000e+00
3.933453201922895914e+03 1.003493362643098052e+01 0.000000000000000000e+00 1.180189904349580310e+01 5.978544163310548902e+04 0.000000000000000000e+00
4.160010906643586168e+03 9.382986796327619672e+00 0.000000000000000000e+00 1.184633858061032718e+01 5.623017364313374128e+04 0.000000000000000000e+00
4.094484965106283653e+03 1.020089087488435808e+01 0.000000000000000000e+00 1.175655130057384490e+01 5.808154761529664393e+04 0.000000000000000000e+00
4.556147861148233460e+03 1.000481364168602738e+01 0.000000000000000000e+00 1.181733108119271058e+01 5.915205971036091069e+04 0.000000000000000000e+00
4.595303236619208292e+03 9.492136566008923637e+00 0.000000000000000000e+00 1.200209142206299795e+01 5.810085430213659129e+04 0.000000000000000000e+00
4.354439391291218271e+03 1.020199405354875744e+01 0.000000000000000000e+00 1.204740145909857674e+01 6.069292498235100356e+04 0.000000000000000000e+00
4.644062854962642632e+03 1.018949461514786847e+01 0.000000000000000000e+00 1.211756087769333412e+01 5.614455249569295847e+04 0.000000000000000000e+00
4.674907356978625103e+03 1.005159258440485637e+01 0.000000000000000000e+00 1.167246170339855738e+01 5.585853959816998395e+04 0.000000000000000000e+00
4.809129958139616065e+03 1.054499001325369356e+01 0.000000000000000000e+00 1.228719671716141448e+01 5.662243090936537919e+04 0.000000000000000000e+00
4.735226313975845187e+03 1.060230721597460501e+01 0.000000000000000000e+00 1.263162602708274207e+01 6.071194679707825708e+04 0.000000000000000000e+00
5.074442059826587865e+03 9.942483158458395920e+00 0.000000000000000000e+00 1.210221225973682557e+01 6.034624108346402500e+04 0.000000000000000000e+00
5.003642163650644761e+03 1.050870778918632631e+01 0.000000000000000000e+00 1.270612639559962886e+01 5.922642914788356575e+04 0.000000000000000000e+00
5.352321014581038071e+03 1.089938696632987458e+01 3.533261106534530072e+00 1.227613147715622866e+01 4.540020289254158570e+02 8.877076115459932737e+01
5.074890821254095499e+03 1.158152195724733247e+01 3.561348606539415318e+00 1.216308593546540884e+01 4.530753103405130560e+02 8.200531128449691209e+01
5.346870204654483132e+03 1.133664714208562252e+01 3.516292309465693489e+00 1.220940012359091043e+01 4.595223708734928323e+02 8.608784924162274876e+01
5.176928768849486005e+03 1.119484655845202781e+01 3.494365250164979120e+00 1.320957882024849717e+01 4.412372683333720715e+02 8.315562560957927474e+01
5.234735590889451487e+03 1.135507807539899083e+01 3.494184077449865811e+00 1.282556255754470165e+01 4.473236278482750663e+02 8.817929664910577969e+01
5.745597408779064608e+03 1.071430419902396203e+01 3.464292515321367283e+00 1.281903514421092183e+01 4.273499285162099568e+02 8.601344960340492207e+01
5.603471320347942310e+03 1.098271608883653450e+01 3.751999414616224993e+00 1.348620497298093213e+01 4.437530534259878436e+02 8.725469981997849800e+01
5.790989748733806664e+03 1.066014420085333647e+01 3.526691385547902513e+00 1.337495187172069322e+01 4.531228030495918233e+02 8.460918846280611660e+01
6.128503992732275947e+03 1.127410208747137688e+01 3.536092548263305879e+00 1.366072343630242258e+01 4.183075351901146632e+02 8.076198612412065359e+01
5.855030374219991245e+03 1.074644122554421877e+01 3.690316350446355198e+00 1.282024281557957579e+01 4.310080370293251235e+02 8.297887274014104264e+01
6.173733345926841139e+03 1.166445939191372183e+01 3.540183136957715693e+00 1.350278217955020388e+01 4.324924947377668332e+02 8.256137177090828061e+01
6.154904833849725946e+03 1.116557882547636105e+01 3.658789750369960458e+00 1.291374931871978937e+01 4.224030562091216439e+02 8.127737217185678276e+01
6.069964567898350651e+03 1.080499569461967724e+01 3.710479611887515183e+00 1.251065878701496281e+01 4.346061099649171524e+02 8.292303006195837156e+01
6.565853397777847931e+03 1.146345507381674977e+01 3.777023546398186937e+00 1.326089475140318719e+01 4.470659503177474789e+02 8.837288072564555819e+01
