1.365742849775850587e-01 5.744149227525193524e+00 3.322326451075858333e+00 2.888785659291040808e+00 1.407390869985563768e+03 6.092321119988515647e+02
3.428929816100072969e+01 6.028802998741054076e+00 3.412934493597405528e+00 2.788877371509416836e+00 1.434827643792685876e+03 6.083118554796892568e+02
3.169131165647079840e+01 7.687773771649371035e+00 4.513891807412036883e+00 3.194853739894061295e+00 1.353557761099622894e+03 6.207018911536264341e+02
5.254775868193020472e+01 7.937394903179223249e+00 4.360734433249639608e+00 3.296934650637516562e+00 1.339985107220910095e+03 6.117846370572160595e+02
1.007286477943916054e+02 7.852541695709423841e+00 4.559358150487692996e+00 3.223860832920191211e+00 1.965563436401881745e+02 7.671097255939707793e+01
1.552547520657433893e+02 8.143569371999726414e+00 4.691280430301163484e+00 3.404610199491062250e+00 1.928741821022638874e+02 7.671462372427720311e+01
2.012933546840025087e+02 8.422183706253253632e+00 4.610314883091306548e+00 3.570276390938510680e+00 3.731624665200084223e+02 8.235045728322837988e+01
2.385294568510570912e+02 8.500640070975846285e+00 4.591890268908869643e+00 3.535738152879989382e+00 3.596797980458850930e+02 1.377026147141770309e+02
3.071130606141454678e+02 8.537633910940231274e+00 4.995365147275306228e+00 3.456228409165318372e+00 3.610470411508512143e+02 1.377525576594268273e+02
3.526500523385909105e+02 8.439044722765924433e+00 4.808130480908049620e+00 3.578692529517795595e+00 3.652523464134038136e+02 1.387925038584891979e+02
4.169777116779468429e+02 9.058939750002034330e+00 5.104445277002738202e+00 3.665036529450843350e+00 3.573196627212587373e+02 1.477275853729889548e+02
5.220217291947888043e+02 9.567586152726551774e+00 5.107400635260066935e+00 3.790793096965014097e+00 3.606458541114082550e+02 1.363567114312349986e+02
5.786621644927859052e+02 1.067565218539704830e+01 5.679578746105266696e+00 3.994261572183508857e+00 3.585959403307447246e+02 1.487722931908230350e+02
6.702541832643099724e+02 1.105289393151285715e+01 6.255324204921913989e+00 4.488533183454289421e+00 7.067189454999140708e+02 3.191539871558803725e+02
7.689108535763967893e+02 1.121672906947473436e+01 6.390529386777456189e+00 4.518431505466004694e+00 7.238750640413029487e+02 3.246613106558879167e+02
8.896873406818509693e+02 1.131873086620911373e+01 6.348576645875878555e+00 4.385579382018219619e+00 7.222942521690036983e+02 3.207236462728473043e+02
9.758494156408969502e+02 1.101708699266615810e+01 6.313901373596807254e+00 4.599018873968017118e+00 7.346274372147474878e+02 3.267763467047368522e+02
1.052296321633559728e+03 1.159168709404845821e+01 6.715915884532254410e+00 4.640465801087843012e+00 7.553286792199660340e+02 3.055307199415275932e+02
1.219109604957810006e+03 1.165010931983663234e+01 6.780241987241111268e+00 4.628171729004480817e+00 7.574740653478417016e+02 3.077264649686290454e+02
1.302909472587742584e+03 1.156628831488157516e+01 6.514922827977643216e+00 4.664614761915997221e+00 7.362781066493445223e+02 3.000773852477373680e+02
1.419133181976073047e+03 1.241050456212880704e+01 6.736869069044779224e+00 4.787113652184202373e+00 7.124774830582356344e+02 3.257429599412222387e+02
1.539423232794479873e+03 1.225715074060821053e+01 6.655290565403318759e+00 4.904860363067575335e+00 7.629297960469483542e+02 3.255756917785533915e+02
1.843932784166077226e+03 1.308895474359232658e+01 6.557389685621533459e+00 5.085712264918972103e+00 7.706772536546005767e+02 3.059377403041828529e+02
2.078355886187412580e+03 1.262439703421631343e+01 7.206442881130127986e+00 5.361813390272224922e+00 7.909806376007466042e+02 3.213513055671817256e+02
2.150446897216734214e+03 1.250700258303259105e+01 6.886828536273754686e+00 5.454836867335708384e+00 8.192280635353685057e+02 3.130024654811920755e+02
2.349272847950805954e+03 1.259372711424748559e+01 7.202710598498311967e+00 5.247403845524495125e+00 8.166025633077106249e+02 3.091503363176177004e+02
2.716884728654264109e+03 1.328308422340083261e+01 6.780124181769910052e+00 5.454628156422693941e+00 7.698731818366128437e+02 3.051197647079525268e+02
2.605248754169987478e+03 1.362876904003215550e+01 7.544619000505913498e+00 5.651691900416429881e+00 8.318131290187631066e+02 3.043582735002843265e+02
3.021968139867683931e+03 1.307946450131228389e+01 7.211399329294079230e+00 5.745602841946659822e+00 7.608891420595672344e+02 3.160813081230005537e+02
2.927172492442805833e+03 8.020710833961175013e+00 0.000000000000000000e+00 9.339165901593904806e+00 8.080933056644893213e+02 2.995806782304765647e+02
2.978899332054349998e+03 7.846183504179221835e+00 0.000000000000000000e+00 9.660869117480464396e+00 6.020420533956997679e+04 0.000000000000000000e+00
3.128363838049594960e+03 8.610838998650491405e+00 0.000000000000000000e+00 9.859580015327956914e+00 5.763450989538009890e+04 0.000000000000000000e+00
3.278914688546012712e+03 8.616742915258534197e+00 0.000000000000000000e+00 1.021415880383231745e+01 5.617572747738012549e+04 0.000000000000000000e+00
3.351486479488841724e+03 8.981005350851438251e+00 0.000000000000000000e+00 1.004479652665925826e+01 5.874230598123898380e+04 0.000000000000000000e+00
3.285874604094564347e+03 8.614312861265952748e+00 0.000000000000000000e+00 1.082286882415553109e+01 5.905084030827577226e+04 0.000000000000000000e+00
3.320488139430733554e+03 8.793418166812926984e+00 0.000000000000000000e+00 1.111707228416642579e+01 5.948034387530375534e+04 0.000000000000000000e+00
3.632360617856782028e+03 9.198309944903297009e+00 0.000000000000000000e+00 1.075067186223366456e+01 5.603845569496654207e+04 0.000000000000000000e+00
3.779823722040486246e+03 9.476329423605895030e+00 0.000000000000000000e+00 1.127384994581393407e+01 5.557846247450308874e+04 0.000000000000000000e+00
3.904551571110718214e+03 8.951423077219780922e+00 0.000000000000000000e+00 1.120019939982511126e+01 6.034393106469154736e+04 0.000000000000000000e+00
4.037666783400542499e+03 9.833120950103188207e+00 0.000000000000000000e+00 1.088333572596843091e+01 5.884920597820020339e+04 0.000000000000000000e+00
3.946974757573836087e+03 9.382028975144370619e+00 0.000000000000000000e+00 1.129776153731747712e+01 5.729564316360437078e+04 0.000000000000000000e+00
4.162839704200777305e+03 9.830944148303208507e+00 0.000000000000000000e+00 1.156853516427416118e+01 5.925115823780907522e+04 0.000000000000000000e+00
4.237828080029052217e+03 9.788783557541023583e+00 0.000000000000000000e+00 1.174106840593262469e+01 5.828723775729788758e+04 0.000000000000000000e+00
4.059826907472559469e+03 9.826041127499978600e+00 0.000000000000000000e+00 1.124168413362444774e+01 5.517001485559222056e+04 0.000000000000000000e+00
4.227292126981145884e+03 9.986482399793732867e+00 0.000000000000000000e+00 1.195833918540543372e+01 6.029770826187197235e+04 0.000000000000000000e+00
4.413210903165578202e+03 9.447568355865188394e+00 0.000000000000000000e+00 1.206105280435105698e+01 5.955770825821679318e+04 0.000000000000000000e+00
4.654363648438956261e+03 1.027902598861442129e+01 0.000000000000000000e+00 1.211207229142566355e+01 5.849714614979914768e+04 0.000000000000000000e+00
4.530901900199631200e+03 9.694833937414198743e+00 0.000000000000000000e+00 1.230787341437849491e+01 5.785084679671395861e+04 0.000000000000000000e+00
4.845423367640157267e+03 9.791103533576114515e+00 0.000000000000000000e+00 1.220442446411615123e+01 5.768442012373512262e+04 0.000000000000000000e+00
4.917630294909889017e+03 1.033872844112688583e+01 0.000000000000000000e+00 1.217441041960440629e+01 5.508055173016523622e+04 0.000000000000000000e+00
4.849034394088434055e+03 9.911640673695586656e+00 0.000000000000000000e+00 1.147078543215513413e+01 5.532871831549614581e+04 0.000000000000000000e+00
5.302669793680526709e+03 1.047747478672538790e+01 0.000000000000000000e+00 1.161834740433057611e+01 5.767004221732028236e+04 0.000000000000000000e+00
5.235489460393168883e+03 1.009852760453519416e+01 0.000000000000000000e+00 1.198831981306929784e+01 5.691469030526835559e+04 0.000000000000000000e+00
5.330289856499244706e+03 1.096135264783338137e+01 3.517349470865214212e+00 1.277897146530398054e+01 4.366973558150496046e+02 8.741508429567241478e+01
5.293882863878845455e+03 1.051518901456448774e+01 3.366911239807693246e+00 1.224707821707941235e+01 4.635750271177151944e+02 8.737296278265223748e+01
5.472017053419319382e+03 1.104531238622219291e+01 3.407272493593837659e+00 1.283507638047850463e+01 4.403665440632963737e+02 8.279644708357770355e+01
5.277296952517375757e+03 1.091960317934314695e+01 3.445145690639747293e+00 1.286209112762677975e+01 4.421564787384243687e+02 8.729601185811326047e+01
5.358442535456021687e+03 1.160175412859794442e+01 3.451326598968419646e+00 1.306340018668341152e+01 4.472235354399616085e+02 8.172297618879584036e+01
5.586446340989756209e+03 1.132889707697804305e+01 3.617140036753970556e+00 1.243878103271717173e+01 4.294602153945981513e+02 8.861198597294696810e+01
5.514504916828219393e+03 1.123257265847268549e+01 3.744320714006186712e+00 1.292548456471206642e+01 4.453416007336425082e+02 8.705242917390980040e+01
5.493081862262862160e+03 1.133357350020910914e+01 3.451666369975205040e+00 1.365311278343013157e+01 4.490545939957017936e+02 8.920141167590773534e+01
6.142383049805502196e+03 1.149151018540986691e+01 3.666909779213568310e+00 1.249896410578658212e+01 4.541785984073878240e+02 8.649723647941100069e+01
5.780173785639126436e+03 1.119457983042802596e+01 3.738799205090013622e+00 1.357926637653180180e+01 4.346235193952741156e+02 8.241398195456586961e+01
6.292928728860522824e+03 1.129321980058798758e+01 3.648993738778349982e+00 1.275669968497747320e+01 4.525947155289219950e+02 8.733632767346423975e+01
6.238148005284953797e+03 1.114936339435242196e+01 3.496376729900118718e+00 1.264638742979188635e+01 4.269482132333588424e+02 8.155160416577652427e+01
6.483869042545652519e+03 1.102274640088502977e+01 3.697024709799088704e+00 1.373540534083234022e+01 4.506483878540542491e+02 8.252346851745629408e+01
6.128540845078690836e+03 1.114945400933179442e+01 3.556398221470808974e+00 1.302537853363984865e+01 4.243828706221569860e+02 8.104288884727749576e+01
