4.385695203649320195e-01 5.632390245854947963e+00 3.439872976876531485e+00 2.726292432043540881e+00 1.374960217608685298e+03 6.068650954043962429e+02
3.344834554391528769e+01 5.791294198164639084e+00 3.287157588925825991e+00 2.733443422558130109e+00 1.413319835575916841e+03 6.291216375525846161e+02
3.279770668782261112e+01 7.774557913453986835e+00 4.149853242803653863e+00 3.471864597487110071e+00 1.349356983364006055e+03 6.181694812856898125e+02
5.286190750680493977e+01 8.187776631313308684e+00 4.261677273862049198e+00 3.192961892755637354e+00 1.454310334827086763e+03 6.089689054866404376e+02
9.673352635946196187e+01 7.924338570745613985e+00 4.323638388745310479e+00 3.436327787087686048e+00 2.089950961403555425e+02 7.751447710598826291e+01
1.514770977654129922e+02 8.403747903086495441e+00 4.489947399916238702e+00 3.511597728000917407e+00 1.935031790772154068e+02 8.136497407773377688e+01
2.042148853997456968e+02 7.848976450765034585e+00 4.797782948155751903e+00 3.628040686427809636e+00 3.462882387584027128e+02 8.263976630405851154e+01
2.453774093760017365e+02 8.736305798108492837e+00 4.681194594873796966e+00 3.470540342912708631e+00 3.762296115183984853e+02 1.435941001817832898e+02
3.134615387544820919e+02 8.453590553535903496e+00 4.969267065147772833e+00 3.544813677194035506e+00 3.482475664164587101e+02 1.449349167275704531e+02
3.328847013660852667e+02 8.679683608634150005e+00 4.703614327746848289e+00 3.768270127502086009e+00 3.649121417769089248e+02 1.474818622653872353e+02
4.087877298026693325e+02 9.182347916154233403e+00 4.939924952628747867e+00 3.652291468311088973e+00 3.445709421679877664e+02 1.478809172796734970e+02
4.956087797588579065e+02 9.920342693811925017e+00 5.389446521976043236e+00 3.988591181523240436e+00 3.604422296539648300e+02 1.488441829190696239e+02
5.786367071416000272e+02 1.036496919072321354e+01 5.775135118500331899e+00 4.070383286822433000e+00 3.448066001391357531e+02 1.404440938840138529e+02
6.566795877186010557e+02 1.036182840573268926e+01 6.273469793737215916e+00 4.409504698827178437e+00 7.177943842780020987e+02 3.144507229978393639e+02
8.290476166748035212e+02 1.125959910999930713e+01 5.849346381201224965e+00 4.418239449296358146e+00 7.747640327245521803e+02 3.199780834880043017e+02
8.994052157882174470e+02 1.154346322292626148e+01 6.176057948756422000e+00 4.748709138431948418e+00 7.252871399237230889e+02 3.035756871092582969e+02
1.024427608843379176e+03 1.122930919618570478e+01 6.625894910650744762e+00 4.668462249815283016e+00 7.430467443193341524e+02 3.245447634434272572e+02
1.100844148281383696e+03 1.155112139903425472e+01 6.518815521786765821e+00 4.802385651934124589e+00 7.185832601121579728e+02 3.198408126398922491e+02
1.200742422823458128e+03 1.164434685325437968e+01 6.606093387529264227e+00 4.672922327741035886e+00 7.660858155672328849e+02 3.224523841368898616e+02
1.262353510724277612e+03 1.195098656777843260e+01 6.731682442191495142e+00 4.724462436497087303e+00 7.658777016086313552e+02 3.110321275939381280e+02
1.383845730570929845e+03 1.203931548167361498e+01 6.588541812735636327e+00 4.767098602219093983e+00 7.596595380828014186e+02 3.181997187521446904e+02
1.543705157862584656e+03 1.187266647716685242e+01 6.832421312898511623e+00 5.237391032793213164e+00 7.724669414224091497e+02 3.125851362320334488e+02
1.748998106735700276e+03 1.225544650833666260e+01 6.739564940645808910e+00 5.138363308037440902e+00 8.157625316975851320e+02 3.085461946872184740e+02
2.060302876804468724e+03 1.220192766224188929e+01 6.663470082479256540e+00 5.082124031983094703e+00 7.970464591420629858e+02 3.273939526791914432e+02
2.214151277012852461e+03 1.340639804188701945e+01 6.838037397673186746e+00 5.152041530051551632e+00 8.137456508286707049e+02 3.240961459561050333e+02
2.256048391626924058e+03 1.251561176657147456e+01 7.268087616942206175e+00 5.106213958111479378e+00 8.212776244649047612e+02 3.210640614240557511e+02
2.662201325264685693e+03 1.301988379270420992e+01 6.984543706413635533e+00 5.218061894261958322e+00 8.059295601790163346e+02 2.979134063987903573e+02
2.537547033175135311e+03 1.317578775734214780e+01 7.422304100602289623e+00 5.347760948316182983e+00 7.960401178917481957e+02 3.142061283281502710e+02
2.823390757253956963e+03 1.385722547705786134e+01 7.471430122414630226e+00 5.529445077532830766e+00 8.240308643764703902e+02 3.161303993620179540e+02
3.020926170812530472e+03 8.146170077275959542e+00 0.000000000000000000e+00 9.561306226324832735e+00 7.805459997519427588e+02 3.240057899513626580e+02
2.853536172773331145e+03 8.301071137821717016e+00 0.000000000000000000e+00 1.012801866665484773e+01 5.866594881492245622e+04 0.000000000000000000e+00
3.016046008061462999e+03 8.548339530933061425e+00 0.000000000000000000e+00 1.063705530024003032e+01 5.859888191345574160e+04 0.000000000000000000e+00
3.157890355286708655e+03 8.742384056926415070e+00 0.000000000000000000e+00 1.010404376055671527e+01 5.791344631778382609e+04 0.000000000000000000e+00
3.277262499743740591e+03 8.313137889346306153e+00 0.000000000000000000e+00 1.069779209895466110e+01 5.587759197851359204e+04 0.000000000000000000e+00
3.254445236267083601e+03 9.179973527146794154e+00 0.000000000000000000e+00 1.101888384222324113e+01 5.552753011274273013e+04 0.000000000000000000e+00
3.335085738255738761e+03 9.252274675534568615e+00 0.000000000000000000e+00 1.068408233880457381e+01 5.572738985530358332e+04 0.000000000000000000e+00
3.620617415075828376e+03 8.888784834757753828e+00 0.000000000000000000e+00 1.063233399746600938e+01 5.776953399385688681e+04 0.000000000000000000e+00
3.844285014295134260e+03 9.167402433211266910e+00 0.000000000000000000e+00 1.059076930089907442e+01 5.813239754010751494e+04 0.000000000000000000e+00
3.667797267392585582e+03 9.656683286542735445e+00 0.000000000000000000e+00 1.075676835955283828e+01 5.739222504796453723e+04 0.000000000000000000e+00
3.895975340567265448e+03 9.521939687319470380e+00 0.000000000000000000e+00 1.080643371164043032e+01 5.699967203168298147e+04 0.000000000000000000e+00
3.859016319172696058e+03 9.826526590133589423e+00 0.000000000000000000e+00 1.131972110068471871e+01 5.730287422537840030e+04 0.000000000000000000e+00
4.049920740147525976e+03 9.440390389898380974e+00 0.000000000000000000e+00 1.102052254904754669e+01 6.038269511865745153e+04 0.000000000000000000e+00
4.220853439573364994e+03 9.316941569784290778e+00 0.000000000000000000e+00 1.182784986409567196e+01 5.932188217415150575e+04 0.000000000000000000e+00
4.439297538942382744e+03 9.412669519064719381e+00 0.000000000000000000e+00 1.130892510431817222e+01 5.561605773758988653e+04 0.000000000000000000e+00
4.407350883358299143e+03 9.861339024623392291e+00 0.000000000000000000e+00 1.134331420355092668e+01 5.811741310734693980e+04 0.000000000000000000e+00
4.310718256931403630e+03 9.883450474008762754e+00 0.000000000000000000e+00 1.128756379776677043e+01 5.784719188916280837e+04 0.000000000000000000e+00
4.524092480244258695e+03 1.015772352966362746e+01 0.000000000000000000e+00 1.224819879396331856e+01 5.875791515776655433e+04 0.000000000000000000e+00
4.562453723362090386e+03 1.032919935303391412e+01 0.000000000000000000e+00 1.200292416666176187e+01 5.692131897495988233e+04 0.000000000000000000e+00
4.856663864091373398e+03 9.872880273481476010e+00 0.000000000000000000e+00 1.208789171869749701e+01 5.788374999115914397e+04 0.000000000000000000e+00
4.977188405308238544e+03 1.068954070504324250e+01 0.000000000000000000e+00 1.201565862287262298e+01 5.796354597092752374e+04 0.000000000000000000e+00
4.813573115530238283e+03 1.014492881885448483e+01 0.000000000000000000e+00 1.162331928920082902e+01 5.959835283224816521e+04 0.000000000000000000e+00
5.004158207616183063e+03 1.040310874954750275e+01 0.000000000000000000e+00 1.172910164605970706e+01 5.979342599832485575e+04 0.000000000000000000e+00
5.260256181568101965e+03 1.061524891339285404e+01 0.000000000000000000e+00 1.259557497946654792e+01 5.756801013004320703e+04 0.000000000000000000e+00
4.893026855752417760e+03 1.113339478959212236e+01 3.548117203638628148e+00 1.227917526220337940e+01 4.312884815367369811e+02 8.569639784232144564e+01
4.948080102862713829e+03 1.109565574315350034e+01 3.676637411747859296e+00 1.331052174666486998e+01 4.539123804243303653e+02 8.837214497156546145e+01
5.304354606408077416e+03 1.137699685926184401e+01 3.642686345232341250e+00 1.239680074806404875e+01 4.417322733566113016e+02 8.408295248915509035e+01
5.170770675056499385e+03 1.154384961639049401e+01 3.678492993164345748e+00 1.311489572541012016e+01 4.363953152429433544e+02 8.808106352501046388e+01
5.564152330756968695e+03 1.166479896802537475e+01 3.435658048898232675e+00 1.332239460416131571e+01 4.572543837461889780e+02 8.623203283155844190e+01
5.524995641622580479e+03 1.105966788867175232e+01 3.470574221254948188e+00 1.291239290817748753e+01 4.474238523413197868e+02 8.096259950517828941e+01
5.884919169980644256e+03 1.130948643617492699e+01 3.575720672371264452e+00 1.287457369547603570e+01 4.426931168829622152e+02 8.611149355656431226e+01
5.820572011105978163e+03 1.086924917244811617e+01 3.618260249430083064e+00 1.300370967815976364e+01 4.464679288374690032e+02 8.544217124832447041e+01
5.834852903973351204e+03 1.124922882561887505e+01 3.685555901607255436e+00 1.274361053881509953e+01 4.367400775542039923e+02 8.361908305356186588e+01
5.766677824081060862e+03 1.135750110368808485e+01 3.480872955089689746e+00 1.261791686209109642e+01 4.372364273841622548e+02 8.619370872915004611e+01
6.264447395723359477e+03 1.139840030908827018e+01 3.514157728827033367e+00 1.248119245776142172e+01 4.200308258723706558e+02 8.693376451733415422e+01
6.251813550691410455e+03 1.134120656985942688e+01 3.802200493705635953e+00 1.284163789720401283e+01 4.280486106089374516e+02 8.915351648867707013e+01
6.193181242969168125e+03 1.141374362586197044e+01 3.689564325788980526e+00 1.275950111927553898e+01 4.181947684070443074e+02 8.684989022235853895e+01
6.577036150033172817e+03 1.089786950764793083e+01 3.594774200448216384e+00 1.266859678003961953e+01 4.258841542557606772e+02 8.157207638210442724e+01
