-4.418873499442136366e-01 5.610953829152323102e+00 3.342609015795439120e+00 2.799352418296090494e+00 1.342746203015134370e+03 5.799951269681838539e+02
3.449710535332783223e+01 5.699542353089507962e+00 3.446499180784678984e+00 2.794778974914331915e+00 1.340935190444277850e+03 5.908921532772541241e+02
3.252286447049716145e+01 7.460742575298095147e+00 4.417779533633941824e+00 3.251906886724441392e+00 1.360622947024338373e+03 6.212569474023021030e+02
4.972281801237753029e+01 8.133061145898794919e+00 4.518417111093350869e+00 3.355082327261828201e+00 1.393430042227637841e+03 6.290497754601711904e+02
1.008410171306041150e+02 8.196426320496547291e+00 4.622217267821738140e+00 3.398832955504497821e+00 1.914363115189281928e+02 7.873142908418282104e+01
1.556798358034530452e+02 7.998327602947178150e+00 4.493461807893297077e+00 3.524316561493936018e+00 1.937361791483783406e+02 7.984445299420279696e+01
2.077679660278967617e+02 8.400077649834148730e+00 4.440513151327400543e+00 3.307324805127465073e+00 3.654820281284805219e+02 8.388075033444727069e+01
2.470196777011805693e+02 8.548372714471375033e+00 4.912948990241687852e+00 3.439881641988149941e+00 3.768882856473233005e+02 1.458270296349084276e+02
2.951798905163907989e+02 8.339818977424449997e+00 4.873319914789336238e+00 3.550660970462897748e+00 3.693375229096876637e+02 1.477018743790132476e+02
3.643295674036879177e+02 8.595339039620030874e+00 4.649211354637011517e+00 3.667594803194479169e+00 3.722595369316227334e+02 1.418323438621670221e+02
4.201711163775474915e+02 8.573145512491624487e+00 4.792619986055576042e+00 3.705198252790656621e+00 3.652143740966225778e+02 1.465527722402837298e+02
5.091930912245396712e+02 9.381571236662907154e+00 5.132594524749016784e+00 3.843735353646617448e+00 3.723949084435225245e+02 1.487867749939262580e+02
6.057377405928048120e+02 1.041868481516587330e+01 5.412428508505919389e+00 4.297734859895026460e+00 3.707113220665303288e+02 1.447156195703362300e+02
6.624273416985830636e+02 1.125275254792534874e+01 6.158868838035325588e+00 4.144400288513462982e+00 7.045657819270156779e+02 3.015078141445017081e+02
8.075320440192280103e+02 1.108281596515764633e+01 6.272962332697257004e+00 4.320129301525322596e+00 7.713055365102217138e+02 3.191700994137193561e+02
9.089502929234610065e+02 1.076299417557258309e+01 6.509988079769621905e+00 4.398214169468920076e+00 7.695680258138388581e+02 2.990666356096934351e+02
9.988771464448367396e+02 1.158597390599038235e+01 6.630055366784503690e+00 4.844499690086243149e+00 7.093508509876896824e+02 3.108022929622275683e+02
1.130924235151689800e+03 1.213394656620566359e+01 6.544623669974071412e+00 4.923523075209505606e+00 7.693773135889967989e+02 3.184553904316798025e+02
1.167329118200253788e+03 1.225192550751915199e+01 6.213797903799747502e+00 4.610294632387746283e+00 7.268157833716312552e+02 3.249096411016400339e+02
1.350690782238567408e+03 1.207709350279422722e+01 6.331664718651393464e+00 4.978491866395560628e+00 7.665386201026184381e+02 3.163203512516765272e+02
1.368096383811614714e+03 1.157970588434179859e+01 6.364245071023316491e+00 5.107625980298231561e+00 7.700422351131275036e+02 3.049790028465430964e+02
1.596869700387263720e+03 1.257908504063742505e+01 6.709789275651173668e+00 5.224922862308694071e+00 7.125133669961577425e+02 3.193423705625551179e+02
1.728567230943122013e+03 1.194859671594850425e+01 6.949337346521696546e+00 5.339899455400303196e+00 7.688700735753851632e+02 3.247962746351216765e+02
2.040245871920458967e+03 1.230460122767210329e+01 7.222599103797974429e+00 5.094747693408299583e+00 8.269399167169186740e+02 3.272355810906810234e+02
2.266242027394139768e+03 1.304521251814209215e+01 7.308992749296335134e+00 5.051863055378932543e+00 8.395523054457706849e+02 3.130334736959311499e+02
2.320334851367826104e+03 1.366802957798670803e+01 6.879803808323433856e+00 5.449691788853002983e+00 7.667025756748239473e+02 3.216192861634240217e+02
2.533402347560018370e+03 1.362479075018957886e+01 7.412409979487575740e+00 5.184620404019580242e+00 7.984326641668338880e+02 3.236394027999355671e+02
2.626983450758870731e+03 1.410941115762982712e+01 7.121607128663708153e+00 5.565856263724165309e+00 7.980899578041253335e+02 3.259621243008502347e+02
2.964254017033767923e+03 1.306370240539723859e+01 7.600132874766851288e+00 5.468726084295008505e+00 8.163204873897049083e+02 3.078225879262173521e+02
2.889301721181705943e+03 8.030224778558068266e+00 0.000000000000000000e+00 9.409743036201566824e+00 8.250152557993324081e+02 3.038831436326015591e+02
2.889981666777358896e+03 8.080975065439869098e+00 0.000000000000000000e+00 9.897375243989095850e+00 5.903888291231739277e+04 0.000000000000000000e+00
3.049433687200978966e+03 8.081748874411086803e+00 0.000000000000000000e+00 1.008902192658293551e+01 5.811724984130904340e+04 0.000000000000000000e+00
3.161220350359157237e+03 8.220617341012308898e+00 0.000000000000000000e+00 1.055950926849321192e+01 6.010243856737125316e+04 0.000000000000000000e+00
3.291237468257736055e+03 8.306742079617272623e+00 0.000000000000000000e+00 1.059670031926678924e+01 5.955460964180089650e+04 0.000000000000000000e+00
3.359544818207614298e+03 8.388766895592926431e+00 0.000000000000000000e+00 1.063902701900747161e+01 5.855283932785641082e+04 0.000000000000000000e+00
3.587761151239537867e+03 8.987033259273548680e+00 0.000000000000000000e+00 1.096034437192165534e+01 5.775785220930568175e+04 0.000000000000000000e+00
3.632451811662783257e+03 9.102246309721611084e+00 0.000000000000000000e+00 1.031343221271054311e+01 5.865926229756374960e+04 0.000000000000000000e+00
3.740742717241378614e+03 9.473791315988480122e+00 0.000000000000000000e+00 1.062461514283764252e+01 5.942952792633642821e+04 0.000000000000000000e+00
3.603754719969295820e+03 9.039665122668838038e+00 0.000000000000000000e+00 1.098042098720466164e+01 5.617858900822605938e+04 0.000000000000000000e+00
3.876706799221788060e+03 9.687967495569210996e+00 0.000000000000000000e+00 1.094588781613757078e+01 5.772511744809515221e+04 0.000000000000000000e+00
3.856348555221708466e+03 9.112249378995178617e+00 0.000000000000000000e+00 1.133402888391043817e+01 5.843500389445950714e+04 0.000000000000000000e+00
4.013587020408223907e+03 9.711367668803541520e+00 0.000000000000000000e+00 1.102426628406159814e+01 5.540891057992919377e+04 0.000000000000000000e+00
4.088884722622764912e+03 9.826074875480291126e+00 0.000000000000000000e+00 1.204636713576320339e+01 5.722930585199855705e+04 0.000000000000000000e+00
4.266900184211887790e+03 9.540286892132035845e+00 0.000000000000000000e+00 1.167968843993779871e+01 5.875655344810106908e+04 0.000000000000000000e+00
4.303165603662760986e+03 9.890420043106537662e+00 0.000000000000000000e+00 1.162665017158038694e+01 5.609399109971857251e+04 0.000000000000000000e+00
4.302542260392579010e+03 1.010896487161813617e+01 0.000000000000000000e+00 1.163401051569621458e+01 5.624119943740926828e+04 0.000000000000000000e+00
4.346410131808080223e+03 1.047020854428475900e+01 0.000000000000000000e+00 1.202907551113960949e+01 5.548592481776876230e+04 0.000000000000000000e+00
4.577701270086751720e+03 1.032998087508176965e+01 0.000000000000000000e+00 1.157946338842370260e+01 5.633627248626946675e+04 0.000000000000000000e+00
4.747642479079444456e+03 1.050713349358352033e+01 0.000000000000000000e+00 1.207028065148892360e+01 5.722645985128619941e+04 0.000000000000000000e+00
5.036555644615194069e+03 1.000333828718311402e+01 0.000000000000000000e+00 1.231421141686323217e+01 5.515690184885947383e+04 0.000000000000000000e+00
4.762205397539585647e+03 9.893197577462428782e+00 0.000000000000000000e+00 1.176630358234062967e+01 5.938819682786782505e+04 0.000000000000000000e+00
5.223530953822850279e+03 1.008195287971753018e+01 0.000000000000000000e+00 1.175003168021379807e+01 5.768878282556764316e+04 0.000000000000000000e+00
5.385828916280967860e+03 9.998178313104416404e+00 0.000000000000000000e+00 1.165699236062182464e+01 5.789590297665213438e+04 0.000000000000000000e+00
5.342601874820373268e+03 1.107275464934130049e+01 3.395506555925114078e+00 1.228218766973331455e+01 4.393255523317832854e+02 8.562608178536095238e+01
4.912063214191683983e+03 1.110158070097502048e+01 3.405869290001403815e+00 1.322233734350363932e+01 4.536242776784294506e+02 8.170188212792434967e+01
5.164590593976686250e+03 1.052446813579409124e+01 3.387357213447111715e+00 1.298483149845186091e+01 4.350363313455719094e+02 8.692271017282430989e+01
5.403170936503356643e+03 1.114062628196228744e+01 3.594240539894184128e+00 1.269223180253159633e+01 4.607766306347331806e+02 8.270200456858387383e+01
5.555929374764904424e+03 1.136437624381114198e+01 3.491015906401662150e+00 1.254127149833349009e+01 4.427524425539407957e+02 8.677336914422204472e+01
5.762740525587822049e+03 1.096739764022970576e+01 3.697925619334648140e+00 1.233540681991197019e+01 4.403836415588326645e+02 8.193127518956623589e+01
5.896423490464338101e+03 1.129176577484076738e+01 3.551607702861867111e+00 1.319326888917520257e+01 4.162973175014359981e+02 8.471861623872052860e+01
5.794942965391675898e+03 1.102952324093162595e+01 3.465638956797918890e+00 1.343426739877076770e+01 4.189538798551974992e+02 8.435574750286968992e+01
6.028786485068193542e+03 1.130250315086489721e+01 3.610033045325112599e+00 1.350361450252717077e+01 4.325094704996365635e+02 8.337298238676220308e+01
6.212812004612900637e+03 1.099414179650592160e+01 3.805267297886230082e+00 1.262004748776178431e+01 4.235528564975426207e+02 8.310069471244956674e+01
6.088941627974465518e+03 1.074312521065206916e+01 3.505901984988178732e+00 1.315323574994927824e+01 4.447221698735210680e+02 8.625515605252708440e+01
6.312916031698820007e+03 1.094263121991271781e+01 3.552916715597873587e+00 1.276033596897600475e+01 4.327587410651671576e+02 8.672185229368047032e+01
6.085400699643847474e+03 1.118567203581765312e+01 3.703761508277412684e+00 1.320090334053367087e+01 4.226930325503329868e+02 8.571384593910960348e+01
6.342235437056294359e+03 1.079554901808501732e+01 3.589531828708787842e+00 1.317098019748780224e+01 4.296531898720460276e+02 8.200800599864162166e+01
