-1.700097323153315632e-01 5.513230417962695640e+00 3.339670897933010529e+00 2.889744295737457946e+00 1.394367857969757324e+03 6.092219266582816317e+02
3.224483294732942085e+01 5.553033518586039996e+00 3.491757562566043749e+00 2.915451696426548001e+00 1.463910701503111795e+03 6.112170197557509255e+02
3.345751798238689645e+01 7.508469260213919583e+00 4.485717580334568133e+00 3.346341239370669296e+00 1.417396370636805614e+03 6.091496618238735437e+02
4.856723850456309322e+01 7.941628807774177901e+00 4.549089430439146930e+00 3.353118324531178196e+00 1.368444690287393996e+03 6.209077913658588841e+02
9.602797994455900721e+01 8.243936679499427100e+00 4.298899088091033605e+00 3.260267048469777773e+00 2.055880737633873707e+02 7.826668455368303512e+01
1.458687647156897924e+02 7.983838232147478564e+00 4.583511583392738231e+00 3.371871237076276451e+00 2.076150281694947068e+02 8.367262989711593946e+01
2.083492975816164972e+02 8.015782098705345859e+00 4.597041983329100745e+00 3.588261832521021599e+00 3.578830683141537179e+02 8.255939903398203228e+01
2.420636045451712164e+02 8.131900793215352863e+00 4.673620500769329666e+00 3.564847144348935348e+00 3.602168404643618373e+02 1.451020661886536516e+02
3.084992634113726240e+02 8.868514224820451375e+00 4.645750335052714064e+00 3.479458042240230142e+00 3.454533256053694004e+02 1.364620174688165264e+02
3.438190467347211552e+02 8.578383947298442891e+00 4.838692161254640745e+00 3.646650358109471579e+00 3.467982175179078581e+02 1.400613356336732522e+02
4.269011315265958046e+02 9.240877278065738665e+00 4.880014386550809213e+00 3.654491455034269087e+00 3.709597249559370766e+02 1.443619724937960882e+02
4.878494793005459087e+02 9.909325468305347329e+00 5.259120072140687441e+00 3.801769707319044400e+00 3.451684881920796784e+02 1.426322847517406558e+02
5.737054340726483588e+02 1.032782947689324260e+01 5.706370508853972012e+00 3.949194049862252864e+00 3.708494835416253750e+02 1.496170042085159650e+02
7.037919934931998114e+02 1.064383706567424248e+01 5.907864074511969044e+00 4.473794980533049248e+00 7.585024794311170808e+02 3.262509670470114429e+02
7.870244691280465759e+02 1.091753325233917060e+01 6.337916216660182123e+00 4.491002232670487260e+00 7.220192873143060979e+02 2.975864149811127959e+02
8.979009861515010016e+02 1.066157387866388540e+01 6.556670299914980404e+00 4.567548829020716461e+00 7.437548033172714668e+02 3.216337191573940117e+02
9.549740927402291391e+02 1.112221192645154311e+01 6.092376180473898728e+00 4.882422649384230873e+00 7.282335184236651457e+02 3.202183552490351985e+02
1.144796540341491209e+03 1.166885030127947509e+01 6.702446728166586709e+00 4.852009896740917760e+00 7.649512531228882608e+02 2.979566968132011198e+02
1.178082403194423023e+03 1.117899709352390403e+01 6.218141534727577024e+00 4.636963227178565461e+00 7.321259288560950154e+02 2.979701887923992558e+02
1.299265639930761381e+03 1.139092059384906719e+01 6.510657615058086378e+00 4.832740454806041974e+00 7.728029173592053667e+02 3.245300603807500579e+02
1.460834596794510389e+03 1.237535525761241395e+01 6.632933842685424963e+00 4.787670215435087862e+00 7.553364223960144272e+02 3.135984377121777129e+02
1.554345983887564671e+03 1.277525174690937604e+01 6.723523930197889520e+00 5.064432257302456719e+00 7.424699319755085298e+02 3.186286895690142842e+02
1.798566188236147582e+03 1.307043923576283717e+01 6.703567317053411578e+00 4.936794951882138349e+00 8.275816530398733448e+02 3.255593044058388728e+02
1.948045895527555558e+03 1.305568692014881549e+01 6.986456253367113511e+00 5.119614769722307557e+00 8.164918616259063811e+02 3.205574624165055866e+02
2.144882945166830723e+03 1.338803856502799583e+01 6.803455899069639656e+00 5.157125152953482505e+00 7.700326698215385477e+02 3.176522962779363866e+02
2.406065045421290051e+03 1.337097206266265914e+01 7.051210618541823294e+00 5.362157626261343957e+00 7.819312217216489671e+02 3.207688954051989754e+02
2.558890058677732668e+03 1.300841769641686874e+01 7.027391402326284897e+00 5.232620255869676384e+00 8.252492562486584120e+02 2.992365363658391857e+02
2.731291611141992234e+03 1.391736585987439945e+01 7.069187996369411309e+00 5.518182355861768862e+00 8.312200248910774008e+02 3.162861356793169421e+02
2.943067365558660640e+03 1.411240291691709281e+01 7.473379703410749642e+00 5.871453093012596547e+00 7.744669913661624605e+02 3.173408096460400429e+02
2.994336952366352762e+03 8.276412612996900009e+00 0.000000000000000000e+00 9.412646675430968557e+00 7.847017894026171234e+02 3.109959263907223885e+02
3.021731340523689141e+03 8.253861650587918319e+00 0.000000000000000000e+00 9.998194609730161275e+00 6.035959471425919037e+04 0.000000000000000000e+00
3.145810527999120495e+03 8.052381215197115694e+00 0.000000000000000000e+00 9.825409253520014374e+00 5.991594198994772159e+04 0.000000000000000000e+00
3.163497951549566096e+03 8.149330906485499071e+00 0.000000000000000000e+00 1.060575699317592502e+01 5.941129925245058257e+04 0.000000000000000000e+00
3.361184653848288690e+03 8.848927809446143655e+00 0.000000000000000000e+00 1.002916570600967461e+01 5.749636440171903087e+04 0.000000000000000000e+00
3.382612576511127372e+03 8.683781950267789540e+00 0.000000000000000000e+00 1.051180168535997161e+01 5.823731565363924892e+04 0.000000000000000000e+00
3.452538089495156328e+03 8.588243872187890204e+00 0.000000000000000000e+00 1.103072728400769442e+01 6.042746076258806715e+04 0.000000000000000000e+00
3.621763804400149183e+03 8.712574625782552928e+00 0.000000000000000000e+00 1.068072897039253810e+01 5.517843594409173966e+04 0.000000000000000000e+00
3.615676334040661004e+03 8.995284167002091991e+00 0.000000000000000000e+00 1.076046868511579113e+01 5.617473057511591469e+04 0.000000000000000000e+00
3.858121704067475093e+03 8.945032235976784207e+00 0.000000000000000000e+00 1.083769183748531084e+01 5.927332433709636825e+04 0.000000000000000000e+00
3.852063532050397953e+03 9.099148273019885380e+00 0.000000000000000000e+00 1.071654368083538422e+01 5.670554111354554334e+04 0.000000000000000000e+00
3.772812234392623850e+03 9.277213134691146834e+00 0.000000000000000000e+00 1.128974703884394337e+01 5.804431957489877823e+04 0.000000000000000000e+00
3.969245345371587518e+03 9.335574770988404936e+00 0.000000000000000000e+00 1.093935257884430179e+01 5.591542885543512239e+04 0.000000000000000000e+00
4.263311428897744918e+03 9.986277443110855856e+00 0.000000000000000000e+00 1.177121320918129932e+01 5.720320643515379925e+04 0.000000000000000000e+00
4.351918566832641773e+03 9.999316575385407191e+00 0.000000000000000000e+00 1.203894874509833990e+01 5.530671881004935130e+04 0.000000000000000000e+00
4.364719040291475721e+03 1.007678300602210086e+01 0.000000000000000000e+00 1.142227310602696555e+01 6.049153002539067529e+04 0.000000000000000000e+00
4.658696061406554691e+03 9.717528970814219846e+00 0.000000000000000000e+00 1.173954948278233523e+01 5.532027664200535946e+04 0.000000000000000000e+00
4.708414251962512935e+03 9.507680180961736838e+00 0.000000000000000000e+00 1.220726161225646145e+01 5.729747971500772110e+04 0.000000000000000000e+00
4.748316576906160662e+03 9.558463975102190702e+00 0.000000000000000000e+00 1.228616105973479300e+01 5.566073023001211550e+04 0.000000000000000000e+00
4.569384440430491850e+03 1.058356016540904143e+01 0.000000000000000000e+00 1.158225797169272120e+01 5.865419146999639634e+04 0.000000000000000000e+00
4.823387120568571845e+03 1.019214699435615223e+01 0.000000000000000000e+00 1.185196216124907131e+01 5.868276779675889702e+04 0.000000000000000000e+00
5.104827104737908485e+03 1.027404984868705640e+01 0.000000000000000000e+00 1.229240233356108547e+01 5.536945024873252987e+04 0.000000000000000000e+00
5.147394479674736431e+03 9.981755453506270470e+00 0.000000000000000000e+00 1.217378293147931423e+01 6.071243080257203837e+04 0.000000000000000000e+00
5.281285738482592024e+03 1.072328894166349755e+01 0.000000000000000000e+00 1.195884870422386648e+01 5.876640211353752238e+04 0.000000000000000000e+00
5.404126867294475232e+03 1.093090358686262320e+01 3.541364217237514378e+00 1.284728093975925489e+01 4.486695039350428260e+02 8.259168768054364307e+01
5.268889659407666841e+03 1.100849382488688555e+01 3.604672971011511073e+00 1.239559537926136024e+01 4.671508889930008195e+02 8.402664515376460486e+01
5.290422608531565857e+03 1.081757605639516484e+01 3.564279889897347786e+00 1.222570024226946472e+01 4.474095979095632174e+02 8.489326303629594861e+01
5.240514370175232216e+03 1.062896196944302751e+01 3.521536287139617194e+00 1.234573662054759602e+01 4.478589756467990810e+02 8.528986168360174247e+01
5.321975429928468657e+03 1.115499749935357876e+01 3.699563695095520188e+00 1.322078071096045093e+01 4.498855323203091530e+02 8.825507907839902089e+01
5.832798302831259207e+03 1.126251659785901538e+01 3.649704087820981879e+00 1.304531939706740395e+01 4.275405608303986469e+02 8.789194172057256083e+01
5.655082327847347187e+03 1.155090003140233357e+01 3.583579347051257802e+00 1.293179322504096795e+01 4.564399388768387666e+02 8.696050133001105564e+01
5.666351326185227663e+03 1.140477107651826216e+01 3.554294936955171291e+00 1.288216188994122113e+01 4.434899222550010336e+02 8.738692147727429926e+01
5.769036101600020629e+03 1.167545113593486050e+01 3.637366012659603243e+00 1.254140474667242877e+01 4.511471614402369141e+02 8.319879220638867423e+01
6.023942369992982094e+03 1.108876130137853089e+01 3.813510108486226180e+00 1.340360128718275590e+01 4.216824592075730607e+02 8.308742485502939701e+01
6.131155908476607692e+03 1.080678793088038780e+01 3.791184978317567733e+00 1.244964149113405227e+01 4.164681717082366958e+02 8.342549148844682350e+01
5.971110946328831233e+03 1.136026725758460465e+01 3.730207467877698413e+00 1.305189190751771200e+01 4.427169561293271158e+02 8.145561124387563723e+01
6.392171975979028502e+03 1.174237155945329114e+01 3.759805831580823376e+00 1.356643498775904355e+01 4.351569489899039809e+02 8.696562405789724437e+01
6.443038366218340343e+03 1.140178842047428809e+01 3.667098205488019236e+00 1.253568610147364737e+01 4.284951700876428049e+02 8.814061243183287786e+01
