1.449181840551940770e-01 5.725939900021246309e+00 3.434914643990519600e+00 2.832487245284467825e+00 1.334347934365305719e+03 6.104752756762205763e+02
3.451793373163914680e+01 5.759719429374056787e+00 3.404965798586654824e+00 2.759077889472537848e+00 1.414586118190970637e+03 6.237871280159089338e+02
3.254011071472767469e+01 7.847690197969794390e+00 4.303050392610163755e+00 3.239209654450421194e+00 1.387850407679197588e+03 5.745577953103515938e+02
5.291740244690613792e+01 8.163917728922099215e+00 4.402762917640084872e+00 3.421607501729450718e+00 1.438802165944877288e+03 5.917582141534571747e+02
9.887788524310131777e+01 7.983935682335838280e+00 4.387785636176553261e+00 3.527842111888329857e+00 1.962006329755324430e+02 7.661552748719257977e+01
1.484394429207280268e+02 7.990281497478846084e+00 4.493499511613053166e+00 3.436711298954320259e+00 2.028651434779255567e+02 8.241755373783114180e+01
2.012797673942724543e+02 8.487211117893956214e+00 4.788957505736694209e+00 3.568476531280006192e+00 3.613180335637759981e+02 8.107439214921700454e+01
2.548158971790703049e+02 8.071696990053329301e+00 4.913145701881274086e+00 3.611358155545392634e+00 3.490386339812900474e+02 1.370219008677480588e+02
3.128519281144291995e+02 8.762485451483978949e+00 4.673875060458678732e+00 3.534230793888737399e+00 3.724140256286002568e+02 1.468179340465656537e+02
3.461145414620941665e+02 9.055224791363643888e+00 4.826641979080004141e+00 3.692587844247103401e+00 3.589009841840286867e+02 1.380856827762896728e+02
3.950642273212147302e+02 9.127659227943963671e+00 5.021418446445983008e+00 3.749745409148981690e+00 3.480028166237315190e+02 1.377330949898480128e+02
4.814915992434827103e+02 9.984494529772568683e+00 5.362649655787895320e+00 3.839945670103346753e+00 3.457798699386797807e+02 1.462599148736462666e+02
5.707275076427944214e+02 1.065863670994422563e+01 5.417552252901542964e+00 4.060549753146833751e+00 3.708822214910977095e+02 1.416338526498462329e+02
6.848492669034318396e+02 1.099892748920557750e+01 5.836938042727526366e+00 4.203275867594409299e+00 7.501674461507470824e+02 2.979460822089763496e+02
8.157414850737447978e+02 1.120334603245144578e+01 5.837873335604503389e+00 4.577774562737067399e+00 7.742853525278948155e+02 3.153191037376600434e+02
9.280708038220799381e+02 1.113198802315082681e+01 6.409491481537785695e+00 4.721292390495568370e+00 7.052836596128141764e+02 3.125825431143505284e+02
1.002607872095139101e+03 1.196776946158626487e+01 6.409439751346558189e+00 4.854773012101792240e+00 7.146971492394305869e+02 2.966431378907650469e+02
1.058394726737079054e+03 1.179102264380814269e+01 6.743657135372624900e+00 4.613369937028593881e+00 7.747182467526254186e+02 3.242860723437360093e+02
1.254819828697236971e+03 1.207416958539554841e+01 6.751250500780810349e+00 4.904963772400884103e+00 7.713061434557224629e+02 3.151000000715552574e+02
1.320252923220742559e+03 1.178880619890805370e+01 6.629536223418534213e+00 4.883160019300048837e+00 7.286807141263764152e+02 2.975482079719117223e+02
1.431812050850399373e+03 1.151388457820861611e+01 6.339203170877611981e+00 4.883559504380041716e+00 7.417805406467853118e+02 3.081930120971955489e+02
1.546881997375164701e+03 1.220133141625637307e+01 6.766635612243446118e+00 4.879326748754412080e+00 7.125185663506597393e+02 3.141078439155782007e+02
1.860984140259741935e+03 1.251329169295419952e+01 6.764162736316318814e+00 5.235398689116557591e+00 8.171525726486171379e+02 3.112371547973604606e+02
2.057368953269407484e+03 1.220480422622228467e+01 7.196068042515427976e+00 5.009832295699942151e+00 7.992964520861823985e+02 3.034568922474692840e+02
2.241318460384638911e+03 1.281655871486761988e+01 7.353772811450226321e+00 5.295184173869237121e+00 8.364061258894585080e+02 3.189757335186658906e+02
2.405551551219483372e+03 1.359432326334344765e+01 7.099782253325897408e+00 5.255493914868941019e+00 7.884065313649324480e+02 3.262135972158657751e+02
2.684399509170397778e+03 1.387296001748472918e+01 7.145272228040236762e+00 5.267653545791918468e+00 8.277532741346309422e+02 3.185234972546416543e+02
2.561245727124975474e+03 1.383052202812669051e+01 7.002955706598385177e+00 5.364786923904686589e+00 7.941598332365981605e+02 3.177876929003016357e+02
2.982256301011125743e+03 1.416000082006417315e+01 7.039127129066355515e+00 5.785712443430244711e+00 7.916943779821697262e+02 3.044251084249408450e+02
2.951541422166704251e+03 8.305169206254513270e+00 0.000000000000000000e+00 9.865334118765137106e+00 7.844957597931844475e+02 3.161251281752944919e+02
2.871506992708003509e+03 8.150513495294944732e+00 0.000000000000000000e+00 9.722164657961224421e+00 5.814894781934742059e+04 0.000000000000000000e+00
2.980754665242463489e+03 8.671583746349554644e+00 0.000000000000000000e+00 1.009566782817065267e+01 5.964876705312617560e+04 0.000000000000000000e+00
3.115085514218210392e+03 8.449663910194374239e+00 0.000000000000000000e+00 1.025550524016713894e+01 5.498574539368771366e+04 0.000000000000000000e+00
3.390873148665276403e+03 8.409949487258879586e+00 0.000000000000000000e+00 1.028379131824421400e+01 5.954878093141123099e+04 0.000000000000000000e+00
3.447081644197985497e+03 8.628870230797975438e+00 0.000000000000000000e+00 1.066147742961025813e+01 6.060037659722024546e+04 0.000000000000000000e+00
3.491195007514100780e+03 8.540478495356232713e+00 0.000000000000000000e+00 1.083518790050320035e+01 5.720246482669014949e+04 0.000000000000000000e+00
3.488405222472102650e+03 9.288415775020013143e+00 0.000000000000000000e+00 1.128798250797056291e+01 5.648338372735305893e+04 0.000000000000000000e+00
3.776568118430129289e+03 9.428653733485971244e+00 0.000000000000000000e+00 1.148101506024403839e+01 5.779459727129500970e+04 0.000000000000000000e+00
3.695078755698617897e+03 9.616337495330077090e+00 0.000000000000000000e+00 1.106962400392474066e+01 6.024800502950617374e+04 0.000000000000000000e+00
3.803997933590735101e+03 9.666646074794895682e+00 0.000000000000000000e+00 1.158695615909956977e+01 5.867565382965238678e+04 0.000000000000000000e+00
3.851490757837235833e+03 9.712959634843755907e+00 0.000000000000000000e+00 1.100035365037165747e+01 5.656908710560070176e+04 0.000000000000000000e+00
3.886411126965101630e+03 9.652300407843453556e+00 0.000000000000000000e+00 1.088324953785586402e+01 5.802517794417828554e+04 0.000000000000000000e+00
4.159890238067042446e+03 9.850391285953932652e+00 0.000000000000000000e+00 1.159050511514746518e+01 5.638941651888092747e+04 0.000000000000000000e+00
4.354939093830566890e+03 1.010891475487028757e+01 0.000000000000000000e+00 1.108528610411228321e+01 5.792087298732389172e+04 0.000000000000000000e+00
4.550367792430239206e+03 9.408987877685790480e+00 0.000000000000000000e+00 1.152210412736131140e+01 5.589615446292240813e+04 0.000000000000000000e+00
4.472067959829187203e+03 1.039378932564654789e+01 0.000000000000000000e+00 1.152616899538418593e+01 5.514312343700612837e+04 0.000000000000000000e+00
4.574101193921500453e+03 1.012426921665658597e+01 0.000000000000000000e+00 1.228331166827736354e+01 5.785422535967089061e+04 0.000000000000000000e+00
4.445504437777306521e+03 1.053037759656237249e+01 0.000000000000000000e+00 1.225057362018276308e+01 5.512095200511206349e+04 0.000000000000000000e+00
4.723797003735697217e+03 1.052464125782758053e+01 0.000000000000000000e+00 1.246936479252920904e+01 6.030055164734108257e+04 0.000000000000000000e+00
4.779671215986023526e+03 1.005029639923759888e+01 0.000000000000000000e+00 1.237703811624507999e+01 5.701821679221608792e+04 0.000000000000000000e+00
5.025112257171831516e+03 9.844004575354057707e+00 0.000000000000000000e+00 1.150332076047352814e+01 6.052449810829313355e+04 0.000000000000000000e+00
5.207759652853607804e+03 1.061443099660261247e+01 0.000000000000000000e+00 1.223510810189779896e+01 5.958735176009065617e+04 0.000000000000000000e+00
5.375292014358270535e+03 1.068425786487105889e+01 0.000000000000000000e+00 1.257906614937681233e+01 6.068118366999643331e+04 0.000000000000000000e+00
4.895717014168258174e+03 1.105978808622495357e+01 3.417069052901555715e+00 1.301492493085490842e+01 4.428720415152079681e+02 8.878020237940950210e+01
4.996588832052041653e+03 1.060490597388190892e+01 3.420757625266180657e+00 1.261115732377471943e+01 4.314185389858411668e+02 8.843776869471678026e+01
5.522833330646392824e+03 1.135025132362102696e+01 3.541557273274460016e+00 1.227976909024854457e+01 4.579992321095342049e+02 8.726895432944199626e+01
5.532352877217351306e+03 1.151844096429682907e+01 3.598451829654890854e+00 1.266899621327670822e+01 4.501704444022178109e+02 8.909269113579786392e+01
5.397797628257197175e+03 1.062057908546394458e+01 3.615066452135723640e+00 1.228848812632373821e+01 4.454157786940672281e+02 8.803461449746410494e+01
5.318960498044759333e+03 1.096686656676661720e+01 3.612591274280279041e+00 1.258382573968618523e+01 4.420332498807105708e+02 8.789610319635075086e+01
5.851479377068755639e+03 1.115198762449628234e+01 3.518421168760218265e+00 1.338281290487780417e+01 4.269274944118959638e+02 8.239478302254194375e+01
5.484122115182612106e+03 1.069243769247560394e+01 3.703693578558217236e+00 1.327422268582675002e+01 4.208096334027011949e+02 8.757420462375507952e+01
5.636362472164942119e+03 1.076266807726622687e+01 3.722305504927273745e+00 1.269870478680538106e+01 4.447691645536772285e+02 8.151002969377557861e+01
6.060636940271593630e+03 1.134727192495203418e+01 3.821982226483873646e+00 1.310972991580058178e+01 4.370393720307544640e+02 8.746743836746107092e+01
6.350739817318394671e+03 1.160487396572528418e+01 3.756199097981518076e+00 1.329092337811153257e+01 4.491409499271982781e+02 8.547451627982053424e+01
5.995350134372865796e+03 1.176853147068164063e+01 3.595509392118612979e+00 1.306058995955003788e+01 4.408806076112086885e+02 8.566183844325408359e+01
6.082865861983591458e+03 1.128610176045220292e+01 3.770093146699995401e+00 1.359153950865716887e+01 4.354929416834158360e+02 8.079194342415379992e+01
6.402722461058524459e+03 1.117535421723678901e+01 3.653405646602702728e+00 1.359158242893636803e+01 4.451033240698018290e+02 8.175908809082272910e+01
