3.421400894996773356e-02 5.954438971486912813e+00 3.282316725847614691e+00 2.666629824717808628e+00 1.406036019841553752e+03 5.880133152995840646e+02
3.248818770010132084e+01 5.590411686580990747e+00 3.215495146217714151e+00 2.872802725692677583e+00 1.450120868632365273e+03 5.710734841114873461e+02
3.182405585686631966e+01 7.992536972867569034e+00 4.283038268592948228e+00 3.234688482005378951e+00 1.406597435068458708e+03 6.195761856564969321e+02
5.297699027518667947e+01 7.820019226233783094e+00 4.279076838364546553e+00 3.252215579465594697e+00 1.400088063891222419e+03 6.059537887218739343e+02
1.003265833146871557e+02 7.589625617968208005e+00 4.431193229988681814e+00 3.410124231750091273e+00 1.902368949198000223e+02 8.226611757342659814e+01
1.541043464506709597e+02 7.868130003797875638e+00 4.602228167876456943e+00 3.307832408286238479e+00 2.061271249235901735e+02 7.791100549212218596e+01
2.028055255884077894e+02 8.654677581271332798e+00 4.488418498438973003e+00 3.440351595367070914e+00 3.650725651617673861e+02 7.777424669498826404e+01
2.617160841928436525e+02 8.076373879241105058e+00 4.496118850729890148e+00 3.403578981192232789e+00 3.773743797647103975e+02 1.461387600948515910e+02
3.038679678467656231e+02 8.158653262810890539e+00 4.968131077578473942e+00 3.539043449694341703e+00 3.638331782089205149e+02 1.410960189180811426e+02
3.623600209769838898e+02 8.793710104809026262e+00 4.684981556757310983e+00 3.577077808519421254e+00 3.663752616368038844e+02 1.477027257411863275e+02
4.241019680878931695e+02 8.768308588337808018e+00 4.765003604301866424e+00 3.757235784032720627e+00 3.489758348301080559e+02 1.395947084391676754e+02
5.066817920896023679e+02 9.348840056614422522e+00 5.208352120093407756e+00 3.747109047412296334e+00 3.518196333749339146e+02 1.445707154922814368e+02
5.750283891398601099e+02 1.010231102917959767e+01 5.564856894476943872e+00 4.113896734843549119e+00 3.635933899191410887e+02 1.458499420334034937e+02
6.869245571655962976e+02 1.128985630278395114e+01 5.794621664317507914e+00 4.532152573824514086e+00 7.733556164600446436e+02 3.070748036583844396e+02
8.265619236187586694e+02 1.065341879414760484e+01 6.283431967480219704e+00 4.241359066418149304e+00 7.279097747748199936e+02 2.970345056081301323e+02
9.219202226399008850e+02 1.089087900189209357e+01 6.107519766824426100e+00 4.363978528023913839e+00 7.394385544502954417e+02 3.267770455913178012e+02
9.858497003229075517e+02 1.158341708186215513e+01 6.283427620100249911e+00 4.725285597171687613e+00 7.084271652007560078e+02 3.159821742882683111e+02
1.050588676406423247e+03 1.162633676966736118e+01 6.317988521215547770e+00 4.866842681658074099e+00 7.628524335360375517e+02 3.090600327193310477e+02
1.213077258330404220e+03 1.185833689878210073e+01 6.667525648717427700e+00 4.664411539920573446e+00 7.627747019096843815e+02 3.228198206575682434e+02
1.243288608596798667e+03 1.236779604487393236e+01 6.567011157496091656e+00 4.711732616898649972e+00 7.069757590599008381e+02 3.034252956445487257e+02
1.410671942287240654e+03 1.230122648205749236e+01 6.824684573933473608e+00 4.975030869263817657e+00 7.758953548556372652e+02 2.981334645049845449e+02
1.534350891856280214e+03 1.176485082234830593e+01 6.760504158183183065e+00 5.031142256614439923e+00 7.151222638117892529e+02 3.156521171240773356e+02
1.862581319674091901e+03 1.297755670226031910e+01 6.943088389279965966e+00 5.164652710013668546e+00 7.662115219585227806e+02 3.124704320691867565e+02
1.926488699378566480e+03 1.267738749293135392e+01 6.948021212115041756e+00 5.234787714323064556e+00 8.277079272445506604e+02 3.168356584184035114e+02
2.095837921616313906e+03 1.249438172801235680e+01 7.146614956634593341e+00 5.175066759478918144e+00 7.851039154943640597e+02 3.054068778645700490e+02
2.281796550009912607e+03 1.274202284986941791e+01 7.147349993119166633e+00 5.402565868302953156e+00 7.806643823694269031e+02 3.003045360086636038e+02
2.638557814926922219e+03 1.290742002969486713e+01 6.796807756953272772e+00 5.228283884804872272e+00 8.193899090903493061e+02 2.976894238392132479e+02
2.522917134489454384e+03 1.427590198614054984e+01 7.287140369174983867e+00 5.387314758676239990e+00 8.252200367528625975e+02 3.184615773169924182e+02
2.854202452645576614e+03 1.421605417276928662e+01 7.511222007050999849e+00 5.741682032227851451e+00 8.000192904735515640e+02 2.966501925204154873e+02
2.863836303628789665e+03 7.850720280091699976e+00 0.000000000000000000e+00 9.228586914991060652e+00 7.832552712964935608e+02 3.102160399638470381e+02
3.007681125569104552e+03 7.906571973813547594e+00 0.000000000000000000e+00 1.044233306766348690e+01 5.928976083269376250e+04 0.000000000000000000e+00
3.204488017546791525e+03 8.102494539705332954e+00 0.000000000000000000e+00 1.052575152537806424e+01 5.555486198723997950e+04 0.000000000000000000e+00
3.190544939963376237e+03 8.824244064705874635e+00 0.000000000000000000e+00 1.029568339157977874e+01 5.847098741152595176e+04 0.000000000000000000e+00
3.275816573766043803e+03 8.716714695098236376e+00 0.000000000000000000e+00 1.066130016596924790e+01 5.751895674665238039e+04 0.000000000000000000e+00
3.265182468322499972e+03 8.705769019883893733e+00 0.000000000000000000e+00 1.086367984795459485e+01 5.522737401643220801e+04 0.000000000000000000e+00
3.344990348508926218e+03 9.351205033008701761e+00 0.000000000000000000e+00 1.052213446373324679e+01 5.561528967535270931e+04 0.000000000000000000e+00
3.510549189233950074e+03 9.135266764763919412e+00 0.000000000000000000e+00 1.135759987778440028e+01 5.608616401164622948e+04 0.000000000000000000e+00
3.799536613346493141e+03 9.367286367826787696e+00 0.000000000000000000e+00 1.075209913646049031e+01 5.562391601406779228e+04 0.000000000000000000e+00
3.958429945471383689e+03 9.502948932861324138e+00 0.000000000000000000e+00 1.071518572635233646e+01 6.058746262020727590e+04 0.000000000000000000e+00
3.917003505375405894e+03 9.258799707109298893e+00 0.000000000000000000e+00 1.066854151557859254e+01 5.913213099114238139e+04 0.000000000000000000e+00
4.085776573803887459e+03 9.046526582506448477e+00 0.000000000000000000e+00 1.175889574664151382e+01 5.795699313324833929e+04 0.000000000000000000e+00
4.078953661888387160e+03 9.944223223830752190e+00 0.000000000000000000e+00 1.153334358027054130e+01 5.983050474420480168e+04 0.000000000000000000e+00
4.198126981656207136e+03 9.821325553111238449e+00 0.000000000000000000e+00 1.120534086177933908e+01 5.879213735560623172e+04 0.000000000000000000e+00
4.284292452951171072e+03 9.592387452051852392e+00 0.000000000000000000e+00 1.161920385595093563e+01 5.912985852774784871e+04 0.000000000000000000e+00
4.503637226676343744e+03 9.617264448008411293e+00 0.000000000000000000e+00 1.144604090164975574e+01 5.893607540929641982e+04 0.000000000000000000e+00
4.450042121338635297e+03 9.488678414417352158e+00 0.000000000000000000e+00 1.176529032676471331e+01 6.006793478002394113e+04 0.000000000000000000e+00
4.695351196515720403e+03 9.670767596480157380e+00 0.000000000000000000e+00 1.137956023763840108e+01 5.626020012271029555e+04 0.000000000000000000e+00
4.603482829797419981e+03 9.900769512935569949e+00 0.000000000000000000e+00 1.161291376047261181e+01 5.928225766258222575e+04 0.000000000000000000e+00
4.565179830620394569e+03 1.032763550435644895e+01 0.000000000000000000e+00 1.244510117690778017e+01 5.901741378758785868e+04 0.000000000000000000e+00
5.075770504627655100e+03 1.005118690535879544e+01 0.000000000000000000e+00 1.218125257718241272e+01 5.802688620631280355e+04 0.000000000000000000e+00
4.974713655552784985e+03 1.034443078942259930e+01 0.000000000000000000e+00 1.210033000185007879e+01 5.694714736888321204e+04 0.000000000000000000e+00
4.993646446605565870e+03 9.924404453504701351e+00 0.000000000000000000e+00 1.167981670301345609e+01 5.668286982842552970e+04 0.000000000000000000e+00
4.986731310279038553e+03 1.077496942494255627e+01 0.000000000000000000e+00 1.198056492376105275e+01 5.664027816919598990e+04 0.000000000000000000e+00
5.316490573540276273e+03 1.074316552108975387e+01 3.648549655325462382e+00 1.272721648086727697e+01 4.544430219163915581e+02 8.315634946899871238e+01
4.925210570838464264e+03 1.125929780585996021e+01 3.379634985983018591e+00 1.293461749000976013e+01 4.256579302839098204e+02 8.771691206150136111e+01
5.397584674174903739e+03 1.090415768924879281e+01 3.635235508905537927e+00 1.268941387598639814e+01 4.250233846181946546e+02 8.458724142044549410e+01
5.332796168782620953e+03 1.093689322477458603e+01 3.597663002611981131e+00 1.248277719073856495e+01 4.388133405028630136e+02 8.336325157738525604e+01
5.282441410691828423e+03 1.070405722028565521e+01 3.692756452155715685e+00 1.321792792374318637e+01 4.462894223727882945e+02 8.801188285125726907e+01
5.606579825403063296e+03 1.139584591380140033e+01 3.715627400620285847e+00 1.284332901948085137e+01 4.350976610817236860e+02 8.312910686715581221e+01
5.878802903796493410e+03 1.114970723272384490e+01 3.789551855351506404e+00 1.338269119592566092e+01 4.455741586206162879e+02 8.676527332665098413e+01
5.621461391126655144e+03 1.125025943961200170e+01 3.739595362400566003e+00 1.296364874937543910e+01 4.296848873189988467e+02 8.827502029088597624e+01
6.003387677254480877e+03 1.124905917985067916e+01 3.615495404753449993e+00 1.307918994936694013e+01 4.274076860286548367e+02 8.339632538382700488e+01
6.082775916855491232e+03 1.077566918994051015e+01 3.505935109607723366e+00 1.304914720618386603e+01 4.255693267093553800e+02 8.588296550294359122e+01
5.921256813784680162e+03 1.163951551267665963e+01 3.667886930202359341e+00 1.269683653525584432e+01 4.315390871736220788e+02 8.472740415539200853e+01
6.463770469486512411e+03 1.163665424416170957e+01 3.573311839133819223e+00 1.363776811632315145e+01 4.205508896522527493e+02 8.433844888292063047e+01
5.975654032334598924e+03 1.164416303026696831e+01 3.679872705365719643e+00 1.260385358217455831e+01 4.284017372126676833e+02 8.288391771801403252e+01
6.129992778938442825e+03 1.115359619091387167e+01 3.613193404485361970e+00 1.296706402597820329e+01 4.478683621764511145e+02 8.193077260885480939e+01
