1.645154431332296774e+00 5.683130247144315028e+00 3.670468948124118391e+00 2.591682999818221589e+00 1.351010909203254187e+03 6.385821568652996802e+02
3.822209316436575932e+01 5.476308157597244985e+00 3.366086881764620120e+00 3.024381511387927546e+00 1.293702937113891721e+03 5.730225319675472520e+02
2.786669461398559378e+01 8.066036794412134725e+00 4.763002780084287124e+00 3.002949829646821112e+00 1.398668017167547760e+03 6.047929103018917658e+02
6.199599119222409627e+01 7.209275652588813088e+00 4.343033139294093736e+00 3.039445302711684338e+00 1.503914097978556583e+03 6.507389264412117882e+02
8.404201925573264020e+01 8.309960419867367776e+00 4.131803082604483812e+00 3.308991026975678817e+00 2.186717925178966482e+02 8.136303401263489832e+01
1.362215711993052025e+02 8.291008378162795012e+00 4.097487530289479096e+00 3.448723981728276655e+00 1.945431095033435156e+02 7.755007731389989090e+01
1.812988157399104807e+02 8.516181721979437569e+00 4.660770909704536002e+00 3.731143338264062859e+00 3.328634722363827336e+02 8.358818554844501136e+01
2.382194132769233192e+02 8.363534382159453884e+00 4.837341720118155663e+00 3.428743541080167656e+00 3.582378411963492795e+02 1.532462259393084310e+02
3.334723972871357773e+02 8.741289340926437390e+00 5.158441094619575118e+00 3.510576119092101433e+00 3.782974991137066354e+02 1.358554447923825705e+02
3.564535770140557815e+02 8.150983108948544498e+00 4.737264809641450469e+00 3.372173712513270250e+00 3.826128661632360490e+02 1.570925283609197436e+02
3.314810197645466587e+02 8.837199342854397344e+00 4.803542805131111315e+00 3.409950395080555641e+00 3.256339242372652620e+02 1.334485442115109208e+02
5.449299823248516077e+02 9.967200610632946933e+00 5.436696550705982567e+00 3.635340149073654104e+00 3.680224619791595160e+02 1.384491781092613962e+02
6.909012040132864740e+02 1.083235579879601751e+01 6.214153909921027008e+00 3.859124167409951234e+00 3.675406134953146875e+02 1.313445786187576516e+02
6.363575482788510271e+02 1.099607376648488355e+01 6.094231631451840769e+00 4.457122689459288800e+00 6.760465212827025425e+02 2.848866417779855169e+02
8.551123901366896689e+02 1.134061241420767807e+01 5.595927402102075732e+00 4.689454076399089288e+00 7.999137258619974773e+02 3.337286070979973260e+02
8.844186058368944714e+02 1.067829250740552283e+01 5.979335541004564547e+00 4.780605541048842611e+00 7.858827199710490277e+02 3.175667895896139612e+02
1.039993450578606826e+03 1.241614520077826178e+01 6.687476584327242790e+00 4.849054518022618332e+00 7.776529604601121264e+02 3.037602842643298118e+02
1.081262842009454744e+03 1.073958048904762208e+01 6.503618443877038580e+00 4.648343091601340404e+00 6.691312978680329024e+02 3.023213917080633450e+02
1.243542788546106067e+03 1.165133620493121391e+01 5.860391697532528532e+00 5.118412760340914858e+00 7.363264676706763794e+02 3.352068431356786391e+02
1.282549840788588654e+03 1.167328275301566087e+01 6.304107328017345857e+00 4.607825619067980938e+00 7.066770583052623351e+02 3.211745708582194538e+02
1.403188433121094022e+03 1.120100750545635115e+01 6.127874634761947270e+00 5.217243752147941116e+00 6.731351689696122094e+02 3.061706681121252132e+02
1.416672954733211100e+03 1.115646868598260788e+01 7.315859242849080069e+00 4.661381070406663163e+00 7.841747967390525673e+02 3.417113968563930371e+02
2.065334244067473719e+03 1.187676734053588667e+01 6.868883736630468917e+00 5.377280622570316915e+00 7.988140828981529467e+02 3.261157053068723144e+02
1.642941287991006675e+03 1.210281533669649079e+01 6.781865404763939509e+00 5.118218521403598231e+00 7.965305773804053615e+02 3.203465626626334597e+02
2.233974052579157615e+03 1.399332778998498306e+01 6.640120479426772526e+00 5.414745348409316428e+00 7.573735223647843213e+02 3.160932817200443878e+02
1.840178640667908894e+03 1.352603306348205159e+01 7.434880936895801540e+00 5.624772084547624118e+00 7.773051843026778442e+02 2.839610864115424533e+02
2.213192133396911231e+03 1.232767586345223876e+01 7.348490128476524497e+00 5.035924221682397395e+00 7.866740418498263807e+02 2.846605370472171899e+02
2.474273271850705896e+03 1.302909028944515946e+01 7.805008742804469435e+00 5.580132231297926459e+00 8.562866454301108661e+02 3.174478390647655033e+02
3.171612378539939073e+03 1.489250463964944693e+01 7.628464369202284878e+00 5.616738233170679884e+00 8.226877647822931294e+02 3.336260008328881668e+02
2.776311286746484257e+03 7.633174379800144571e+00 0.000000000000000000e+00 1.027370305625551339e+01 7.355639426290512120e+02 2.820808016812315486e+02
3.391065451770328764e+03 7.916144841357652950e+00 0.000000000000000000e+00 1.035268428362000037e+01 6.218761283337086934e+04 0.000000000000000000e+00
3.326859100387083345e+03 9.129612911542402287e+00 0.000000000000000000e+00 9.908000144149912813e+00 5.225981107959857036e+04 0.000000000000000000e+00
2.901613055279863147e+03 8.086838676661985303e+00 0.000000000000000000e+00 9.921253623171933711e+00 5.299673764722479245e+04 0.000000000000000000e+00
3.743431399533373678e+03 8.268569770501272842e+00 0.000000000000000000e+00 9.896014307861985770e+00 6.214672389113968529e+04 0.000000000000000000e+00
3.777291774579007324e+03 9.559206076903114635e+00 0.000000000000000000e+00 1.136548002390570034e+01 5.878741593258841749e+04 0.000000000000000000e+00
3.767736835841431457e+03 8.117031040037998579e+00 0.000000000000000000e+00 1.006729821061241559e+01 5.230898748435006564e+04 0.000000000000000000e+00
2.988795802240681951e+03 9.662700685657751976e+00 0.000000000000000000e+00 1.176942794601882625e+01 6.289996358557656640e+04 0.000000000000000000e+00
3.630578505133308681e+03 9.962388145200629097e+00 0.000000000000000000e+00 1.148473825271737425e+01 5.928395262881343660e+04 0.000000000000000000e+00
3.279336022794307155e+03 1.020140920364716308e+01 0.000000000000000000e+00 1.113042702458679578e+01 5.530182282081164158e+04 0.000000000000000000e+00
3.455312356845131035e+03 9.127802657728866009e+00 0.000000000000000000e+00 1.165004983338206124e+01 5.390943565488219610e+04 0.000000000000000000e+00
4.638885272290242938e+03 9.948472637197294688e+00 0.000000000000000000e+00 1.105828210622935082e+01 5.255501858022307715e+04 0.000000000000000000e+00
3.741944038868071402e+03 1.000886649828751374e+01 0.000000000000000000e+00 1.207357682092359319e+01 5.899260969962221861e+04 0.000000000000000000e+00
4.075395425336826065e+03 9.730164851472327570e+00 0.000000000000000000e+00 1.220785554238625004e+01 5.934747154141499777e+04 0.000000000000000000e+00
4.691284340744683504e+03 1.068527709385846691e+01 0.000000000000000000e+00 1.177783385931546434e+01 6.286758524151578604e+04 0.000000000000000000e+00
4.140357126083114963e+03 1.073891775533388504e+01 0.000000000000000000e+00 1.214494556893071397e+01 5.327577276983627235e+04 0.000000000000000000e+00
5.175788241086273047e+03 9.742338363513690425e+00 0.000000000000000000e+00 1.225942092407128392e+01 5.824000912246984808e+04 0.000000000000000000e+00
4.051281291867838718e+03 9.588764507131896764e+00 0.000000000000000000e+00 1.241231363712455327e+01 6.345427254975332471e+04 0.000000000000000000e+00
4.918350172141486837e+03 1.086067589054884763e+01 0.000000000000000000e+00 1.254948954736215505e+01 5.971947391082553077e+04 0.000000000000000000e+00
5.183694737028659802e+03 1.073469240315323781e+01 0.000000000000000000e+00 1.160687710136968853e+01 5.587373994691996631e+04 0.000000000000000000e+00
4.801237844825992397e+03 1.022941109603281973e+01 0.000000000000000000e+00 1.095140731272142709e+01 5.249648568170808721e+04 0.000000000000000000e+00
4.639808142718179624e+03 1.087929549126473106e+01 0.000000000000000000e+00 1.167653799828798533e+01 5.477390605375474843e+04 0.000000000000000000e+00
5.510908887180974489e+03 1.084534801495535916e+01 0.000000000000000000e+00 1.149411322791282863e+01 5.916330597429345653e+04 0.000000000000000000e+00
5.737978024586689571e+03 9.822159682059936614e+00 0.000000000000000000e+00 1.191484934778860882e+01 6.268781336189870490e+04 0.000000000000000000e+00
4.388235714328759968e+03 1.134221435929059218e+01 3.730668717289628677e+00 1.281342620572057811e+01 4.153189425063133058e+02 9.196096685521996505e+01
4.203457095163328631e+03 1.024385861270665643e+01 3.379672449779051124e+00 1.375074197736607040e+01 4.885375440217886762e+02 7.655306700287620458e+01
6.242200377415483672e+03 1.110121162161429709e+01 3.832970883866723799e+00 1.278788850617043416e+01 4.235035085184148897e+02 8.464018338926709362e+01
4.880855123462746633e+03 1.041306323520467636e+01 3.243710191489028283e+00 1.201175767477341338e+01 4.053155811611658237e+02 8.675600610239708033e+01
5.054421853751647177e+03 1.049297325424723937e+01 3.373446693639091443e+00 1.420268679489700858e+01 4.464896378759337949e+02 8.520529181661133578e+01
4.891831539577162403e+03 1.187138502327188938e+01 3.612785999368397505e+00 1.188926794063310766e+01 4.802884575712749324e+02 8.623053078206693556e+01
5.222824553221374117e+03 1.164092852507760156e+01 3.829752476348117440e+00 1.246631120039805118e+01 4.589450596018560873e+02 8.164104850650362266e+01
5.566903770472937140e+03 1.029583400673876170e+01 3.341553372296068414e+00 1.420668088810313279e+01 4.049795247205461806e+02 7.827322531992597021e+01
5.176338854488820289e+03 1.036275321779201342e+01 3.974431068590365879e+00 1.271966966657122455e+01 4.099061485151695479e+02 7.963099428421173798e+01
5.545920275336549821e+03 1.173526661628112677e+01 3.468850953847547824e+00 1.405529710509187247e+01 4.429343929124856345e+02 8.474370733454578897e+01
6.615258423120901170e+03 1.228102021790695453e+01 3.477907668666777585e+00 1.349241312433510132e+01 4.596923730460598563e+02 9.159754120812506528e+01
5.065215882931754095e+03 1.211836492725563552e+01 3.597199854455290779e+00 1.306969781900543026e+01 4.733916366631308392e+02 7.922267358936875326e+01
5.416568829075823487e+03 1.038660571276713185e+01 4.024737174975971499e+00 1.349447030168741080e+01 4.684825845250549037e+02 9.140794758054794045e+01
6.538923966870143886e+03 1.039642845192630460e+01 3.693675544184750414e+00 1.389739269424702961e+01 4.583609204953884273e+02 7.970838748837876153e+01
