4.085559952517913151e-01 5.908522751662144579e+00 3.222353518812549389e+00 2.898581409042544355e+00 1.405633258337465350e+03 6.003659095725790849e+02
3.135000680359591740e+01 5.706965616980461675e+00 3.215386296371042452e+00 2.763163288756914415e+00 1.339192673428025728e+03 6.168343716263539136e+02
3.208390098685277536e+01 7.649773079770342932e+00 4.203069948121957999e+00 3.451643778438866939e+00 1.379141571752542404e+03 6.086213572022986682e+02
5.276912041384849772e+01 7.566589313142015882e+00 4.562273545196026348e+00 3.170126581369434593e+00 1.449422500868339739e+03 6.066047480029582175e+02
1.035749124440576736e+02 7.787281898147940140e+00 4.236799130532356905e+00 3.519852807403549111e+00 1.971046731973798387e+02 8.087563290760165557e+01
1.523973904259088954e+02 7.886048533781711889e+00 4.705999560657518010e+00 3.257816272232615606e+00 2.042331043787208955e+02 8.061972193258968389e+01
1.929262473840176426e+02 8.442464915708448814e+00 4.512404664656123998e+00 3.641732083443943058e+00 3.574619194041155765e+02 8.077571099315790093e+01
2.582118696990393119e+02 8.816803871324303543e+00 4.781659711083978692e+00 3.544512240168022466e+00 3.687398615400825861e+02 1.459884337119591748e+02
3.051674769335417636e+02 8.616039700714765104e+00 4.683250292330612297e+00 3.418696876754977687e+00 3.465793452875690832e+02 1.370649101011718471e+02
3.500472006291954017e+02 8.579831661987993741e+00 4.799290666799749694e+00 3.526272147466866791e+00 3.662233604450715347e+02 1.466125501884534401e+02
4.278676073177767876e+02 8.556950820208939490e+00 4.806033769671692824e+00 3.605611663278274648e+00 3.719226477389416345e+02 1.400126560980645536e+02
5.098450921799532694e+02 9.986040725406889251e+00 5.205031198547923843e+00 3.745942868233743450e+00 3.567415588412888496e+02 1.465044725270203969e+02
5.902439638792453707e+02 1.064144773871387351e+01 5.434760748755246951e+00 3.950425321311520133e+00 3.603335930222695538e+02 1.437391512951562049e+02
7.003770476978695569e+02 1.050282386644268229e+01 5.750934423952001495e+00 4.456396505398674712e+00 7.651652015004449368e+02 3.241064505050775324e+02
7.907039513028078090e+02 1.120654161358259771e+01 5.990989561948109277e+00 4.264060890000429538e+00 7.651880299852606413e+02 3.269086690058893510e+02
8.883149087975759812e+02 1.162763178815654896e+01 6.080193756891560497e+00 4.617012041253476085e+00 7.394649262552762821e+02 3.124350471607207282e+02
1.020113972295643066e+03 1.156677449216907938e+01 6.465920501353717320e+00 4.435425557731980106e+00 7.324793146542727982e+02 2.976724840984112461e+02
1.113575343261837816e+03 1.139895249842059499e+01 6.494352952016195779e+00 4.600909620828606883e+00 7.053885619712707467e+02 3.202810341016102598e+02
1.254773130606161658e+03 1.193453434753507558e+01 6.387799273841620717e+00 4.989397619212164514e+00 7.744410818183703213e+02 2.985552188945559919e+02
1.298256020593247968e+03 1.227251879692028425e+01 6.701143588397428630e+00 4.595024273975789164e+00 7.645010521725452008e+02 3.089141129856895986e+02
1.330549001133996171e+03 1.245864056947099918e+01 6.604412223590130360e+00 4.888344145179012834e+00 7.725837544970775070e+02 3.180708601152128949e+02
1.535525315426759335e+03 1.203812101924599887e+01 6.655239394963200716e+00 5.226206767529244956e+00 7.625067223109263068e+02 3.095680863453733309e+02
1.716753603845963653e+03 1.284643466640749132e+01 6.750321287381471080e+00 5.324785616587125681e+00 8.037062336309655848e+02 3.031370900532451174e+02
1.917591745931749529e+03 1.234075862097439824e+01 7.006415020632851487e+00 5.240311397266934179e+00 7.860841274827910183e+02 3.117972872915914877e+02
2.164080707215529856e+03 1.311146114148653474e+01 7.276628776891595152e+00 5.517433249625550040e+00 7.835298830310028961e+02 2.975065042934402868e+02
2.346751684471902536e+03 1.364161878963914276e+01 6.776506379814060566e+00 5.498703115942432440e+00 8.111754634387731357e+02 3.230770038811702420e+02
2.687401574931673622e+03 1.317202738584782473e+01 7.290910017812888277e+00 5.562115131156590841e+00 7.685389154753227103e+02 3.074444510928029217e+02
2.572971878411148737e+03 1.392042191161794840e+01 7.494492936197892696e+00 5.647895429027855130e+00 8.129822553203973712e+02 3.042834902064072367e+02
3.015660807839636618e+03 1.414707387123430671e+01 7.598611310834780141e+00 5.917152984487999312e+00 7.652172029230765702e+02 3.076764991845051327e+02
3.042726206535943675e+03 8.180135453436289339e+00 0.000000000000000000e+00 9.426718167150852423e+00 7.994404951308287082e+02 2.983488061839310035e+02
2.824651076024030772e+03 8.507742382209391607e+00 0.000000000000000000e+00 9.712357946083091775e+00 5.807465561971284478e+04 0.000000000000000000e+00
2.939764294638961019e+03 8.216884022557533029e+00 0.000000000000000000e+00 1.064249335784458239e+01 5.814158485381220089e+04 0.000000000000000000e+00
3.177776528281284300e+03 8.502664435341701576e+00 0.000000000000000000e+00 1.058978248044720516e+01 5.758195620100889209e+04 0.000000000000000000e+00
3.285006056351833649e+03 8.573969253160063531e+00 0.000000000000000000e+00 1.058266906799824802e+01 5.667960447589062096e+04 0.000000000000000000e+00
3.527863619623301020e+03 8.484492160822592055e+00 0.000000000000000000e+00 1.008981080454620027e+01 5.932674138080987177e+04 0.000000000000000000e+00
3.408340867174808409e+03 9.073624973267426341e+00 0.000000000000000000e+00 1.037768916337043201e+01 5.824868865321241901e+04 0.000000000000000000e+00
3.671333932907552935e+03 8.990882838028104729e+00 0.000000000000000000e+00 1.080903756967605567e+01 5.569230495448910369e+04 0.000000000000000000e+00
3.787313173898907735e+03 9.465720142504432388e+00 0.000000000000000000e+00 1.139907173342650104e+01 5.999341312158934306e+04 0.000000000000000000e+00
3.713344497046965898e+03 8.845315905951411040e+00 0.000000000000000000e+00 1.103009134945820691e+01 5.540667441656699521e+04 0.000000000000000000e+00
3.885862216135684321e+03 9.189325658136988650e+00 0.000000000000000000e+00 1.167319012856074245e+01 5.834062496662681224e+04 0.000000000000000000e+00
3.874844802055591572e+03 9.674579303163648447e+00 0.000000000000000000e+00 1.157042570502980006e+01 5.797380596888822038e+04 0.000000000000000000e+00
4.195219962513524479e+03 9.908405831218798809e+00 0.000000000000000000e+00 1.149799598658058208e+01 5.779260775020358415e+04 0.000000000000000000e+00
4.289390504289059209e+03 9.388477279470610171e+00 0.000000000000000000e+00 1.139516873570789279e+01 5.919928477955018025e+04 0.000000000000000000e+00
4.175620480777507510e+03 1.019643968596142791e+01 0.000000000000000000e+00 1.127215956566085708e+01 5.988529384519735322e+04 0.000000000000000000e+00
4.383829756004692172e+03 9.355458194739931344e+00 0.000000000000000000e+00 1.207802207143137885e+01 5.832172891064247233e+04 0.000000000000000000e+00
4.494445054183824141e+03 9.896839629759679013e+00 0.000000000000000000e+00 1.169318562855757726e+01 5.929057030301653867e+04 0.000000000000000000e+00
4.557597742085136815e+03 9.581424931106111487e+00 0.000000000000000000e+00 1.237080566596150355e+01 5.921241521663089952e+04 0.000000000000000000e+00
4.786588961463321539e+03 9.624664526146410992e+00 0.000000000000000000e+00 1.223847137301270926e+01 5.876270285265445273e+04 0.000000000000000000e+00
4.964998964334392440e+03 9.829713580470590628e+00 0.000000000000000000e+00 1.192043936916555502e+01 6.068461171773304523e+04 0.000000000000000000e+00
4.692076272780262116e+03 1.051212332064999977e+01 0.000000000000000000e+00 1.152195544171028097e+01 5.663461364928978583e+04 0.000000000000000000e+00
5.211058600410319741e+03 1.006762343321237729e+01 0.000000000000000000e+00 1.172311051505680091e+01 5.792033862261234026e+04 0.000000000000000000e+00
4.874004783851089087e+03 1.039859503024018572e+01 0.000000000000000000e+00 1.159483702555564655e+01 5.791390698294038157e+04 0.000000000000000000e+00
5.020843410787951143e+03 9.951267343343340954e+00 0.000000000000000000e+00 1.206613153843416342e+01 5.962752727947077801e+04 0.000000000000000000e+00
5.172789923207510583e+03 1.097594445323277412e+01 3.365439376580936504e+00 1.216289200696566652e+01 4.407415835492644192e+02 8.675278624425189378e+01
5.326639122632633189e+03 1.144909614405426979e+01 3.399223168698573438e+00 1.302722469072756439e+01 4.234458493647265414e+02 8.396903671246650447e+01
5.134575985378929545e+03 1.090135101143854435e+01 3.424329416897399891e+00 1.330348607447268350e+01 4.266333722351823212e+02 8.435730118350818429e+01
5.593277602011043200e+03 1.157952466104006284e+01 3.679906000263083676e+00 1.285624184941788073e+01 4.426043100722541226e+02 8.709028303136666693e+01
5.588331497951079655e+03 1.099286654112251860e+01 3.463560296076901857e+00 1.337493144561270775e+01 4.513643278290044236e+02 8.421396248892848746e+01
5.313716185926308754e+03 1.159629804507180140e+01 3.645014656118962915e+00 1.241078583952809211e+01 4.320348401389986179e+02 8.587492623419282722e+01
5.904425201699275021e+03 1.161687035301564741e+01 3.638282339501551110e+00 1.244739916581655237e+01 4.234732766057349522e+02 8.703366596477698636e+01
5.938429585917318036e+03 1.109283439739266264e+01 3.691836085699709447e+00 1.290490165110916898e+01 4.365353171443621250e+02 8.129051815111729695e+01
5.715682603856606875e+03 1.152066753685009282e+01 3.683756921960563258e+00 1.283027034399479049e+01 4.292014583131029326e+02 8.080416217571666948e+01
6.037961032842743407e+03 1.104023103895962343e+01 3.788744392572452657e+00 1.320180745188659088e+01 4.220400352608120329e+02 8.767837410023747680e+01
5.819106180054201104e+03 1.091946024393224768e+01 3.656198185079045260e+00 1.262263889359714852e+01 4.362204849632134938e+02 8.551188765034432038e+01
5.866077210201062371e+03 1.070720740867074561e+01 3.731788976729167207e+00 1.252329611971440038e+01 4.490212977230220872e+02 8.394505315033111970e+01
6.311780877242721544e+03 1.143516181093769291e+01 3.619957076884351643e+00 1.366594887210644771e+01 4.195134016963927479e+02 8.156530831763487299e+01
6.555300567573325679e+03 1.080293544621658519e+01 3.750807632807220404e+00 1.353035844581970437e+01 4.270409807390349215e+02 8.224677508558895056e+01
