-2.943335649713341162e-02 5.668893323345224111e+00 3.460667372688888577e+00 2.728734615862096202e+00 1.381768365946612676e+03 5.900722269879778423e+02
3.372831750533342188e+01 5.951795536588558200e+00 3.491650868303028066e+00 2.846973450470378086e+00 1.453312314615999185e+03 5.956014465461136069e+02
3.167686247579263181e+01 8.097381683269871289e+00 4.509019429993796457e+00 3.379418218543114083e+00 1.343135251443245124e+03 6.195779999503831732e+02
4.840668840433500009e+01 8.072238934277422118e+00 4.215728848808491414e+00 3.369816752349600542e+00 1.458306316876747587e+03 5.810446120216636245e+02
1.038163142800056420e+02 8.195886135458168908e+00 4.473043787966000551e+00 3.237186913777706732e+00 1.906067633887413706e+02 8.034332287336199840e+01
1.553670638980026979e+02 8.182172014585821884e+00 4.539077684293217452e+00 3.258210737012269931e+00 1.975402836696359543e+02 7.893945714581390405e+01
1.939064018498150688e+02 8.447035663256929894e+00 4.443856051466125834e+00 3.558113630818075634e+00 3.724332165491658770e+02 8.180859768207113802e+01
2.487319332164809396e+02 8.238818600373804202e+00 4.584398910622970114e+00 3.568318724288364052e+00 3.581191211135712820e+02 1.394397191529287170e+02
2.910265337219475441e+02 8.650094828741893949e+00 4.602511197370818152e+00 3.471857481765229014e+00 3.670954930754211887e+02 1.460662735906765874e+02
3.461598701131904363e+02 8.771356914340499245e+00 5.014397272526707638e+00 3.707885211703122685e+00 3.498213760675754429e+02 1.497478789441515232e+02
3.929279475974996672e+02 8.792209566020275702e+00 5.190339147891417149e+00 3.755389062286303314e+00 3.761981179608199000e+02 1.491110064634187040e+02
4.908932067297050708e+02 9.424714251070893667e+00 5.270154598163355963e+00 3.998298448837235508e+00 3.661645028923924770e+02 1.405070777096562438e+02
5.742194407706958827e+02 9.853644160335445434e+00 5.749960863590241722e+00 3.977741305194449684e+00 3.596124328559898231e+02 1.394773049520617008e+02
6.688579350105333106e+02 1.040630265574174906e+01 5.766199249813702465e+00 4.410937395032115127e+00 7.308046946054960245e+02 3.239066518911895969e+02
7.836530679122986385e+02 1.130885866218165781e+01 6.379959334908431146e+00 4.398893877662456653e+00 7.344539667376574243e+02 3.140132637920210072e+02
8.903066896340192216e+02 1.104155281533714295e+01 6.032397617683696645e+00 4.749169018167949119e+00 7.254540160273993479e+02 2.973480218625693965e+02
9.722913064640877110e+02 1.104310782827418791e+01 6.524822475917556375e+00 4.677506546451802194e+00 7.048445442979202653e+02 2.989025947743901952e+02
1.138738576157710668e+03 1.185716174208013562e+01 6.697442897882218027e+00 4.785329627254826690e+00 7.518029905258221106e+02 3.154230313206128358e+02
1.193597644044996287e+03 1.225773058660001347e+01 6.415919847554884647e+00 4.725054064361740025e+00 7.276636322156457481e+02 3.033727308561429936e+02
1.246420246773937379e+03 1.191993673691763256e+01 6.439736919656802172e+00 4.927150004940984651e+00 7.515388772928405388e+02 3.153948125914367893e+02
1.421870931615913833e+03 1.147898373430893493e+01 6.553223529521096324e+00 4.738210358839048730e+00 7.506724426456826222e+02 3.098639194098527696e+02
1.585517980543699650e+03 1.272883345266624211e+01 6.410867857226451250e+00 4.748834452230617842e+00 7.347259187421830120e+02 3.248917629532512592e+02
1.717609003098085850e+03 1.214234782891298714e+01 6.655152596501467066e+00 5.181394096062682308e+00 8.382998522551374663e+02 3.147922114172997681e+02
1.956179839763369728e+03 1.335120279921673081e+01 7.203209684379999977e+00 5.116658153219800553e+00 7.967273745736919182e+02 3.033644221195841055e+02
2.259728211030167131e+03 1.320715984601608994e+01 6.701105252822068259e+00 5.296019110854249590e+00 7.961820755121004822e+02 3.247096943365496031e+02
2.257032380370747433e+03 1.326527008742845126e+01 7.375580944524330107e+00 5.437442991091839595e+00 7.830356455827536593e+02 3.147558291201850125e+02
2.716127519624509659e+03 1.267367355263932538e+01 6.925949652033708048e+00 5.296107525920785264e+00 7.618166112008111668e+02 3.267698108691777747e+02
2.611092017438594212e+03 1.326461648242060321e+01 7.470618132147355261e+00 5.773604709739868390e+00 7.636539204042912843e+02 3.172915955027338555e+02
2.980816311424818196e+03 1.350291082790573682e+01 7.060167074632260231e+00 5.751916970828791165e+00 8.026386211211886348e+02 3.257537320523135804e+02
2.975120966376613069e+03 8.212280829812524274e+00 0.000000000000000000e+00 9.215066717573858313e+00 8.121682405951377177e+02 3.086912373685790953e+02
2.882653149380357718e+03 8.449823252535864526e+00 0.000000000000000000e+00 9.778449075445339034e+00 5.741086788671674731e+04 0.000000000000000000e+00
2.932648077176831066e+03 8.365287404068178390e+00 0.000000000000000000e+00 1.041435640798850670e+01 6.003657067920612462e+04 0.000000000000000000e+00
3.294304358161056371e+03 8.132915528831736296e+00 0.000000000000000000e+00 9.917539354804103979e+00 5.844699636260460102e+04 0.000000000000000000e+00
3.120067363220687639e+03 9.051336337860419690e+00 0.000000000000000000e+00 1.091621982342063113e+01 6.053549436607160897e+04 0.000000000000000000e+00
3.311918033785905664e+03 9.082898240613333840e+00 0.000000000000000000e+00 1.094191251497741568e+01 5.734029351838661387e+04 0.000000000000000000e+00
3.450188954510358599e+03 8.856997168710039503e+00 0.000000000000000000e+00 1.023772008123471977e+01 5.892002947756773210e+04 0.000000000000000000e+00
3.563516891712951292e+03 8.971122482062845904e+00 0.000000000000000000e+00 1.071339263717698032e+01 6.055384841040454921e+04 0.000000000000000000e+00
3.832655834970903470e+03 9.424643876614288374e+00 0.000000000000000000e+00 1.130901482537953839e+01 5.723495041245493485e+04 0.000000000000000000e+00
3.752265518855369010e+03 9.351910025131447313e+00 0.000000000000000000e+00 1.129531521171467823e+01 5.593727601334007340e+04 0.000000000000000000e+00
3.923285882601708636e+03 9.387755145992958461e+00 0.000000000000000000e+00 1.082939041359378507e+01 5.910831001419648965e+04 0.000000000000000000e+00
3.851049831893893952e+03 9.430492207236264690e+00 0.000000000000000000e+00 1.167899064607424542e+01 6.017468865229265793e+04 0.000000000000000000e+00
4.233590551410535227e+03 9.262325899599122891e+00 0.000000000000000000e+00 1.168070051802589759e+01 5.548639588769953116e+04 0.000000000000000000e+00
4.129090699930744449e+03 9.343160349469824766e+00 0.000000000000000000e+00 1.157681704126631672e+01 5.878265544321257767e+04 0.000000000000000000e+00
4.253299417882109083e+03 9.613210299403601056e+00 0.000000000000000000e+00 1.166701715519863569e+01 5.609184138373070164e+04 0.000000000000000000e+00
4.443890238255272379e+03 9.967135454428847297e+00 0.000000000000000000e+00 1.210769468696518558e+01 5.705766821656264074e+04 0.000000000000000000e+00
4.621420787087804456e+03 1.023450419079658147e+01 0.000000000000000000e+00 1.158668873847482494e+01 5.682145409402863879e+04 0.000000000000000000e+00
4.782982007325321320e+03 9.859794758031659612e+00 0.000000000000000000e+00 1.171717146965493228e+01 5.601028777825696307e+04 0.000000000000000000e+00
4.572183770747208655e+03 9.801729861355557460e+00 0.000000000000000000e+00 1.190518372278939907e+01 5.686629611691641912e+04 0.000000000000000000e+00
4.597501252835006198e+03 9.888744228308770090e+00 0.000000000000000000e+00 1.186781555908658525e+01 6.006399543487608025e+04 0.000000000000000000e+00
4.860571816664616563e+03 9.766673536826607105e+00 0.000000000000000000e+00 1.155962617751470134e+01 5.941230235138929129e+04 0.000000000000000000e+00
4.790443646987426291e+03 1.060346014668564685e+01 0.000000000000000000e+00 1.163579386397885962e+01 5.830439490819187631e+04 0.000000000000000000e+00
5.243804335016148798e+03 9.848361478065307040e+00 0.000000000000000000e+00 1.172227739929781976e+01 5.696419914206956309e+04 0.000000000000000000e+00
4.948930957271764782e+03 1.071662714156978247e+01 0.000000000000000000e+00 1.197476855774132609e+01 6.040016492816442769e+04 0.000000000000000000e+00
5.375591031723090055e+03 1.125553965598288997e+01 3.371047997052205591e+00 1.240235000110654440e+01 4.513958766245056609e+02 8.418466180396112009e+01
4.947231557815141969e+03 1.092780681104077090e+01 3.478949858013974605e+00 1.319256283774942951e+01 4.450548684364337646e+02 8.605126889916799371e+01
5.130177158369211611e+03 1.054780107238585174e+01 3.506831051385442155e+00 1.325026650187502497e+01 4.498834490039059233e+02 8.631896371681392566e+01
5.545534390723149045e+03 1.103580178659098365e+01 3.612695293265503871e+00 1.337022781332011512e+01 4.456134459279896873e+02 8.351669156604724265e+01
5.721060509231043397e+03 1.159632095109712502e+01 3.500570397993633787e+00 1.336746016356708289e+01 4.400078380472123172e+02 8.776530430096578073e+01
5.577207414559095923e+03 1.131283921375291612e+01 3.514634532830754665e+00 1.294200429129760721e+01 4.286709622395201222e+02 8.689432581051795523e+01
5.573255006779124415e+03 1.136968009945943336e+01 3.761745419854868100e+00 1.240782833166163890e+01 4.253232696033365414e+02 8.140434347161287576e+01
5.606441580187075488e+03 1.143191469995550236e+01 3.747432284133398017e+00 1.274147400058818569e+01 4.489193128408518874e+02 8.601319342783735067e+01
5.636388287628684338e+03 1.162393842329186100e+01 3.713570179563558060e+00 1.248352066990008602e+01 4.159977941080013579e+02 8.501330892562974384e+01
6.134622495381055160e+03 1.140967189456699238e+01 3.661649730372279254e+00 1.338099319362654072e+01 4.248688247629130501e+02 8.624667368225767916e+01
6.116038091433770205e+03 1.106852631571432433e+01 3.503839170708419992e+00 1.349081750305808214e+01 4.333159008283785170e+02 8.909330315378915088e+01
5.870163154374232363e+03 1.132180882563334201e+01 3.483312559619712090e+00 1.339862911193966433e+01 4.207673791876962923e+02 8.536142978604706855e+01
6.052827831554131990e+03 1.120485671581483444e+01 3.835153691935254017e+00 1.308805068862927179e+01 4.396446828286804589e+02 8.361338793193866081e+01
6.285516684450897628e+03 1.136766169910313273e+01 3.827551226476959112e+00 1.280772991895958413e+01 4.373214790261775988e+02 8.901908335996564858e+01
