1.892770948632815919e-02 5.755033357393128490e+00 3.323747819415651339e+00 2.828712747462732047e+00 1.359699573524201014e+03 6.258411558792021196e+02
3.387202405440071118e+01 6.049910583517213780e+00 3.203643519846822496e+00 2.831409544914963661e+00 1.382384488770247799e+03 6.287592433972938579e+02
3.369901638907296615e+01 7.930628411226822827e+00 4.218093059224635510e+00 3.455201418783832246e+00 1.398010753192710354e+03 6.176007134029467807e+02
4.764919627642336764e+01 7.447085125887348944e+00 4.496506640712488512e+00 3.406161328377109054e+00 1.427581185825615421e+03 6.077919151814247698e+02
9.659342259625691440e+01 7.739671160893176527e+00 4.635703691251105596e+00 3.345536345936822364e+00 1.972926265585715271e+02 7.633978395020437802e+01
1.494371515204383911e+02 7.853728752426269111e+00 4.485946244621970891e+00 3.286461646619319943e+00 1.995045108032992403e+02 7.842615214868382623e+01
2.032265488716255675e+02 7.945954377537066016e+00 4.814381395804410602e+00 3.579101182248467961e+00 3.726752949241074475e+02 7.880858701087421991e+01
2.433209435654617607e+02 8.150220928444927182e+00 4.746836098878139509e+00 3.369109277900705024e+00 3.641127999624183644e+02 1.470866512457825763e+02
2.946304730400195808e+02 8.855620383413477015e+00 4.904950942646553180e+00 3.712371587539041951e+00 3.667376379988477879e+02 1.501490791310788495e+02
3.430148070615653637e+02 8.459605843803274183e+00 4.920208947844167291e+00 3.608036119020306298e+00 3.608130149698786795e+02 1.370443015400418290e+02
4.295373689523067355e+02 9.333023326782639018e+00 5.203638968841896251e+00 3.781131310677283697e+00 3.556649456085335146e+02 1.423551407499017785e+02
4.971868869226274228e+02 9.268210831820180573e+00 5.172094401847903811e+00 3.863660241686084795e+00 3.776463253955266737e+02 1.434677359563985988e+02
5.983658027891182201e+02 1.022328659107462379e+01 5.583121460975317696e+00 4.051822929113879646e+00 3.650560968485740432e+02 1.408379055845583139e+02
6.378092574405526420e+02 1.048666808799371353e+01 6.220742179602383182e+00 4.535730805159808199e+00 7.281051044813426643e+02 3.263289520299296100e+02
8.067045126842352829e+02 1.047300942057520956e+01 6.083368905343579769e+00 4.590176529259517579e+00 7.174522640775371656e+02 3.167074756436123266e+02
8.693294824802092080e+02 1.088504128697688955e+01 6.324466057271466823e+00 4.705213930573437509e+00 7.494363398478353702e+02 3.063896636199929162e+02
9.820369186500333853e+02 1.132596646942957896e+01 6.583335150240263722e+00 4.455770917106762319e+00 7.715448794859620421e+02 3.097289769704702849e+02
1.136203331321781206e+03 1.185002318620627371e+01 6.122448221623523423e+00 4.755279165986320500e+00 7.349427892061842158e+02 3.192375976214773345e+02
1.227893899818222962e+03 1.200267925276529724e+01 6.495377393671430077e+00 4.893776465581815671e+00 7.582780882385325185e+02 3.174574097962162682e+02
1.246175432553275186e+03 1.172639745537676603e+01 6.584770502745267429e+00 4.741584132319800915e+00 7.336185442709108884e+02 3.075224583620693579e+02
1.417831149532854397e+03 1.187042506375700768e+01 6.709267345211566536e+00 4.697278172059434098e+00 7.050608325851844711e+02 3.098157855075202747e+02
1.568176706187683067e+03 1.216387747862121138e+01 6.573200188784303677e+00 4.780659223779661460e+00 7.184367408415644149e+02 3.040658713700250928e+02
1.717754266715811127e+03 1.263357778636766859e+01 6.602219610761314250e+00 4.998260905850619551e+00 8.375392409123851394e+02 3.232904926211080010e+02
1.961011266637039625e+03 1.276635942644603894e+01 6.949094940028916589e+00 5.211164345601402736e+00 8.071851646145236145e+02 3.242636295526986032e+02
2.140541023415932159e+03 1.348034178593470500e+01 7.220423609076706661e+00 5.281896198852032320e+00 8.283054891175781904e+02 3.108628222071749292e+02
2.194929121074238537e+03 1.350858809755187373e+01 6.903325240092198278e+00 5.618665478177515382e+00 8.357767079313636032e+02 3.049930936484838639e+02
2.578438341776155085e+03 1.312111332359762628e+01 7.100518284821911053e+00 5.418376824178220197e+00 7.643159691092934054e+02 3.216902240011423260e+02
2.731644834168253965e+03 1.377022708675480089e+01 7.357263884448549618e+00 5.500653980231715146e+00 7.752322520104759178e+02 3.247417533117524613e+02
2.940871432591835855e+03 1.310383774662249934e+01 7.393901123124868136e+00 5.963005349164196112e+00 8.358692772474064441e+02 2.969088910757657800e+02
2.791139904705241406e+03 7.737348306852847024e+00 0.000000000000000000e+00 1.007288625808456928e+01 7.834491488447374650e+02 3.103439071055762497e+02
2.950027319805668412e+03 8.122209268372635904e+00 0.000000000000000000e+00 9.766300252901896073e+00 6.067792706506649120e+04 0.000000000000000000e+00
2.994677939862905532e+03 8.121859955715416746e+00 0.000000000000000000e+00 9.781617718223289515e+00 5.628248013083986734e+04 0.000000000000000000e+00
3.301696348113155182e+03 8.186132531570571302e+00 0.000000000000000000e+00 1.066686276721245896e+01 6.009174263286287169e+04 0.000000000000000000e+00
3.412593172844771743e+03 8.905179613941403005e+00 0.000000000000000000e+00 1.083094319240249881e+01 6.047925497438399179e+04 0.000000000000000000e+00
3.248572019419425033e+03 9.129302772321810977e+00 0.000000000000000000e+00 1.082917092600665754e+01 5.533882299205356685e+04 0.000000000000000000e+00
3.409595593565273248e+03 9.342538620449118980e+00 0.000000000000000000e+00 1.034549856028917958e+01 6.027313577583669394e+04 0.000000000000000000e+00
3.404794981487468249e+03 8.729024910218722511e+00 0.000000000000000000e+00 1.103329559711455232e+01 5.582739948787039611e+04 0.000000000000000000e+00
3.514999690997186008e+03 9.180407733774993417e+00 0.000000000000000000e+00 1.048932661993305615e+01 5.992315995415442740e+04 0.000000000000000000e+00
3.827956779523842670e+03 9.608168528346782367e+00 0.000000000000000000e+00 1.111790001913107595e+01 5.719819639258667303e+04 0.000000000000000000e+00
3.772122909878002702e+03 9.516497555438704126e+00 0.000000000000000000e+00 1.120043719267689220e+01 5.494089956651672401e+04 0.000000000000000000e+00
4.024269444480830316e+03 9.482689364293083401e+00 0.000000000000000000e+00 1.092314080201881765e+01 6.005281635355447361e+04 0.000000000000000000e+00
4.217297569566881066e+03 9.121221899534551980e+00 0.000000000000000000e+00 1.158475304203239631e+01 5.816898892146901926e+04 0.000000000000000000e+00
4.114600729561650041e+03 9.412647887186496476e+00 0.000000000000000000e+00 1.165561362989616612e+01 5.886338132343438338e+04 0.000000000000000000e+00
4.122284399652096909e+03 9.544368308430010828e+00 0.000000000000000000e+00 1.102210105281835162e+01 5.610797777805149235e+04 0.000000000000000000e+00
4.420503766803441977e+03 1.006788910259373004e+01 0.000000000000000000e+00 1.122993767527387199e+01 5.720876327493393183e+04 0.000000000000000000e+00
4.672615997717620303e+03 9.818091298040195980e+00 0.000000000000000000e+00 1.153247226642375267e+01 5.577062649432872422e+04 0.000000000000000000e+00
4.419221411396650183e+03 1.017214114043648721e+01 0.000000000000000000e+00 1.176992500631628147e+01 5.527450095021176821e+04 0.000000000000000000e+00
4.475677515980768476e+03 9.643708524604466703e+00 0.000000000000000000e+00 1.223907463546039942e+01 5.558731267714915884e+04 0.000000000000000000e+00
4.546333452607366780e+03 9.930969606910021952e+00 0.000000000000000000e+00 1.248438152159344838e+01 6.040132217665825010e+04 0.000000000000000000e+00
4.839812574767662227e+03 9.686788986563058756e+00 0.000000000000000000e+00 1.200211710516023622e+01 5.898439830910503224e+04 0.000000000000000000e+00
5.205982187307798995e+03 9.822194646385183248e+00 0.000000000000000000e+00 1.254726856409506119e+01 5.847248908046319411e+04 0.000000000000000000e+00
5.070212510244207806e+03 1.029879344027161459e+01 0.000000000000000000e+00 1.255420263156186422e+01 5.782910152524166188e+04 0.000000000000000000e+00
5.314681712419644100e+03 1.080260786825965624e+01 0.000000000000000000e+00 1.165946018381850635e+01 5.803797886599245248e+04 0.000000000000000000e+00
5.372285906270808482e+03 1.057355757923622086e+01 3.578767385239897347e+00 1.217218538055800359e+01 4.369725581852387108e+02 8.738059574985211952e+01
5.135538819487253022e+03 1.064613941642948980e+01 3.548026802068493524e+00 1.255359244078049841e+01 4.558429723240496969e+02 8.543702693330622822e+01
5.008825373403088633e+03 1.142477612328092995e+01 3.640215035436039859e+00 1.268929266236690623e+01 4.549659984322414061e+02 8.340584126082345051e+01
5.523084539932477128e+03 1.075023830866892460e+01 3.506194429492955233e+00 1.240769792075497158e+01 4.568558882787623361e+02 8.829355175928870381e+01
5.352452665793673077e+03 1.066236956793090052e+01 3.429494900772741772e+00 1.305371403507468386e+01 4.177523607459208961e+02 8.342606256832547729e+01
5.677737977152721214e+03 1.167467965902402405e+01 3.426865603111138636e+00 1.260233099220070052e+01 4.409698311292247581e+02 8.403122560260617036e+01
5.919800680728068073e+03 1.070393034687529976e+01 3.779755683513760456e+00 1.259354956226961697e+01 4.490621770838271232e+02 8.637995837148987732e+01
6.017647951559187277e+03 1.141753529886876350e+01 3.704748010680776193e+00 1.295413435937052071e+01 4.462024447766780781e+02 8.306445195695347650e+01
5.601764291555981799e+03 1.112176938208059163e+01 3.792760798386657140e+00 1.355223770723460319e+01 4.139182341646678083e+02 8.878328389663890619e+01
5.862842135431964380e+03 1.138280056599913870e+01 3.685547041900962384e+00 1.354960824435184819e+01 4.488965533489027848e+02 8.485997507486396785e+01
5.772312825974613588e+03 1.101382358006942752e+01 3.521816073251453183e+00 1.272024371204631343e+01 4.148138842171466649e+02 8.809410777955415028e+01
6.418423876409794502e+03 1.084364966091741778e+01 3.730289685815432410e+00 1.293691779862565561e+01 4.268201721817764565e+02 8.438135708851905292e+01
6.401600103009068334e+03 1.124243089503091575e+01 3.669677376107004729e+00 1.296822407992462090e+01 4.118594129370954988e+02 8.922368462654294774e+01
6.226799788002945206e+03 1.094773561279306939e+01 3.835921762101630605e+00 1.283641973875419140e+01 4.364683762988728972e+02 8.137801617754071515e+01
