4.986634488925887343e-01 5.967083784670289326e+00 3.226460846242522607e+00 2.915995511525355077e+00 1.358870630774070605e+03 6.193764605802385859e+02
3.199859506570638956e+01 5.599504145477280481e+00 3.195638063696422559e+00 2.771836801439034659e+00 1.414328366166994101e+03 5.767458107392662896e+02
3.339498272654589073e+01 8.107384388863279057e+00 4.462578002872407801e+00 3.373772429124428207e+00 1.454579170739682240e+03 5.710753709173858397e+02
4.946905123094544621e+01 7.929288575726068267e+00 4.339719337462732973e+00 3.292985233240776743e+00 1.390697827946737561e+03 6.120537066539106945e+02
9.761866913803144996e+01 8.234147519878947108e+00 4.376544141818754063e+00 3.458513849185156808e+00 1.907571159390045921e+02 8.077583457511921949e+01
1.447559561948833959e+02 7.836017313307595877e+00 4.650007411735223251e+00 3.271202321499381505e+00 2.042016058349411480e+02 8.033402611782409508e+01
1.968313675135443646e+02 8.282356344913546664e+00 4.720567644054566081e+00 3.462532066844254519e+00 3.481722478540538646e+02 7.795631030451626486e+01
2.415661875200804900e+02 8.201654091687498038e+00 4.909057304224260676e+00 3.348982794490992898e+00 3.456357978426723321e+02 1.374343148195163735e+02
3.035894668287889431e+02 8.461597567157605582e+00 4.868228133923635959e+00 3.545579654147737791e+00 3.611193150370572198e+02 1.393315949251915811e+02
3.483535400149551151e+02 8.553041766101788568e+00 4.772974997041573353e+00 3.710261871026494518e+00 3.428620890910627281e+02 1.394964152302901255e+02
4.073890145350507623e+02 8.965462052155471540e+00 5.095636306862695974e+00 3.595368566094257368e+00 3.427862261347665935e+02 1.405742198934152896e+02
5.047034810474863207e+02 9.713289034433373104e+00 5.103413783522707803e+00 3.717192161223696889e+00 3.574322826741932317e+02 1.500691151476351877e+02
6.019270260425905690e+02 1.039586887528419901e+01 5.740692842600128465e+00 4.114295684582845780e+00 3.422880561230492162e+02 1.404979664592984818e+02
6.868683403181413496e+02 1.049193322008717288e+01 6.273730507902851805e+00 4.355393794901618598e+00 7.177195784216875154e+02 3.089573591219724449e+02
8.134939318694499661e+02 1.142530059225291161e+01 5.999896453510920047e+00 4.554033251432959339e+00 7.508823985940960029e+02 3.210944904753674223e+02
8.812337236349419527e+02 1.135485926414647295e+01 6.473977263820115624e+00 4.735558182942425809e+00 7.736608282354064841e+02 2.981615318183932573e+02
9.956669373149276225e+02 1.157240011730495510e+01 6.321642560477126693e+00 4.566015224195365541e+00 7.471227579276264805e+02 3.075311108418016488e+02
1.058501061049017835e+03 1.196907321149542547e+01 6.593518751105539977e+00 4.783541747418558643e+00 7.207911573239680365e+02 3.129439048534850372e+02
1.168408007110801918e+03 1.130588253048802017e+01 6.370137998119449030e+00 4.556057369373979427e+00 7.208409296944946618e+02 3.139787457719094732e+02
1.300714617224910398e+03 1.207797662912325620e+01 6.587671237482885189e+00 4.624422130947309029e+00 7.681399546464162995e+02 3.081429733690711146e+02
1.400396879045608785e+03 1.216818840649841604e+01 6.653850748643814761e+00 4.767126863824862504e+00 7.458018856555486309e+02 3.220246124243633972e+02
1.567956331246494756e+03 1.252535101527447914e+01 6.985988746294765406e+00 4.853932311175657155e+00 7.373844690808266478e+02 3.206118623050163023e+02
1.751126410502922681e+03 1.235580951190880405e+01 6.697997577908041400e+00 5.132337694559119257e+00 7.750264311414427993e+02 3.208072099655113334e+02
1.958247637336109847e+03 1.313497999562334506e+01 6.855205786495964126e+00 5.419523761952743435e+00 7.967734011364539128e+02 3.104702167020067805e+02
2.105647141290111449e+03 1.239218084781583862e+01 7.315147951577282370e+00 5.208356417510493053e+00 7.696964206932146908e+02 2.991492042960205140e+02
2.274340376657215984e+03 1.377321591793606181e+01 6.904995901172653383e+00 5.327427160591348354e+00 7.908079008326606072e+02 2.986085704707782611e+02
2.707499465266732386e+03 1.365506475333237724e+01 6.969748417155984477e+00 5.639326569047955040e+00 8.038698370283738086e+02 3.261656043601990405e+02
2.698228490943020461e+03 1.420258379409540694e+01 6.984272666087865566e+00 5.600170169857549674e+00 8.262450035893605218e+02 3.138522897950220454e+02
2.949260860883629903e+03 1.371215085863553895e+01 7.668006218837887467e+00 5.470048911879795028e+00 8.020780500974062761e+02 3.045696394408068954e+02
2.894403970580502573e+03 8.219192900603909280e+00 0.000000000000000000e+00 9.662024958943877806e+00 7.736775925502790869e+02 3.120962014031626381e+02
2.828287269888881838e+03 8.495980578136881789e+00 0.000000000000000000e+00 9.762759341355071285e+00 5.997517806208341062e+04 0.000000000000000000e+00
3.155516619726844510e+03 8.009972495345051513e+00 0.000000000000000000e+00 1.015803653846402455e+01 5.662397114272219187e+04 0.000000000000000000e+00
3.268510183891861743e+03 8.283101102204653898e+00 0.000000000000000000e+00 1.052265192557916862e+01 6.055212440041186346e+04 0.000000000000000000e+00
3.301288802166016922e+03 9.089200219025322269e+00 0.000000000000000000e+00 1.075102745783740588e+01 5.985767093526344979e+04 0.000000000000000000e+00
3.231094674387229588e+03 9.112021413329971509e+00 0.000000000000000000e+00 1.043239249047399575e+01 5.673091216037873528e+04 0.000000000000000000e+00
3.613814084581026691e+03 8.486930514719174923e+00 0.000000000000000000e+00 1.054208537238867471e+01 5.967362362295412458e+04 0.000000000000000000e+00
3.669888923307670666e+03 8.905359808808405830e+00 0.000000000000000000e+00 1.032414603749839088e+01 5.806423037517019111e+04 0.000000000000000000e+00
3.489650927431073342e+03 9.113093702083844505e+00 0.000000000000000000e+00 1.057711183071906014e+01 5.938690503972344595e+04 0.000000000000000000e+00
3.880974802020120478e+03 9.651478805357280422e+00 0.000000000000000000e+00 1.121111957898029843e+01 5.779923020574729890e+04 0.000000000000000000e+00
3.764643088999082465e+03 9.732043944006317560e+00 0.000000000000000000e+00 1.076384419847778773e+01 6.017740946402042755e+04 0.000000000000000000e+00
4.063349637655929655e+03 9.780543322142904117e+00 0.000000000000000000e+00 1.149011581489048162e+01 5.974842356236102205e+04 0.000000000000000000e+00
4.069862782708499253e+03 9.225052699304873371e+00 0.000000000000000000e+00 1.099804757705173941e+01 5.581285083386233600e+04 0.000000000000000000e+00
4.003224176009877283e+03 9.319851691256086923e+00 0.000000000000000000e+00 1.122398703125725028e+01 5.594865758680790896e+04 0.000000000000000000e+00
4.267584043996304899e+03 9.548635143055893337e+00 0.000000000000000000e+00 1.147466381438747440e+01 5.740511309033175348e+04 0.000000000000000000e+00
4.302451473689264276e+03 1.031143960804143056e+01 0.000000000000000000e+00 1.208345926741220211e+01 5.507784617352419446e+04 0.000000000000000000e+00
4.451592917764991398e+03 9.694393089344371717e+00 0.000000000000000000e+00 1.214050405647132536e+01 5.718316995538031188e+04 0.000000000000000000e+00
4.692857508294106083e+03 1.018671460144884833e+01 0.000000000000000000e+00 1.237639514881937686e+01 5.780441787360181479e+04 0.000000000000000000e+00
4.466217372094431994e+03 9.884938664974594502e+00 0.000000000000000000e+00 1.189494757909575995e+01 5.561286394467211358e+04 0.000000000000000000e+00
4.958238856800663598e+03 1.014662993286322745e+01 0.000000000000000000e+00 1.163804779201984907e+01 5.900834864079549880e+04 0.000000000000000000e+00
4.765041330450617352e+03 1.014252851200201455e+01 0.000000000000000000e+00 1.156929535964698985e+01 5.652827206507137453e+04 0.000000000000000000e+00
5.129752337301810257e+03 1.049598196791815496e+01 0.000000000000000000e+00 1.150576228729591755e+01 5.962201039954674343e+04 0.000000000000000000e+00
5.235957096759685555e+03 1.030565481631132840e+01 0.000000000000000000e+00 1.255863147723722761e+01 5.908796322421856166e+04 0.000000000000000000e+00
5.340846229029206370e+03 9.853541541900852962e+00 0.000000000000000000e+00 1.247568830212763302e+01 5.571498273849364341e+04 0.000000000000000000e+00
5.235050655013655160e+03 1.134143318397248734e+01 3.467462345569292559e+00 1.219156648502526252e+01 4.484002543609700524e+02 8.369948545016596597e+01
5.039392284781624767e+03 1.050708571017933401e+01 3.581552028710223379e+00 1.323836010644041217e+01 4.275367315909957142e+02 8.831497604068557905e+01
5.304306947336526719e+03 1.052297009456180454e+01 3.618674279956132001e+00 1.246926763332985466e+01 4.365548808189134320e+02 8.657172895847560312e+01
5.598478653393189234e+03 1.090294700965018926e+01 3.699955354500109816e+00 1.223235053456319044e+01 4.610019467821724675e+02 8.611633575391208240e+01
5.562400406663999092e+03 1.070942466094015089e+01 3.633967028121096288e+00 1.251272506764662751e+01 4.233162194085307419e+02 8.588235458440871639e+01
5.381713611386790944e+03 1.083070550261488485e+01 3.642181673213571003e+00 1.241331117296013709e+01 4.508712578919469820e+02 8.694380079285853924e+01
5.857104440485232772e+03 1.115843160318473792e+01 3.557863234555892262e+00 1.323994018595097089e+01 4.489669426110720565e+02 8.577196507796315927e+01
5.629943864514919369e+03 1.111144286833851602e+01 3.807315466895949463e+00 1.328071565492448514e+01 4.553654846603066630e+02 8.134761157970648071e+01
5.635303898439383374e+03 1.083782753782016073e+01 3.585311713368973585e+00 1.250755259025071631e+01 4.232918877402145768e+02 8.388059865411972282e+01
5.921878677963808514e+03 1.131213368221548876e+01 3.598374686997934280e+00 1.243141793515902371e+01 4.189404768592510777e+02 8.907907245871327007e+01
6.358687142043851054e+03 1.116580292256804441e+01 3.771404145393291607e+00 1.353111147923356228e+01 4.116794006597237399e+02 8.145763551075293663e+01
5.893774457769907713e+03 1.115594250821458822e+01 3.702910348334970791e+00 1.320125397486648922e+01 4.129115275768968445e+02 8.149194916246374021e+01
6.479457874543381877e+03 1.072155083434728340e+01 3.637534139723019422e+00 1.350517031906429999e+01 4.277223077654733743e+02 8.170153919649493446e+01
6.600495149696690532e+03 1.139584496020725624e+01 3.716437365302027729e+00 1.348783038939384049e+01 4.165483592896681557e+02 8.675103438005999124e+01
