2.000000000000000111e-01 3.508493324855382678e+00
1.000000000000000056e-01 3.582493324855382522e+00
5.000000000000000278e-02 3.840493324855382529e+00
3.333333333333333287e-02 4.020493324855382689e+00
2.000000000000000042e-02 4.106493324855382987e+00
1.250000000000000069e-02 4.176493324855382383e+00
1.000000000000000021e-02 4.226493324855383094e+00
6.666666666666667095e-03 4.382493324855382788e+00
5.000000000000000104e-03 4.580493324855382298e+00
4.000000000000000083e-03 4.800493324855382937e+00
3.333333333333333547e-03 4.996493324855382667e+00
