2.000000000000000111e-01 3.086573761481879785e+00
1.000000000000000056e-01 3.182573761481879870e+00
5.000000000000000278e-02 3.568573761481879991e+00
3.333333333333333287e-02 3.938573761481880098e+00
2.000000000000000042e-02 4.148573761481880062e+00
1.250000000000000069e-02 4.228573761481880133e+00
1.000000000000000021e-02 4.258573761481880382e+00
6.666666666666667095e-03 4.348573761481880240e+00
5.000000000000000104e-03 4.482573761481879693e+00
4.000000000000000083e-03 4.644573761481879615e+00
3.333333333333333547e-03 4.796573761481879750e+00
