3.484875679011795180e-01 5.552247464777400943e+00 3.309531638130964737e+00 2.791280905747790975e+00 1.385889111522196799e+03 6.060245339594798679e+02
3.487264721350135943e+01 6.003174724338112611e+00 3.321033395926803244e+00 2.919029800589748813e+00 1.402119911187610342e+03 5.846829238068858103e+02
3.094311001748095791e+01 7.536093420564173861e+00 4.566966512601213779e+00 3.322778339405249692e+00 1.370632447826927546e+03 6.137970141561945638e+02
4.784485712903519072e+01 8.063926371044313868e+00 4.553338182221694730e+00 3.309310170655918260e+00 1.335086940172991490e+03 5.938824913670817978e+02
9.926809152004670977e+01 8.064983859287417900e+00 4.417978576591830908e+00 3.250664543600975787e+00 2.039681151320607455e+02 8.217695815501934931e+01
1.461461963838487179e+02 8.175451884029660832e+00 4.327970412397412758e+00 3.571038893528511782e+00 1.959897979037904179e+02 8.230828117320211845e+01
2.089937241705054305e+02 8.648130325355436909e+00 4.629330461842959821e+00 3.314351461731587900e+00 3.548644772900522071e+02 8.110410465464597962e+01
2.456324079075317286e+02 8.176479466001863372e+00 4.603640909995479369e+00 3.587614890309675619e+00 3.619986746204694441e+02 1.443582084597223627e+02
2.980523751594516852e+02 8.264302528046956198e+00 4.665903338269974832e+00 3.603715953674429873e+00 3.470097330410964673e+02 1.407681151004563276e+02
3.335061935766829038e+02 9.156812161030558173e+00 4.917296868500851126e+00 3.681816775608749204e+00 3.472036201554997206e+02 1.454995465967834889e+02
4.269081419876621908e+02 9.284952674452368271e+00 4.951568447132471462e+00 3.629570499316862708e+00 3.520091983792003703e+02 1.437599009768906910e+02
4.885837252334046070e+02 9.739759611909001080e+00 5.131098002886185228e+00 3.931498343279018926e+00 3.442530335400196577e+02 1.486708224710036745e+02
6.260302367748948882e+02 1.067194308822378979e+01 5.403452843806130446e+00 4.309404317781749150e+00 3.710469847733324400e+02 1.363716742792229581e+02
6.566176366336072761e+02 1.109139608557302381e+01 6.287962113030104661e+00 4.382928059589580094e+00 7.176966903367176656e+02 3.179824864412819920e+02
7.633036906755630753e+02 1.065392898910003616e+01 6.226391982335814923e+00 4.347756491153845992e+00 7.446377823771298381e+02 3.072331818603951774e+02
8.737180934525819112e+02 1.085863997812973736e+01 6.217915539786243784e+00 4.420637022700053542e+00 7.419152662767718311e+02 3.063048669393215846e+02
9.547634804241420170e+02 1.190134042726401198e+01 6.130599196042888721e+00 4.478123791680817867e+00 7.760708682608799336e+02 3.087002925089703922e+02
1.048877575771740794e+03 1.198661149771545276e+01 6.194266209718921168e+00 4.550255059875998320e+00 7.183325292695585631e+02 3.259679232468454302e+02
1.235740654401891334e+03 1.223831470206551231e+01 6.292532731825452252e+00 4.843438970655265408e+00 7.659912865003705065e+02 3.115492719515490876e+02
1.312703424886905395e+03 1.200709244757150707e+01 6.282869626148507969e+00 4.690983275478425085e+00 7.255881912139243468e+02 3.239459651747387170e+02
1.358961459937333984e+03 1.213644331710583835e+01 6.714146293509937635e+00 4.638808524657177301e+00 7.586709447515573856e+02 3.151611708360724720e+02
1.539386133354168123e+03 1.281063263827678256e+01 6.878708310921595626e+00 4.957412767217297400e+00 7.714260561094729383e+02 3.212943472867945616e+02
1.886138739878475917e+03 1.234846639886881903e+01 6.530106556572143006e+00 5.239360998014824133e+00 8.085717678897019596e+02 3.166196522647700249e+02
2.007394225398630397e+03 1.218215864978719409e+01 7.251389998502680179e+00 5.174410595586329542e+00 8.146684090435664984e+02 3.071028304893588938e+02
2.274745604515136165e+03 1.321229025953887515e+01 7.024838105126655741e+00 5.322156461542788541e+00 8.336151494110957856e+02 3.058143156824435209e+02
2.238758334228359672e+03 1.333034284747193077e+01 7.392070315217065257e+00 5.437248938789224439e+00 8.122447351085254468e+02 3.204453322766653400e+02
2.535577176500216865e+03 1.372039614725368750e+01 7.329198908582968741e+00 5.455653973609428498e+00 7.987200493550451483e+02 2.974732744112615137e+02
2.675926076478820505e+03 1.305526153265946654e+01 7.164813778923650567e+00 5.475032679291834903e+00 8.159354285363690451e+02 3.010060475876204009e+02
2.811289535580400297e+03 1.427829021632460460e+01 7.274655810166867909e+00 5.577684587180013587e+00 7.715009499197526566e+02 3.262970460265516408e+02
3.006356805320016520e+03 8.342943431169260293e+00 0.000000000000000000e+00 9.411793616344791502e+00 8.095461107700643879e+02 3.274980600707214080e+02
3.055429921247395214e+03 7.812573019107517780e+00 0.000000000000000000e+00 9.955684727131256295e+00 5.824386135748235392e+04 0.000000000000000000e+00
3.001882256771840275e+03 8.683970394086150790e+00 0.000000000000000000e+00 1.007738727788010102e+01 5.647336936736408097e+04 0.000000000000000000e+00
3.099180953097864403e+03 8.506190826597233468e+00 0.000000000000000000e+00 1.042246416528286090e+01 6.046918528167193290e+04 0.000000000000000000e+00
3.267878902469171862e+03 8.358533516511108985e+00 0.000000000000000000e+00 1.031273006235599610e+01 5.757423320475882065e+04 0.000000000000000000e+00
3.329301849567959835e+03 8.976284241491349292e+00 0.000000000000000000e+00 1.101686745697959147e+01 5.711127058761107037e+04 0.000000000000000000e+00
3.625656089171849544e+03 8.866694340832969701e+00 0.000000000000000000e+00 1.045335414962490184e+01 5.815168291758406122e+04 0.000000000000000000e+00
3.692925488772312292e+03 8.999440180998396599e+00 0.000000000000000000e+00 1.087019669811925304e+01 5.725780819622451236e+04 0.000000000000000000e+00
3.592790407494898318e+03 8.716058090720192553e+00 0.000000000000000000e+00 1.145527154184700969e+01 5.719288841582088207e+04 0.000000000000000000e+00
3.839988158599921917e+03 9.342023912223661242e+00 0.000000000000000000e+00 1.110193400312296141e+01 5.533342172871829098e+04 0.000000000000000000e+00
3.684836562159583082e+03 9.356146657918941401e+00 0.000000000000000000e+00 1.136428536994832150e+01 5.966006559735035262e+04 0.000000000000000000e+00
3.809402193867537790e+03 9.642069688877100475e+00 0.000000000000000000e+00 1.144845710724598575e+01 5.785680119156335422e+04 0.000000000000000000e+00
4.115969825728226169e+03 9.586137312115026177e+00 0.000000000000000000e+00 1.184715100922042375e+01 5.663151564863456588e+04 0.000000000000000000e+00
4.136374744151833511e+03 9.366402223545133410e+00 0.000000000000000000e+00 1.155227680289824299e+01 5.494907373170088977e+04 0.000000000000000000e+00
4.353225567660081651e+03 1.009663283210821128e+01 0.000000000000000000e+00 1.118345177007353364e+01 5.998086220330077049e+04 0.000000000000000000e+00
4.437415435717156470e+03 1.020117566191169800e+01 0.000000000000000000e+00 1.120314334049830762e+01 5.956326064129699807e+04 0.000000000000000000e+00
4.477713859050912106e+03 1.013766118736540811e+01 0.000000000000000000e+00 1.211020855721070610e+01 5.561396696014457848e+04 0.000000000000000000e+00
4.562483429764415632e+03 1.007065022644113306e+01 0.000000000000000000e+00 1.239601548409430087e+01 5.820674574738756201e+04 0.000000000000000000e+00
4.635615646474272580e+03 1.027486023373256430e+01 0.000000000000000000e+00 1.139480204267804631e+01 5.646260008639783337e+04 0.000000000000000000e+00
4.631582323317946248e+03 9.789732587653359630e+00 0.000000000000000000e+00 1.137115142297440684e+01 5.945770486623275065e+04 0.000000000000000000e+00
4.811065102051928989e+03 9.771886509845183255e+00 0.000000000000000000e+00 1.241682331298528830e+01 5.574968531931518373e+04 0.000000000000000000e+00
4.751685999949655525e+03 1.001280125316863767e+01 0.000000000000000000e+00 1.160007038105746702e+01 5.777727152907902200e+04 0.000000000000000000e+00
5.139871824156552066e+03 1.044999337166151321e+01 0.000000000000000000e+00 1.221004499950545075e+01 5.772117063118291844e+04 0.000000000000000000e+00
5.338915693386874409e+03 1.005548583752384850e+01 0.000000000000000000e+00 1.219732006107409106e+01 5.765538947320208536e+04 0.000000000000000000e+00
4.913820727498195083e+03 1.089763310104029692e+01 3.431158251694710337e+00 1.242016843047678343e+01 4.587596990882308319e+02 8.561195190883012174e+01
4.921712962424586294e+03 1.076484795864613453e+01 3.427871587531169606e+00 1.240960219277722310e+01 4.412372588236419801e+02 8.273798233754234843e+01
5.529177990168779615e+03 1.120826962450446374e+01 3.699470763156668340e+00 1.307641904647704401e+01 4.532306638974167186e+02 8.578961833971175110e+01
5.557463577476602950e+03 1.125365634285415162e+01 3.447183629491132439e+00 1.275488560005258698e+01 4.214635603513495425e+02 8.213579381814106739e+01
5.659373771408651010e+03 1.153812119679653492e+01 3.704616511135707668e+00 1.282404101060459922e+01 4.518301529792939846e+02 8.655030806867405602e+01
5.719947706493045189e+03 1.115404384914944380e+01 3.613120794105559863e+00 1.235276221853348311e+01 4.488879395617468049e+02 8.522212466602351810e+01
5.547390902160070254e+03 1.093619170068493496e+01 3.452165448022163741e+00 1.350840486984115252e+01 4.375180908481010533e+02 8.192372974084301518e+01
5.684777384137727495e+03 1.166488753929517763e+01 3.474954860896047659e+00 1.307808741061549895e+01 4.534344370355757974e+02 8.907622278618093503e+01
5.741579860559772897e+03 1.124053571537631413e+01 3.521721940994865463e+00 1.302600061348960736e+01 4.470798599608079371e+02 8.180843212700430911e+01
5.884856264144327724e+03 1.120757333217581397e+01 3.677941587435106463e+00 1.304758776186597125e+01 4.427495550687189052e+02 8.244457019616116611e+01
5.876666027086198483e+03 1.089356989450129909e+01 3.670834317744344322e+00 1.252871873975073846e+01 4.418922551203945659e+02 8.593561870856684948e+01
6.409207924329888556e+03 1.070239725992114010e+01 3.598878589210992462e+00 1.356058506045136269e+01 4.351776631088966951e+02 8.383325708594558989e+01
6.140357234024888385e+03 1.082192121759123538e+01 3.753317470552092860e+00 1.292506876749738609e+01 4.306864696005108613e+02 8.141240501463272494e+01
6.677832493524715574e+03 1.168608584368545600e+01 3.835896845795575327e+00 1.311108611855109096e+01 4.163783871927087716e+02 8.611474801822390646e+01
