1.987732440840218606e-01 5.736377332869814438e+00 3.214295713831399226e+00 2.805088397280573353e+00 1.362851564006145736e+03 5.770610125151775947e+02
3.231757130994161287e+01 5.998895945338207802e+00 3.455499945044778976e+00 2.896178927441745987e+00 1.458668064099451612e+03 6.268122588451210504e+02
3.108609475518934318e+01 7.833892526836025105e+00 4.520205259290805522e+00 3.390345965336750478e+00 1.351950819950024197e+03 5.957313303551717354e+02
4.944157833895185661e+01 8.121746920727439090e+00 4.241614555950230958e+00 3.428805217938322603e+00 1.407246178142592498e+03 6.073805814183363054e+02
9.696850426340635920e+01 7.690439359791151119e+00 4.263880140665833984e+00 3.286931404699543258e+00 2.063027550687954204e+02 7.746182525906901617e+01
1.453669893648041409e+02 7.782046844807235964e+00 4.644554793275348814e+00 3.331039741296807577e+00 2.047899435090930069e+02 8.186692181760781750e+01
1.955545017817805729e+02 8.520067727045566031e+00 4.575543290364441518e+00 3.554721404321363298e+00 3.536492880918304991e+02 7.728774908873427307e+01
2.514184341773771507e+02 8.457087956096760450e+00 4.542101526841364034e+00 3.585698615655047661e+00 3.568474213387405598e+02 1.449226098922708843e+02
3.036724214673366191e+02 8.399536002027016224e+00 4.824936532084803886e+00 3.629399383721489070e+00 3.426049160761118060e+02 1.364600010373902990e+02
3.351068350301292753e+02 8.899171253352989197e+00 5.063514410358122220e+00 3.549955750142738342e+00 3.486147161553417391e+02 1.463647625170031574e+02
4.017992807198265837e+02 8.916262857479832604e+00 4.929410012153627285e+00 3.708315936231180387e+00 3.457420592645582929e+02 1.416274370417707757e+02
5.120439288577982779e+02 9.345711227557819356e+00 5.146935250012337981e+00 3.738205801552260787e+00 3.548358893443908073e+02 1.465246502269912980e+02
5.961017228610168104e+02 9.983938823641423710e+00 5.672243815983272874e+00 4.020550227474920746e+00 3.575011807514349016e+02 1.471837822251597174e+02
6.907722593176686132e+02 1.030975262648397717e+01 6.116122493009061856e+00 4.565196117190038372e+00 7.419751535712716759e+02 3.120176664189188500e+02
7.839643375292116616e+02 1.049818159217090141e+01 6.202898127079567558e+00 4.290423453723055225e+00 7.519236069389754675e+02 3.085014052362013786e+02
8.838328150708066460e+02 1.094064331365306053e+01 6.105449048305643167e+00 4.510255751920752232e+00 7.454002283695157303e+02 3.105991734351175069e+02
9.581274339909797391e+02 1.184494576678974198e+01 6.500055171056257741e+00 4.523568626413978500e+00 7.369253989504042011e+02 3.214331174566920595e+02
1.053501186231331758e+03 1.117053339217583563e+01 6.750661675689638486e+00 4.722575271589499302e+00 7.522280155610843622e+02 3.228259528507544474e+02
1.188527646364101656e+03 1.188879113973676738e+01 6.316510458500299130e+00 4.625754874136079664e+00 7.131789951327298240e+02 2.982177369951446053e+02
1.323258040750742794e+03 1.181880310264171463e+01 6.811641482126788993e+00 4.828094062040620749e+00 7.643906834650596238e+02 3.036177614271152834e+02
1.390305726581756289e+03 1.139053397474605589e+01 6.658008100397146301e+00 4.944758673237511282e+00 7.403307333753281227e+02 3.017951005232005741e+02
1.599706719827230245e+03 1.231110659671790941e+01 6.578942413801473599e+00 4.961724756656690438e+00 7.511701110441418905e+02 3.260232142926692518e+02
1.836618348753892633e+03 1.234372996826508917e+01 6.935632800742659754e+00 5.187588271830247066e+00 7.736507215759680776e+02 3.212882893723568145e+02
1.901763861086615634e+03 1.245488756900987681e+01 7.211336542965881335e+00 5.142962758463623274e+00 7.653973922007066903e+02 3.082246751602385189e+02
2.287178272235058103e+03 1.260368966672363733e+01 7.024940263067964707e+00 5.401706080249289776e+00 8.386121872999735842e+02 2.993655262334390272e+02
2.307848639116803042e+03 1.346554088619901535e+01 7.201193105569168473e+00 5.141353383001002086e+00 8.088058743705131519e+02 3.083792063741689731e+02
2.477413876735066424e+03 1.326753029456466138e+01 7.125778850440301682e+00 5.579887515413266108e+00 7.938376903866040948e+02 3.150817173112654928e+02
2.733758950812479270e+03 1.428236709802886395e+01 6.950407457755135354e+00 5.453497826350941935e+00 8.007739546825472416e+02 3.027156746273798831e+02
2.975612620318503559e+03 1.391577362586835243e+01 7.068795826401676585e+00 5.853359389900091969e+00 8.138761241667724562e+02 2.988684670622677118e+02
2.892042287605586353e+03 8.279309223174159627e+00 0.000000000000000000e+00 9.628372007594620641e+00 8.393662277889148982e+02 3.247932637542074872e+02
2.864990248445814814e+03 8.452353569174317016e+00 0.000000000000000000e+00 1.007339011622677916e+01 5.711732858963581384e+04 0.000000000000000000e+00
3.006270771501030140e+03 8.214938932134385752e+00 0.000000000000000000e+00 1.006399899257548647e+01 5.522725341815930733e+04 0.000000000000000000e+00
3.294517284341808136e+03 8.566079480057435802e+00 0.000000000000000000e+00 1.042189469344230623e+01 5.540229626430908684e+04 0.000000000000000000e+00
3.352749344684320931e+03 8.485474094941453771e+00 0.000000000000000000e+00 1.022806989409346556e+01 5.808924338736555364e+04 0.000000000000000000e+00
3.357825526009864461e+03 9.134229265330368719e+00 0.000000000000000000e+00 1.045896047175068055e+01 5.744485892672362388e+04 0.000000000000000000e+00
3.504478325147895703e+03 9.304610984166755472e+00 0.000000000000000000e+00 1.101028209930475654e+01 5.618499331880882528e+04 0.000000000000000000e+00
3.503163843601596909e+03 9.415697268193675029e+00 0.000000000000000000e+00 1.122205747380187901e+01 5.669654551193446969e+04 0.000000000000000000e+00
3.815190878461776720e+03 9.042601322352201265e+00 0.000000000000000000e+00 1.121964415133687609e+01 5.541635584879607632e+04 0.000000000000000000e+00
3.613216167710973423e+03 9.311533931708737555e+00 0.000000000000000000e+00 1.144303430408782063e+01 6.059403572937710123e+04 0.000000000000000000e+00
3.818134499223160219e+03 9.330025401373385208e+00 0.000000000000000000e+00 1.066513988255310252e+01 5.918624419469561690e+04 0.000000000000000000e+00
3.788261220339705233e+03 9.535150020224493872e+00 0.000000000000000000e+00 1.120335694665955373e+01 5.577496041725315445e+04 0.000000000000000000e+00
4.043540600461830763e+03 9.344854580439305280e+00 0.000000000000000000e+00 1.098016351776933597e+01 6.042645063016896893e+04 0.000000000000000000e+00
4.036932224451687944e+03 9.343091915964247818e+00 0.000000000000000000e+00 1.195858640049791433e+01 5.656986709574955603e+04 0.000000000000000000e+00
4.403083571744593428e+03 9.804975676035954990e+00 0.000000000000000000e+00 1.110262164589139822e+01 5.656731677293111716e+04 0.000000000000000000e+00
4.510699623653589697e+03 9.497789637410312125e+00 0.000000000000000000e+00 1.132199105314962218e+01 5.936410261351750523e+04 0.000000000000000000e+00
4.564196128285235318e+03 9.952058198299949865e+00 0.000000000000000000e+00 1.216994865157695926e+01 5.889973989176972827e+04 0.000000000000000000e+00
4.691415236968131467e+03 9.764383698137045542e+00 0.000000000000000000e+00 1.229258843267982826e+01 5.829908799024466862e+04 0.000000000000000000e+00
4.755021986702352478e+03 9.621092564190828256e+00 0.000000000000000000e+00 1.134006598611626337e+01 5.861642846353632194e+04 0.000000000000000000e+00
4.922688587004291549e+03 9.826047022929635943e+00 0.000000000000000000e+00 1.164259094980151232e+01 5.743454423745226813e+04 0.000000000000000000e+00
4.867074870584195196e+03 1.044140813175592797e+01 0.000000000000000000e+00 1.165299712524134179e+01 5.986602679099531815e+04 0.000000000000000000e+00
4.758003335090365908e+03 9.900574110460198085e+00 0.000000000000000000e+00 1.243418390194490186e+01 5.900317135442283325e+04 0.000000000000000000e+00
5.036805803067559282e+03 1.048887035468845141e+01 0.000000000000000000e+00 1.174320259684820122e+01 5.933099155414896813e+04 0.000000000000000000e+00
5.218026019382114100e+03 1.013263806796076416e+01 0.000000000000000000e+00 1.193038169064223375e+01 5.595101599365168659e+04 0.000000000000000000e+00
5.065457606307318201e+03 1.115554313825336230e+01 3.618443844473326454e+00 1.327666178773831973e+01 4.462220535267972537e+02 8.195679473768431933e+01
5.230821376016730028e+03 1.112932074502339930e+01 3.353764213658373627e+00 1.320596909343328740e+01 4.391844894469002725e+02 8.760303209829412197e+01
5.021035757999672569e+03 1.120750602444178412e+01 3.704917936470074391e+00 1.301030083757795452e+01 4.381185893144495935e+02 8.218493824689441851e+01
5.493850315396925907e+03 1.136540786320892771e+01 3.680715146713657848e+00 1.313373968666756397e+01 4.582739053085956016e+02 8.263221121971881189e+01
5.253690323332220942e+03 1.146374039239267795e+01 3.511908751302529996e+00 1.268641793162025522e+01 4.306756166828624828e+02 8.502473690970730047e+01
5.800739430849961536e+03 1.072279975832945276e+01 3.725176646932986557e+00 1.233339526259053187e+01 4.314813530549881762e+02 8.109232585642183722e+01
5.670136596613905567e+03 1.066005349806393454e+01 3.774961664553576846e+00 1.259581006623517929e+01 4.505163363105932035e+02 8.764764466865783277e+01
5.803214995846563397e+03 1.123007514575663635e+01 3.781248234271473496e+00 1.352220100656643353e+01 4.212276520916478830e+02 8.587478423105744696e+01
5.848395760825294929e+03 1.104284455477102966e+01 3.580616011762019379e+00 1.298510611507008328e+01 4.512055266276768180e+02 8.345325365008015694e+01
5.854647810619378106e+03 1.174559007561456525e+01 3.713145751418653884e+00 1.302671556589120350e+01 4.150787309122164288e+02 8.503976980136546615e+01
5.906507412541113808e+03 1.127713108714198675e+01 3.612115881746599033e+00 1.274496930632344061e+01 4.311510920851195010e+02 8.576222745152706750e+01
6.382163577327451094e+03 1.082734904071373805e+01 3.496708363329480207e+00 1.340016275754480723e+01 4.164789078262000999e+02 8.459377386054222825e+01
6.046314134705842662e+03 1.145343649395858776e+01 3.521120805483495264e+00 1.327721031541550900e+01 4.238281152882733522e+02 8.246633614275116031e+01
6.582451840556856041e+03 1.136522082809845635e+01 3.540348344227716382e+00 1.269410142317698309e+01 4.123076562918556647e+02 8.594034028221007304e+01
