-6.404911707387905828e-02 6.087461460984253669e+00 3.454989838764190857e+00 2.849325158087628651e+00 1.378990555535366411e+03 5.825673815675069136e+02
3.474944859539791508e+01 5.628930761089811163e+00 3.379853996633531921e+00 2.780917924550626807e+00 1.339457928702421441e+03 5.865610390357717279e+02
3.500212601224235698e+01 7.783479434580672596e+00 4.178862753443067568e+00 3.449673422873493323e+00 1.440195215095481444e+03 5.753102256190385333e+02
4.828638944188926985e+01 8.114964063107985126e+00 4.457881456736235926e+00 3.404884457224366390e+00 1.356785162709248652e+03 6.245950432610077314e+02
1.009940909056161331e+02 7.586645550961489626e+00 4.539080062712529617e+00 3.377535441072459843e+00 1.908582287972805887e+02 8.252431401150018075e+01
1.488513432632392153e+02 7.860710712242685361e+00 4.417294664584945352e+00 3.386223705385502658e+00 1.925134398675636476e+02 8.375934042595530116e+01
1.988133553823001591e+02 8.094760702096129634e+00 4.542159384355575646e+00 3.391174059152898934e+00 3.422044883192093607e+02 8.055154905544807775e+01
2.558140553506172807e+02 8.105488345931181726e+00 4.572461609927598758e+00 3.654232188144949323e+00 3.696018036364009163e+02 1.421875444543035485e+02
3.089664702967992298e+02 8.740836903483469200e+00 4.578721560846175542e+00 3.376072924296087407e+00 3.635595802129799381e+02 1.444007645208352812e+02
3.454662080967725615e+02 8.615021848349885047e+00 4.970819381139193638e+00 3.507289261560946336e+00 3.535873184048261351e+02 1.491786097301537382e+02
4.078696176427071691e+02 8.723499324920132025e+00 4.867638763049666473e+00 3.577163800842352970e+00 3.774563954601250089e+02 1.483056253961905782e+02
4.758883643414729931e+02 9.296112108856705802e+00 5.349820441372865609e+00 4.012954010643348113e+00 3.745675543787468200e+02 1.493344513733186716e+02
6.073953572175248610e+02 1.061389766901875120e+01 5.660448437747697348e+00 3.967220990507402067e+00 3.653708371955737562e+02 1.392299680101378101e+02
6.930870174519126294e+02 1.124156598603305213e+01 5.702667562625801878e+00 4.375696890776207937e+00 7.690917195867034479e+02 3.093787775421091624e+02
7.737401623426296737e+02 1.112734183971871005e+01 6.246265677660573168e+00 4.667650270248240751e+00 7.538914742939006146e+02 2.992776262533244562e+02
9.020477961330053631e+02 1.128600983970265226e+01 6.067867801822892204e+00 4.644970404485285087e+00 7.568586131387393152e+02 3.016894290063651738e+02
9.693079453311980842e+02 1.131667558057552725e+01 6.388008453672926912e+00 4.522053527720560240e+00 7.478700948610616024e+02 3.004129873104960780e+02
1.050622428397412932e+03 1.099227146807256261e+01 6.449859966530707034e+00 4.562295995898407064e+00 7.473076407279801288e+02 3.192504314242394798e+02
1.180880981851971910e+03 1.197218283135709171e+01 6.483364122661171791e+00 4.688392303916943504e+00 7.540531178132813466e+02 3.078822608062296240e+02
1.288572808622456250e+03 1.229893703615571354e+01 6.731552229429871304e+00 5.049837508897811134e+00 7.571570660943003759e+02 3.009852086721922433e+02
1.388677856183518770e+03 1.248810091887318485e+01 6.635608273103480670e+00 4.981731650263003353e+00 7.205603706151632650e+02 3.273641378850016395e+02
1.582304972062231400e+03 1.183268465808278158e+01 6.698181024684298990e+00 4.797340244544148646e+00 7.497975337443727994e+02 3.026369470306975131e+02
1.781712548552350881e+03 1.275016009560967056e+01 6.745015413837908369e+00 5.234292618761505089e+00 7.800072932198021363e+02 3.149187328103569143e+02
1.952020432754520698e+03 1.236297890185076831e+01 6.675576415474415271e+00 5.256142742831643844e+00 8.369765138937472102e+02 3.221125187962650784e+02
2.288574350767902160e+03 1.330672468174007328e+01 7.034836768944620289e+00 5.429761581018604844e+00 7.785766730208140416e+02 3.076733528173211312e+02
2.230279217322675777e+03 1.258537132927011903e+01 6.794219065994497875e+00 5.327466853488124876e+00 7.840012931049304825e+02 3.023601384640415972e+02
2.526865525303449431e+03 1.383471685900075343e+01 7.005348994339423818e+00 5.439290842322894726e+00 7.749486377215486073e+02 3.245548970134057072e+02
2.537606287144079943e+03 1.429614714936369424e+01 6.970914959738342631e+00 5.526228446282011042e+00 7.862854188583895620e+02 3.136865532821612987e+02
3.016392443434956022e+03 1.421512580283013882e+01 7.385499514190779990e+00 5.529797166714174317e+00 7.692672193815427590e+02 3.243689653266602591e+02
2.895890053280712891e+03 8.082315660541272706e+00 0.000000000000000000e+00 9.290642048366780870e+00 8.178406332080609218e+02 3.004781424703637072e+02
2.949930804094034556e+03 7.795474953350177927e+00 0.000000000000000000e+00 1.028121477718925725e+01 5.808753662650811748e+04 0.000000000000000000e+00
3.153544259358282034e+03 8.057185982296861226e+00 0.000000000000000000e+00 1.038186038821149992e+01 5.537334315512356989e+04 0.000000000000000000e+00
3.100510768315837140e+03 8.594943445666759274e+00 0.000000000000000000e+00 1.014288276704538028e+01 5.921912301975402806e+04 0.000000000000000000e+00
3.357455792841695711e+03 8.232102006521925475e+00 0.000000000000000000e+00 1.033492246075610765e+01 5.592121954996456043e+04 0.000000000000000000e+00
3.371754351896830030e+03 8.576137216255492746e+00 0.000000000000000000e+00 1.091317951068318592e+01 5.694382597527048347e+04 0.000000000000000000e+00
3.317999937344219234e+03 9.207862091114252578e+00 0.000000000000000000e+00 1.031530253378687512e+01 5.818215329093001492e+04 0.000000000000000000e+00
3.439813368181783972e+03 8.661396692403082298e+00 0.000000000000000000e+00 1.057783475347361346e+01 5.747462305802992341e+04 0.000000000000000000e+00
3.844596052084282292e+03 8.925988588431129855e+00 0.000000000000000000e+00 1.057001178001382691e+01 5.971510926958067284e+04 0.000000000000000000e+00
3.842337105058486941e+03 9.183020137987078613e+00 0.000000000000000000e+00 1.071911745939044458e+01 5.773944530712639244e+04 0.000000000000000000e+00
3.763099942057844601e+03 9.345451797659730886e+00 0.000000000000000000e+00 1.088710187168748078e+01 5.501732424956857722e+04 0.000000000000000000e+00
3.827195935894605554e+03 9.120807371579429557e+00 0.000000000000000000e+00 1.160215866709577881e+01 5.738446968858369655e+04 0.000000000000000000e+00
3.948815943592238000e+03 9.620608103990502258e+00 0.000000000000000000e+00 1.098684990348341195e+01 5.935373798111397628e+04 0.000000000000000000e+00
4.371971295202311012e+03 9.680287820353504102e+00 0.000000000000000000e+00 1.130356850556565362e+01 5.650714432106268941e+04 0.000000000000000000e+00
4.334987494692969449e+03 1.022824837089241612e+01 0.000000000000000000e+00 1.131203149604250058e+01 6.007889820962685917e+04 0.000000000000000000e+00
4.555435993236592367e+03 1.003713028931221274e+01 0.000000000000000000e+00 1.111407117667263300e+01 5.511328901749404758e+04 0.000000000000000000e+00
4.572761337973190166e+03 1.037687530328559404e+01 0.000000000000000000e+00 1.147665306203046143e+01 5.522908805056555138e+04 0.000000000000000000e+00
4.787246425910660037e+03 1.045261029763034344e+01 0.000000000000000000e+00 1.139366329255678423e+01 5.722234423729542323e+04 0.000000000000000000e+00
4.481667505669184720e+03 9.743766721446377232e+00 0.000000000000000000e+00 1.201985402265962932e+01 5.841713875903588632e+04 0.000000000000000000e+00
4.728691456678964641e+03 1.041276600951957398e+01 0.000000000000000000e+00 1.199867054735662464e+01 5.711269991337361716e+04 0.000000000000000000e+00
4.737611483290303113e+03 1.009287270961118210e+01 0.000000000000000000e+00 1.157399436070271825e+01 5.889697934160560544e+04 0.000000000000000000e+00
5.116293412649111815e+03 1.024419812680651454e+01 0.000000000000000000e+00 1.220279615826056840e+01 5.580233906824450241e+04 0.000000000000000000e+00
5.103894657130684209e+03 1.027537570740223671e+01 0.000000000000000000e+00 1.181437629235793452e+01 6.024346858603559667e+04 0.000000000000000000e+00
5.158154622194983858e+03 1.048043289657485033e+01 0.000000000000000000e+00 1.170735355139382960e+01 5.565717660573692410e+04 0.000000000000000000e+00
4.945817986444830240e+03 1.110968360436586089e+01 3.616344450629473961e+00 1.212860533460718138e+01 4.636126680989796682e+02 8.854451777315388483e+01
5.189241528342805395e+03 1.131629352168314284e+01 3.351263371309578964e+00 1.252210546710890604e+01 4.598353235243216659e+02 8.302183133933587555e+01
5.234886626832431830e+03 1.061370514356359607e+01 3.626815876243630221e+00 1.257075853156971945e+01 4.352269924496677049e+02 8.600132952803619446e+01
5.425551357844563427e+03 1.111707306627154601e+01 3.492357164620068399e+00 1.247438625851625460e+01 4.481692952307270730e+02 8.275912100148357808e+01
5.683471863341203061e+03 1.121837036388789599e+01 3.707346560735371721e+00 1.304901224043468488e+01 4.591216135427907830e+02 8.444680273240416568e+01
5.666638820142322402e+03 1.135385922949507354e+01 3.521974755060865547e+00 1.269684505310729961e+01 4.256414182538032946e+02 8.182982258603925629e+01
5.638131956802664718e+03 1.136521225350663045e+01 3.730526809120131126e+00 1.336385248658279146e+01 4.480203670630917259e+02 8.154351436776386208e+01
5.836570188514547226e+03 1.125794028704190630e+01 3.517028501522856399e+00 1.306374404452819604e+01 4.408445421433024762e+02 8.682273550730388934e+01
5.959199239344062335e+03 1.177740171352951215e+01 3.715607879392700319e+00 1.354053804578039610e+01 4.422345875971004148e+02 8.764313479578666488e+01
5.937088598755000930e+03 1.169263087053249706e+01 3.696150409661198566e+00 1.319105404393650183e+01 4.239048044526223293e+02 8.095600627149444506e+01
6.003846470377225160e+03 1.153953190900731052e+01 3.699762293376998024e+00 1.264159480427062832e+01 4.428079875587702077e+02 8.843352841785488749e+01
5.923043422003265732e+03 1.181451330373521103e+01 3.749777440741910439e+00 1.349201581360935087e+01 4.304625564919567751e+02 8.902841869724220203e+01
6.432974697233200459e+03 1.171059532512261647e+01 3.848875420086336430e+00 1.360105579867909675e+01 4.119677696960712865e+02 8.710510347087630123e+01
6.140666746342004444e+03 1.094696689995089756e+01 3.626663765828788577e+00 1.270429769964590783e+01 4.128686674081926640e+02 8.763868684793953889e+01
