2.000000000000000111e-01 3.200868092363368778e+00
1.000000000000000056e-01 3.264868092363368834e+00
5.000000000000000278e-02 3.522868092363368842e+00
3.333333333333333287e-02 3.714868092363368568e+00
2.000000000000000042e-02 3.880868092363368937e+00
1.250000000000000069e-02 4.040868092363369080e+00
1.000000000000000021e-02 4.138868092363368945e+00
6.666666666666667095e-03 4.362868092363369144e+00
5.000000000000000104e-03 4.566868092363368881e+00
4.000000000000000083e-03 4.750868092363369044e+00
3.333333333333333547e-03 4.898868092363368731e+00
