4.057630566691550200e-02 5.858586336859856303e+00 3.222809106232793930e+00 2.705250327816523193e+00 1.463440578359985011e+03 5.891646600662918445e+02
3.511990170805523093e+01 5.546066051028356370e+00 3.424748829210541246e+00 2.775017068993982594e+00 1.463344137232693583e+03 5.910265226484639243e+02
3.252250098178097204e+01 7.444171043781699915e+00 4.442089616621655246e+00 3.266137713228486117e+00 1.459227746573408240e+03 6.195138890558015419e+02
5.141951776028132315e+01 7.805563292322125868e+00 4.238703770622465505e+00 3.369009449651807486e+00 1.413781928146158634e+03 5.855308314801739016e+02
9.765316304482176690e+01 7.712432083728903542e+00 4.546922331048572907e+00 3.222319232608146233e+00 2.069479428096698257e+02 7.870458706401878146e+01
1.561864890174037726e+02 7.747618241161506880e+00 4.643815111012392194e+00 3.268216793591950164e+00 1.953863219537439591e+02 7.858645456057307399e+01
2.001544458194557023e+02 7.995902240108547332e+00 4.490238366117774049e+00 3.586652824358818048e+00 3.541417527500699975e+02 8.382102433426976518e+01
2.430442521642804081e+02 8.070453119356075788e+00 4.870590680501506675e+00 3.379038033962062482e+00 3.453053875463019153e+02 1.430833297321156863e+02
2.869558523831609591e+02 8.733009354034813043e+00 4.528517026582963290e+00 3.689616779111339895e+00 3.539069088242160888e+02 1.422328403597025499e+02
3.458874813711175875e+02 8.651038016863362046e+00 4.761704033645139056e+00 3.461466471406310585e+00 3.767566689127203290e+02 1.497858361721870608e+02
4.320191075746173510e+02 8.947800526747219152e+00 5.148162445216381222e+00 3.561427599244488373e+00 3.718474074034761543e+02 1.435860375224885104e+02
4.983986587052892219e+02 9.773296961104399827e+00 5.337438190793345250e+00 3.736554562203818097e+00 3.451668660116773708e+02 1.412397763505909722e+02
5.997923714072788925e+02 1.071688532455234011e+01 5.506258240570640616e+00 3.920940423136137998e+00 3.454806809827402958e+02 1.456896895693826934e+02
6.939015616463163951e+02 1.057766425886655348e+01 5.844707684055343577e+00 4.461890239903026689e+00 7.573663078229725443e+02 2.978421182728559415e+02
8.402920480188619194e+02 1.151301234798614104e+01 6.239220768712197440e+00 4.609490142915907640e+00 7.548117562946600856e+02 3.047185428806986351e+02
9.009314416299347386e+02 1.071470053487902518e+01 6.056169316742204600e+00 4.779734948688974860e+00 7.413089029779036991e+02 3.047596490935770248e+02
1.031596864935805115e+03 1.184370755782443574e+01 6.224912023433568642e+00 4.731959857975645889e+00 7.156481393355458067e+02 3.208980366152189845e+02
1.061405626027840299e+03 1.212125964845878023e+01 6.150668353961509460e+00 4.771710845753732499e+00 7.483058335533162335e+02 3.130039396035979280e+02
1.164511147367674312e+03 1.193990276641629045e+01 6.647106505503135310e+00 4.675385137676933311e+00 7.607733344015630337e+02 3.184286855288541460e+02
1.255285083937731315e+03 1.222355263634112177e+01 6.255866078337514402e+00 4.647998092217907384e+00 7.639220902613876660e+02 3.020498060164553635e+02
1.421330669395564655e+03 1.225203009820062938e+01 6.613624092803420673e+00 4.838355176830741122e+00 7.279005876064286440e+02 3.047688882311505836e+02
1.631459191822176990e+03 1.225151892068253368e+01 6.808615840827041410e+00 4.878283043944928288e+00 7.281217069522816701e+02 3.037687409068026341e+02
1.778021126018176801e+03 1.197672879207139296e+01 6.990166262535895569e+00 5.296246682863264610e+00 8.217253777698952035e+02 3.142704670200348573e+02
1.980899989843389903e+03 1.251046123439497748e+01 6.922201270539652285e+00 4.978218535956821178e+00 7.936173430054466280e+02 3.075663831221107216e+02
2.208542203526389130e+03 1.260575304282646769e+01 7.057558959824828726e+00 5.259445988940326444e+00 8.233330786574027798e+02 3.260315223973012735e+02
2.308567963647862143e+03 1.369011970477840379e+01 7.364786683548874002e+00 5.170253190773143714e+00 8.157222557407919794e+02 3.252613741281473949e+02
2.559657228420557203e+03 1.281420127075178428e+01 7.342122257968489052e+00 5.586097187979552459e+00 8.223178720147795957e+02 3.137409858952601098e+02
2.508083924022885185e+03 1.417013644078595824e+01 7.513950013778649684e+00 5.633717694267377674e+00 8.398272157910522537e+02 3.188103238706130469e+02
2.807801868236198516e+03 1.382163932422031749e+01 7.105126682342549849e+00 5.432995694341763659e+00 8.240964999232746777e+02 3.110083039171184964e+02
3.018196737976179065e+03 8.145354669894501853e+00 0.000000000000000000e+00 9.996761557938631526e+00 8.384909740905388844e+02 3.107225169368186357e+02
2.886891470813325213e+03 8.541993065480054881e+00 0.000000000000000000e+00 1.029679800272370471e+01 5.644240259747103119e+04 0.000000000000000000e+00
3.046551206776293839e+03 8.247485420165553194e+00 0.000000000000000000e+00 1.061938570345309962e+01 6.003609175687818060e+04 0.000000000000000000e+00
3.012849346454094757e+03 8.827050512938477311e+00 0.000000000000000000e+00 1.077338558194608709e+01 5.821550182806685916e+04 0.000000000000000000e+00
3.386772943411060623e+03 8.525574411723285451e+00 0.000000000000000000e+00 1.049249139077880955e+01 5.872509597667630442e+04 0.000000000000000000e+00
3.507762299193735998e+03 8.826273925593076441e+00 0.000000000000000000e+00 1.037406660652389334e+01 5.939413151419001952e+04 0.000000000000000000e+00
3.355353253090146154e+03 8.629517005534072638e+00 0.000000000000000000e+00 1.063568040756458544e+01 5.731961611934822577e+04 0.000000000000000000e+00
3.625953887105677950e+03 8.694720717651707176e+00 0.000000000000000000e+00 1.060153400893000253e+01 5.723990773339974112e+04 0.000000000000000000e+00
3.782224608713371708e+03 8.831869789161531870e+00 0.000000000000000000e+00 1.096232936145753456e+01 5.824702504525391123e+04 0.000000000000000000e+00
3.777887887066911844e+03 9.224782116233518181e+00 0.000000000000000000e+00 1.146920078293045542e+01 5.905102055600002495e+04 0.000000000000000000e+00
4.042852827845700631e+03 9.399518149159446168e+00 0.000000000000000000e+00 1.086275607123861242e+01 5.956640541974946245e+04 0.000000000000000000e+00
4.146792437230400537e+03 9.135714676014197622e+00 0.000000000000000000e+00 1.115405465386897710e+01 5.755879424174702581e+04 0.000000000000000000e+00
4.127724339228642748e+03 9.278251226769231863e+00 0.000000000000000000e+00 1.119251794906021757e+01 5.855069326156977331e+04 0.000000000000000000e+00
4.191071680613942590e+03 1.000594068496718947e+01 0.000000000000000000e+00 1.098242309009881090e+01 6.036815812284534331e+04 0.000000000000000000e+00
4.290029212544136499e+03 9.754891774235208146e+00 0.000000000000000000e+00 1.180460826658216256e+01 5.849607736800926068e+04 0.000000000000000000e+00
4.352223282877400379e+03 9.519192984570642224e+00 0.000000000000000000e+00 1.191165750325954598e+01 6.028041485662160267e+04 0.000000000000000000e+00
4.347823342841768863e+03 9.446812307649048890e+00 0.000000000000000000e+00 1.187095112015458476e+01 5.829978359192934295e+04 0.000000000000000000e+00
4.692690639287087834e+03 9.795228354226091838e+00 0.000000000000000000e+00 1.202728349524052831e+01 5.936256032860896812e+04 0.000000000000000000e+00
4.626474470568172364e+03 9.591371032804444141e+00 0.000000000000000000e+00 1.157209307294474954e+01 5.717340494662673154e+04 0.000000000000000000e+00
4.713301467413851242e+03 9.643543995796559187e+00 0.000000000000000000e+00 1.154049022986254691e+01 6.019964850899484736e+04 0.000000000000000000e+00
4.759366870245326936e+03 9.860433419857322690e+00 0.000000000000000000e+00 1.237742216732689471e+01 6.009512004959426122e+04 0.000000000000000000e+00
4.993603343643104381e+03 1.017528180548403505e+01 0.000000000000000000e+00 1.209176378963183396e+01 5.921069627038409817e+04 0.000000000000000000e+00
5.024296630327388812e+03 1.046686421849969939e+01 0.000000000000000000e+00 1.203794804671683671e+01 5.500461935394432658e+04 0.000000000000000000e+00
5.110446164595457958e+03 1.038059809511405085e+01 0.000000000000000000e+00 1.232803747662523541e+01 5.725082844937688787e+04 0.000000000000000000e+00
4.953935460733435320e+03 1.118939832449491689e+01 3.333433209510975548e+00 1.268048147527068004e+01 4.539848252550279426e+02 8.651421379567351266e+01
5.364753965421180510e+03 1.152697321582193979e+01 3.567076814257260420e+00 1.305844846044583285e+01 4.546131237375061005e+02 8.432008382604591645e+01
5.320412225401077194e+03 1.155198937634808232e+01 3.481840380524057199e+00 1.318774211301771437e+01 4.339116423850887827e+02 8.574575687858416018e+01
5.288115531261816614e+03 1.124875711476267348e+01 3.581141579852160195e+00 1.276711361689137725e+01 4.259503783526853908e+02 8.598246155831330384e+01
5.409263046103001216e+03 1.133247261692047125e+01 3.708723498473451397e+00 1.230442184975617792e+01 4.254921005727869101e+02 8.766554708118941619e+01
5.363620002834503794e+03 1.082339097625561486e+01 3.575470151195641932e+00 1.312682940274526366e+01 4.163249760277366818e+02 8.389611469418129275e+01
5.416028471616941715e+03 1.107246346997380115e+01 3.792446082613057712e+00 1.310966018537142297e+01 4.437001140731700843e+02 8.788790570177002337e+01
5.533076240325365688e+03 1.129738418231131725e+01 3.618410954442505378e+00 1.328661622315783752e+01 4.209142769634211731e+02 8.098540034260906850e+01
5.769594386449594822e+03 1.141102831330550949e+01 3.765283180925911743e+00 1.292657144229321453e+01 4.389283938765615858e+02 8.552328682434279017e+01
5.771293492814771525e+03 1.083249922900676054e+01 3.651605767144698422e+00 1.296214383951746996e+01 4.458127559189115914e+02 8.421908308482454686e+01
5.916371006787680926e+03 1.152780697505564156e+01 3.647744416640611220e+00 1.287404379922053543e+01 4.445367524461386211e+02 8.650164684984096652e+01
6.208518131325320610e+03 1.134809377925476781e+01 3.588195035136204414e+00 1.305687081189120491e+01 4.517795639206457849e+02 8.855083104386827131e+01
6.474600142865643647e+03 1.171545187888743378e+01 3.644416735069742952e+00 1.280220205848206838e+01 4.475719820057738616e+02 8.575986004787567651e+01
6.526086338494804295e+03 1.115157490607755619e+01 3.660875045311454024e+00 1.348601233901791829e+01 4.133739041606427236e+02 8.198797420148798665e+01
