-2.102436844945022587e-01 5.726336410030413049e+00 3.468895460506928430e+00 2.747049919946316532e+00 1.445101234232615298e+03 6.009092339954487443e+02
3.322019723385717782e+01 5.979096789998081363e+00 3.511219733914986207e+00 2.672475862756490628e+00 1.402127792976669298e+03 6.241449084563496399e+02
3.361241266125963989e+01 7.611241374181386021e+00 4.565287073621973057e+00 3.478521824111748817e+00 1.406366086929162520e+03 6.130593784955578940e+02
5.292608759982917377e+01 7.674059299654142130e+00 4.165491105244809589e+00 3.283982925277835641e+00 1.437822032259008211e+03 6.200682432951501823e+02
9.654273256488023947e+01 8.196016925742855008e+00 4.377116086622783619e+00 3.314395294021990512e+00 2.067673485765560883e+02 8.196919096445883213e+01
1.466227099152910398e+02 8.303079138178452112e+00 4.489999499779017356e+00 3.492328777927017569e+00 1.918743743208385695e+02 7.689508562492197541e+01
1.955224848425154107e+02 8.120144141696869156e+00 4.697886253151060565e+00 3.309557171871278847e+00 3.601366659096295848e+02 8.058948231279906338e+01
2.385278164974963602e+02 8.611957748269157165e+00 4.771127149799593958e+00 3.346079616717408278e+00 3.761503648122018717e+02 1.386126887937477079e+02
2.994458987770606768e+02 8.847600015827115527e+00 4.924354518390698487e+00 3.531604686868179410e+00 3.739014123462840189e+02 1.361547083542619418e+02
3.432097926693745080e+02 8.582882970807897749e+00 4.654926686434652794e+00 3.566798927429956301e+00 3.706374640125891347e+02 1.425395763081124869e+02
4.280845861516374953e+02 9.112659636172359967e+00 4.780072404077665205e+00 3.754254075991141359e+00 3.668140687264280473e+02 1.454459183865641307e+02
4.917515179598169652e+02 9.437911895407285812e+00 5.393811102989833017e+00 3.844048085446349461e+00 3.583812209644606810e+02 1.492581430455098825e+02
5.741983428690610936e+02 1.055396671818113674e+01 5.511265846445211558e+00 4.265952604145818228e+00 3.596568444599911345e+02 1.374507489798552911e+02
6.746676493430568371e+02 1.034288953606835193e+01 6.039940983902662097e+00 4.409052587378205601e+00 7.476064994372250112e+02 3.115787054504100979e+02
7.899498519541577934e+02 1.049061634662194464e+01 5.872365379362441296e+00 4.336881669863256406e+00 7.087141874256629990e+02 3.219338861771944948e+02
8.731074679662017388e+02 1.154762872055258072e+01 6.133840196831982894e+00 4.416865200235119637e+00 7.546619429879701784e+02 3.195704955913471395e+02
1.006943747554818515e+03 1.187272076074560800e+01 6.333720935012435049e+00 4.575806577551995602e+00 7.492889573385284621e+02 3.095513035663651067e+02
1.101175606897734951e+03 1.192841496221813280e+01 6.568603509957327447e+00 4.938118084018117138e+00 7.557792369806754778e+02 3.150909173033040247e+02
1.241376106564830934e+03 1.195997258767165405e+01 6.639635633724277675e+00 4.988797907271644405e+00 7.666035551200568534e+02 3.014799533730975440e+02
1.336370767279665870e+03 1.148960560661213748e+01 6.712767510373246260e+00 4.796264986166996813e+00 7.049735503652912030e+02 3.118755855761471025e+02
1.365995620577707314e+03 1.223179423516788766e+01 6.827078364024286472e+00 5.099169626649738163e+00 7.058685097320413888e+02 3.128389819342476130e+02
1.632112982652664414e+03 1.208628736853175134e+01 6.699423060154924059e+00 4.879151414797221697e+00 7.697404785345268010e+02 3.070557080290719796e+02
1.732601432137695838e+03 1.193337529021735399e+01 6.665722279681633111e+00 5.042995430998830741e+00 8.224367913205134073e+02 2.985768999711515903e+02
1.983334350850349892e+03 1.266956987994598727e+01 6.646766033803102935e+00 5.028512096198576309e+00 7.884152422859583567e+02 3.134174561338883223e+02
2.104388957540986667e+03 1.270372408349018301e+01 7.049095859297867861e+00 5.428448478405567101e+00 8.156003431420074321e+02 3.062390963561053354e+02
2.270900353577596434e+03 1.288269324474338973e+01 7.002600735137204602e+00 5.106580734988420467e+00 7.644603373378367905e+02 3.203367987147854592e+02
2.649944251634999091e+03 1.282098731536941294e+01 7.025218125295142002e+00 5.459092996497640016e+00 7.876106439372600789e+02 3.147620590645397556e+02
2.687254586975144775e+03 1.325332063288739448e+01 7.641770382276232176e+00 5.402315598869725122e+00 8.065460685409113921e+02 3.007500723295461285e+02
2.916494881297547636e+03 1.419873020277707454e+01 7.049190867562405316e+00 5.862102919459364792e+00 7.777724069170984649e+02 3.262680393942179080e+02
3.018182703639706688e+03 8.279603616066024685e+00 0.000000000000000000e+00 9.828429366783625554e+00 8.299282024121453105e+02 3.011019064274751145e+02
2.835502052685259059e+03 8.292348880633316099e+00 0.000000000000000000e+00 1.037740980843088856e+01 5.616474185193921585e+04 0.000000000000000000e+00
3.048086024836231445e+03 8.249024391111966281e+00 0.000000000000000000e+00 9.790861940894433957e+00 5.919278789259761106e+04 0.000000000000000000e+00
3.129028963509530968e+03 8.112020617398423283e+00 0.000000000000000000e+00 1.032026489683301662e+01 5.840029120432609488e+04 0.000000000000000000e+00
3.278893260082699271e+03 9.081485661103810614e+00 0.000000000000000000e+00 1.028909281096425232e+01 5.860197125685156789e+04 0.000000000000000000e+00
3.321322664318895477e+03 8.870442622743336614e+00 0.000000000000000000e+00 1.101601179046922496e+01 5.920548562683918863e+04 0.000000000000000000e+00
3.623225256490646188e+03 8.940214496748858153e+00 0.000000000000000000e+00 1.047182126738125518e+01 5.741374384538935556e+04 0.000000000000000000e+00
3.607483028728292084e+03 9.221074404730741136e+00 0.000000000000000000e+00 1.085955164002458062e+01 5.802677266616152338e+04 0.000000000000000000e+00
3.622998321617693819e+03 8.791467316324576231e+00 0.000000000000000000e+00 1.082936619158360081e+01 5.890196432259185531e+04 0.000000000000000000e+00
3.867824589869901502e+03 8.928635567874479761e+00 0.000000000000000000e+00 1.121192445128096082e+01 5.952507017171434563e+04 0.000000000000000000e+00
3.707239680439105541e+03 9.133818073147141448e+00 0.000000000000000000e+00 1.134042734323771562e+01 5.961466777718444064e+04 0.000000000000000000e+00
3.773125331412982177e+03 9.595571023716173542e+00 0.000000000000000000e+00 1.152981729510285014e+01 5.976805159814195213e+04 0.000000000000000000e+00
3.971858247245240818e+03 9.541246244898095696e+00 0.000000000000000000e+00 1.132147388142890065e+01 5.836517722400467756e+04 0.000000000000000000e+00
4.131551964807974400e+03 1.013482617887856385e+01 0.000000000000000000e+00 1.156880825622851283e+01 5.799894583840330597e+04 0.000000000000000000e+00
4.328642160314201647e+03 9.851342958586368326e+00 0.000000000000000000e+00 1.193258611676174397e+01 6.038152710235479026e+04 0.000000000000000000e+00
4.493952614968330636e+03 1.013458315067812343e+01 0.000000000000000000e+00 1.174253804804635770e+01 5.920133306946888479e+04 0.000000000000000000e+00
4.481149159567818970e+03 1.014310091751129939e+01 0.000000000000000000e+00 1.115734152685147684e+01 5.665492067328073608e+04 0.000000000000000000e+00
4.745274202143084949e+03 9.563863201477966314e+00 0.000000000000000000e+00 1.236591775913587732e+01 5.797519929728304851e+04 0.000000000000000000e+00
4.856696152654042635e+03 9.914895835641109656e+00 0.000000000000000000e+00 1.201515766527833584e+01 5.746689495420646563e+04 0.000000000000000000e+00
4.675384039289148859e+03 9.772864354173607992e+00 0.000000000000000000e+00 1.202712308820029641e+01 5.698408125281037792e+04 0.000000000000000000e+00
4.761607220124967171e+03 9.926600537926933754e+00 0.000000000000000000e+00 1.155580923417645600e+01 5.718456416105871904e+04 0.000000000000000000e+00
4.848206949822041679e+03 1.067722252327132182e+01 0.000000000000000000e+00 1.266709768880430964e+01 5.854759835254317295e+04 0.000000000000000000e+00
5.293655160719495143e+03 9.972444733147481699e+00 0.000000000000000000e+00 1.232364304075142236e+01 6.052489662055265217e+04 0.000000000000000000e+00
5.027371777949269017e+03 1.060448971376202287e+01 0.000000000000000000e+00 1.261766041371388880e+01 5.984340156411224598e+04 0.000000000000000000e+00
5.364117217713415812e+03 1.115490364159068903e+01 3.508723267425574388e+00 1.300340453752401082e+01 4.271003869813218330e+02 8.421002792598750375e+01
4.982092267752061161e+03 1.082472932751001693e+01 3.585771751204299473e+00 1.275347786581597020e+01 4.371312988591078579e+02 8.665656676194387842e+01
5.149177252990722991e+03 1.108758778916570620e+01 3.556573605313705588e+00 1.340122126545388248e+01 4.217174288127533259e+02 8.391366703368564117e+01
5.158597723236588536e+03 1.097539652840356439e+01 3.656120991753205374e+00 1.230575898683156844e+01 4.579142767251560713e+02 8.169454985865273500e+01
5.271912660180360945e+03 1.067638607494598268e+01 3.452873371347636500e+00 1.322229976038144272e+01 4.459071530140278696e+02 8.746179975020272934e+01
5.587215921500468539e+03 1.071719067735453557e+01 3.508498803291789425e+00 1.249140688572958346e+01 4.337902390956847398e+02 8.536225043966457804e+01
5.424348990365989266e+03 1.138377231532361300e+01 3.716619577928630846e+00 1.311385761874326938e+01 4.181062085852155974e+02 8.560396640061505025e+01
6.045001705689714981e+03 1.128079636202851610e+01 3.707617539189936195e+00 1.364566378231599053e+01 4.357476716312744429e+02 8.464728470766470991e+01
5.736439500284602218e+03 1.071099228779111989e+01 3.709318412361657380e+00 1.350305613441802599e+01 4.223375431062412986e+02 8.853857066163627110e+01
6.129744554526307184e+03 1.148333109757676951e+01 3.630767571671894345e+00 1.327150570590144341e+01 4.389283861319568700e+02 8.349182409210965261e+01
5.957096172927494081e+03 1.165512831009285755e+01 3.599987101832013980e+00 1.347051596272959628e+01 4.474300321693264095e+02 8.901994666314683968e+01
6.383645921695039760e+03 1.171963629942676022e+01 3.776039123169030010e+00 1.256434946442395173e+01 4.369660303820265881e+02 8.109930313835582183e+01
6.311732130527827394e+03 1.097353187171188971e+01 3.793819195612713191e+00 1.244229076990395733e+01 4.215357229811027082e+02 8.492127274726408359e+01
6.397295850845272980e+03 1.086411628496542647e+01 3.510079329377057356e+00 1.355216843304583740e+01 4.233483967625797959e+02 8.132752517899193379e+01
