-1.034289894907203244e-02 5.948549053451033686e+00 3.333069317248955610e+00 2.719138997769194876e+00 1.438183476769652771e+03 5.954457866913702446e+02
3.468207438232148832e+01 5.543274101252093189e+00 3.464028240103324663e+00 2.852104881150072657e+00 1.386249361144120030e+03 5.780103371880943541e+02
3.238998160908474233e+01 7.731208014736602685e+00 4.533327360395206895e+00 3.335117295403453141e+00 1.357150779895576761e+03 5.899380635383197387e+02
4.780024683977597988e+01 7.739360218915426692e+00 4.274058836111153781e+00 3.492222089831622078e+00 1.439666584649142578e+03 6.134237960835781678e+02
9.908543134169443078e+01 7.771163406763230697e+00 4.591651393551376970e+00 3.293050047608541586e+00 2.010223230133584025e+02 7.684361025485797825e+01
1.551688373371912348e+02 8.044639958868579299e+00 4.556204371241614481e+00 3.456145882444968898e+00 2.067085985530001722e+02 8.196463763200613073e+01
1.937450836226796298e+02 8.595242291386604450e+00 4.457560622107958892e+00 3.401976744935631292e+00 3.646662806209442920e+02 7.705086082376845980e+01
2.474355888762770235e+02 8.661503293453622021e+00 4.650972431831532639e+00 3.503271172314024628e+00 3.453294158027662206e+02 1.410251564475965722e+02
3.141620211062353292e+02 8.658410737355236364e+00 4.716791726020292508e+00 3.612910969693402308e+00 3.454766528036485056e+02 1.376345243539442436e+02
3.577402700573679226e+02 8.577733334021868217e+00 4.972700186960356206e+00 3.671059834931324151e+00 3.568847107871040976e+02 1.404185591758040914e+02
4.140523119956395703e+02 9.058671602665697264e+00 5.178264480680358162e+00 3.568389408574713428e+00 3.529028937425329104e+02 1.468836486562619257e+02
5.252763039966358747e+02 9.609103606597310332e+00 5.376654459595313185e+00 4.016296514238612225e+00 3.489511057814871720e+02 1.479871329797878730e+02
6.088966231606652855e+02 9.786824632410489500e+00 5.764416189803502455e+00 4.092705753565549998e+00 3.724571439144070268e+02 1.445098868264905718e+02
6.907969225793990518e+02 1.092920463624492911e+01 6.265672027221936169e+00 4.224338721696513588e+00 7.174214337824910217e+02 3.005372372089582313e+02
8.086651896209431243e+02 1.067397955293515466e+01 5.862100269656218110e+00 4.578755204457677586e+00 7.399039342915830275e+02 3.137814005086622728e+02
9.140116312256581068e+02 1.092684225325929681e+01 6.238480332783772120e+00 4.471772520581271060e+00 7.284351659750706176e+02 2.966806623406819199e+02
1.013444147817420344e+03 1.184440482184473353e+01 6.206663535752565686e+00 4.689402337605812043e+00 7.185203380131465565e+02 3.029506382548801184e+02
1.137414085913954523e+03 1.139833962909577103e+01 6.130334225273542437e+00 4.593551987167437289e+00 7.452807292003052453e+02 2.976063936679377662e+02
1.172976099448749892e+03 1.158184273411474230e+01 6.800044947458319555e+00 4.605878360753248302e+00 7.626715315226671237e+02 3.248689260824489793e+02
1.338543170294371521e+03 1.146615272819228792e+01 6.309796312322920819e+00 4.809400722649983528e+00 7.123681996816909532e+02 3.088354637435917880e+02
1.341464390850821019e+03 1.149386312274739375e+01 6.691791764719941860e+00 4.916885511083653348e+00 7.264028711174773889e+02 3.146530465885287526e+02
1.595319947351808878e+03 1.244751692881496119e+01 6.640124175769945403e+00 4.876634214267015821e+00 7.071527910400186556e+02 3.121993640818832887e+02
1.852307797813455863e+03 1.300536406233307041e+01 6.759341543025102261e+00 5.194132121838215710e+00 7.815364406327830693e+02 3.060709102282850154e+02
2.065058594890494987e+03 1.283517020331375313e+01 7.126563923285894830e+00 5.339299513271177133e+00 8.310132098046804003e+02 3.190458201953847492e+02
2.129219548357096755e+03 1.279420858478288459e+01 6.912525749180503887e+00 5.457266280699611727e+00 8.031170181540359181e+02 3.133817010351194199e+02
2.256615637769962177e+03 1.295137397955645220e+01 7.040583543531783839e+00 5.508089156244427187e+00 7.798451928792771923e+02 3.120640359734183562e+02
2.595670965124737450e+03 1.313968253700150512e+01 7.366948928216957349e+00 5.673259606891845941e+00 8.025140671564435024e+02 3.177726072889510647e+02
2.565222379720065874e+03 1.299907701192307385e+01 7.069042048672002920e+00 5.410301193554936994e+00 8.236553739401832672e+02 3.179648764700959873e+02
2.764436147775624249e+03 1.377395772430875276e+01 7.398587417854331605e+00 5.594382668635536682e+00 7.701896976915932100e+02 3.255299451036029836e+02
2.808469431269884808e+03 8.198973630607380159e+00 0.000000000000000000e+00 1.003641051848507715e+01 7.650844595116071787e+02 2.964090746731842501e+02
2.991767266114446556e+03 8.477881004442515689e+00 0.000000000000000000e+00 1.025534102004308323e+01 5.910769990514886013e+04 0.000000000000000000e+00
3.052189981094163159e+03 8.351783295806153973e+00 0.000000000000000000e+00 1.032160818149772474e+01 6.028261463951129554e+04 0.000000000000000000e+00
3.105872827995733587e+03 8.741148634083963032e+00 0.000000000000000000e+00 1.084315405234927887e+01 5.869276962870237185e+04 0.000000000000000000e+00
3.214065600120725321e+03 8.548977403135744169e+00 0.000000000000000000e+00 9.980187669524388738e+00 5.792087705201286008e+04 0.000000000000000000e+00
3.216588540341249427e+03 8.763873144832272644e+00 0.000000000000000000e+00 1.067469736347901055e+01 5.960404495919486362e+04 0.000000000000000000e+00
3.541952065649652468e+03 9.231922629410185266e+00 0.000000000000000000e+00 1.072236499455428138e+01 5.708872777183067228e+04 0.000000000000000000e+00
3.434294305618534963e+03 8.988814931629006466e+00 0.000000000000000000e+00 1.063853965671336965e+01 5.857787787631920946e+04 0.000000000000000000e+00
3.780084423789501216e+03 8.726530406421964869e+00 0.000000000000000000e+00 1.113704927471701467e+01 5.677648717691186175e+04 0.000000000000000000e+00
3.851566597943732177e+03 9.260023628137528107e+00 0.000000000000000000e+00 1.095304767929249934e+01 5.671918838105144823e+04 0.000000000000000000e+00
3.859727162936228524e+03 9.245203426854718742e+00 0.000000000000000000e+00 1.143649784092213650e+01 5.960228965484639775e+04 0.000000000000000000e+00
3.876355563337892818e+03 9.809231864396160461e+00 0.000000000000000000e+00 1.084588412563553383e+01 5.873386714142172423e+04 0.000000000000000000e+00
4.028029506183198919e+03 9.162228018718989730e+00 0.000000000000000000e+00 1.176231940100524120e+01 6.053402529332736594e+04 0.000000000000000000e+00
4.072389796733796175e+03 9.579298651181700208e+00 0.000000000000000000e+00 1.125973696172357741e+01 5.545131891749295755e+04 0.000000000000000000e+00
4.386189126837120966e+03 9.282865135542515134e+00 0.000000000000000000e+00 1.101063616403696699e+01 5.779218942423912813e+04 0.000000000000000000e+00
4.204780238535220633e+03 9.865432239149392046e+00 0.000000000000000000e+00 1.201732140618696043e+01 5.512874256778691779e+04 0.000000000000000000e+00
4.267503578235719942e+03 1.019551553238389019e+01 0.000000000000000000e+00 1.138649577842484639e+01 6.055289342993184982e+04 0.000000000000000000e+00
4.768425683655348621e+03 9.905292061269376447e+00 0.000000000000000000e+00 1.186219811083099707e+01 5.995631916582091071e+04 0.000000000000000000e+00
4.626342449260734611e+03 9.722825839770839806e+00 0.000000000000000000e+00 1.151178814468854128e+01 5.574677066026240936e+04 0.000000000000000000e+00
4.998553024615535833e+03 9.957884906973037076e+00 0.000000000000000000e+00 1.241052928756086615e+01 5.568532663737717667e+04 0.000000000000000000e+00
4.963935820566469374e+03 1.067921446300170629e+01 0.000000000000000000e+00 1.243923600900101434e+01 6.047386023441838188e+04 0.000000000000000000e+00
4.988283186222703080e+03 1.014650448476578681e+01 0.000000000000000000e+00 1.233601169115961049e+01 6.014969726464005362e+04 0.000000000000000000e+00
5.115873942123983397e+03 1.056235393151292712e+01 0.000000000000000000e+00 1.205454081908777120e+01 5.646053227116850758e+04 0.000000000000000000e+00
4.909753729054523319e+03 1.086419472974556300e+01 0.000000000000000000e+00 1.261451757008238950e+01 5.717731288990782923e+04 0.000000000000000000e+00
5.066291554748714589e+03 1.073665558788700025e+01 3.571117220140062720e+00 1.216080973835973644e+01 4.486569380292204983e+02 8.377557514223393298e+01
5.403245609015672017e+03 1.146628968737023690e+01 3.684591786052614282e+00 1.274422474341267097e+01 4.476346682544887585e+02 8.372721258540792633e+01
5.411503237241259740e+03 1.090768943129821444e+01 3.505233664169645103e+00 1.327766379916992889e+01 4.466160686963814328e+02 8.180229628377288975e+01
5.384272093695275544e+03 1.136020465269554158e+01 3.549841978207581850e+00 1.287958924389848292e+01 4.253272562704581787e+02 8.078340176630236158e+01
5.357277473952405671e+03 1.076380361174761546e+01 3.679704338023880528e+00 1.268730186798253179e+01 4.329981965643161743e+02 8.851122397805478670e+01
5.308938589617044272e+03 1.074570285832933791e+01 3.514243868292012962e+00 1.285081279488365880e+01 4.267266724619904039e+02 8.426723163163111963e+01
5.457782111333705870e+03 1.142503855456268980e+01 3.788573965881858907e+00 1.240011975758189244e+01 4.300553034031789252e+02 8.637437523866458378e+01
6.056768455579155670e+03 1.146910860445014180e+01 3.539522848836863744e+00 1.321533708430825982e+01 4.394572570579366015e+02 8.900010382636114059e+01
6.112849523783356744e+03 1.150551900751551493e+01 3.468691776936363436e+00 1.290676589899858762e+01 4.195069726698943668e+02 8.689951828352043606e+01
5.923971773926126843e+03 1.091020011384196309e+01 3.628686437281512855e+00 1.367651006996595520e+01 4.235587162224566669e+02 8.100158634897935883e+01
6.019728783378674962e+03 1.166248596389081982e+01 3.504840029771760790e+00 1.341569117907962116e+01 4.338712762350516527e+02 8.460718757316784888e+01
6.408564202154846498e+03 1.076091818239034303e+01 3.839824261023469187e+00 1.333333525785528018e+01 4.211442434872042213e+02 8.351518764111834514e+01
5.991910483083986037e+03 1.111036490247369812e+01 3.625023307105557535e+00 1.336411056551328080e+01 4.232463880135635463e+02 8.332879974835157100e+01
6.117945310218730810e+03 1.099278175452048423e+01 3.794829788245153601e+00 1.257371729710633446e+01 4.341410135213907893e+02 8.395620493625996517e+01
