-4.346963359526972992e-01 5.514803188380422938e+00 3.399162415411839167e+00 2.710055672757487155e+00 1.367186784806136757e+03 6.122356852018668860e+02
3.363509042168294627e+01 5.561120922342968953e+00 3.443450416932261504e+00 2.789762760124032237e+00 1.332481615099169403e+03 5.977529656690743423e+02
3.438911412726180572e+01 7.897886254495494640e+00 4.291708751206241956e+00 3.168951530694480212e+00 1.355208666506301597e+03 6.135904297824508831e+02
5.241716767621078077e+01 7.487997504924590153e+00 4.570833453804864277e+00 3.325800513419317816e+00 1.406780953893413653e+03 5.716614133542027503e+02
9.696195584050880711e+01 7.592338395680905627e+00 4.490712051674431216e+00 3.396530921010502357e+00 2.075816351142731833e+02 8.349055846242087853e+01
1.504811984516274492e+02 7.803081382494625018e+00 4.647419123428433885e+00 3.413616591675991074e+00 2.023583483502357581e+02 7.662538102809605789e+01
1.907171887004930113e+02 8.057916902549761673e+00 4.564379258285794272e+00 3.377187934562500438e+00 3.505960201217652639e+02 7.660164776846913526e+01
2.412599437245490037e+02 8.525981172333597868e+00 4.590290606861287870e+00 3.369262330157515972e+00 3.455206713794474354e+02 1.422911029173627355e+02
3.096157258864488995e+02 8.225525905925275438e+00 4.693533826782734231e+00 3.381058561503604398e+00 3.572202609777898488e+02 1.499838382365775828e+02
3.522743455769863772e+02 8.439033344452223417e+00 4.881076823854131774e+00 3.547627184362675656e+00 3.522003881883616145e+02 1.455903786469795307e+02
4.075992013721933063e+02 8.625646126931107105e+00 4.984383472898460177e+00 3.569261552153171646e+00 3.450559295593338902e+02 1.381889869068209578e+02
4.837941406071328174e+02 9.369852091936079930e+00 5.079275310101784235e+00 3.792238308184614937e+00 3.669297664741769154e+02 1.462639817943562832e+02
5.776825667281589176e+02 1.056175301067000305e+01 5.739781969671900796e+00 4.053876110042277325e+00 3.441488727359740096e+02 1.393524801367599366e+02
6.388504769764583671e+02 1.100789393016765239e+01 6.079508322102431528e+00 4.357716287991819648e+00 7.691321825629007662e+02 3.116251559226911922e+02
8.068251410464254150e+02 1.049426111926704941e+01 6.267843665066610725e+00 4.239399995349938166e+00 7.375249726506860952e+02 3.172619768194092558e+02
8.578749698854081771e+02 1.124067224166732970e+01 6.340146719182410351e+00 4.546225382061010123e+00 7.568764913293200607e+02 3.048729438572266304e+02
1.045474354511552747e+03 1.093674341710952902e+01 6.228965731526946215e+00 4.841793331206075024e+00 7.186596723506271474e+02 3.214398571262948394e+02
1.062752813890646166e+03 1.179518802296454183e+01 6.435531191638970583e+00 4.923544037622723302e+00 7.437838421725707576e+02 3.102113491260638511e+02
1.243851765770011525e+03 1.176987203304806684e+01 6.410656326445037578e+00 4.696024318422082011e+00 7.557109117985186231e+02 3.200967234270065092e+02
1.313247413588648669e+03 1.154177340696545251e+01 6.573103163572401542e+00 4.588250045115565001e+00 7.254632841875283020e+02 3.246089217606931925e+02
1.359135243861440586e+03 1.207886360820616645e+01 6.689287332103958761e+00 4.954241662029218674e+00 7.408779421896981603e+02 3.196628376429792411e+02
1.553602211398893132e+03 1.224285199802286250e+01 7.025241479564728664e+00 5.040361285251878876e+00 7.574027583660732716e+02 3.239724630377627932e+02
1.754349704394778882e+03 1.229354009846961127e+01 6.721459806381228752e+00 4.861299744920015264e+00 8.319615611233991785e+02 3.119607416648991602e+02
2.088051832044071489e+03 1.275153499314398964e+01 6.905213820766498145e+00 5.352085048347895224e+00 7.747042277196611622e+02 3.246508455901001753e+02
2.143660764714103607e+03 1.347823301191846390e+01 7.152166158432039289e+00 5.044602088184870325e+00 7.776503096858003801e+02 3.188335084799084598e+02
2.204032797578240206e+03 1.375389828408585124e+01 7.062169042907848748e+00 5.214749250433415639e+00 7.735973303394979439e+02 3.248678187044125139e+02
2.632637002139386823e+03 1.270048401628008961e+01 7.035717138433539297e+00 5.145263339952439452e+00 7.828467912334219818e+02 2.993897756186008792e+02
2.504628165505257584e+03 1.370039168055921586e+01 7.473306975203505509e+00 5.599777116088264783e+00 8.165014484976022686e+02 3.244571633610636923e+02
2.965776014980579021e+03 1.432623670121778225e+01 7.391663064678764883e+00 5.418038540655478741e+00 7.648448397232996285e+02 3.131214355233804554e+02
2.852751415304269358e+03 8.321204753395765152e+00 0.000000000000000000e+00 9.349308394495251306e+00 7.835506298103633753e+02 3.230684236133158720e+02
3.002343241989225589e+03 7.807526686517669567e+00 0.000000000000000000e+00 1.030579443170850418e+01 5.932525470168441097e+04 0.000000000000000000e+00
3.065335332900249796e+03 8.556573360468600953e+00 0.000000000000000000e+00 1.060575254384637134e+01 5.935764226289207727e+04 0.000000000000000000e+00
3.225224640310196719e+03 8.872441133689246584e+00 0.000000000000000000e+00 9.918636925006872218e+00 5.736880086795403622e+04 0.000000000000000000e+00
3.115934400990577615e+03 8.949814059613387940e+00 0.000000000000000000e+00 1.015876902420930961e+01 5.776098514221899677e+04 0.000000000000000000e+00
3.210654998874424564e+03 8.855941411506382366e+00 0.000000000000000000e+00 1.084825197660949669e+01 5.959250785882280616e+04 0.000000000000000000e+00
3.511929176334818749e+03 8.925825000033473344e+00 0.000000000000000000e+00 1.080720875878348863e+01 5.869833387796222814e+04 0.000000000000000000e+00
3.405448446025168778e+03 9.185181573751419748e+00 0.000000000000000000e+00 1.099466533513204070e+01 5.921939747882640950e+04 0.000000000000000000e+00
3.624729935232257503e+03 9.382406413338008733e+00 0.000000000000000000e+00 1.064025463926632931e+01 5.751081428908449016e+04 0.000000000000000000e+00
3.650125140241084864e+03 9.360019321552629279e+00 0.000000000000000000e+00 1.071036124576813187e+01 6.040181659701828903e+04 0.000000000000000000e+00
3.684729201597530846e+03 9.646742831568058563e+00 0.000000000000000000e+00 1.149714021702192390e+01 5.680399125701461162e+04 0.000000000000000000e+00
4.098098412541238758e+03 9.939955696454871870e+00 0.000000000000000000e+00 1.151273143210654482e+01 5.979186201404099847e+04 0.000000000000000000e+00
4.038567566967896255e+03 9.202528518391215329e+00 0.000000000000000000e+00 1.170276882171075528e+01 5.633221541899645672e+04 0.000000000000000000e+00
4.140043613873628601e+03 9.687759142644164712e+00 0.000000000000000000e+00 1.119745784539212252e+01 5.611431688286636927e+04 0.000000000000000000e+00
4.172181843605033464e+03 9.812259988520334986e+00 0.000000000000000000e+00 1.099533917390996329e+01 5.882151989565701660e+04 0.000000000000000000e+00
4.360999308369464416e+03 1.027742693093247972e+01 0.000000000000000000e+00 1.153777547069284459e+01 5.818454099836495152e+04 0.000000000000000000e+00
4.406819046185511070e+03 9.954028409574990022e+00 0.000000000000000000e+00 1.135426854519932327e+01 5.663666624713030615e+04 0.000000000000000000e+00
4.729818054689832024e+03 9.954895119907474665e+00 0.000000000000000000e+00 1.197786805820855882e+01 5.664288679293778114e+04 0.000000000000000000e+00
4.862736886460420465e+03 9.622989086486212429e+00 0.000000000000000000e+00 1.202390646713050693e+01 6.027914622735841112e+04 0.000000000000000000e+00
4.725660780829168289e+03 9.747605508803422580e+00 0.000000000000000000e+00 1.173048264960780607e+01 5.733938146322280227e+04 0.000000000000000000e+00
4.948725785127855488e+03 1.055779266044343778e+01 0.000000000000000000e+00 1.191807088770504386e+01 6.063636728210872388e+04 0.000000000000000000e+00
5.171922527092753626e+03 1.064952803213434862e+01 0.000000000000000000e+00 1.160955554747269680e+01 5.954139760465596919e+04 0.000000000000000000e+00
4.973872764309347076e+03 1.024296198504246824e+01 0.000000000000000000e+00 1.170026679590270469e+01 6.063721510017152468e+04 0.000000000000000000e+00
5.399322185819712104e+03 1.049335910443875797e+01 0.000000000000000000e+00 1.157701337908009620e+01 5.631952043830943148e+04 0.000000000000000000e+00
4.894423200682344032e+03 1.106700050765038412e+01 3.342333591673425364e+00 1.277105472932379371e+01 4.537052493065190220e+02 8.873578037301545862e+01
5.411572651539318940e+03 1.142368346113527089e+01 3.375561842378461019e+00 1.306855631195441525e+01 4.516249412392249383e+02 8.919649814337363125e+01
5.189181613058854964e+03 1.105070118808399648e+01 3.493714059984382114e+00 1.251763078481632796e+01 4.425890336590595098e+02 8.658907127405670678e+01
5.364941981649536501e+03 1.164030264097999634e+01 3.476986476558996397e+00 1.351345133671035015e+01 4.619558578512619533e+02 8.770587369981329573e+01
5.463787777572551022e+03 1.115059357111199390e+01 3.720062341824752039e+00 1.250352245056851608e+01 4.400076628197741684e+02 8.719831013671748110e+01
5.326875427199986007e+03 1.080421681073947937e+01 3.620031456435448103e+00 1.349335258079113409e+01 4.487962509812778649e+02 8.852350715490210575e+01
5.491016686933786332e+03 1.108220036027534050e+01 3.502247476458518083e+00 1.263464388408446304e+01 4.248165053301050307e+02 8.112934105646914418e+01
5.689912407045107102e+03 1.122714498958254659e+01 3.784492722082531735e+00 1.254437017266735488e+01 4.502548417414493542e+02 8.746089562715933141e+01
6.049806384667577731e+03 1.176352008988787823e+01 3.755219107071784634e+00 1.358835496219677275e+01 4.338491974476741575e+02 8.491420082451894302e+01
6.268481241628831413e+03 1.074765099883740582e+01 3.557374310534676010e+00 1.242408443679626018e+01 4.425321187411179835e+02 8.924805115094385144e+01
6.176485981615785931e+03 1.090943141055340959e+01 3.686443974861114192e+00 1.297659805306549607e+01 4.237322557762344104e+02 8.769005706611888229e+01
6.191369272967270263e+03 1.104130799330876656e+01 3.745302296361023853e+00 1.315928872023464180e+01 4.279476106982613715e+02 8.315134935130767246e+01
6.220403370389524753e+03 1.168037862088660184e+01 3.699358096893832215e+00 1.308853685300231184e+01 4.254761884435085904e+02 8.731191302004053512e+01
6.053417501217320023e+03 1.104711874350065060e+01 3.686823261591618106e+00 1.266868197044132671e+01 4.387978659214491017e+02 8.708594629504608520e+01
