2.000000000000000111e-01 3.697137660869922904e+00
1.000000000000000056e-01 4.005137660869922733e+00
5.000000000000000278e-02 4.055137660869922556e+00
3.333333333333333287e-02 4.065137660869923231e+00
2.000000000000000042e-02 4.141137660869922854e+00
1.250000000000000069e-02 4.249137660869922506e+00
1.000000000000000021e-02 4.315137660869923231e+00
6.666666666666667095e-03 4.523137660869922527e+00
5.000000000000000104e-03 4.767137660869923188e+00
4.000000000000000083e-03 5.005137660869922733e+00
3.333333333333333547e-03 5.195137660869923124e+00
