2.226879069052511984e-02 5.676171322117675722e+00 3.349627461527498795e+00 2.915514789888142833e+00 1.438266481641393739e+03 6.166072203027488285e+02
3.456404320032831379e+01 5.552866112014035238e+00 3.317301188693918323e+00 2.884149841640409218e+00 1.441413073166695540e+03 6.191351073326146661e+02
3.118901797455263747e+01 8.134907632460413041e+00 4.254283167308899216e+00 3.260049963086838698e+00 1.469416407818098378e+03 6.132140706851300820e+02
4.918209986836186687e+01 7.458871538865231798e+00 4.335992407329129605e+00 3.490057518987939922e+00 1.339367233743387715e+03 6.094392782865470508e+02
9.481188855336075960e+01 8.134294275919941697e+00 4.440904619799312059e+00 3.371839199245009411e+00 2.091800881068672311e+02 7.916006938433957885e+01
1.434137775702071167e+02 7.856938087421428740e+00 4.473341915781501754e+00 3.521936520434838513e+00 2.074191581413180927e+02 8.008399763804318638e+01
2.055851688122050405e+02 7.939299326660183453e+00 4.537820548394853049e+00 3.417579961723616222e+00 3.713312720257318347e+02 8.371458768389742033e+01
2.577756285945142167e+02 8.209361216315688381e+00 4.596768278749883585e+00 3.488569699624451292e+00 3.748534846188389338e+02 1.444843672206852716e+02
3.139081167301035293e+02 8.605506702964206056e+00 4.770339040002905762e+00 3.547766144826624668e+00 3.760093221918691597e+02 1.460739178662401798e+02
3.647689739226211714e+02 8.852628644995260032e+00 4.945957448359211917e+00 3.506972591061480848e+00 3.750521340149691127e+02 1.402641720489256159e+02
4.279415165064074813e+02 8.879061748487167449e+00 4.993755490982231038e+00 3.732992743868119856e+00 3.422243628283015937e+02 1.476686088393971090e+02
4.781505597933147556e+02 9.665809157378358663e+00 5.339002529484576876e+00 3.957055972857590032e+00 3.738104741524451242e+02 1.488749524086989311e+02
5.922830314501007933e+02 1.035919812897308390e+01 5.608141229064180777e+00 4.057983899298850616e+00 3.652127599677916123e+02 1.477868495930156030e+02
6.463155524632483093e+02 1.099765975946465879e+01 5.746478967924561587e+00 4.338845462776716566e+00 7.457885965040494511e+02 3.221483407190660273e+02
7.918398717719994693e+02 1.124466699685142324e+01 6.011635149247687160e+00 4.582508585430112191e+00 7.427796002832160411e+02 2.984646688954602496e+02
8.883656052148571689e+02 1.083846185580261334e+01 6.086295309584928148e+00 4.356937470763713627e+00 7.441525877040560317e+02 3.208309766644438241e+02
9.501619987509950533e+02 1.122653331337476423e+01 6.502862437029804710e+00 4.881245817529737074e+00 7.482676293304598403e+02 3.052953406056545873e+02
1.065716370422279624e+03 1.143410443286350464e+01 6.537583893556830006e+00 4.664994186702460688e+00 7.124950693811412066e+02 3.268594858933292358e+02
1.149497433907319419e+03 1.132803121233969357e+01 6.452099006348953836e+00 4.644064246871524304e+00 7.478200390595192175e+02 3.173127471537956126e+02
1.313450432101180240e+03 1.230524514448216955e+01 6.449506353486009758e+00 4.679583690468517965e+00 7.624939905556196891e+02 3.168450769776235347e+02
1.361380164162940900e+03 1.139369827491724152e+01 6.436584939291332574e+00 4.682680734411837520e+00 7.295652478295764922e+02 3.174666529131850439e+02
1.540185954954661383e+03 1.236004556924787323e+01 7.058982799113252327e+00 5.131435710412766582e+00 7.294058241596402468e+02 3.143984748868074348e+02
1.790444958733858357e+03 1.213959138772291979e+01 6.530002100244294283e+00 5.340620872721570933e+00 8.298281279766272291e+02 3.147497608031542882e+02
1.920548988511283142e+03 1.253409901974317719e+01 6.728861454322387914e+00 4.990251814291125854e+00 8.292749540520212577e+02 3.158584485677632756e+02
2.204954972284102041e+03 1.346122589609060327e+01 6.906750771233492792e+00 5.078671667362703701e+00 7.961146792830649019e+02 2.998609478445980017e+02
2.246213019240289213e+03 1.264587567465907547e+01 7.091830659919068580e+00 5.519938248987720897e+00 7.600606002820892400e+02 3.199615686283358400e+02
2.663226670390749860e+03 1.352440808113937365e+01 6.735670155484020150e+00 5.328472647631466330e+00 8.048951087152465789e+02 3.110218721939933175e+02
2.582214233330769275e+03 1.407473792189174233e+01 7.384088348232904053e+00 5.342226442634606443e+00 7.856583210164810680e+02 3.049468261742015329e+02
2.781454615778430252e+03 1.425156782139255007e+01 7.397697658994461634e+00 5.616162210380656106e+00 8.146240064613069762e+02 3.146764572326464418e+02
2.837876987894384456e+03 7.927527335162109168e+00 0.000000000000000000e+00 1.001104707268903660e+01 7.897566886137299207e+02 3.072381370591628524e+02
2.960096109124093346e+03 7.864627542133237448e+00 0.000000000000000000e+00 9.881777807670179214e+00 5.866623085257690400e+04 0.000000000000000000e+00
2.962147346755382841e+03 8.016736654235737447e+00 0.000000000000000000e+00 9.904999615705111893e+00 5.883218644442089135e+04 0.000000000000000000e+00
3.127950235426832933e+03 8.895450139932339795e+00 0.000000000000000000e+00 1.048073278675253661e+01 5.908850233404112078e+04 0.000000000000000000e+00
3.415003712285331403e+03 8.367647744883260685e+00 0.000000000000000000e+00 1.060744088224880421e+01 5.648997850455156004e+04 0.000000000000000000e+00
3.329068424047653025e+03 9.120251240788544322e+00 0.000000000000000000e+00 1.094579678788065458e+01 5.795417155416745663e+04 0.000000000000000000e+00
3.448235925486168526e+03 9.246108312832776122e+00 0.000000000000000000e+00 1.046217375938523197e+01 6.013897430892325792e+04 0.000000000000000000e+00
3.610038242578050358e+03 8.815027335572672484e+00 0.000000000000000000e+00 1.110456057995759238e+01 5.635049268422043679e+04 0.000000000000000000e+00
3.759684471112129813e+03 9.307279845894651515e+00 0.000000000000000000e+00 1.100137586602267881e+01 5.727155196677871572e+04 0.000000000000000000e+00
3.887248511812114884e+03 9.334268811409753397e+00 0.000000000000000000e+00 1.062375855235527844e+01 5.913533746747293480e+04 0.000000000000000000e+00
3.805102548320563074e+03 9.672341400976137038e+00 0.000000000000000000e+00 1.097877262578652235e+01 6.044803986297279334e+04 0.000000000000000000e+00
4.120624233030865980e+03 9.722778499224627780e+00 0.000000000000000000e+00 1.123595701849141726e+01 5.568995903385079146e+04 0.000000000000000000e+00
4.236529698282072786e+03 9.935272689824254044e+00 0.000000000000000000e+00 1.111536559312455275e+01 5.804918792955352546e+04 0.000000000000000000e+00
4.321541030794333892e+03 9.882369662073653416e+00 0.000000000000000000e+00 1.101334913443646890e+01 5.714519779556679714e+04 0.000000000000000000e+00
4.206443001947102857e+03 1.011533149451109637e+01 0.000000000000000000e+00 1.125024534995704251e+01 5.871871435632249631e+04 0.000000000000000000e+00
4.586011976038465946e+03 9.908148223690217193e+00 0.000000000000000000e+00 1.126226808513825084e+01 5.609469676774179970e+04 0.000000000000000000e+00
4.633824339331020383e+03 1.027926579279686514e+01 0.000000000000000000e+00 1.149930467235037490e+01 6.066615511508414056e+04 0.000000000000000000e+00
4.513515798711610842e+03 1.022181224582768344e+01 0.000000000000000000e+00 1.201596993760024112e+01 5.868703341345972149e+04 0.000000000000000000e+00
4.480836936685042019e+03 9.864600554303217805e+00 0.000000000000000000e+00 1.220116498678858541e+01 5.896953985228700913e+04 0.000000000000000000e+00
4.592405816916468211e+03 9.664439370092742010e+00 0.000000000000000000e+00 1.158999840407721393e+01 5.522686469486482383e+04 0.000000000000000000e+00
5.057388363217894039e+03 1.032904946609970587e+01 0.000000000000000000e+00 1.156272216759422378e+01 5.617330126065757941e+04 0.000000000000000000e+00
5.070581521046052330e+03 1.008046490342607626e+01 0.000000000000000000e+00 1.243754200644160868e+01 5.519960393475249293e+04 0.000000000000000000e+00
4.933668344547507331e+03 1.012256457046802538e+01 0.000000000000000000e+00 1.206677589807503459e+01 5.842041088412357931e+04 0.000000000000000000e+00
4.915236276483370602e+03 1.071695787070683181e+01 0.000000000000000000e+00 1.169489989779886940e+01 5.792758885819816351e+04 0.000000000000000000e+00
5.255009059386366971e+03 1.136829030409036712e+01 3.436483229294158726e+00 1.247493463365619348e+01 4.305095879423284373e+02 8.108652578975261349e+01
5.030910999633390020e+03 1.144610162688296562e+01 3.417719057674303951e+00 1.284617161648639616e+01 4.662799433341739359e+02 8.511374415134750393e+01
5.484539928602852342e+03 1.115794378026122757e+01 3.590423927983370067e+00 1.271929868827914945e+01 4.592008178960976466e+02 8.495421575071881648e+01
5.340450560998798210e+03 1.145461555822981659e+01 3.532091930883946684e+00 1.241651602221032391e+01 4.202261346311000807e+02 8.578075129461724657e+01
5.432747301322322528e+03 1.083214531554081184e+01 3.626685008426609791e+00 1.311824003968551722e+01 4.565204198390775332e+02 8.480847541517584887e+01
5.328112191130352585e+03 1.086892027467208521e+01 3.518249656303878314e+00 1.357720845853587832e+01 4.228495948889890315e+02 8.848829886140768508e+01
5.848412165520847338e+03 1.129098760510874300e+01 3.544048983609500159e+00 1.275538681079693504e+01 4.526693189123811294e+02 8.372666148218669946e+01
5.919832396361907740e+03 1.143723198929037466e+01 3.741604304735118181e+00 1.318581014389975437e+01 4.501348233686317144e+02 8.163499580162820735e+01
5.883963472262128562e+03 1.089505610358833820e+01 3.659604664292952503e+00 1.261511908670154547e+01 4.538586964606031984e+02 8.305742489114692262e+01
5.882480012678836829e+03 1.076520829809719437e+01 3.798287847823743402e+00 1.307150692057053831e+01 4.471013728782372709e+02 8.303692050629051380e+01
6.008060235167549763e+03 1.116991384674672716e+01 3.656525409864300524e+00 1.280577703082790109e+01 4.126436311721153061e+02 8.598242286495163000e+01
6.424704991132918622e+03 1.102195172717392957e+01 3.646436417828555321e+00 1.356482995547703396e+01 4.241479733175001456e+02 8.524532115457977000e+01
6.409654344978596782e+03 1.106481750355227867e+01 3.719690393902599368e+00 1.360958510763251716e+01 4.180164955911126867e+02 8.342049428089194407e+01
6.170080062310607900e+03 1.130406668429265693e+01 3.768985667415008844e+00 1.353517382480590214e+01 4.197626240671439177e+02 8.435025461076685360e+01
