-3.183427447429838519e-01 5.889778663110203816e+00 3.255983392038433788e+00 2.895272135509130873e+00 1.422727680707558420e+03 5.999166428569684513e+02
3.219987718208347616e+01 5.596469138207893934e+00 3.482057729965881698e+00 2.929337662570413503e+00 1.383419005644149593e+03 5.845450960304184491e+02
3.321449674042040101e+01 7.656822309198739518e+00 4.474312054172991715e+00 3.440150054238467092e+00 1.452122324620071822e+03 6.214082759571650740e+02
5.034854930831392750e+01 7.975767642827945814e+00 4.206791861094445473e+00 3.466338149519260892e+00 1.416660063530262960e+03 6.167055202010154744e+02
9.622660585846952586e+01 8.271730591931564902e+00 4.543758409379775820e+00 3.221597524033684046e+00 2.092145224762475095e+02 8.329464308666044303e+01
1.498220314849440911e+02 8.392250129758680899e+00 4.438773517529906343e+00 3.569394668378450763e+00 1.994788106091789643e+02 8.018443589686599182e+01
1.938773732793185616e+02 8.302949109489238921e+00 4.531503203655574019e+00 3.597973316670319832e+00 3.492988119976644725e+02 8.106733742104768226e+01
2.448175391432188803e+02 8.088696144972987057e+00 4.848353727807683811e+00 3.653870102655932595e+00 3.702493387182149149e+02 1.383118613877595067e+02
2.989272892973521039e+02 8.433303340589530350e+00 4.844907696765560878e+00 3.476800344972210688e+00 3.688171028665374820e+02 1.411687067285560886e+02
3.679545955787192497e+02 8.790845874876501043e+00 4.636216684152491219e+00 3.501834506841157602e+00 3.668839155185863206e+02 1.477208345694173772e+02
4.019029778164600089e+02 8.962528110414114124e+00 4.849082643982828955e+00 3.459385329668026365e+00 3.544745402513343038e+02 1.403495026546510474e+02
5.242296409865207352e+02 9.501760969890327146e+00 5.338010268371149003e+00 3.936955280284689440e+00 3.470012350634169707e+02 1.410567707926104504e+02
6.044137126298452358e+02 9.885517261851509474e+00 5.734399618295515921e+00 3.917017221553742434e+00 3.562766013288354543e+02 1.476601017796683664e+02
6.782478432669241784e+02 1.084811019915579777e+01 5.796756136670373039e+00 4.405583974914777379e+00 7.041651894466033355e+02 3.084624786091934538e+02
8.277726750944016203e+02 1.132238184997894415e+01 6.112915646462114161e+00 4.670308484354599443e+00 7.101181024852329529e+02 3.048228742774012403e+02
8.900339497500654034e+02 1.169968542683782431e+01 6.168347206152859030e+00 4.430613788286264842e+00 7.358129519896436932e+02 2.986614879526890149e+02
9.500668532603566518e+02 1.085320508011171015e+01 6.184171182996828442e+00 4.753021742845003672e+00 7.336973366175210458e+02 3.071238410798634959e+02
1.070636617630060073e+03 1.141381160365664549e+01 6.676781125235258685e+00 4.717196327766842501e+00 7.095930563567299032e+02 3.019770856279142777e+02
1.227533007761328690e+03 1.140722318650293765e+01 6.333491182425253108e+00 4.643695917558484432e+00 7.442348731394486094e+02 3.188690449474257775e+02
1.290015447138895752e+03 1.168905498393347031e+01 6.567835527452569266e+00 5.060522338168095047e+00 7.720830915989041614e+02 3.156197694300292937e+02
1.429167071329826967e+03 1.199651507911068293e+01 6.774986715287058203e+00 4.999398173102474807e+00 7.046934274284252524e+02 3.190436104407909852e+02
1.623955929560337381e+03 1.281079037395566189e+01 6.905341245684160079e+00 4.905480825651480359e+00 7.431128697694122138e+02 3.068819004753464696e+02
1.736287143562943584e+03 1.232656829185727076e+01 6.716214956017002358e+00 4.993160605103374117e+00 7.659310232391916315e+02 3.091500182753873673e+02
2.008772266107267569e+03 1.233869652002522344e+01 7.132133171423977736e+00 4.993228330346826560e+00 7.959609616121866793e+02 3.007124892374547471e+02
2.262675763673308666e+03 1.328346084828829099e+01 7.108499918276137919e+00 5.097428449288315733e+00 7.631689439300619142e+02 3.089910742506964993e+02
2.218721196452461754e+03 1.331128393949490807e+01 6.936428863142316104e+00 5.516380939566526642e+00 8.323866074204012193e+02 2.965684796143164590e+02
2.732856199846395612e+03 1.331638278591894498e+01 7.040786819788481310e+00 5.234947998255115920e+00 8.082508556698131770e+02 2.972332832773488462e+02
2.503547242202484540e+03 1.387899174297538352e+01 7.173600143160320464e+00 5.332750216999455617e+00 7.850298441039267345e+02 3.157317512599985321e+02
2.775303249767797297e+03 1.418106246398714632e+01 7.461467675580504277e+00 5.910870098319287003e+00 7.755246109850072571e+02 3.057109679284815797e+02
2.867909577379335587e+03 7.882779480303618413e+00 0.000000000000000000e+00 9.823464336516193995e+00 8.310516677050463841e+02 3.135198168034909258e+02
3.022084950646500602e+03 8.185604478141927487e+00 0.000000000000000000e+00 1.028151810906325458e+01 5.631711585852455755e+04 0.000000000000000000e+00
2.998561868678956216e+03 8.511146621633011833e+00 0.000000000000000000e+00 1.036153535874542264e+01 5.863555984662496485e+04 0.000000000000000000e+00
3.116315196091389680e+03 8.581190094905059240e+00 0.000000000000000000e+00 1.072634599910164788e+01 5.847752229201821319e+04 0.000000000000000000e+00
3.310819569581455653e+03 8.652690252497333034e+00 0.000000000000000000e+00 1.042664255359287218e+01 5.961627645769080846e+04 0.000000000000000000e+00
3.325057819724519504e+03 8.523730763684220335e+00 0.000000000000000000e+00 1.038950744360150225e+01 5.651356076030406257e+04 0.000000000000000000e+00
3.600130797322000944e+03 9.209407511430471871e+00 0.000000000000000000e+00 1.108272466880890761e+01 5.848841771768910985e+04 0.000000000000000000e+00
3.394426529950896565e+03 9.132730789359735368e+00 0.000000000000000000e+00 1.095652176082343310e+01 6.044032572903827531e+04 0.000000000000000000e+00
3.678274740166059473e+03 8.825436443869129732e+00 0.000000000000000000e+00 1.144577486833689761e+01 5.610224641154956771e+04 0.000000000000000000e+00
3.837713419528715804e+03 8.822892577384248369e+00 0.000000000000000000e+00 1.098458255780118442e+01 5.975458737111290247e+04 0.000000000000000000e+00
3.793531753291809309e+03 9.852200066132043688e+00 0.000000000000000000e+00 1.159778615633841348e+01 5.752922365326148429e+04 0.000000000000000000e+00
3.989847145241670660e+03 9.160643511735198530e+00 0.000000000000000000e+00 1.155119660635946310e+01 5.789722834586584941e+04 0.000000000000000000e+00
4.210689395372710351e+03 9.206226092007376849e+00 0.000000000000000000e+00 1.146762266773917460e+01 6.045557587131641048e+04 0.000000000000000000e+00
4.346955158088155258e+03 9.974362087300001178e+00 0.000000000000000000e+00 1.100469115370731821e+01 5.814387878863626975e+04 0.000000000000000000e+00
4.434508932116200413e+03 9.593925837029321002e+00 0.000000000000000000e+00 1.112976441249313986e+01 5.999377502257338347e+04 0.000000000000000000e+00
4.153947934282101414e+03 9.889086874028349072e+00 0.000000000000000000e+00 1.149522644898509505e+01 5.849560613778665720e+04 0.000000000000000000e+00
4.336619077606996143e+03 9.975580266204934432e+00 0.000000000000000000e+00 1.194210698913433610e+01 5.653787265771826787e+04 0.000000000000000000e+00
4.343776457357081199e+03 9.578467702485454538e+00 0.000000000000000000e+00 1.225138318117497960e+01 5.522832951369689545e+04 0.000000000000000000e+00
4.469111607987933894e+03 9.624701743884427785e+00 0.000000000000000000e+00 1.230419308620357555e+01 5.570799205233628163e+04 0.000000000000000000e+00
4.713330936927482071e+03 9.898999423034750222e+00 0.000000000000000000e+00 1.140243631088243426e+01 5.834931876514121541e+04 0.000000000000000000e+00
4.869220253168720774e+03 1.010445583920332524e+01 0.000000000000000000e+00 1.221777174211087669e+01 5.968214379674453085e+04 0.000000000000000000e+00
4.880191514557022856e+03 1.074318841045019646e+01 0.000000000000000000e+00 1.169069265334982965e+01 5.554964161800560396e+04 0.000000000000000000e+00
5.291963620086713490e+03 1.041651141197846542e+01 0.000000000000000000e+00 1.192735383820763317e+01 5.731538123208698380e+04 0.000000000000000000e+00
5.180497243101446657e+03 1.079630744516765439e+01 0.000000000000000000e+00 1.236130290389449016e+01 5.621852214897715749e+04 0.000000000000000000e+00
4.937670162996728322e+03 1.105343035040774424e+01 3.492252206291661221e+00 1.325537341445940598e+01 4.342163549385952592e+02 8.670701033027188487e+01
5.345141666766936396e+03 1.083477238326919867e+01 3.547863704586764921e+00 1.230757588252710910e+01 4.514164282848207677e+02 8.421847055479840094e+01
5.142105028186259005e+03 1.063506810482552112e+01 3.657325526626923562e+00 1.252169536103296288e+01 4.385491479086643380e+02 8.680633866638966367e+01
5.540529489301593458e+03 1.080633706614908540e+01 3.617633102137558510e+00 1.274404110768958098e+01 4.293562477420241521e+02 8.712030430486011312e+01
5.297334786105923740e+03 1.089923825276080827e+01 3.503616364188434140e+00 1.289676570744432382e+01 4.177145765042381527e+02 8.811101222244047904e+01
5.435851727268930517e+03 1.112912335488853266e+01 3.630119392938488510e+00 1.337436814846015487e+01 4.448990605208414877e+02 8.555133402268744192e+01
5.747154277820963216e+03 1.073306578799615885e+01 3.714971718154817193e+00 1.273937251874190046e+01 4.371969145281042302e+02 8.230024578153809500e+01
5.981691237705305866e+03 1.128989984612836928e+01 3.531342161144446212e+00 1.329923176879700719e+01 4.541597239694791597e+02 8.076590854589376534e+01
5.632442738407900833e+03 1.171940799423114576e+01 3.670671747980858157e+00 1.321882740928877809e+01 4.130200234242039983e+02 8.232173256411209650e+01
6.172684148520985218e+03 1.103694997892677065e+01 3.642061909312040768e+00 1.309591109199720904e+01 4.235364140750006641e+02 8.482453145075021439e+01
6.204976568984218829e+03 1.176082343725430057e+01 3.566384926952691714e+00 1.258659534103990651e+01 4.238853171449893580e+02 8.812440283841996802e+01
5.936493829506747716e+03 1.086684785083117788e+01 3.650383153685545778e+00 1.312349049580232396e+01 4.113605191047506082e+02 8.294667765812422999e+01
6.417947788804669472e+03 1.160663802068812522e+01 3.723008458539442511e+00 1.244915750526463150e+01 4.323971986438407953e+02 8.600853601237636781e+01
6.500933969743349735e+03 1.177430107187848662e+01 3.752019982404685816e+00 1.274197317925791495e+01 4.421286694527389614e+02 8.895166160875956507e+01
