4.311257333597995345e-01 5.905490021138851020e+00 3.282918311247405185e+00 2.939471585259306519e+00 1.400999181311966822e+03 5.961868745687755791e+02
3.234957030789987442e+01 5.837201971942054257e+00 3.236303660416074646e+00 2.864228802919985828e+00 1.449017087161526206e+03 6.125389521084285889e+02
3.190129252503287915e+01 7.634859952590374199e+00 4.380154113234183022e+00 3.434284916568468127e+00 1.330422396712060390e+03 5.999486967594017415e+02
4.771844462391326402e+01 7.682704778729988249e+00 4.309272779523545260e+00 3.345424842667302112e+00 1.381347821311450616e+03 5.924804338615784900e+02
9.571347035247774215e+01 7.854687263162764665e+00 4.262562786757608357e+00 3.461199461792594967e+00 2.018637500912812186e+02 7.694904888886999572e+01
1.481159520189251566e+02 8.178602625911683077e+00 4.552085785445715516e+00 3.405255394067174368e+00 1.910521054196855175e+02 8.121227023518858346e+01
1.997111735489371824e+02 8.292377196833591313e+00 4.572899854253436480e+00 3.366684053016272937e+00 3.623222572006125688e+02 8.208000633518705058e+01
2.436441557192102607e+02 8.387022491762522236e+00 4.781394380483016349e+00 3.388412491071331800e+00 3.503154436891438195e+02 1.466457486998220077e+02
3.030311151780804266e+02 8.226299062337394830e+00 4.803915985651601162e+00 3.559449256114362026e+00 3.670214777902602918e+02 1.423393052498772136e+02
3.447874764078175076e+02 9.115568322209037788e+00 4.855336364904228930e+00 3.625065195534708185e+00 3.476509440210394359e+02 1.371373765674994729e+02
3.920996104440827708e+02 9.287679427535513454e+00 5.154180561076898925e+00 3.477052777907148950e+00 3.595601595090572573e+02 1.419511960189696538e+02
5.187148114692063245e+02 9.466111874371707202e+00 5.360087014406045292e+00 3.812182042828655248e+00 3.682036308054503024e+02 1.403112693701388025e+02
6.133596432186700440e+02 1.044463440238991581e+01 5.465626548745711411e+00 4.032108935528787796e+00 3.751559904646725840e+02 1.411400289637908259e+02
6.634484692761491260e+02 1.063003592532742658e+01 6.225355393625600087e+00 4.254688427379489823e+00 7.574475307455866187e+02 3.067803880107881582e+02
7.857695845876388603e+02 1.061770379567209233e+01 5.995099627826286692e+00 4.431413958667682174e+00 7.470688163922943659e+02 3.133865919099431494e+02
8.920100432985666430e+02 1.154649110176874593e+01 5.987208719072858898e+00 4.769521375938728269e+00 7.396842909130643875e+02 3.005701370602446332e+02
9.504463992479182934e+02 1.178508751237223606e+01 6.044981438299548593e+00 4.711638263719842179e+00 7.428159307582520796e+02 3.160095506234598588e+02
1.141142885511249688e+03 1.129475037378245794e+01 6.117169951832200248e+00 4.588998339373530300e+00 7.340304895663880416e+02 3.098704085593324749e+02
1.206602082175618989e+03 1.181547695307626711e+01 6.249475425727875511e+00 4.823238273430812129e+00 7.073119935337246034e+02 3.083067424990568952e+02
1.267628630723089145e+03 1.162321715616482543e+01 6.749919201267943869e+00 4.742697245110512938e+00 7.686391140338348578e+02 2.982101139664368361e+02
1.439020322308122559e+03 1.172526203687141511e+01 6.632117157088584847e+00 4.669958993317146145e+00 7.597173089533037000e+02 2.988347532239724273e+02
1.571698353470754910e+03 1.235920823381336753e+01 7.020327361951714806e+00 5.221610346124368363e+00 7.417235925209821517e+02 3.262509101381021992e+02
1.753277634210716542e+03 1.252407961717981344e+01 6.682430714962657170e+00 5.185760617358388558e+00 7.608078206957715111e+02 3.225978569362876556e+02
1.910490730599304925e+03 1.273521558664940834e+01 7.213522105940642248e+00 4.948151056668521619e+00 7.605205793518412065e+02 3.251530146617429864e+02
2.290248431645495202e+03 1.338128972580705778e+01 6.914934787683928441e+00 5.499031563809373857e+00 8.038678933434450755e+02 3.255303725478427737e+02
2.196038360055403245e+03 1.307075808823438834e+01 7.119702921783737537e+00 5.504731215868869043e+00 7.907507218612271345e+02 3.015141810808014498e+02
2.623230663232031475e+03 1.274520283656918274e+01 6.914449214273461486e+00 5.281141858121059407e+00 8.029547949725774743e+02 3.120701177849260830e+02
2.672551959858157716e+03 1.395596293981050273e+01 7.535152436707882373e+00 5.539473746058932058e+00 7.874802750462374661e+02 3.258095665825998708e+02
3.022552021385045919e+03 1.369990908006565888e+01 7.115732496971588716e+00 5.621908587469692797e+00 7.652998598525774696e+02 3.221339341158134744e+02
2.798936262404480203e+03 8.368531470202009714e+00 0.000000000000000000e+00 9.910924174477088400e+00 7.911270822657719464e+02 3.074556442654793500e+02
3.074580748231324833e+03 8.540681430702150578e+00 0.000000000000000000e+00 9.948462717519623411e+00 5.963676200615414564e+04 0.000000000000000000e+00
3.197124417193794670e+03 8.179906174480986891e+00 0.000000000000000000e+00 1.033615569773014187e+01 5.908701991645173985e+04 0.000000000000000000e+00
3.304978149377525369e+03 8.446054332725065450e+00 0.000000000000000000e+00 1.061514669332760441e+01 5.879466903273209027e+04 0.000000000000000000e+00
3.357366242880693790e+03 8.479704085975479089e+00 0.000000000000000000e+00 1.071491874497613317e+01 6.049399668537341495e+04 0.000000000000000000e+00
3.409005170146208457e+03 8.978367099824049902e+00 0.000000000000000000e+00 1.011885331640256602e+01 6.048235415597569227e+04 0.000000000000000000e+00
3.525937868504134713e+03 9.049478412091756852e+00 0.000000000000000000e+00 1.030851915549431119e+01 5.617382742371424683e+04 0.000000000000000000e+00
3.661901580339066641e+03 9.373536110792423770e+00 0.000000000000000000e+00 1.097325882153702281e+01 5.543121942306798155e+04 0.000000000000000000e+00
3.509573130334123562e+03 9.464988804630563024e+00 0.000000000000000000e+00 1.094765862897514452e+01 5.958755362002988113e+04 0.000000000000000000e+00
3.832862059762878744e+03 9.285523570436671648e+00 0.000000000000000000e+00 1.148390426515952534e+01 5.654871852073228365e+04 0.000000000000000000e+00
3.742360429409101471e+03 9.090270604959391321e+00 0.000000000000000000e+00 1.103055742830408370e+01 5.798535877129284199e+04 0.000000000000000000e+00
4.134019633320447610e+03 9.708303550508622592e+00 0.000000000000000000e+00 1.158933624813808194e+01 5.675892764507404354e+04 0.000000000000000000e+00
3.882240158236611023e+03 9.829150494371651448e+00 0.000000000000000000e+00 1.142445293678831142e+01 5.889374995060040965e+04 0.000000000000000000e+00
4.344739658113791847e+03 9.352455104243922790e+00 0.000000000000000000e+00 1.197548245153633673e+01 5.963527054728556686e+04 0.000000000000000000e+00
4.418814330559108384e+03 9.748393077088344683e+00 0.000000000000000000e+00 1.119266459398065194e+01 5.987693063970434014e+04 0.000000000000000000e+00
4.367576073370888480e+03 9.804759981811825398e+00 0.000000000000000000e+00 1.150091803732902740e+01 6.070484445045415487e+04 0.000000000000000000e+00
4.542421171233337191e+03 9.690805543488227869e+00 0.000000000000000000e+00 1.137263711598274973e+01 5.541978311439224490e+04 0.000000000000000000e+00
4.461917792278796696e+03 1.033559654576013109e+01 0.000000000000000000e+00 1.139147859197503010e+01 5.613283976113775861e+04 0.000000000000000000e+00
4.810878781331293794e+03 1.050167045354523054e+01 0.000000000000000000e+00 1.151476646208694277e+01 5.534988631547924160e+04 0.000000000000000000e+00
4.692654373448207480e+03 1.048636494899759519e+01 0.000000000000000000e+00 1.150368550886786245e+01 5.859110195392160676e+04 0.000000000000000000e+00
4.938275947486607947e+03 1.055177237512130262e+01 0.000000000000000000e+00 1.245837474031341330e+01 5.741537631313192833e+04 0.000000000000000000e+00
5.035242220557045584e+03 9.951319344897056496e+00 0.000000000000000000e+00 1.166663564593890712e+01 5.684383544364204863e+04 0.000000000000000000e+00
5.086339050439100902e+03 1.067120336894520882e+01 0.000000000000000000e+00 1.192003851654566660e+01 6.019200824032240780e+04 0.000000000000000000e+00
5.032815244473312305e+03 1.000363284147692333e+01 0.000000000000000000e+00 1.258277108768285046e+01 5.910962260116908146e+04 0.000000000000000000e+00
4.920306154310806050e+03 1.144698523721702621e+01 3.380967820623425268e+00 1.273598589121886882e+01 4.569378322872212266e+02 8.389738889743021844e+01
5.290652501230865710e+03 1.061301228198942503e+01 3.341917579312175146e+00 1.337852219079926286e+01 4.570191729578249351e+02 8.545157929856199530e+01
5.176278491235126239e+03 1.085598241249147300e+01 3.709937142045732550e+00 1.255218513373811007e+01 4.343558999393764566e+02 8.839928638460651200e+01
5.442101913104627783e+03 1.123215553979412462e+01 3.412109913753278878e+00 1.305556174527494306e+01 4.353677639416159764e+02 8.509216777875010962e+01
5.299970167374151970e+03 1.111735491018317035e+01 3.731493466802742187e+00 1.346710030490571874e+01 4.310555051687305763e+02 8.404130299379518476e+01
5.749559146912838514e+03 1.082193539340740429e+01 3.630138016524954825e+00 1.347557895623781832e+01 4.419237203911355891e+02 8.379441238958811766e+01
5.492722673999188373e+03 1.123412855236718322e+01 3.638085181780999378e+00 1.345530485812867916e+01 4.474279635129314556e+02 8.816862206016919856e+01
5.561150799911505601e+03 1.101951304459055869e+01 3.798067220928772247e+00 1.361640082451255651e+01 4.466113967364919404e+02 8.225574505095296729e+01
5.661552745284408957e+03 1.143434514618960662e+01 3.484589350328834989e+00 1.318432190462433873e+01 4.371603466395524720e+02 8.286425600272183090e+01
6.113471684407822977e+03 1.072663710382383684e+01 3.741145465344095200e+00 1.369430207739124761e+01 4.304764728612657336e+02 8.609803512657866520e+01
6.202758459133022370e+03 1.108846575903533882e+01 3.776251148447107742e+00 1.303370162105392893e+01 4.496766711544008785e+02 8.807359491417338404e+01
5.889665253631747873e+03 1.105934616988894170e+01 3.788475550838312778e+00 1.311327507416573113e+01 4.369262509733840147e+02 8.123772360577954998e+01
6.512950654500215023e+03 1.086718913506989637e+01 3.753511312738346373e+00 1.340182859193283704e+01 4.384545303126235467e+02 8.900671227780973993e+01
6.283614475215380480e+03 1.124082586334350253e+01 3.830535431103407440e+00 1.360823128409317739e+01 4.316212883407277445e+02 8.287237155821708257e+01
