-1.779909767730855075e-01 5.788727298211841621e+00 3.410062943168865157e+00 2.745526650788931100e+00 1.435789321679851810e+03 5.979421002378397816e+02
3.308978566621283335e+01 5.857950544287437111e+00 3.484823319348056447e+00 2.839541619421944496e+00 1.386120619931891042e+03 5.880593318228488897e+02
3.422600885734949827e+01 7.637049844075239236e+00 4.211623511725266944e+00 3.481888514240848664e+00 1.340449969480390791e+03 5.730314215904718367e+02
5.046313541130131597e+01 7.992725380892819587e+00 4.271582958637922367e+00 3.346856285046500901e+00 1.345154566850060519e+03 6.116705779794550608e+02
9.740697224489458961e+01 7.641090992833356133e+00 4.352404005621364647e+00 3.375615335098260950e+00 1.952909321515898000e+02 8.059338325611102505e+01
1.456852416239032948e+02 8.480512682254609302e+00 4.458106392202348722e+00 3.323427207896364699e+00 2.071146528143324304e+02 8.188103056919828759e+01
2.027695087021190545e+02 7.933500990513301154e+00 4.699335338624337943e+00 3.359710601758212345e+00 3.700450306143354737e+02 7.939514269083805686e+01
2.386969529631303146e+02 8.135040730591478919e+00 4.459363956995207268e+00 3.479934388259124045e+00 3.702669780260144989e+02 1.398338789677759166e+02
2.874605950344330267e+02 8.978973320486000276e+00 4.880221361896104781e+00 3.419538367780008414e+00 3.492584638425185517e+02 1.449487908234723363e+02
3.329835743277861866e+02 8.962213178430008753e+00 4.689724629461402117e+00 3.456088639402766560e+00 3.654711743595554481e+02 1.368741982668133801e+02
4.271060089704027973e+02 8.943112548576923615e+00 4.833256302863376597e+00 3.458875215053963004e+00 3.457302412201773905e+02 1.407463816858087569e+02
4.783108588111236941e+02 9.858375831089913888e+00 5.506696430185092694e+00 3.942704418435322822e+00 3.577432497973096588e+02 1.407444480348138711e+02
6.034431699246592871e+02 1.034878381413343185e+01 5.387151302648046425e+00 4.227675064345278066e+00 3.774178425339209184e+02 1.467160352926808002e+02
6.908157747871666743e+02 1.095825785401902763e+01 6.021305121375005065e+00 4.293269293290494559e+00 7.302139128975659332e+02 3.147552672035051273e+02
8.190906831627222573e+02 1.055939543899220467e+01 5.925159291804128259e+00 4.258350456606019740e+00 7.659217571759370458e+02 3.025633714288234728e+02
8.901004092899369198e+02 1.073871011785387886e+01 6.227750471316629621e+00 4.667664418503100876e+00 7.551934895259892073e+02 3.102016631387966754e+02
9.706975922075630479e+02 1.167247923825828693e+01 6.501577145892169618e+00 4.853286585450743651e+00 7.092779328840260860e+02 3.110027616458636999e+02
1.107011411021687991e+03 1.102783892333296656e+01 6.549901761844990844e+00 4.655499403551489834e+00 7.744502030552324641e+02 3.034122049639598231e+02
1.239792094981190075e+03 1.125149234797490827e+01 6.235011210133258430e+00 4.852054806391732811e+00 7.603463939752034548e+02 3.053277490599780322e+02
1.323226428757020358e+03 1.223263342225869366e+01 6.753233970814217280e+00 4.832286398677436701e+00 7.710386614562048635e+02 3.269800816274097883e+02
1.404940255213442470e+03 1.224018890790166125e+01 6.814664455300096790e+00 4.971143623315238180e+00 7.210532232582854704e+02 3.002802565812429521e+02
1.534176628895214662e+03 1.184312307381919815e+01 6.691778308032251488e+00 4.993215141004736068e+00 7.313768435295531845e+02 3.006285337027906053e+02
1.733678847797653816e+03 1.282731159892566630e+01 6.899451395655749053e+00 5.151290894945144139e+00 8.119362529148698968e+02 3.135882802173112509e+02
1.991924101303135330e+03 1.247430325145369601e+01 7.079408098776634795e+00 5.424430635802251821e+00 8.046295035496340233e+02 3.261886524159307896e+02
2.187511952955624565e+03 1.288796904098368046e+01 7.239550696039362521e+00 5.566339990887918532e+00 7.622099035283513331e+02 3.008984133754019581e+02
2.366178516232196216e+03 1.277713799621052537e+01 7.049490109305216023e+00 5.416918491409147940e+00 8.386001831323744682e+02 3.127040687024017984e+02
2.576209743034187341e+03 1.307898725828480480e+01 6.899775923892343066e+00 5.554701582112785196e+00 8.232496799295032588e+02 3.122586106185455037e+02
2.624135213744605608e+03 1.428508753954914390e+01 7.228757142128634960e+00 5.589577003655199050e+00 7.950769788338999433e+02 3.104481286972436465e+02
2.811013835477807334e+03 1.374235647697055462e+01 7.124436246777172244e+00 5.727503100636448963e+00 7.671706649917339291e+02 3.037153103532463092e+02
2.955294449202726355e+03 7.892980754971662627e+00 0.000000000000000000e+00 9.354405770427762334e+00 8.161397892976367530e+02 3.043820391912315131e+02
3.059676990779019889e+03 8.259236095672239486e+00 0.000000000000000000e+00 9.614505535244672885e+00 5.947961037312090775e+04 0.000000000000000000e+00
3.164181367385479916e+03 8.391354279287337903e+00 0.000000000000000000e+00 9.841921306186424800e+00 5.657716772275097173e+04 0.000000000000000000e+00
3.128373296462851613e+03 8.881545160444986209e+00 0.000000000000000000e+00 1.030803262366445239e+01 5.790737004386096669e+04 0.000000000000000000e+00
3.212622564826103826e+03 8.836084723671293162e+00 0.000000000000000000e+00 1.070097909232728206e+01 6.040218973259214545e+04 0.000000000000000000e+00
3.464246298133340588e+03 8.382941698847591994e+00 0.000000000000000000e+00 1.041583585422693581e+01 5.685405992860856350e+04 0.000000000000000000e+00
3.633839911029096584e+03 9.153891370845421704e+00 0.000000000000000000e+00 1.094087308665416280e+01 5.514607101998155849e+04 0.000000000000000000e+00
3.404631087786095122e+03 8.953859124451813756e+00 0.000000000000000000e+00 1.124985358354277665e+01 5.967065619463781331e+04 0.000000000000000000e+00
3.744446011412279404e+03 8.948379387676625996e+00 0.000000000000000000e+00 1.043076387733131938e+01 5.568890576490051171e+04 0.000000000000000000e+00
3.714534573531529531e+03 8.996093681750869209e+00 0.000000000000000000e+00 1.130572333296667153e+01 5.662550340740090905e+04 0.000000000000000000e+00
3.740036302947986769e+03 9.112987241297897612e+00 0.000000000000000000e+00 1.074179859627645861e+01 5.681966473670179403e+04 0.000000000000000000e+00
3.934214785917962217e+03 9.132810100138440745e+00 0.000000000000000000e+00 1.105922024289629668e+01 5.782263239968051494e+04 0.000000000000000000e+00
4.070712007637543593e+03 9.795017638252311087e+00 0.000000000000000000e+00 1.093906064014136170e+01 5.764410820885463909e+04 0.000000000000000000e+00
3.992465071328252634e+03 9.569709546415053225e+00 0.000000000000000000e+00 1.120015427104398320e+01 5.700136889098658139e+04 0.000000000000000000e+00
4.293955584059948706e+03 9.742247948779208855e+00 0.000000000000000000e+00 1.128915363419446471e+01 5.934432402506310609e+04 0.000000000000000000e+00
4.581181523783286138e+03 9.716645527466884147e+00 0.000000000000000000e+00 1.202491917943922495e+01 6.039673648705514643e+04 0.000000000000000000e+00
4.639746556475064608e+03 1.007590790472418973e+01 0.000000000000000000e+00 1.166366871534631855e+01 5.858179112660678220e+04 0.000000000000000000e+00
4.531181222020640234e+03 9.518845078576697816e+00 0.000000000000000000e+00 1.141959639916220226e+01 5.610479069969633565e+04 0.000000000000000000e+00
4.491644530532753379e+03 1.009695378465789162e+01 0.000000000000000000e+00 1.154421912575748443e+01 5.928733419582081842e+04 0.000000000000000000e+00
4.847861260152824798e+03 1.023295654733191817e+01 0.000000000000000000e+00 1.152110751086084406e+01 5.936348863988782250e+04 0.000000000000000000e+00
4.886407970823504911e+03 1.002188581167542658e+01 0.000000000000000000e+00 1.145061419144725967e+01 5.682912380684365053e+04 0.000000000000000000e+00
4.910533534734148816e+03 1.059086151445128365e+01 0.000000000000000000e+00 1.172436803458053944e+01 5.975881507575329306e+04 0.000000000000000000e+00
4.839417409835418766e+03 9.978717772278571374e+00 0.000000000000000000e+00 1.243308858137568684e+01 5.539867239192292618e+04 0.000000000000000000e+00
5.145310740975320186e+03 1.035530741501339413e+01 0.000000000000000000e+00 1.167987684703292572e+01 5.606181304042579723e+04 0.000000000000000000e+00
5.047822615088540260e+03 1.052987493564786092e+01 3.338721036316806945e+00 1.310955644719015112e+01 4.299584189793126257e+02 8.593017701248038520e+01
4.982889454812613621e+03 1.062631288409952290e+01 3.585440631791313226e+00 1.330932710795661933e+01 4.385962074996427305e+02 8.415715516177242250e+01
5.018337199361390049e+03 1.115107420216896550e+01 3.572600887068140274e+00 1.320683940856360650e+01 4.493097057006792170e+02 8.585888274645145657e+01
5.246175108384123632e+03 1.070943665392111299e+01 3.684825168077602076e+00 1.318229414408533628e+01 4.517293721874622179e+02 8.264519000646120617e+01
5.283755355645468626e+03 1.164180927995149517e+01 3.697824415840851753e+00 1.350942065252730195e+01 4.420897774360901735e+02 8.910686376855203150e+01
5.846033379112889634e+03 1.088644095789372734e+01 3.497387943986508763e+00 1.305699603209593285e+01 4.356945881406795706e+02 8.721150256466594897e+01
5.739476136264769593e+03 1.124755849170997024e+01 3.756745926802383728e+00 1.322595928152981593e+01 4.254484377054608899e+02 8.078266391462058493e+01
6.020959893900982024e+03 1.140513514438117149e+01 3.463230574202901924e+00 1.303022943506919873e+01 4.364576415349993113e+02 8.085224533084856091e+01
6.107579672337433294e+03 1.160890470474986635e+01 3.565184218283746098e+00 1.298782606431741904e+01 4.531846617843208946e+02 8.740257652794396392e+01
6.101923643591247128e+03 1.140886519446247327e+01 3.602828955240969133e+00 1.368761898648830311e+01 4.328505134446331795e+02 8.194887777234846737e+01
6.332210830947504292e+03 1.136404866102383693e+01 3.728971275554468168e+00 1.266773682281034574e+01 4.329903508259208706e+02 8.849928773198419663e+01
6.189106767855882026e+03 1.161516879631645160e+01 3.577724894589529470e+00 1.321594519895993258e+01 4.182864497346548092e+02 8.641013035770183137e+01
6.238115072268537915e+03 1.124700306790219351e+01 3.700030266708638216e+00 1.366345268998373896e+01 4.204784914367169222e+02 8.893666677783578223e+01
6.230826710835199265e+03 1.110335855746359890e+01 3.530313437003714139e+00 1.320268557872149984e+01 4.351076702868529651e+02 8.205505966791406536e+01
