3.521973507957885108e-01 5.869599476895742463e+00 3.313296175191573489e+00 2.740232568471896002e+00 1.431588768735737858e+03 5.835178245266201884e+02
3.130982364713037924e+01 6.009927645223862136e+00 3.352607253359213502e+00 2.697863593722330755e+00 1.413840803792945508e+03 6.055647008084757772e+02
3.262706574000533521e+01 7.393486451360747225e+00 4.551773743094697622e+00 3.462453264289560906e+00 1.353704039366631150e+03 5.935177816904259771e+02
4.769062040334247854e+01 7.760586053492136926e+00 4.367830236524325116e+00 3.460643109900159775e+00 1.458480591709654163e+03 6.138746903296265600e+02
1.014231102133655185e+02 7.637818538702507709e+00 4.476126936895040487e+00 3.492308098688198026e+00 2.046974578088751571e+02 8.353024041095727625e+01
1.458208149984515387e+02 8.222315607948086580e+00 4.508531106422657864e+00 3.480317381045945346e+00 2.011618205395064933e+02 8.253864189337190282e+01
2.084867241192403355e+02 8.264006033430291609e+00 4.610224896989556065e+00 3.632044715557721570e+00 3.617169732928983308e+02 8.312446798516657509e+01
2.409417625303316584e+02 8.329906428084765224e+00 4.453471090705460433e+00 3.352405169483824388e+00 3.507916064039345656e+02 1.428089850801757450e+02
3.080546680495281180e+02 8.561142426522740934e+00 4.523742101297471230e+00 3.398594435017069593e+00 3.640351641734235386e+02 1.474138424042613735e+02
3.376331237943892916e+02 8.940835349542181731e+00 5.016167304261122339e+00 3.613106639265818654e+00 3.717922484930065821e+02 1.464856200602574745e+02
4.240402395047573805e+02 8.527715000933136835e+00 5.083566734171643731e+00 3.461966891237670652e+00 3.734534402788615921e+02 1.411959376531096382e+02
5.134847080654061529e+02 9.663511870180458985e+00 5.315816820350296901e+00 3.894295579702316434e+00 3.733782132695960172e+02 1.481264244393942704e+02
5.898557873794620718e+02 1.012518600578880879e+01 5.887516446623935806e+00 3.938733468755757361e+00 3.450923099053508736e+02 1.499486917223981948e+02
6.995285144013224681e+02 1.070831242337367861e+01 5.907193795479426690e+00 4.449222805933508162e+00 7.617269802350804184e+02 3.063722379625382359e+02
7.824257541933152424e+02 1.048006698863258102e+01 6.325669709684553332e+00 4.565360521464656429e+00 7.148067313115343495e+02 3.256312614390156455e+02
8.649203724686141186e+02 1.133614326742722689e+01 6.529430653976447729e+00 4.691027793215522657e+00 7.679018807199266803e+02 3.074473112523874647e+02
1.048337951820725721e+03 1.191528395221451930e+01 6.581149438299811472e+00 4.780827916124582799e+00 7.454448127310475911e+02 3.158664980133816016e+02
1.130688754022872672e+03 1.209909596616023286e+01 6.518550368997497735e+00 4.690512788723198767e+00 7.041154477901829978e+02 3.049881248589220490e+02
1.203153178366493194e+03 1.125338636334634579e+01 6.280422404833529981e+00 4.547954440981274438e+00 7.531145144318134044e+02 3.216783785273391345e+02
1.343291746610810151e+03 1.175846324304411006e+01 6.655693065737632530e+00 4.626079011752450398e+00 7.674524506556764436e+02 3.230433754806061870e+02
1.371534326314221289e+03 1.156873578911585909e+01 6.450159956090333324e+00 5.084195278881884938e+00 7.092677224582433837e+02 3.266846810531438905e+02
1.654331582408075064e+03 1.280681919605230945e+01 6.890159339632617730e+00 5.137200811027042846e+00 7.147010897630718773e+02 3.060728669338184318e+02
1.767041628127720742e+03 1.308683391402630392e+01 6.961990753396847253e+00 5.233927635194929984e+00 8.159722889588026646e+02 3.199000261146735511e+02
1.940284263842258952e+03 1.308316999441346518e+01 6.584424107765210366e+00 4.954270178303340266e+00 8.247214326544586811e+02 3.231692728349082699e+02
2.191495877915740948e+03 1.269995387821986021e+01 7.252989759328545283e+00 5.394877514265249197e+00 8.247098383050112034e+02 3.231994719053141694e+02
2.241816645765657086e+03 1.357390166022948996e+01 7.402580157022883967e+00 5.332125377481492734e+00 8.313528484266776104e+02 3.071015396706162051e+02
2.505510333489607092e+03 1.285306225061685481e+01 6.841364226361823064e+00 5.463710223670673827e+00 8.116008916989234194e+02 3.090611006181563880e+02
2.586126524397827325e+03 1.298273470055074696e+01 6.992470754003869970e+00 5.536889611028873226e+00 8.025012520111184813e+02 3.107180391825143033e+02
3.002925765052200859e+03 1.372437152635237823e+01 7.570648132177725920e+00 5.487366320296439781e+00 8.152981193639826643e+02 3.063531729300943312e+02
2.783642688522579192e+03 8.181470113205252304e+00 0.000000000000000000e+00 9.864570625551973393e+00 7.734786648137817338e+02 3.008292856277034275e+02
3.062244530636757190e+03 7.970479349214839360e+00 0.000000000000000000e+00 9.750262706139182001e+00 5.562400876324194542e+04 0.000000000000000000e+00
3.040140055331694839e+03 8.639703858734538500e+00 0.000000000000000000e+00 1.025184380099877934e+01 5.889904683654403198e+04 0.000000000000000000e+00
3.203738757192021239e+03 8.181346968475137871e+00 0.000000000000000000e+00 1.057920446163063666e+01 6.051951074126498861e+04 0.000000000000000000e+00
3.324732365756284253e+03 8.767820301177291498e+00 0.000000000000000000e+00 1.043342199710337148e+01 6.031039030997879308e+04 0.000000000000000000e+00
3.342752928192307081e+03 8.669615639490176662e+00 0.000000000000000000e+00 1.100749831822254698e+01 5.840139957412051444e+04 0.000000000000000000e+00
3.570121316662530717e+03 9.193565806482890679e+00 0.000000000000000000e+00 1.027738468127009774e+01 5.493311790125568223e+04 0.000000000000000000e+00
3.711102624780158749e+03 8.974816402169393470e+00 0.000000000000000000e+00 1.076083146631277643e+01 5.821107197287795134e+04 0.000000000000000000e+00
3.560231070483537223e+03 9.459630598166322457e+00 0.000000000000000000e+00 1.043777583878787496e+01 5.940137389521893783e+04 0.000000000000000000e+00
3.714657732385014242e+03 9.539651213887507808e+00 0.000000000000000000e+00 1.111771475337446091e+01 5.675069846716996108e+04 0.000000000000000000e+00
3.829741772430142646e+03 8.968009159578972600e+00 0.000000000000000000e+00 1.164143469688434962e+01 5.772624755175881728e+04 0.000000000000000000e+00
4.007689219817396406e+03 9.265193010803045581e+00 0.000000000000000000e+00 1.136233106034262974e+01 6.031856219800022518e+04 0.000000000000000000e+00
4.004261958628114371e+03 9.885275465339189438e+00 0.000000000000000000e+00 1.183589754685477047e+01 5.587171185679447080e+04 0.000000000000000000e+00
4.257473819730830655e+03 9.595149765717961188e+00 0.000000000000000000e+00 1.189345820044242075e+01 5.629528305992868263e+04 0.000000000000000000e+00
4.218395698035191344e+03 9.381962091531852010e+00 0.000000000000000000e+00 1.110221523905756236e+01 5.940642397048017301e+04 0.000000000000000000e+00
4.500369599599483081e+03 1.024031499261498901e+01 0.000000000000000000e+00 1.189151477059539808e+01 5.897753970702486549e+04 0.000000000000000000e+00
4.259489433658894995e+03 1.025027839375495375e+01 0.000000000000000000e+00 1.171744337064277452e+01 5.502124064922790421e+04 0.000000000000000000e+00
4.361178020436379484e+03 9.637347084350761151e+00 0.000000000000000000e+00 1.218324335041834239e+01 5.606368815551160515e+04 0.000000000000000000e+00
4.590120755147955606e+03 9.581698193707767430e+00 0.000000000000000000e+00 1.229860530505458449e+01 5.792210727074819442e+04 0.000000000000000000e+00
4.703987975947371524e+03 1.002927483799189190e+01 0.000000000000000000e+00 1.200012910120466714e+01 5.985722925408789160e+04 0.000000000000000000e+00
5.044698904138866965e+03 9.909941090495070881e+00 0.000000000000000000e+00 1.170729343921998300e+01 5.745777512801132980e+04 0.000000000000000000e+00
4.854614193897187761e+03 1.034617428230694536e+01 0.000000000000000000e+00 1.260111944968091002e+01 5.983724881924076908e+04 0.000000000000000000e+00
4.983536612961934225e+03 1.034218849263920248e+01 0.000000000000000000e+00 1.269337394737868507e+01 5.791717614184178092e+04 0.000000000000000000e+00
5.112961294028459633e+03 1.031175922476210616e+01 0.000000000000000000e+00 1.183169960908015916e+01 5.515069565703414264e+04 0.000000000000000000e+00
4.943755278522401568e+03 1.118939262151292802e+01 3.630997198543565840e+00 1.283391394891978976e+01 4.639775612076994094e+02 8.496598211767931730e+01
5.144104322212047009e+03 1.058868888965443311e+01 3.409969867329230464e+00 1.287810691903322891e+01 4.344565964433343765e+02 8.778363467449717916e+01
5.443855250156037982e+03 1.145902870385050143e+01 3.388722365444457818e+00 1.222796886687717510e+01 4.575428196764074755e+02 8.573503302781873003e+01
5.402495448280624259e+03 1.072826203515073118e+01 3.383802722061486357e+00 1.334371270767629092e+01 4.247359841596428396e+02 8.125510656136768262e+01
5.362366521065663619e+03 1.120660430068626390e+01 3.466990945484111020e+00 1.290855505620728749e+01 4.582829566255326199e+02 8.365583012480243497e+01
5.378482194489874928e+03 1.150928425074027395e+01 3.699006475616132050e+00 1.312784593989525739e+01 4.443964370321798469e+02 8.598000580663729409e+01
5.824249282579033206e+03 1.096877489740159106e+01 3.456059805545486974e+00 1.244726563504932670e+01 4.203856966576811942e+02 8.124440497554560636e+01
5.951191084607105950e+03 1.148273174536989849e+01 3.604755591130660353e+00 1.241935063365748704e+01 4.330952943086320488e+02 8.184658016343831832e+01
5.778453690279306102e+03 1.075440307118093308e+01 3.760328737789177644e+00 1.301656918819665165e+01 4.169264819160720208e+02 8.218569257091095892e+01
5.796212280978030321e+03 1.092861795279503845e+01 3.678811166512248487e+00 1.301011352063667914e+01 4.405085823517125618e+02 8.109827549980749950e+01
6.192430687972375381e+03 1.076747594351491522e+01 3.729960684493572654e+00 1.355931978904165014e+01 4.402728206664395998e+02 8.914584560491074683e+01
6.362648840495376135e+03 1.107596391279032133e+01 3.496899837450911708e+00 1.355284820668518009e+01 4.360571698362406323e+02 8.596048730515180125e+01
6.104027759293723648e+03 1.171745929113146900e+01 3.645083619497019534e+00 1.291194932076517787e+01 4.434298839272122450e+02 8.781533988392780543e+01
6.433345451967749796e+03 1.171960465233595095e+01 3.625218546982906798e+00 1.359024968634651920e+01 4.507303732983837676e+02 8.789602146772466540e+01
