-1.734203059951023862e-01 5.590373996564443893e+00 3.360583750566990435e+00 2.865501839818554775e+00 1.444904570115672414e+03 6.179887653475765319e+02
3.454527581273592318e+01 5.564672180239512045e+00 3.294555160917381986e+00 2.882430574148716396e+00 1.423196462308907485e+03 6.035185660395754894e+02
3.145986652530248762e+01 8.130102030407165614e+00 4.257751960781067879e+00 3.192882157129431242e+00 1.397471612588944254e+03 5.961094341653175661e+02
4.875878695817225861e+01 7.478933531843710014e+00 4.235034695705175878e+00 3.393571530679231341e+00 1.459790821955777346e+03 6.170089127981726733e+02
1.005065612105845503e+02 7.892523376401523016e+00 4.432826690274445980e+00 3.239527043537097306e+00 1.908792714532786761e+02 7.926198167212801593e+01
1.499505755843034080e+02 7.963824792795653806e+00 4.502416406234394763e+00 3.503373966769539827e+00 1.923753701371293516e+02 7.745499545114398643e+01
1.984107832551751471e+02 8.293320791418537397e+00 4.756306007097046873e+00 3.577447293978266885e+00 3.702291141190582380e+02 8.010364329467878974e+01
2.548153466134588996e+02 8.387792248231027870e+00 4.474075847545686990e+00 3.600172379177568160e+00 3.658670950531152926e+02 1.445240211034757749e+02
2.948218441324315222e+02 8.882363990013828925e+00 4.938810225248801089e+00 3.655290416425568623e+00 3.694365902189444455e+02 1.498694010580194060e+02
3.592600778757019384e+02 8.504590585279704129e+00 4.840183123582061597e+00 3.723473891821847737e+00 3.421099718278522346e+02 1.364985504365855036e+02
4.178090248327904987e+02 8.597067349982156159e+00 4.759336095808011535e+00 3.718681556970785174e+00 3.499285065100153247e+02 1.363052928045262888e+02
4.882581302231260452e+02 9.867533552476983161e+00 5.468646152147635497e+00 3.693193870068505191e+00 3.610251613744894712e+02 1.497173953648254496e+02
5.888872874788911531e+02 1.037505229198463752e+01 5.616573886579285357e+00 4.013166969973672948e+00 3.504184053600591824e+02 1.428323651511887249e+02
6.657014949249793290e+02 1.125187447893193138e+01 5.903130817353137161e+00 4.434895148025511880e+00 7.560548247096241994e+02 3.189306881432589194e+02
7.610322480728414121e+02 1.135267585810678526e+01 6.043069992253882639e+00 4.621778882743464045e+00 7.299951875470462710e+02 3.060512360947709567e+02
8.921546805896538217e+02 1.140196878686302107e+01 6.149621525863281590e+00 4.749332572578744305e+00 7.033315754992020175e+02 3.239272207627334410e+02
1.044055566227613781e+03 1.147685373149551324e+01 6.297476816165498370e+00 4.520109585516394191e+00 7.084750047467293825e+02 3.043295423445536017e+02
1.082391415446874817e+03 1.100464509853468265e+01 6.682521700925489583e+00 4.708560590081148689e+00 7.324419026176880152e+02 3.197891963299023246e+02
1.176419602451461060e+03 1.121267471611225020e+01 6.352848188758935422e+00 4.989200255264684358e+00 7.368766169368414012e+02 3.274559047832890428e+02
1.255971184092619751e+03 1.232263791260808539e+01 6.730332705127079151e+00 4.902849539534827272e+00 7.179732697482701269e+02 3.151435184341461877e+02
1.423239088195284921e+03 1.154755691277074447e+01 6.700593821963254371e+00 5.060724920991440889e+00 7.470152152528519309e+02 3.226458158574077402e+02
1.594808017580719934e+03 1.243812485993611361e+01 6.400168082812929704e+00 5.181237982773962081e+00 7.430026227289760072e+02 3.089928026298058512e+02
1.725441615609224073e+03 1.261547057800781246e+01 6.917954284992111624e+00 5.291430822076137019e+00 8.389226781897633600e+02 3.207442474665564873e+02
1.921864780588482517e+03 1.243184538981465970e+01 6.709621859582113323e+00 5.281108897719872353e+00 8.299801035734679999e+02 3.063204009553895162e+02
2.164862429668945424e+03 1.262319600858192992e+01 6.803194479774991699e+00 5.281921183369097328e+00 7.944018146110290672e+02 3.242984970061242507e+02
2.387016652602998420e+03 1.359722779441501395e+01 6.775927460218093223e+00 5.242150423927733449e+00 7.741669287719331578e+02 3.000814315612732912e+02
2.577224042759761687e+03 1.377291793927410168e+01 7.330799499953563725e+00 5.365883593687623687e+00 8.092457880439889095e+02 2.994818878995086493e+02
2.540791963359356942e+03 1.381480409069382276e+01 7.329170951056094729e+00 5.745011404561209289e+00 7.890702541476964598e+02 3.210374779733272135e+02
2.806317874986943480e+03 1.350546645240020815e+01 7.117285488687927320e+00 5.937375975353716306e+00 8.192721611029577389e+02 3.025507889136130757e+02
2.768453828596278072e+03 7.972706634776682399e+00 0.000000000000000000e+00 9.493572921929427366e+00 8.330290659293997351e+02 2.965547187874699944e+02
2.850185810474543359e+03 8.287515067942305080e+00 0.000000000000000000e+00 9.790602498156141920e+00 5.797806971616113151e+04 0.000000000000000000e+00
3.133508833129837967e+03 8.013253629819066859e+00 0.000000000000000000e+00 1.048739640836717690e+01 5.731389288962936553e+04 0.000000000000000000e+00
3.102850515048251054e+03 8.123050501798902090e+00 0.000000000000000000e+00 1.060521809028596429e+01 5.652582947045796027e+04 0.000000000000000000e+00
3.206712963162324286e+03 9.072612436504005728e+00 0.000000000000000000e+00 1.081827082725673783e+01 5.525956226073588914e+04 0.000000000000000000e+00
3.520687006215840029e+03 9.195592120202748632e+00 0.000000000000000000e+00 1.111565200534084319e+01 6.046922080198647018e+04 0.000000000000000000e+00
3.346745773959377402e+03 9.340129192440777217e+00 0.000000000000000000e+00 1.114453239159050391e+01 5.770802017047118716e+04 0.000000000000000000e+00
3.472836296423958629e+03 9.240614775360482369e+00 0.000000000000000000e+00 1.120742006744326247e+01 5.515279454890354100e+04 0.000000000000000000e+00
3.589965897815886819e+03 9.376143882761169834e+00 0.000000000000000000e+00 1.049814199958218985e+01 5.714304565992804419e+04 0.000000000000000000e+00
3.719515395466658902e+03 9.717458872669196168e+00 0.000000000000000000e+00 1.084892255102733749e+01 5.650636257522016240e+04 0.000000000000000000e+00
3.783879185507446437e+03 8.989242827932965696e+00 0.000000000000000000e+00 1.159083066734249812e+01 5.927312809588463278e+04 0.000000000000000000e+00
3.836199407919786609e+03 9.677068913029108543e+00 0.000000000000000000e+00 1.177713740128070974e+01 5.704386710659464006e+04 0.000000000000000000e+00
4.127879933079282637e+03 9.910179927423261148e+00 0.000000000000000000e+00 1.163387548871643773e+01 5.669482945470354025e+04 0.000000000000000000e+00
4.130748007361660711e+03 9.613054340953645749e+00 0.000000000000000000e+00 1.099716106374216018e+01 5.861303648722721118e+04 0.000000000000000000e+00
4.119968672068156593e+03 9.525610492015612607e+00 0.000000000000000000e+00 1.137236095990496132e+01 5.870902679689777142e+04 0.000000000000000000e+00
4.308908054760627238e+03 9.366387646799406497e+00 0.000000000000000000e+00 1.119140075088563258e+01 5.534762679619838309e+04 0.000000000000000000e+00
4.403520486595224611e+03 9.813170148554767991e+00 0.000000000000000000e+00 1.173595908857834758e+01 6.009473370995037112e+04 0.000000000000000000e+00
4.662455901195519800e+03 1.026973625461380557e+01 0.000000000000000000e+00 1.131682874510188164e+01 5.848536638373382448e+04 0.000000000000000000e+00
4.902635223677839349e+03 9.716219093285355157e+00 0.000000000000000000e+00 1.210556821781497838e+01 5.822715588545351056e+04 0.000000000000000000e+00
4.854568154054863953e+03 1.008622601147666664e+01 0.000000000000000000e+00 1.141646797636515664e+01 6.059297620379462023e+04 0.000000000000000000e+00
4.735144459259967334e+03 1.007914577973622805e+01 0.000000000000000000e+00 1.148586954565204543e+01 5.924097650472431269e+04 0.000000000000000000e+00
5.044688816275814133e+03 1.023929020737518414e+01 0.000000000000000000e+00 1.178669004069437420e+01 5.680136400081789907e+04 0.000000000000000000e+00
5.182796802552500594e+03 1.003402771448134700e+01 0.000000000000000000e+00 1.180808533150943518e+01 5.883245832852691092e+04 0.000000000000000000e+00
5.117001642394332521e+03 9.850684787844679491e+00 0.000000000000000000e+00 1.198523985818807880e+01 5.688030494986837584e+04 0.000000000000000000e+00
4.892419421533598324e+03 1.141084255763255761e+01 3.669445261895469823e+00 1.327349931009371886e+01 4.562151633260789936e+02 8.624506226497403816e+01
5.317225518524333893e+03 1.058793354415705856e+01 3.403220555358810628e+00 1.216283398541905569e+01 4.570325288790379545e+02 8.545886944679141095e+01
5.039521794359237902e+03 1.097355824554076520e+01 3.426131135628792013e+00 1.224832145103193604e+01 4.454011245768023173e+02 8.269450054257193017e+01
5.528262578649274474e+03 1.071095867768833187e+01 3.595855739274576912e+00 1.243519034250717858e+01 4.396241260052598818e+02 8.633443060012277215e+01
5.525735821643279451e+03 1.127817341499143389e+01 3.742306443143269767e+00 1.318007540229982943e+01 4.565724489312905803e+02 8.096609607173732570e+01
5.668573334253094799e+03 1.063884118215646168e+01 3.424197150965849534e+00 1.242886083429522337e+01 4.198510654988090209e+02 8.122170442112268063e+01
5.735526716798694906e+03 1.100054055267901632e+01 3.662982970218415790e+00 1.327885952143426529e+01 4.377965699768608943e+02 8.647716568804511894e+01
5.657088375067960442e+03 1.164006733195443388e+01 3.708808152359427623e+00 1.340198320597150783e+01 4.420585444649693727e+02 8.622715731402391270e+01
5.649557112871520076e+03 1.177039886907812161e+01 3.518574738688986514e+00 1.335522745397448574e+01 4.320124060846341649e+02 8.663584965794252923e+01
5.763713193127925479e+03 1.137083169768514601e+01 3.476104618365461363e+00 1.274671841253145388e+01 4.384364719947903950e+02 8.618158409173658185e+01
6.291642965895292036e+03 1.105870554725931321e+01 3.595563973401303848e+00 1.259778502188553162e+01 4.247820107743476115e+02 8.544500585469950238e+01
5.956785762906531090e+03 1.123495826343074278e+01 3.487363765369101198e+00 1.361178008128365136e+01 4.212519311585585342e+02 8.917117630679912565e+01
6.487605998916258613e+03 1.092336615544546419e+01 3.603593840738961163e+00 1.340978014110722860e+01 4.338813914068149415e+02 8.110390033162757106e+01
6.058883082670991826e+03 1.097415727181819989e+01 3.544499700115403051e+00 1.311221347867079068e+01 4.495498428128653359e+02 8.856122958348323948e+01
