-4.285960855021232474e-01 5.764083822061686568e+00 3.448403871787338648e+00 2.773757433762138458e+00 1.448688314593690166e+03 6.026316467382816882e+02
3.401681052969303920e+01 5.751029885922255502e+00 3.262005482220222685e+00 2.885908148588083311e+00 1.428348803058308476e+03 5.734985343962343904e+02
3.435694980325136783e+01 7.794368266815512314e+00 4.537610896534963523e+00 3.361886582722979799e+00 1.344619842071510675e+03 5.809112241553414151e+02
5.229912933396369823e+01 7.901550191742148677e+00 4.556033719139269245e+00 3.187355350085088190e+00 1.371854789002740972e+03 6.260076346945810428e+02
1.023285836322760503e+02 8.245889222825802278e+00 4.604411003692722382e+00 3.307999444737883543e+00 1.918116055874197627e+02 7.784474502557552000e+01
1.528437935882171814e+02 8.061580784064158678e+00 4.712726184981614885e+00 3.392193481770446439e+00 1.931000903374336417e+02 7.988523439301452811e+01
1.897947340375670251e+02 8.418496401948976526e+00 4.797277219372238832e+00 3.539382908760369428e+00 3.704220909620891007e+02 8.142126748976082240e+01
2.567172175786259913e+02 8.279312264615867889e+00 4.531079300429495582e+00 3.335584376045427124e+00 3.645783400950262489e+02 1.391286770641657142e+02
3.018087396285230284e+02 8.487651931576241537e+00 4.854270491838630797e+00 3.555687338678530818e+00 3.553598979268491576e+02 1.475262637440502544e+02
3.576184720834076529e+02 8.734009915094285148e+00 5.020120538846698288e+00 3.629909025525175803e+00 3.664050825669269784e+02 1.421357200300951149e+02
3.957679750919536446e+02 9.107647564383841043e+00 4.895408759790942810e+00 3.759578870169132614e+00 3.594221140388503954e+02 1.501368503055493022e+02
4.905673771874624549e+02 9.593316763032223804e+00 5.187214641371539869e+00 3.980579997928302305e+00 3.604234885582359311e+02 1.459920770126858542e+02
5.813521017437323053e+02 1.045305022172051856e+01 5.534078550007022201e+00 4.102096213226507082e+00 3.447680843433832933e+02 1.392915972609358448e+02
6.406717241795129212e+02 1.056605012859464132e+01 6.015521348595735951e+00 4.416598950585052918e+00 7.509902034766063252e+02 3.152193638460939837e+02
7.974097463212137882e+02 1.120938076740939060e+01 5.925862545535754755e+00 4.347260627224304841e+00 7.578459967361692406e+02 2.980690859113558986e+02
8.625344275365489466e+02 1.076517665790930778e+01 6.485865460947215055e+00 4.383143548503359632e+00 7.443029785094706767e+02 3.035468699761903508e+02
1.042504791872790292e+03 1.173079729830709361e+01 6.300263564850718367e+00 4.785197276244940845e+00 7.254163688416854257e+02 3.012523073017852653e+02
1.103223381477678458e+03 1.153853948038351440e+01 6.184346285293842449e+00 4.607252629895862484e+00 7.468180660424907273e+02 2.993278511367827832e+02
1.222961559028371767e+03 1.149747585381966175e+01 6.470750684451015644e+00 4.994996175405183259e+00 7.242039032303895283e+02 3.104286082812031964e+02
1.363492710649633182e+03 1.141453261920677775e+01 6.597151587397494410e+00 4.695680330288668713e+00 7.393866006809136024e+02 3.130752826624504905e+02
1.399571357055384851e+03 1.236562180629702645e+01 6.491192824556272001e+00 4.835321340528173195e+00 7.762082057306760134e+02 3.101243054956446485e+02
1.643287043753096896e+03 1.266741043975376080e+01 6.517915367062421694e+00 4.860855326835205048e+00 7.278854546455019090e+02 3.043890029065462954e+02
1.866470351398514140e+03 1.256414831338283733e+01 7.144714274756784000e+00 5.047813462816475472e+00 7.659031047448264644e+02 3.205874700721471413e+02
2.059772696904457916e+03 1.312218500886275052e+01 7.246624001676619464e+00 4.968038556249798177e+00 7.760858669066362836e+02 2.969774343804628529e+02
2.274147316315950320e+03 1.254702003513987307e+01 6.796289427668988914e+00 5.217020294844731509e+00 8.360314459807907497e+02 3.014761790941917639e+02
2.283784265970329216e+03 1.258474010265225651e+01 7.050537679488136256e+00 5.336254495842596590e+00 8.034661573566056632e+02 2.993314369267679353e+02
2.558913079078010014e+03 1.387583001774493496e+01 7.164951262926297915e+00 5.632083140341194394e+00 7.954049370602642739e+02 2.998932338134876545e+02
2.576252375691523412e+03 1.365550917279631804e+01 7.091769539135607481e+00 5.564540093877725191e+00 8.344544469900181412e+02 3.156486180905592960e+02
2.820561836052011586e+03 1.412590921712251202e+01 7.622645052827254908e+00 5.547055280840040403e+00 8.168292611981879645e+02 3.165170135660317783e+02
3.034746509158878780e+03 8.439983199793992696e+00 0.000000000000000000e+00 1.003950511138294033e+01 7.908266758366747808e+02 3.154330155521935808e+02
3.010610296971125535e+03 7.815179469933394962e+00 0.000000000000000000e+00 9.747767169591806891e+00 6.043658949837405089e+04 0.000000000000000000e+00
3.044407251261219699e+03 8.026413410996928732e+00 0.000000000000000000e+00 9.876100650528236713e+00 5.657187994037801400e+04 0.000000000000000000e+00
3.264885678461814678e+03 8.690018637109417909e+00 0.000000000000000000e+00 1.026382282891865216e+01 5.923747661526753654e+04 0.000000000000000000e+00
3.284368499691515808e+03 8.242515268355711910e+00 0.000000000000000000e+00 1.016324524959016884e+01 5.901806475571492774e+04 0.000000000000000000e+00
3.493525346589885885e+03 9.232406755524239728e+00 0.000000000000000000e+00 1.025864134334864985e+01 5.895258343446398794e+04 0.000000000000000000e+00
3.487209871166934136e+03 8.724079757919222189e+00 0.000000000000000000e+00 1.102309388715295313e+01 5.921639663561131601e+04 0.000000000000000000e+00
3.663276130548972105e+03 8.943587463066700494e+00 0.000000000000000000e+00 1.067106213796396830e+01 5.640531147471690929e+04 0.000000000000000000e+00
3.846635965805126943e+03 9.378487387652404195e+00 0.000000000000000000e+00 1.068786091767154289e+01 5.725353820780280512e+04 0.000000000000000000e+00
3.904080638545931834e+03 8.879659204969811981e+00 0.000000000000000000e+00 1.150426849738311219e+01 5.941874257364511868e+04 0.000000000000000000e+00
3.883212122632553928e+03 8.974318353126220060e+00 0.000000000000000000e+00 1.109819425965541662e+01 5.912977837197952613e+04 0.000000000000000000e+00
3.940143900746676081e+03 9.805887248075539020e+00 0.000000000000000000e+00 1.171693612342366819e+01 5.908898762585259828e+04 0.000000000000000000e+00
4.156623514204863568e+03 9.231640059122913300e+00 0.000000000000000000e+00 1.086328781637098118e+01 5.566815918147991761e+04 0.000000000000000000e+00
4.097533042765246137e+03 9.805887205393013062e+00 0.000000000000000000e+00 1.154649156223365125e+01 5.616208889114920021e+04 0.000000000000000000e+00
4.312929605252100373e+03 9.293205572193327768e+00 0.000000000000000000e+00 1.185250242676703714e+01 5.941113222627246432e+04 0.000000000000000000e+00
4.430107337207951787e+03 9.848695832468138178e+00 0.000000000000000000e+00 1.191753122633389772e+01 6.054379521444182319e+04 0.000000000000000000e+00
4.547436663282316658e+03 9.495272288782153680e+00 0.000000000000000000e+00 1.226173719925833261e+01 5.634772083644947270e+04 0.000000000000000000e+00
4.732259102544531743e+03 9.796314532496879224e+00 0.000000000000000000e+00 1.138256881642004714e+01 5.914897021493544889e+04 0.000000000000000000e+00
4.617421641249578897e+03 9.803129424782396129e+00 0.000000000000000000e+00 1.163467766088810507e+01 6.066131693002396059e+04 0.000000000000000000e+00
4.857133974282464806e+03 1.006060084137824617e+01 0.000000000000000000e+00 1.186404841227969698e+01 5.848304789880083990e+04 0.000000000000000000e+00
4.903212481026511341e+03 1.002943961948203722e+01 0.000000000000000000e+00 1.251371542641958179e+01 5.535017322399521800e+04 0.000000000000000000e+00
5.101342776008993496e+03 1.002563177197525590e+01 0.000000000000000000e+00 1.204115933517812564e+01 5.883207299811153644e+04 0.000000000000000000e+00
4.863331532911152863e+03 9.864444475502439857e+00 0.000000000000000000e+00 1.165434298755827847e+01 5.662699894292207318e+04 0.000000000000000000e+00
5.147792910403208225e+03 1.045780909964575223e+01 0.000000000000000000e+00 1.220767522947056349e+01 5.823367842726813251e+04 0.000000000000000000e+00
5.275259014215719617e+03 1.082084834891004910e+01 3.410462393015501803e+00 1.308826610618429775e+01 4.472853707337535525e+02 8.361029587770528337e+01
5.034262558711163365e+03 1.149814188229809986e+01 3.450898230561290525e+00 1.234997855122170662e+01 4.419933930094898642e+02 8.355555356124176569e+01
5.148817700430669902e+03 1.113074918784014677e+01 3.454575402398039063e+00 1.243843249402491047e+01 4.299338930193209762e+02 8.662667746972404359e+01
5.270616078233800181e+03 1.079460750670288505e+01 3.521622228111296327e+00 1.316366722199128603e+01 4.462092565620490632e+02 8.853656658598910667e+01
5.645911199657759425e+03 1.122085207213718405e+01 3.746533416915096115e+00 1.258918906656135306e+01 4.479454276725158479e+02 8.403186125934934125e+01
5.701704859604447847e+03 1.146550220691361055e+01 3.748451140487577771e+00 1.338902611677521115e+01 4.319032090242540107e+02 8.267223199356817531e+01
5.639443963923247793e+03 1.103378728726202240e+01 3.787391759489294074e+00 1.265267598048936648e+01 4.397629310546807346e+02 8.211981741818917158e+01
5.782360475832403608e+03 1.096303828012290715e+01 3.527160064490744151e+00 1.258004012426291141e+01 4.424567872795643666e+02 8.738970471409287200e+01
6.148938421440527236e+03 1.133278081866630771e+01 3.697229441271815631e+00 1.281545803194867084e+01 4.505995549478609519e+02 8.863749994289416634e+01
5.759673320533139304e+03 1.087438622513738729e+01 3.476957756587081949e+00 1.367130818912765555e+01 4.140790042628331094e+02 8.290024399053983473e+01
6.024161312618377451e+03 1.152409378687958963e+01 3.655823017614556747e+00 1.348420968123269503e+01 4.144534909993531642e+02 8.694678389684851538e+01
5.889913128542400045e+03 1.089460538909514931e+01 3.664257691744896572e+00 1.282889165498124129e+01 4.455407670096756760e+02 8.649205164368116527e+01
6.175606079319087257e+03 1.121499663325119300e+01 3.487764553000590961e+00 1.328916385278505174e+01 4.490541767163047098e+02 8.271995264386097801e+01
6.074892561324022608e+03 1.164268933233940650e+01 3.810105227691629626e+00 1.344274543807356714e+01 4.376104678118153402e+02 8.237334990810364843e+01
