-1.716584972744353843e-01 5.804275286491924035e+00 3.241850914160599562e+00 2.853311057887342628e+00 1.408684349820086027e+03 5.945496309480294030e+02
3.142337085786285300e+01 5.957242488542059178e+00 3.476129531159230179e+00 2.682955956670005193e+00 1.465319034347378874e+03 5.948772949709517661e+02
3.378469765791759016e+01 8.113984063589727569e+00 4.534088384186467202e+00 3.204639747151555973e+00 1.445075019190557441e+03 6.260007086405545351e+02
5.063435149478380026e+01 8.169504252243433129e+00 4.466962305707701475e+00 3.387528684990542605e+00 1.413825729581726364e+03 5.892983451819096672e+02
9.845471394062028025e+01 8.194279458546375849e+00 4.359819132296092192e+00 3.268864124131901860e+00 2.076730757982110731e+02 7.646721726919066953e+01
1.486729639052188929e+02 8.203179764929927842e+00 4.399461132252009854e+00 3.349556808412903930e+00 2.051731804863158573e+02 7.972508277051403525e+01
2.030101291383726618e+02 8.144851874319662954e+00 4.654199218085616430e+00 3.598343322078660478e+00 3.588290634804857291e+02 7.738263194874848239e+01
2.467374405318914796e+02 8.322536950285195800e+00 4.509761835374075822e+00 3.522143545327621528e+00 3.445080274716522695e+02 1.376794048149722300e+02
3.153365196331205880e+02 8.256549169927817289e+00 4.949792633175120748e+00 3.573768693857579670e+00 3.523870352314657453e+02 1.443617704791051608e+02
3.338353698731255008e+02 8.706402697806947089e+00 4.712938379867733119e+00 3.574389336646291770e+00 3.570800135341523855e+02 1.424201759217474148e+02
4.308957790018808964e+02 9.312910085234516799e+00 5.120873042914410256e+00 3.606029013019163898e+00 3.467407099409795705e+02 1.480188921432180962e+02
5.199622384538234883e+02 9.795228910558723356e+00 5.320879859154628022e+00 3.707542813595355646e+00 3.529554091743002573e+02 1.443213931644855847e+02
5.841936055542718123e+02 1.061404827110930427e+01 5.420678566888416761e+00 4.278211508491430948e+00 3.755232671894412988e+02 1.430553867943667115e+02
6.632953379317893905e+02 1.025136861748902639e+01 5.720207380724281698e+00 4.305266296747652710e+00 7.628222246814518712e+02 3.172363857332277917e+02
8.267725694053109464e+02 1.069623773571557557e+01 6.062202002511963173e+00 4.538749437951068444e+00 7.213923909715630316e+02 3.034353030079968221e+02
9.034679435565407175e+02 1.160257775166353689e+01 6.437799811794604921e+00 4.436577741845926681e+00 7.088874151697091293e+02 3.089516891757073154e+02
1.029267321186079243e+03 1.105802562389133925e+01 6.217756099230002498e+00 4.746804027762047795e+00 7.066464224687747446e+02 3.136715894410766623e+02
1.107092733453030178e+03 1.156074003547378304e+01 6.626629546315339958e+00 4.785237198525429392e+00 7.550932101204084574e+02 3.107601912904130472e+02
1.218328951874142149e+03 1.176134789727106522e+01 6.483652021626982176e+00 4.913007138914767147e+00 7.672707320400091930e+02 3.263376582545629958e+02
1.237743486702800965e+03 1.174953852109565311e+01 6.670488407636963935e+00 4.912994139474911037e+00 7.606780723490750233e+02 3.037854522578234651e+02
1.355261816878492937e+03 1.144710533398816388e+01 6.578946439126737822e+00 4.892916876046354169e+00 7.041720549764640964e+02 3.242986892306182654e+02
1.611466666958856422e+03 1.254525831132719027e+01 6.425116250204630397e+00 4.833309386236654959e+00 7.548008716735934058e+02 3.063839715445232628e+02
1.781558158608937674e+03 1.239400535985649121e+01 6.737218746818379067e+00 4.971995880255498435e+00 8.118366936580551965e+02 3.124315769396150699e+02
1.977653738452893322e+03 1.317828062238753617e+01 6.746811335031587475e+00 5.203670144786297413e+00 8.157553132570853904e+02 3.055900111767750218e+02
2.303118669033748120e+03 1.310276962061137596e+01 6.790209919909235836e+00 5.480246032665006872e+00 8.226407025901092993e+02 3.119386329148593404e+02
2.413953515629742924e+03 1.303792473091301218e+01 6.811554388290240070e+00 5.462063358813412428e+00 7.925864692969073531e+02 3.182098749064263643e+02
2.690762869428544491e+03 1.365013399492520207e+01 7.221890092193307353e+00 5.339498802362101948e+00 8.360650892005562582e+02 3.158926781566741511e+02
2.551304312119232691e+03 1.335049331041135900e+01 7.608757762456900053e+00 5.631132564848334354e+00 7.747533077993072084e+02 2.967409582193359370e+02
2.928641829354127822e+03 1.381604213198484921e+01 7.080474265802505052e+00 5.625077173863331836e+00 7.883785956766570280e+02 3.216955291344138459e+02
2.824261727293051536e+03 7.751458464985130803e+00 0.000000000000000000e+00 9.557938203154931145e+00 8.098321924733164678e+02 3.200135833671930641e+02
2.869103741911421366e+03 7.865923148239116536e+00 0.000000000000000000e+00 1.005295281972286148e+01 5.931374806242787599e+04 0.000000000000000000e+00
3.013278300421869062e+03 8.287041630506886136e+00 0.000000000000000000e+00 9.752392991381665155e+00 5.797398893340789800e+04 0.000000000000000000e+00
3.045012924822557579e+03 8.691144266741314794e+00 0.000000000000000000e+00 1.054831094247168544e+01 5.516008077842343482e+04 0.000000000000000000e+00
3.339310947337992275e+03 8.357046343210823736e+00 0.000000000000000000e+00 1.092742324348824567e+01 5.670021158385246963e+04 0.000000000000000000e+00
3.535520344580565052e+03 8.795359445822294120e+00 0.000000000000000000e+00 1.092045713704253274e+01 5.638478921760564845e+04 0.000000000000000000e+00
3.528804758022155511e+03 9.095135930058962259e+00 0.000000000000000000e+00 1.101034323717430929e+01 5.550304608991760324e+04 0.000000000000000000e+00
3.639641904642212467e+03 8.865995539299396100e+00 0.000000000000000000e+00 1.072744563398912021e+01 5.626565332940022927e+04 0.000000000000000000e+00
3.732480297354125469e+03 9.564123056879180851e+00 0.000000000000000000e+00 1.100861011848517634e+01 5.608822969258078956e+04 0.000000000000000000e+00
3.654582213028112164e+03 9.310998131100417297e+00 0.000000000000000000e+00 1.095864780444624209e+01 5.754179705749417917e+04 0.000000000000000000e+00
3.742352307848713735e+03 9.165525134920731176e+00 0.000000000000000000e+00 1.107109731677635622e+01 5.797431081099352741e+04 0.000000000000000000e+00
3.995971326801334726e+03 9.228212298402800329e+00 0.000000000000000000e+00 1.136184727866166000e+01 5.845083916731004865e+04 0.000000000000000000e+00
4.121537619933824317e+03 9.422778690807732005e+00 0.000000000000000000e+00 1.166610772583092270e+01 6.035645994737373258e+04 0.000000000000000000e+00
4.175288806244148873e+03 9.378698328539588402e+00 0.000000000000000000e+00 1.164724113770442138e+01 5.507287717365439312e+04 0.000000000000000000e+00
4.360393605729357660e+03 1.000150421650699428e+01 0.000000000000000000e+00 1.179869531816676798e+01 5.766988612780004041e+04 0.000000000000000000e+00
4.565188621523554502e+03 9.634626081535422770e+00 0.000000000000000000e+00 1.125598606281892344e+01 5.528541322090098402e+04 0.000000000000000000e+00
4.581603520741285138e+03 1.030324491858856994e+01 0.000000000000000000e+00 1.178431861082018095e+01 5.520390556969257887e+04 0.000000000000000000e+00
4.423363678572975004e+03 9.788573861196887549e+00 0.000000000000000000e+00 1.218880708211462149e+01 6.023100866338305059e+04 0.000000000000000000e+00
4.500480278143824762e+03 1.025780788020406753e+01 0.000000000000000000e+00 1.232249472515936262e+01 5.900085801620443817e+04 0.000000000000000000e+00
4.719656191134421533e+03 9.804077144512501008e+00 0.000000000000000000e+00 1.142326345656677233e+01 5.605468671564329998e+04 0.000000000000000000e+00
4.939894518485006301e+03 1.030896599161384408e+01 0.000000000000000000e+00 1.178276344691373012e+01 5.883378772244907304e+04 0.000000000000000000e+00
4.779721433953337510e+03 1.023667397569570703e+01 0.000000000000000000e+00 1.153953801098550436e+01 5.978883989947252849e+04 0.000000000000000000e+00
5.176414787646328477e+03 1.001606440618113325e+01 0.000000000000000000e+00 1.211563880349902433e+01 6.003388850535647362e+04 0.000000000000000000e+00
5.349250419808111474e+03 1.066414348159463721e+01 0.000000000000000000e+00 1.187576566165442138e+01 5.676419164871706744e+04 0.000000000000000000e+00
5.266092567315575252e+03 1.092956537140118378e+01 3.612702025938919537e+00 1.212955944716086876e+01 4.330708368583747756e+02 8.332226176463488798e+01
4.967119803594631776e+03 1.156969681530925342e+01 3.650426725342924783e+00 1.322439865878896015e+01 4.426905699181614864e+02 8.154007945004293845e+01
5.048974872263508587e+03 1.129725287002760403e+01 3.438902798994085686e+00 1.219781465529066899e+01 4.513716754336447821e+02 8.264369971833917816e+01
5.272897956204625189e+03 1.097198734418538812e+01 3.690402641709548348e+00 1.238543460242284056e+01 4.524331202104440308e+02 8.142112054843586577e+01
5.707176720247395679e+03 1.125491957963622625e+01 3.613438731219760669e+00 1.262380452096075523e+01 4.486259351710685337e+02 8.653900550659535895e+01
5.294070183062101023e+03 1.097769834946571699e+01 3.473382840833961538e+00 1.240268870719711813e+01 4.475690555569329945e+02 8.518192507306572736e+01
5.903463629947635127e+03 1.118435718174089821e+01 3.559186640328996454e+00 1.283047199722543041e+01 4.155399044967876421e+02 8.227821701878316674e+01
5.508134055521009941e+03 1.159808840269898411e+01 3.582572255488893465e+00 1.284614053250976262e+01 4.536809208160781282e+02 8.567432847788191452e+01
6.069317664720172615e+03 1.070056112408683546e+01 3.804199476631285659e+00 1.344215112954942271e+01 4.493872116730213975e+02 8.216398220120778717e+01
5.886359197684366336e+03 1.156838026101211625e+01 3.826404906297998121e+00 1.264499947671062330e+01 4.305250829252028097e+02 8.115312504037223107e+01
6.344205650887297452e+03 1.090307817990144557e+01 3.794885028351050238e+00 1.308670363702752937e+01 4.519703641410227419e+02 8.717026327112303363e+01
6.075980037258417724e+03 1.151720435312362945e+01 3.548977353575136995e+00 1.263035345080171901e+01 4.503428273483311273e+02 8.362686332906947939e+01
6.451112325885183964e+03 1.154151470912503719e+01 3.795371581848054898e+00 1.265616696637936833e+01 4.433748613663017295e+02 8.566623209452819765e+01
6.159874737713334071e+03 1.123451966288990178e+01 3.712105840994373018e+00 1.373863522030480944e+01 4.304095306961074243e+02 8.673565298106635169e+01
