1.903283859474874662e-01 5.810934573620804677e+00 3.479026249706220764e+00 2.767811312516756495e+00 1.405083591543203283e+03 6.140366512166069697e+02
3.381742558165353074e+01 5.523210146617541838e+00 3.281266700668053815e+00 2.701557097957432152e+00 1.374936640895198025e+03 5.937001293713852874e+02
3.263863367129329163e+01 7.712981712130410727e+00 4.390998990371219435e+00 3.298674699504594798e+00 1.333072410649761423e+03 6.236380384609474277e+02
4.705505098645680562e+01 7.525579925934432701e+00 4.414029612778826994e+00 3.270983129122897015e+00 1.375174535999431555e+03 5.831012641102751104e+02
1.043691435989975815e+02 8.211962329218025047e+00 4.381081612317383467e+00 3.478437112687913224e+00 1.901723860562904065e+02 8.310611853865673027e+01
1.428972773508709793e+02 8.373315993481712738e+00 4.702797386173767968e+00 3.348598453900301308e+00 1.916977341839405824e+02 7.701138196304040662e+01
2.096226315259031310e+02 8.266144648174032383e+00 4.535384852667778688e+00 3.435562760354620604e+00 3.542749835911369019e+02 8.226205816651535940e+01
2.623251649842717370e+02 8.399031556913302055e+00 4.536516810183675474e+00 3.643083247981088402e+00 3.634708333517328356e+02 1.402637563748006357e+02
3.113468951723954206e+02 8.456463581377157368e+00 4.791324417728258567e+00 3.601147111047030780e+00 3.503296110242939108e+02 1.394221480117455201e+02
3.637594874314512481e+02 9.073940887084631868e+00 5.019461290306773016e+00 3.479687009117894192e+00 3.664673613545311923e+02 1.442946334130407138e+02
4.082851920020294187e+02 8.659908683212114155e+00 5.103224153744196911e+00 3.586192817510075237e+00 3.499806924229073388e+02 1.439933358465504512e+02
4.881153314107086771e+02 9.114855813482408919e+00 5.202191499026217691e+00 3.870845347269722847e+00 3.625774260197138688e+02 1.371688422754480996e+02
6.161434608488136746e+02 1.034999157396582525e+01 5.527325609406475770e+00 4.300992074949587796e+00 3.761393201143906708e+02 1.382695439556657391e+02
6.836183331105903562e+02 1.130098549024119414e+01 5.766731085378722810e+00 4.405206660837196253e+00 7.735243771694046018e+02 2.988563773182535215e+02
8.160714034619657014e+02 1.152322168089880527e+01 6.378339612669361003e+00 4.352343261941161501e+00 7.441737888184635494e+02 2.997740932245188787e+02
9.449992849927838279e+02 1.116318792049155029e+01 6.085837951498157317e+00 4.439009270761277826e+00 7.035436981936815073e+02 3.113511778114467461e+02
1.049761014071614227e+03 1.086304080158540586e+01 6.369928657786895876e+00 4.637225988050055925e+00 7.562558093779291539e+02 3.222911571812633156e+02
1.147130924278568045e+03 1.187493870037670085e+01 6.432038379983751497e+00 4.511647269130191873e+00 7.132957695142325747e+02 3.270878780261479619e+02
1.181320498012165217e+03 1.130450061144075136e+01 6.464516336704339672e+00 4.841123115023938439e+00 7.576063234066240284e+02 3.187469332041928851e+02
1.329498781782539481e+03 1.162897420831308715e+01 6.847070668473046240e+00 4.895321569171352749e+00 7.239172130580619751e+02 3.082286601916499649e+02
1.389512572455420241e+03 1.245845017095622786e+01 6.901590041813263632e+00 4.653687011626955083e+00 7.183911814763409893e+02 3.036616322403643267e+02
1.551252805741412658e+03 1.262115182750054210e+01 6.857829219311976310e+00 5.111135379252396582e+00 7.142693287747030126e+02 3.014216059567235675e+02
1.861041551987319963e+03 1.312240702229016698e+01 6.776083200727024192e+00 4.942007424360868484e+00 8.113085214475894418e+02 3.041977786484015951e+02
1.964194564418012988e+03 1.232783398309497436e+01 6.853694824580611744e+00 5.262967833419984309e+00 8.148024856079814526e+02 3.174930735976738561e+02
2.151110529175755346e+03 1.280337195255401284e+01 6.691391583253617270e+00 5.240984621756311412e+00 7.620629199056721745e+02 3.148928199888311497e+02
2.318711671153050702e+03 1.319397699767258203e+01 6.726768266549232322e+00 5.278919430444011240e+00 8.234722850671907963e+02 3.176023988741268909e+02
2.551454101850694769e+03 1.309352432344203088e+01 7.156756835587207100e+00 5.190389103523992631e+00 7.696221141972307578e+02 3.150878528228571440e+02
2.485560932098272588e+03 1.305317454389488852e+01 7.217828014220641464e+00 5.392442458137325367e+00 7.857498768451551996e+02 3.087395938491009701e+02
2.956693776633167545e+03 1.426235521233430070e+01 7.650308032687316739e+00 5.481893830688504110e+00 7.777875909744999490e+02 3.020608144633766301e+02
2.789521712391620895e+03 7.779428562881481213e+00 0.000000000000000000e+00 9.641013431719683169e+00 7.726096263136021207e+02 3.274770190899955651e+02
2.951097605473706608e+03 8.093829601768000259e+00 0.000000000000000000e+00 1.052134164717196008e+01 5.681615885487537162e+04 0.000000000000000000e+00
2.966415133161310223e+03 8.621999821858313595e+00 0.000000000000000000e+00 1.010683977015899870e+01 5.898810887977987295e+04 0.000000000000000000e+00
3.316031640929183141e+03 8.692984619572476035e+00 0.000000000000000000e+00 1.038812870184596981e+01 5.686580853301202296e+04 0.000000000000000000e+00
3.110355059211488424e+03 8.341664909985889054e+00 0.000000000000000000e+00 1.020713647226152965e+01 6.043300636373228190e+04 0.000000000000000000e+00
3.350540457835275902e+03 9.223708714245605123e+00 0.000000000000000000e+00 1.106538937899435915e+01 5.546740981163336983e+04 0.000000000000000000e+00
3.382166356014641678e+03 9.151637823837518226e+00 0.000000000000000000e+00 1.074476503117590198e+01 5.974086270077000518e+04 0.000000000000000000e+00
3.670305710200187605e+03 9.326756669894679774e+00 0.000000000000000000e+00 1.081027627327636154e+01 5.715509055954939686e+04 0.000000000000000000e+00
3.678561486525010423e+03 8.836511184498061056e+00 0.000000000000000000e+00 1.069403470583142202e+01 5.796666650584561285e+04 0.000000000000000000e+00
3.906610953390411851e+03 9.037654183047813206e+00 0.000000000000000000e+00 1.092019161205764632e+01 5.572499101407302805e+04 0.000000000000000000e+00
3.985735597975759447e+03 9.238544294666249712e+00 0.000000000000000000e+00 1.109091472990151495e+01 5.584875524171928555e+04 0.000000000000000000e+00
3.923762477367747579e+03 9.707317490867271914e+00 0.000000000000000000e+00 1.138472981763377589e+01 5.690318712163277087e+04 0.000000000000000000e+00
4.035832400710683942e+03 9.477058612457135212e+00 0.000000000000000000e+00 1.174206720562641415e+01 6.017298912438918342e+04 0.000000000000000000e+00
4.341792921535105052e+03 9.270401349913930389e+00 0.000000000000000000e+00 1.150054950200814297e+01 5.769079759697143891e+04 0.000000000000000000e+00
4.186960710422163174e+03 9.283186898189015324e+00 0.000000000000000000e+00 1.108176395821554650e+01 5.707397106088460714e+04 0.000000000000000000e+00
4.383762545309854431e+03 9.579470051383646378e+00 0.000000000000000000e+00 1.145312187406065441e+01 5.720888298925932031e+04 0.000000000000000000e+00
4.373667124253530346e+03 1.005308689969295166e+01 0.000000000000000000e+00 1.208110112049684481e+01 5.605884472004397685e+04 0.000000000000000000e+00
4.637682342004922248e+03 1.007286339207280612e+01 0.000000000000000000e+00 1.198992345507795854e+01 6.046445427943760296e+04 0.000000000000000000e+00
4.791002128248677764e+03 9.931738225769883854e+00 0.000000000000000000e+00 1.209246162847957606e+01 5.693469366662632092e+04 0.000000000000000000e+00
4.838507205863125819e+03 9.686329475873415973e+00 0.000000000000000000e+00 1.193039883770078902e+01 6.031542002301847242e+04 0.000000000000000000e+00
4.927777332382239365e+03 1.014310743985677554e+01 0.000000000000000000e+00 1.216445236055718127e+01 5.675077991949120769e+04 0.000000000000000000e+00
5.219482949095609911e+03 9.950254351625568816e+00 0.000000000000000000e+00 1.194891247219598718e+01 6.020747511550708441e+04 0.000000000000000000e+00
4.864112065204394639e+03 1.028560082851813817e+01 0.000000000000000000e+00 1.156922486327931310e+01 5.920522902826358040e+04 0.000000000000000000e+00
5.144190642220174595e+03 9.946617788863495235e+00 0.000000000000000000e+00 1.256215465619914795e+01 5.676704890933432034e+04 0.000000000000000000e+00
5.026225898399860853e+03 1.132803769079786349e+01 3.659488593403369183e+00 1.304780185760827926e+01 4.256677210384975751e+02 8.718888888892912803e+01
4.947265788832337421e+03 1.109491268795962071e+01 3.539358464177051466e+00 1.266586990313556171e+01 4.443213341030689207e+02 8.325879226994663895e+01
5.008393497090357414e+03 1.162001809940277042e+01 3.381048822767616535e+00 1.267851860611564696e+01 4.541286237917848894e+02 8.784381337730089001e+01
5.531782977247395138e+03 1.081481344342514639e+01 3.502988998459495296e+00 1.339365574128949277e+01 4.609460188443672450e+02 8.217853414595704464e+01
5.377856694900041475e+03 1.147136334317223216e+01 3.597163792230530177e+00 1.276233192132817074e+01 4.308310169931909854e+02 8.580900296588002618e+01
5.362891862715256138e+03 1.104042501093266537e+01 3.634085383657034374e+00 1.345039563264065485e+01 4.185938704247757869e+02 8.871434147951686100e+01
5.400544221350108273e+03 1.149185690555769490e+01 3.493846787509668150e+00 1.330973770489584496e+01 4.559503824063701245e+02 8.732031193633339683e+01
5.540403597684049601e+03 1.137506658101956347e+01 3.686900806953062215e+00 1.327057149417527704e+01 4.320149907245058216e+02 8.401113324517793046e+01
6.060381878567609419e+03 1.139495681048675735e+01 3.565985130526680091e+00 1.280873639610240744e+01 4.434621935476364456e+02 8.864820986822003590e+01
6.216181108130524080e+03 1.164360456439826841e+01 3.748836670000574411e+00 1.357933913228383993e+01 4.146280803015575316e+02 8.731623057789100528e+01
6.124776146710853936e+03 1.179809705694189859e+01 3.537868124710418005e+00 1.254431025850643699e+01 4.106313504581020197e+02 8.878672623734779279e+01
6.122539483717199801e+03 1.141924394741677062e+01 3.758851191902632394e+00 1.358845612941018999e+01 4.467078571566970595e+02 8.917917836303702472e+01
6.194871400827448269e+03 1.173712770469022182e+01 3.811306248812639463e+00 1.359125286475319427e+01 4.211045968075267183e+02 8.766664479845782409e+01
6.207293639656000778e+03 1.134327459536954841e+01 3.595004951667299053e+00 1.279412973750321036e+01 4.245099783350760845e+02 8.418407296196414791e+01
