-3.950468131977512565e-01 5.738557778193078107e+00 3.516662683693728919e+00 2.936768698836432101e+00 1.453131082785146646e+03 6.266961372955618117e+02
3.313425436414200931e+01 5.520863289874840873e+00 3.485343139812044466e+00 2.920002208392297405e+00 1.415435004484208093e+03 5.799354053047742354e+02
3.168130855367918386e+01 7.858684135581770036e+00 4.255394357064646194e+00 3.333656889271112256e+00 1.391408294063716085e+03 6.086708179075368434e+02
4.749704323551468121e+01 8.094393141039258666e+00 4.380988758057713817e+00 3.238586392211689091e+00 1.370027259601324431e+03 6.004023000991563777e+02
1.003038687431345295e+02 8.290451907702603762e+00 4.384431877328673899e+00 3.244702520834613413e+00 1.960568213266555517e+02 7.926979084833244826e+01
1.444680255847526098e+02 7.964043801640508846e+00 4.326198583454134550e+00 3.361458297132266182e+00 1.939296647534522720e+02 7.676612825718657973e+01
2.020859173854728397e+02 8.359576736936341845e+00 4.584533515416939764e+00 3.588675157624090062e+00 3.577682359507661545e+02 7.727911253538414371e+01
2.487057413483744881e+02 8.290678485676952647e+00 4.772335877420444739e+00 3.398594811458765186e+00 3.422180498144909961e+02 1.431982030822582601e+02
3.011630138963214449e+02 8.283040878016683095e+00 4.644792686587447150e+00 3.425439799733111190e+00 3.530962330183542122e+02 1.389760848167609595e+02
3.394061354255201763e+02 8.358847605626470667e+00 4.850977641059984968e+00 3.596787744059829262e+00 3.733439510386978100e+02 1.489666032537394642e+02
4.098319266688205289e+02 9.242246775182163532e+00 5.108172312099225287e+00 3.577839914807374289e+00 3.428422003845675476e+02 1.484358498893744240e+02
4.754983498076177284e+02 9.449107832142978225e+00 5.522876120373017450e+00 3.692464249896892259e+00 3.678507203821824874e+02 1.439451157403035211e+02
5.770271125382346327e+02 1.065884916393511439e+01 5.437969472551411165e+00 4.266880429600505842e+00 3.720348245808245338e+02 1.499242474549966460e+02
6.838835633314821507e+02 1.126520962910372781e+01 5.916607406090506061e+00 4.480222970462313548e+00 7.554999176978468540e+02 3.038901629112746718e+02
8.346486105193193907e+02 1.061408409599500757e+01 5.986807860487768806e+00 4.571417574915992432e+00 7.336367557847612488e+02 3.051522888138969165e+02
9.382582085780410353e+02 1.094358030190911357e+01 6.491468901417931647e+00 4.440813348616784673e+00 7.686055226445982953e+02 3.094991504736389629e+02
1.015894420364529424e+03 1.170297193614292297e+01 6.503115096334386003e+00 4.851766220641115623e+00 7.340452832987157308e+02 3.103919924276689812e+02
1.076260373653037732e+03 1.174161006982413902e+01 6.336919547130196229e+00 4.761371973660375900e+00 7.449721175909527346e+02 3.118326648847677234e+02
1.154294068531458379e+03 1.149804477392958724e+01 6.424193201118079344e+00 4.535854081254005798e+00 7.480486775494464382e+02 3.236899190813901441e+02
1.286500125514533011e+03 1.133646860669305845e+01 6.649646596547837518e+00 5.048083121959210828e+00 7.756696796092622890e+02 3.154407761001988320e+02
1.332360397933038485e+03 1.251821463877383955e+01 6.473006282029028391e+00 4.655743510464953161e+00 7.213315534986292050e+02 3.161527920077249973e+02
1.587043846527208416e+03 1.202251206438913123e+01 7.061673605455304426e+00 5.019662817412802625e+00 7.070082044238700973e+02 3.036243084834409842e+02
1.773994782717899170e+03 1.233914032398005212e+01 6.915446821925482546e+00 5.110467939728501108e+00 7.870605925035285964e+02 3.122230741537126164e+02
2.057107914407362841e+03 1.316320628308351282e+01 7.180630854155437781e+00 5.240914365275727071e+00 8.050117341626286134e+02 3.030962956097355345e+02
2.191997598823063981e+03 1.284041684590803811e+01 6.721408069802315310e+00 5.141831450221840072e+00 7.939558573911727990e+02 3.258320846511332434e+02
2.357403811439521633e+03 1.378199688163208236e+01 7.072809116762621251e+00 5.218028513513372602e+00 8.366349580289611367e+02 3.083633418990115160e+02
2.706540969466158003e+03 1.332617088871671740e+01 7.416825447188498899e+00 5.315944130189032890e+00 8.205368867701578210e+02 3.195238070173447795e+02
2.668827315679762705e+03 1.406304055729423830e+01 7.008182916854694078e+00 5.359264755663153856e+00 8.317113325884918140e+02 3.156205024557017964e+02
2.876259652393432134e+03 1.364531023554836509e+01 7.382141319858934736e+00 5.785374509971748402e+00 7.618791701475684022e+02 3.190391129662619392e+02
2.755376251770408544e+03 7.710405323838921632e+00 0.000000000000000000e+00 9.900328041140602053e+00 8.330955928786515869e+02 3.150286648211700822e+02
2.979760757374020159e+03 8.111312395375923856e+00 0.000000000000000000e+00 1.048031115818121783e+01 5.876296768093859282e+04 0.000000000000000000e+00
3.096669683790403269e+03 8.740817294558166139e+00 0.000000000000000000e+00 1.040704667799429650e+01 5.982150993174978066e+04 0.000000000000000000e+00
3.107388039825116721e+03 8.853708274094707065e+00 0.000000000000000000e+00 1.043694103882172364e+01 5.524970918848498695e+04 0.000000000000000000e+00
3.235973308496845675e+03 9.023520368768002342e+00 0.000000000000000000e+00 1.035964364077439726e+01 6.032634236377759225e+04 0.000000000000000000e+00
3.494545988851428319e+03 9.205145657739160825e+00 0.000000000000000000e+00 1.016156161391842794e+01 5.641086012825473153e+04 0.000000000000000000e+00
3.508884192897844969e+03 9.161081233830529413e+00 0.000000000000000000e+00 1.116761069069966084e+01 5.773244249863201549e+04 0.000000000000000000e+00
3.665619796859206872e+03 8.700194053031781394e+00 0.000000000000000000e+00 1.070961006083968314e+01 5.754638430073278141e+04 0.000000000000000000e+00
3.837697094366634701e+03 8.995409286165042317e+00 0.000000000000000000e+00 1.147324353576672173e+01 5.890973195197055611e+04 0.000000000000000000e+00
3.868750178678061729e+03 9.472508782755300061e+00 0.000000000000000000e+00 1.061750848399217872e+01 5.587120996695002395e+04 0.000000000000000000e+00
3.838003901005202351e+03 9.302416137245815619e+00 0.000000000000000000e+00 1.139194154806397918e+01 5.801646800605390308e+04 0.000000000000000000e+00
3.820955925652862334e+03 9.054666999200538413e+00 0.000000000000000000e+00 1.121372526704938544e+01 5.493280516035811161e+04 0.000000000000000000e+00
3.913606359300490112e+03 9.569823902302172058e+00 0.000000000000000000e+00 1.082171481794020096e+01 5.821513829087226623e+04 0.000000000000000000e+00
4.100280002872283148e+03 9.632542040530566396e+00 0.000000000000000000e+00 1.140541881921723899e+01 5.999670104525074566e+04 0.000000000000000000e+00
4.288185388061067897e+03 1.021646169088516487e+01 0.000000000000000000e+00 1.122982458109648896e+01 6.044872506355418591e+04 0.000000000000000000e+00
4.514899850963932295e+03 1.002809363311651758e+01 0.000000000000000000e+00 1.170334827869543126e+01 6.023642168172878155e+04 0.000000000000000000e+00
4.498867561387505702e+03 9.726284681520963815e+00 0.000000000000000000e+00 1.145446175595088611e+01 5.641954273118242418e+04 0.000000000000000000e+00
4.688749296670656804e+03 9.930157009740936402e+00 0.000000000000000000e+00 1.149209954115069898e+01 5.532269179056128633e+04 0.000000000000000000e+00
4.502125165026163813e+03 9.795213980727867309e+00 0.000000000000000000e+00 1.133785730367351086e+01 5.938219273595034610e+04 0.000000000000000000e+00
4.573261387978218409e+03 1.039481666674498683e+01 0.000000000000000000e+00 1.212917475808020740e+01 5.623350193617399054e+04 0.000000000000000000e+00
4.833532366163349252e+03 1.005336937799981278e+01 0.000000000000000000e+00 1.190838459821255135e+01 6.047969359891983913e+04 0.000000000000000000e+00
5.097545296199596123e+03 1.054882513213567918e+01 0.000000000000000000e+00 1.153997352536247334e+01 5.884719964176839130e+04 0.000000000000000000e+00
5.016480229006408081e+03 1.034068412496933398e+01 0.000000000000000000e+00 1.256656565578177798e+01 5.893029393808469467e+04 0.000000000000000000e+00
5.341311034594869852e+03 1.039750384705419428e+01 0.000000000000000000e+00 1.205201230964575387e+01 5.793837404361991503e+04 0.000000000000000000e+00
5.247840921241177966e+03 1.154722903156821978e+01 3.341775927716035266e+00 1.220079699595682676e+01 4.593547840679836440e+02 8.076132179654136678e+01
5.135237705102189466e+03 1.122095474181632113e+01 3.553194591728493279e+00 1.231037965161344339e+01 4.616922615512158927e+02 8.464990463491852779e+01
5.060416242589601097e+03 1.053234322343467433e+01 3.613059737053748943e+00 1.240615464472588769e+01 4.231562444409372006e+02 8.775172795116445457e+01
5.431473920556723897e+03 1.134217297319286999e+01 3.673634269082182158e+00 1.314453358184440823e+01 4.546492139958014036e+02 8.187194654088938250e+01
5.549376672456123742e+03 1.159692309182129044e+01 3.708560375591230418e+00 1.246576695921673839e+01 4.291497801683021862e+02 8.530473119727388109e+01
5.473532548413774748e+03 1.108293937627932912e+01 3.501750250388068864e+00 1.281397557137058030e+01 4.519446669536580430e+02 8.858809927403989093e+01
5.606357436767362742e+03 1.065018745998678007e+01 3.646374804971619366e+00 1.308190707470216196e+01 4.296844328901648851e+02 8.871688290068746596e+01
5.931727723834220342e+03 1.104523487384168412e+01 3.700781711313298139e+00 1.252190748682525090e+01 4.495344638005210527e+02 8.631595188808005048e+01
5.783528851001124167e+03 1.100902834935312846e+01 3.770087996179165124e+00 1.258342523263835666e+01 4.121466519248485270e+02 8.843608846128179835e+01
6.206024064988968348e+03 1.072155952637746523e+01 3.476479415936387429e+00 1.367028328010915494e+01 4.194372406609393238e+02 8.795793260484458642e+01
6.236198547043720282e+03 1.157718986741363487e+01 3.737171828070420254e+00 1.331387410325234910e+01 4.379660650020211392e+02 8.523286680087826994e+01
6.356151920478427201e+03 1.168249055787982904e+01 3.590483065631303816e+00 1.318925995452279309e+01 4.422277981081646203e+02 8.692325874692119214e+01
6.532331495847527549e+03 1.128980953955173661e+01 3.848041148162905767e+00 1.369985381434359439e+01 4.359487330985066933e+02 8.309024608167375447e+01
6.382397941288506445e+03 1.086398634455749068e+01 3.682960871719092921e+00 1.288725091928804822e+01 4.495443353780388520e+02 8.267747470163541834e+01
