-3.280691556487440597e-01 5.567182875305788592e+00 3.454580620102384092e+00 2.908001795026719627e+00 1.372184966548817329e+03 5.806225933513986774e+02
3.373893032196036756e+01 6.053649265196430207e+00 3.193713431256890445e+00 2.865721736231408467e+00 1.341008044817357586e+03 6.126182335594205597e+02
3.452270056743181215e+01 7.840207234154947358e+00 4.420915137254844751e+00 3.318253778201640358e+00 1.363109664938879177e+03 6.001380401563756095e+02
4.983188439569365613e+01 8.082874545005807931e+00 4.467708872671917852e+00 3.199714641892688061e+00 1.397683973446837399e+03 5.709438503825986118e+02
9.629464319599040323e+01 7.762117216760721305e+00 4.595791711830564452e+00 3.350446460148536865e+00 2.020977870975687267e+02 8.016532982383793637e+01
1.579794430020592984e+02 8.258755408511735396e+00 4.624023912101598022e+00 3.553078883613824512e+00 1.959370527158853861e+02 7.775739847724379672e+01
2.000581589533531144e+02 8.139223339445253558e+00 4.703750780444819313e+00 3.404810864198922982e+00 3.698317509838518049e+02 8.334824043652923820e+01
2.449925804201282062e+02 8.034294257415979246e+00 4.855723385612868093e+00 3.514603330636158152e+00 3.754565678015360959e+02 1.434472883510463532e+02
3.118416844729656532e+02 8.530703746397167109e+00 4.754066973498820126e+00 3.682388762544041683e+00 3.539132665508432751e+02 1.467313366024755794e+02
3.580103485687686202e+02 8.569168379753454801e+00 4.873975253723867418e+00 3.441142902569554352e+00 3.776562529949505915e+02 1.408315997696301451e+02
4.033173763709188506e+02 9.360412777264375705e+00 4.870772656047780202e+00 3.500307882602754717e+00 3.527114266103952787e+02 1.373035087197334576e+02
4.953751612991894149e+02 9.538410149240966973e+00 5.479272266376563394e+00 4.049095942865237774e+00 3.522281273677130571e+02 1.394150433506338516e+02
6.281554659688177935e+02 1.023174017611731301e+01 5.581894243183508131e+00 4.165965903022730288e+00 3.622498226231860485e+02 1.493507436402632891e+02
6.457768021528597728e+02 1.042721339675249759e+01 5.924112648533099268e+00 4.440957384665195740e+00 7.241244265662274984e+02 3.245257806090616555e+02
7.818644022987531343e+02 1.090425769496611963e+01 6.006910556823240377e+00 4.329932125300221202e+00 7.288265491144617272e+02 3.153339016779210624e+02
8.705249425150125262e+02 1.119599192108266550e+01 6.055716686763958023e+00 4.348718054191499149e+00 7.493233807223031135e+02 3.087211640726598603e+02
1.017517817492290305e+03 1.102806023399154256e+01 6.300777468483222066e+00 4.716824702390722379e+00 7.649403368519707556e+02 3.051369020598991142e+02
1.070083982951814960e+03 1.100542652684231548e+01 6.738088907052242504e+00 4.875806463555115045e+00 7.468569917496224662e+02 3.002151210976243760e+02
1.198895344905560250e+03 1.218863481677453109e+01 6.398060014150540376e+00 4.629193933587020915e+00 7.444848375318942999e+02 3.012623296257817174e+02
1.266810046724815720e+03 1.147560530810754997e+01 6.261932909416689341e+00 5.043742579899750389e+00 7.133742439578253425e+02 3.111873090510096631e+02
1.439457861523536621e+03 1.186341325589473961e+01 6.312967877687532869e+00 4.665331835370874813e+00 7.631031254774901527e+02 3.188168222976747757e+02
1.624315993998462773e+03 1.192029746378912414e+01 6.472644346006790173e+00 5.021222205423399032e+00 7.740965949513202986e+02 3.210130529276848392e+02
1.842063292035807308e+03 1.294206803418893159e+01 6.682110268520329299e+00 5.295885439774549397e+00 7.660099476527311708e+02 3.111520324173779954e+02
2.017640561571019589e+03 1.255946153589488112e+01 6.748858140064795563e+00 4.985508653063111417e+00 7.665059756088475069e+02 3.088906222978340566e+02
2.224404227644932234e+03 1.314728395556418938e+01 7.297577974551960445e+00 5.435198727633228977e+00 7.971540358007337090e+02 3.037166678079788653e+02
2.377385897366026711e+03 1.337516698396187032e+01 7.131791198080338567e+00 5.489865236760704370e+00 8.282044762793238988e+02 3.155998657298132457e+02
2.513737264665539442e+03 1.352509903513539236e+01 7.102564350101719270e+00 5.192082554979365661e+00 8.107719641061418088e+02 3.119658820974983655e+02
2.494452595108200967e+03 1.372916131940106688e+01 7.516384202080568677e+00 5.441326267244863679e+00 7.798392628450874327e+02 3.144791104659698249e+02
2.797381764855585516e+03 1.402813373830954902e+01 7.306012752748592298e+00 5.545310532305864015e+00 7.831367521937174843e+02 3.023845247549855912e+02
3.038466602390487878e+03 8.223598884351645211e+00 0.000000000000000000e+00 1.011784823482771145e+01 8.230738061885688239e+02 3.077701083484948867e+02
2.873714830561274539e+03 7.814593099102252971e+00 0.000000000000000000e+00 9.703082038534697418e+00 5.907785295326194318e+04 0.000000000000000000e+00
3.029252231502211544e+03 8.434253583342723459e+00 0.000000000000000000e+00 9.711384539188614440e+00 5.652661672401975375e+04 0.000000000000000000e+00
3.213834471088368900e+03 8.311583737384818704e+00 0.000000000000000000e+00 9.888544148665156186e+00 5.577171091882118344e+04 0.000000000000000000e+00
3.112022688578797897e+03 8.414516321199656090e+00 0.000000000000000000e+00 1.046042833087854085e+01 5.915357316585290391e+04 0.000000000000000000e+00
3.317489770846609645e+03 8.528101248106830568e+00 0.000000000000000000e+00 1.062633163487780052e+01 5.959808951986345346e+04 0.000000000000000000e+00
3.638023443802171187e+03 9.092376663058436392e+00 0.000000000000000000e+00 1.032846062288446376e+01 5.943974434745357576e+04 0.000000000000000000e+00
3.579120478568342151e+03 9.392960542448669514e+00 0.000000000000000000e+00 1.059387446246777742e+01 5.869602741915328806e+04 0.000000000000000000e+00
3.717047760828863829e+03 9.220297028609170553e+00 0.000000000000000000e+00 1.081023338949856871e+01 5.614255006762127596e+04 0.000000000000000000e+00
3.819652381295429223e+03 9.704869920070812839e+00 0.000000000000000000e+00 1.114474308565087313e+01 5.969801994790917524e+04 0.000000000000000000e+00
3.844924420375610680e+03 9.753923291269870788e+00 0.000000000000000000e+00 1.103588847764120118e+01 5.950059288172004017e+04 0.000000000000000000e+00
3.952530171596821674e+03 9.470957823690779875e+00 0.000000000000000000e+00 1.126100810776799932e+01 5.783947343354822806e+04 0.000000000000000000e+00
4.126984562722819646e+03 9.570233253497251624e+00 0.000000000000000000e+00 1.190846563714773865e+01 5.592284527174756658e+04 0.000000000000000000e+00
4.359218418020250283e+03 9.724544539860644932e+00 0.000000000000000000e+00 1.163852330067749996e+01 5.891156741556423367e+04 0.000000000000000000e+00
4.436330408285887643e+03 9.630884480716993323e+00 0.000000000000000000e+00 1.176680991019252076e+01 5.529686006135318166e+04 0.000000000000000000e+00
4.579991357725323724e+03 9.415813395688093834e+00 0.000000000000000000e+00 1.121918020099005453e+01 5.828309084767006425e+04 0.000000000000000000e+00
4.547440153746854776e+03 1.000106297114387743e+01 0.000000000000000000e+00 1.231659757158185542e+01 5.978476745805432438e+04 0.000000000000000000e+00
4.414369164803910280e+03 9.507175441058505427e+00 0.000000000000000000e+00 1.180000026467858021e+01 5.924209534338292724e+04 0.000000000000000000e+00
4.517882421896080814e+03 9.595258494144569994e+00 0.000000000000000000e+00 1.246618177359055224e+01 6.063906552296496375e+04 0.000000000000000000e+00
4.707482762748958521e+03 1.004163016817150123e+01 0.000000000000000000e+00 1.169231855345977245e+01 5.651364561041426350e+04 0.000000000000000000e+00
4.806850895869242777e+03 1.000823026703797503e+01 0.000000000000000000e+00 1.187793156709027720e+01 5.891422944492810348e+04 0.000000000000000000e+00
5.111992246669483393e+03 1.039979213328463814e+01 0.000000000000000000e+00 1.164143044476825928e+01 5.709880165617149032e+04 0.000000000000000000e+00
4.839432174829921678e+03 1.028666106374485523e+01 0.000000000000000000e+00 1.168836780941790465e+01 5.604319042050041753e+04 0.000000000000000000e+00
5.179412023363394837e+03 1.065751891030932974e+01 0.000000000000000000e+00 1.263512703599665699e+01 5.623166325603654695e+04 0.000000000000000000e+00
5.050876192486920445e+03 1.072517573238266486e+01 3.613159226033269444e+00 1.315631397834300209e+01 4.669708060300067700e+02 8.875431899909906974e+01
5.280456533535458220e+03 1.148212092688038233e+01 3.642725360985576977e+00 1.255713364138276411e+01 4.351354450225747996e+02 8.398953005027118479e+01
5.481836955984271299e+03 1.130361473987372278e+01 3.435925146496128235e+00 1.226783836874328770e+01 4.581632608162859697e+02 8.369359895152992124e+01
5.558842300817583236e+03 1.080582576212573898e+01 3.429436412093601838e+00 1.264567537436478517e+01 4.460088106932295204e+02 8.461835148489981862e+01
5.603480932197409857e+03 1.119238477158833156e+01 3.679269363235573742e+00 1.317491694466387386e+01 4.465076988184399625e+02 8.211450732873579739e+01
5.326723034164710043e+03 1.128632628442763775e+01 3.534992417292989852e+00 1.233077520768642366e+01 4.475249223946516963e+02 8.848804838710002230e+01
5.761073919408891925e+03 1.106621679610655029e+01 3.493234444234960989e+00 1.322032791099339732e+01 4.397269100385767615e+02 8.802103001657226855e+01
5.533288829570709822e+03 1.169456415039156028e+01 3.772718998116014522e+00 1.283824077424150012e+01 4.354803029624508213e+02 8.205991199439449701e+01
6.164955362149282337e+03 1.073913798115566287e+01 3.589595638298409774e+00 1.254930457017718304e+01 4.539372705972401150e+02 8.488543758569451825e+01
6.217797087509126868e+03 1.165292148106517267e+01 3.542154766172206148e+00 1.281099006735189860e+01 4.253204999147703802e+02 8.140227842939015090e+01
6.090761798404046203e+03 1.076895493295993589e+01 3.764319993698407973e+00 1.336007219327317763e+01 4.370185445413280831e+02 8.621463520242895129e+01
6.121292857093287239e+03 1.163137335764423419e+01 3.494592147563619910e+00 1.270551824879632896e+01 4.124099204367839206e+02 8.347607306818937900e+01
6.020525222336849765e+03 1.155729897434069997e+01 3.784064187337241592e+00 1.365198714780216704e+01 4.238854413181330756e+02 8.807189302187758528e+01
6.543635751180244370e+03 1.100563536051121183e+01 3.630635078645379377e+00 1.277301280020908791e+01 4.136632645036887084e+02 8.224675530563105497e+01
