-3.348180586743062515e-01 5.649308759931809476e+00 3.305083384962107296e+00 2.802757198934597405e+00 1.341043765231252337e+03 5.842525864622849667e+02
3.460353810827393772e+01 6.047628255846998258e+00 3.485701935908359861e+00 2.823974862459063928e+00 1.434498155464633783e+03 5.868770282427609573e+02
3.399800996485581805e+01 8.056874222026156218e+00 4.220830810414240908e+00 3.422003225806370619e+00 1.351888230632114983e+03 5.702058219777895829e+02
5.272535621791173099e+01 7.815030276358687189e+00 4.161979808017045812e+00 3.216760902525050092e+00 1.398878777245243555e+03 5.976761425808310833e+02
1.030427659771923317e+02 7.972940493228607650e+00 4.310494128855874685e+00 3.368105004338693309e+00 2.040939746495560314e+02 8.334207690025036186e+01
1.547304340010001624e+02 7.784294574435553393e+00 4.680244569444421465e+00 3.475768331436508873e+00 1.932732109744521267e+02 7.945034046022746566e+01
2.002934157416477490e+02 8.155149657086349535e+00 4.725815429108321197e+00 3.438476846472804382e+00 3.651435341456211177e+02 8.056986845688260246e+01
2.574837441673733451e+02 8.054869629900098360e+00 4.778090690635023563e+00 3.510560281605294097e+00 3.744109679932441850e+02 1.435666870615424955e+02
3.136708788439843829e+02 8.942328393713655288e+00 4.940126014018103362e+00 3.555326321879773488e+00 3.723369573761852962e+02 1.446199684004176618e+02
3.619024362515816051e+02 9.121930477257091496e+00 4.866152049951068648e+00 3.450893344024553056e+00 3.491420600840195902e+02 1.456118888183850970e+02
4.069895759984735264e+02 8.669856161965425301e+00 4.799189836475086679e+00 3.549574862644648388e+00 3.776247680217402944e+02 1.464434949125770515e+02
4.990122710012448124e+02 9.827037029440305105e+00 5.129949069044467791e+00 3.812894066205029908e+00 3.756940668898519107e+02 1.375765330600945333e+02
6.018914510166143828e+02 1.022712538260014270e+01 5.740584055530126406e+00 4.014681455340489258e+00 3.742519204170609441e+02 1.432311380306493902e+02
6.654730924392911220e+02 1.037553481100900932e+01 6.047741304366351933e+00 4.324919005269220129e+00 7.564704472207354229e+02 3.273214398622496333e+02
7.840853290373502205e+02 1.137581813595732427e+01 6.170963278748255121e+00 4.621947182150592859e+00 7.742771713222090284e+02 3.269644541311539001e+02
8.578807259095915470e+02 1.151077973429094392e+01 6.503068908492846134e+00 4.703970956163822770e+00 7.182009341991323481e+02 3.128340669997936629e+02
1.032134021184883068e+03 1.159104664215042924e+01 6.481321587015195007e+00 4.875115462396080623e+00 7.152298202978010977e+02 3.175462368766594068e+02
1.105465776753364253e+03 1.196962827621795533e+01 6.181716299278092741e+00 4.864453308731957470e+00 7.426162078826984043e+02 3.257272727153380174e+02
1.188885200931274767e+03 1.125497505040061696e+01 6.580514262269075765e+00 4.916024109025734390e+00 7.241084929093938172e+02 2.977956824015540747e+02
1.353558156652719163e+03 1.184613850800366919e+01 6.392745352933179248e+00 4.754925080896390988e+00 7.743393158236419822e+02 3.006110113071366641e+02
1.386110080174503764e+03 1.213926644278955180e+01 6.679341516873708251e+00 5.040226596966780548e+00 7.230387774353276882e+02 3.044909533594283175e+02
1.570167733206549656e+03 1.230431068348684320e+01 6.756206649675736031e+00 4.869635903757089324e+00 7.610074879131866510e+02 3.164752361146697694e+02
1.804347354549482134e+03 1.212366384040633882e+01 7.092876285021755933e+00 5.209876800078428793e+00 8.079726802541406414e+02 3.164326363942321336e+02
2.058794406471769435e+03 1.342889091381095312e+01 6.934051701286607639e+00 5.408220531934709641e+00 8.354594354166945323e+02 3.072654884277636711e+02
2.285528112632535340e+03 1.350330250553955480e+01 7.044958940818356830e+00 5.342553711945186912e+00 7.759106951346175265e+02 3.214374515529264613e+02
2.325228219773293858e+03 1.263028382402137950e+01 6.952912935192093080e+00 5.429287003633901598e+00 8.335817808794517987e+02 3.087485044376267069e+02
2.629581218577128766e+03 1.337628723257072849e+01 7.151398401237397451e+00 5.151074709611069835e+00 8.379676908175376866e+02 3.170943942088898098e+02
2.617589041254556378e+03 1.413951390089748550e+01 7.026897815729181040e+00 5.650589937017757691e+00 8.135518185952871590e+02 2.985153192785991223e+02
2.910001300666895077e+03 1.397713801212018758e+01 7.614018287570810450e+00 5.484556210457151693e+00 7.888573858778291878e+02 3.241265122119801276e+02
2.985875326583382503e+03 8.129465592726015544e+00 0.000000000000000000e+00 9.963082170048190633e+00 7.800761605216197268e+02 3.110022388158187141e+02
2.981366890197598423e+03 8.108638695635596250e+00 0.000000000000000000e+00 9.907597789381767939e+00 5.973169785145892820e+04 0.000000000000000000e+00
2.942511083427020822e+03 8.151758016876057056e+00 0.000000000000000000e+00 1.023759503174487939e+01 5.690216105008358863e+04 0.000000000000000000e+00
3.029345708494857718e+03 8.120699237505569101e+00 0.000000000000000000e+00 1.054219448976485296e+01 5.700889129184844933e+04 0.000000000000000000e+00
3.392378788616965267e+03 8.501194114386834144e+00 0.000000000000000000e+00 1.054236810044991124e+01 5.558464013563959452e+04 0.000000000000000000e+00
3.521614611174823949e+03 9.070689010224530335e+00 0.000000000000000000e+00 1.017817927220213470e+01 5.970324075509994873e+04 0.000000000000000000e+00
3.555768543053211943e+03 8.903539406842373438e+00 0.000000000000000000e+00 1.124972367621715819e+01 5.865122942604785931e+04 0.000000000000000000e+00
3.672449577509952178e+03 8.915398619828724947e+00 0.000000000000000000e+00 1.037526278169639404e+01 6.038385232754319441e+04 0.000000000000000000e+00
3.817616038767160262e+03 9.218963135051799540e+00 0.000000000000000000e+00 1.103158194261753344e+01 5.757077111926148791e+04 0.000000000000000000e+00
3.812646230170689705e+03 9.326143668235742368e+00 0.000000000000000000e+00 1.084535936589158922e+01 6.046298207447569439e+04 0.000000000000000000e+00
3.979969207730615835e+03 9.746036104504829822e+00 0.000000000000000000e+00 1.172160593912545501e+01 5.583209123511218058e+04 0.000000000000000000e+00
3.937924269250806901e+03 9.933462695521116714e+00 0.000000000000000000e+00 1.148027724327943133e+01 5.970641806122240814e+04 0.000000000000000000e+00
4.171062888741599636e+03 9.605095378315235521e+00 0.000000000000000000e+00 1.165378554423783442e+01 5.828981208655561204e+04 0.000000000000000000e+00
4.119703002949992879e+03 9.378290226128010332e+00 0.000000000000000000e+00 1.203636476744148531e+01 6.012433434175545699e+04 0.000000000000000000e+00
4.150554440878249807e+03 9.935867695063334892e+00 0.000000000000000000e+00 1.142506043750278799e+01 5.629564670685234159e+04 0.000000000000000000e+00
4.351181575855885967e+03 9.888974233708164974e+00 0.000000000000000000e+00 1.143903908559912352e+01 5.642804428424104117e+04 0.000000000000000000e+00
4.433678975544363311e+03 9.496781631326813411e+00 0.000000000000000000e+00 1.228483408996424409e+01 5.787458428140782780e+04 0.000000000000000000e+00
4.357505118682526700e+03 1.017765585212117330e+01 0.000000000000000000e+00 1.193882086973058421e+01 5.540371584116158192e+04 0.000000000000000000e+00
4.627313454866126449e+03 1.044582911013205440e+01 0.000000000000000000e+00 1.205335555277376969e+01 5.775214931005376275e+04 0.000000000000000000e+00
4.628908736266840606e+03 9.870308445841136091e+00 0.000000000000000000e+00 1.222990402570997048e+01 5.776210367391068576e+04 0.000000000000000000e+00
5.000269018390309611e+03 9.950655199180246768e+00 0.000000000000000000e+00 1.192646897766216441e+01 5.537371539653231594e+04 0.000000000000000000e+00
4.822165373426856604e+03 9.992046116356133822e+00 0.000000000000000000e+00 1.249823385871202142e+01 5.569912669806169288e+04 0.000000000000000000e+00
5.023892974536473048e+03 1.020880778625813967e+01 0.000000000000000000e+00 1.224061444299341872e+01 5.918573032835723279e+04 0.000000000000000000e+00
5.376452238569630936e+03 1.014758505211258566e+01 0.000000000000000000e+00 1.186709542255072414e+01 5.508510838981704728e+04 0.000000000000000000e+00
5.365275081275735829e+03 1.076305546152872594e+01 3.656623508946996726e+00 1.305775199673025710e+01 4.234586471268004289e+02 8.082479575070058786e+01
4.989433640234295126e+03 1.049328036285651145e+01 3.680109222750386433e+00 1.264663341484136083e+01 4.636872521156402627e+02 8.099825293074583499e+01
5.261321847159784738e+03 1.151320969698336860e+01 3.441159285895500020e+00 1.262296349171624854e+01 4.222231464608716465e+02 8.911209347583202600e+01
5.376485339047358138e+03 1.066823931733567754e+01 3.593185931942176836e+00 1.327332604104251956e+01 4.379906643552142214e+02 8.861158816307343500e+01
5.616414027697943311e+03 1.095520823308315883e+01 3.757451386397605564e+00 1.293257095251694366e+01 4.374185593359466679e+02 8.192547288867098132e+01
5.739270920149127051e+03 1.086325719909427612e+01 3.503839823626313077e+00 1.314621539722809196e+01 4.230490490401091961e+02 8.658681473763789427e+01
5.746959896678615223e+03 1.134363665673388866e+01 3.580544251324401461e+00 1.306771608415076003e+01 4.295671740175862396e+02 8.588530009919256258e+01
5.554239020646736208e+03 1.094991890433051651e+01 3.500358451320451536e+00 1.325621995526368835e+01 4.278235307668457494e+02 8.775597047288822239e+01
6.040052582118232749e+03 1.162461151123738823e+01 3.669975371990870983e+00 1.269624203315102839e+01 4.305950782230792129e+02 8.597608636427547424e+01
6.126345964925907538e+03 1.155776859613190055e+01 3.641906848196734270e+00 1.245291606156080455e+01 4.285014873873623742e+02 8.602133977987634239e+01
5.914665662802054612e+03 1.105963263171471489e+01 3.741518265177569358e+00 1.300929825888125357e+01 4.225656115741765007e+02 8.102626663094549997e+01
5.865366365618129748e+03 1.095264823262017373e+01 3.596770488918144881e+00 1.305299837810752273e+01 4.274285228097378422e+02 8.096568132757705882e+01
6.285081394337736128e+03 1.175693543739797242e+01 3.748033731334719842e+00 1.306995175967648670e+01 4.113974769980756605e+02 8.430366525770122621e+01
6.234324078665910747e+03 1.070384541721830018e+01 3.592357538090160229e+00 1.328525641959805625e+01 4.443760665580736600e+02 8.601615855839618519e+01
