-2.061283636881314774e-01 5.745850484430537364e+00 3.303778931152856035e+00 2.695167158782588945e+00 1.437963378542627652e+03 5.932681797638769012e+02
3.180197931160896729e+01 5.811127547360322332e+00 3.331279941394645228e+00 2.796462533278042173e+00 1.382913636404642830e+03 6.075362557436035331e+02
3.140476320661565524e+01 7.814556980933006436e+00 4.541252660529587537e+00 3.215227325614999465e+00 1.398509162872851221e+03 5.910216213254410604e+02
5.275385520996368882e+01 7.481839343392739927e+00 4.388338573327048131e+00 3.350649159465851401e+00 1.466289646580708677e+03 6.236047841277548969e+02
9.588925054189027719e+01 8.118250541353484451e+00 4.559901414494136773e+00 3.354925664722698819e+00 2.099705108255816981e+02 7.637945530318032183e+01
1.505813804805052882e+02 8.413219706703856104e+00 4.489327374916221913e+00 3.481597543082513013e+00 2.000193262301963557e+02 8.338471197392202328e+01
2.096181533567262250e+02 8.510588260943539041e+00 4.815821216594264875e+00 3.547096630416091134e+00 3.483408983350130370e+02 8.057419300294620257e+01
2.543361584124374417e+02 8.554521755123515092e+00 4.681781485505021934e+00 3.560150195489434122e+00 3.611009968695717021e+02 1.444252592883987631e+02
2.927292601233160667e+02 8.749813552746452672e+00 4.887353580000112885e+00 3.661841300132411270e+00 3.526452142980464259e+02 1.366227144516214764e+02
3.568308004457037441e+02 8.937764231711282648e+00 4.836346759687012664e+00 3.556052259109449221e+00 3.567127052205253790e+02 1.384266447628306480e+02
4.337071357097354962e+02 8.581278453112402005e+00 4.981101069556316041e+00 3.617879834583843213e+00 3.477351907194251339e+02 1.420498442587494878e+02
5.248762229227751277e+02 9.730543186285339985e+00 5.131988899485567579e+00 3.760270359331856493e+00 3.723680572083718516e+02 1.373086399240456217e+02
5.783921142290538455e+02 1.022478321584521943e+01 5.439426037707276507e+00 4.271399732062988619e+00 3.580784494992889222e+02 1.488981165495850121e+02
6.918057724547867338e+02 1.126319637333412693e+01 6.267454493514220459e+00 4.366245337417926642e+00 7.267315000360852082e+02 3.238587903533233430e+02
7.864527293503921328e+02 1.047648942194317101e+01 6.193021401743710186e+00 4.295727258137967297e+00 7.082840703584582798e+02 3.172410654646876083e+02
9.318861921013442497e+02 1.139588443271669682e+01 6.511630796364213047e+00 4.416002124599658352e+00 7.544479969889007407e+02 3.243604847660569703e+02
1.033495339986331373e+03 1.146456915946139077e+01 6.090793654990163120e+00 4.499237741174622052e+00 7.517348964154773512e+02 3.212944133894463334e+02
1.114417273844185729e+03 1.171291593746394710e+01 6.357016352431496209e+00 4.614020791123431664e+00 7.052843350014720727e+02 3.242704321038035005e+02
1.173781929960717434e+03 1.194735107349845826e+01 6.195977486320987104e+00 4.642795237812636699e+00 7.555824583362754083e+02 3.260244168391668040e+02
1.285838818341097067e+03 1.160710118732690432e+01 6.290036349046604691e+00 5.045735336264614901e+00 7.127407453254373877e+02 3.254218357895860549e+02
1.412325359375626931e+03 1.190248737086554165e+01 6.679312943808663583e+00 4.832751488508501225e+00 7.510909590138331851e+02 3.243072651448439956e+02
1.593917829997256604e+03 1.214535447971210935e+01 7.011866612487395400e+00 5.129322104976916208e+00 7.532533982005554662e+02 3.150531857190401297e+02
1.804260319136262297e+03 1.231328299844368068e+01 7.037370242743711479e+00 5.213142670725527950e+00 8.309509258051273264e+02 3.054009853907641627e+02
1.998650132406876537e+03 1.264911122221384332e+01 6.904194118353990994e+00 5.199085966474640941e+00 7.750982088760924853e+02 3.194406586160225743e+02
2.296344732318091701e+03 1.249014745284523187e+01 6.955200538200268845e+00 5.132478849713409730e+00 8.006216584382081010e+02 3.246324129149065811e+02
2.275398606603697317e+03 1.292317191626713324e+01 7.115844368739820958e+00 5.230956706028496050e+00 7.842412843892602723e+02 3.032958598552219769e+02
2.492318644587965991e+03 1.309307975249398304e+01 7.292987802047659507e+00 5.616354719577888233e+00 8.261561297165197857e+02 3.097236441653969905e+02
2.658617655979710435e+03 1.348894204579342926e+01 7.417624159538523720e+00 5.602264803065290621e+00 8.068325536780258744e+02 3.041310432945676325e+02
3.002156037051453950e+03 1.431854463676073586e+01 7.466746313260043344e+00 5.549016827076593827e+00 8.375054281195961039e+02 3.242796560114555859e+02
2.861358500093783732e+03 8.003897747420543496e+00 0.000000000000000000e+00 9.232030249282994205e+00 8.341092173060852701e+02 3.006588859541473653e+02
2.898014026034839844e+03 8.160201098045828161e+00 0.000000000000000000e+00 9.574901536812353342e+00 5.875237616372401681e+04 0.000000000000000000e+00
2.994004372552560199e+03 8.613249049868615614e+00 0.000000000000000000e+00 1.005073613236481833e+01 5.589254275262623560e+04 0.000000000000000000e+00
3.083579862281315854e+03 8.150339631039695831e+00 0.000000000000000000e+00 1.018740186519861801e+01 5.762651470839141984e+04 0.000000000000000000e+00
3.202348509048645610e+03 8.482348100054259987e+00 0.000000000000000000e+00 1.056185907807824620e+01 5.872676083491438476e+04 0.000000000000000000e+00
3.376091186512908280e+03 9.145397174994855050e+00 0.000000000000000000e+00 1.047886695335993146e+01 6.069026519364895648e+04 0.000000000000000000e+00
3.350724393498566769e+03 9.347047866352651724e+00 0.000000000000000000e+00 1.051988027969288986e+01 6.063291145210139075e+04 0.000000000000000000e+00
3.672117629512458734e+03 8.928098538187834166e+00 0.000000000000000000e+00 1.085831919341413077e+01 5.820357201874504972e+04 0.000000000000000000e+00
3.811338839233267208e+03 9.346818833433410134e+00 0.000000000000000000e+00 1.124034507958542406e+01 5.936994640732277912e+04 0.000000000000000000e+00
3.739263567172503372e+03 8.858484629164133040e+00 0.000000000000000000e+00 1.156057601060483364e+01 6.069621504574223218e+04 0.000000000000000000e+00
3.798153473378212766e+03 9.268252984909246095e+00 0.000000000000000000e+00 1.163576366035281850e+01 5.509304424673329049e+04 0.000000000000000000e+00
3.854053608791030911e+03 9.657855764075652161e+00 0.000000000000000000e+00 1.118644466593130105e+01 5.571502375883398781e+04 0.000000000000000000e+00
4.163830459270478968e+03 9.565879858512984057e+00 0.000000000000000000e+00 1.086114237398991023e+01 5.640655084189726040e+04 0.000000000000000000e+00
4.282672782754254513e+03 1.011865601106669743e+01 0.000000000000000000e+00 1.155728976968254429e+01 5.994666162824851199e+04 0.000000000000000000e+00
4.165973490716211927e+03 9.768759746409996225e+00 0.000000000000000000e+00 1.183850288095962533e+01 5.601467040902333974e+04 0.000000000000000000e+00
4.268973063357593674e+03 1.027569253232332258e+01 0.000000000000000000e+00 1.134374835078857480e+01 5.954892015473877836e+04 0.000000000000000000e+00
4.477628174555546138e+03 1.027711745113272102e+01 0.000000000000000000e+00 1.228958942430930534e+01 5.906614586142241751e+04 0.000000000000000000e+00
4.621759978009137740e+03 1.000762306636555543e+01 0.000000000000000000e+00 1.207588095556608110e+01 5.758879964580407977e+04 0.000000000000000000e+00
4.552604800653508391e+03 1.008558416494233256e+01 0.000000000000000000e+00 1.152475612033576979e+01 5.942810553653524403e+04 0.000000000000000000e+00
4.615857259219003936e+03 1.037931346080858575e+01 0.000000000000000000e+00 1.195126770463617127e+01 5.782652108796304674e+04 0.000000000000000000e+00
4.690655080017402724e+03 1.042691933702948148e+01 0.000000000000000000e+00 1.185795232071506611e+01 5.677008667673564196e+04 0.000000000000000000e+00
4.965540232558301796e+03 1.063898219272346601e+01 0.000000000000000000e+00 1.173771360217969040e+01 5.548162356244234979e+04 0.000000000000000000e+00
5.314634533059287605e+03 9.795652247569185178e+00 0.000000000000000000e+00 1.182514038081240315e+01 5.945180604198308720e+04 0.000000000000000000e+00
5.334585817504661463e+03 9.988550599875612335e+00 0.000000000000000000e+00 1.221638620945390663e+01 5.978798748425968370e+04 0.000000000000000000e+00
5.048246676222592214e+03 1.051593673944138274e+01 3.393075422003345221e+00 1.333454943344116295e+01 4.454610109040755788e+02 8.176276712402243163e+01
5.378569246334361196e+03 1.158231505466673994e+01 3.501806768599847519e+00 1.273793029313568681e+01 4.358244316862971459e+02 8.416033769341282778e+01
5.046322419195851580e+03 1.094651074027939686e+01 3.526991136034667296e+00 1.314029491413939787e+01 4.477408318488899681e+02 8.449848186156197016e+01
5.115386313685311507e+03 1.083072082640269684e+01 3.666543074407258906e+00 1.272509142354083878e+01 4.236131654140021396e+02 8.088841661945285466e+01
5.374656108547965232e+03 1.109638672393463210e+01 3.471248243140176104e+00 1.292462387853654349e+01 4.417598467130615632e+02 8.113287433636959634e+01
5.395067836342386727e+03 1.113556782849165394e+01 3.497439961344615877e+00 1.240313636466776082e+01 4.504357800501790621e+02 8.908867778201063459e+01
5.494487058486844944e+03 1.140412632822374484e+01 3.458790925232325009e+00 1.269138290663855351e+01 4.511748401848547587e+02 8.477797136881451934e+01
6.025818829896555144e+03 1.117452139257819788e+01 3.637579314525032803e+00 1.268166627473439689e+01 4.419138714005984525e+02 8.664611721577705339e+01
6.108369654468259796e+03 1.129965093566275947e+01 3.512310009702720226e+00 1.343497162252320365e+01 4.399598865568388533e+02 8.559767881184579608e+01
6.252997612109946203e+03 1.149488157755111573e+01 3.588389884705931898e+00 1.287733493824599229e+01 4.294462433835445836e+02 8.695136247581922362e+01
6.234268001315222136e+03 1.088074816444003368e+01 3.605585843649364630e+00 1.310193118672711066e+01 4.473632343308752866e+02 8.223174513385961859e+01
5.877099998350459828e+03 1.127992605550643468e+01 3.808913747224852653e+00 1.274155124428005337e+01 4.297904088647482013e+02 8.819530373194697859e+01
6.048118308460774642e+03 1.148517200063768584e+01 3.533644203834307884e+00 1.274061994751925830e+01 4.335757343851096266e+02 8.400274306613309250e+01
6.142173558755337581e+03 1.087666730685121053e+01 3.847978706326720566e+00 1.339032440803418389e+01 4.128554210537688505e+02 8.166668163972163086e+01
