2.416232493246360802e-01 5.573608436647876196e+00 3.407288426199990283e+00 2.886281768048339913e+00 1.336390965128126254e+03 6.252776807775907173e+02
3.246671304431196603e+01 5.736307496677542694e+00 3.410040362429545890e+00 2.797473797288152042e+00 1.411335189455403679e+03 6.262273003817534800e+02
3.174303779493464361e+01 7.588677704931788170e+00 4.526525831886051066e+00 3.469517813867645906e+00 1.380247734004308313e+03 5.888750821120563614e+02
4.701409336022150853e+01 7.796786894396599443e+00 4.185119628395401747e+00 3.185127302480406541e+00 1.416587778084509409e+03 5.734492125117718615e+02
1.009811694489515475e+02 8.273785357006028462e+00 4.447371513779398988e+00 3.301947035649960505e+00 1.950666132084085405e+02 7.964421751842029096e+01
1.515880683565299591e+02 7.827064323065726192e+00 4.443992594795178164e+00 3.283239010381248768e+00 1.923698724908811357e+02 8.039368810365623119e+01
2.031986397810823064e+02 8.051933497197019562e+00 4.718767774085259603e+00 3.493848911876814345e+00 3.646190279315937346e+02 8.206388175888504577e+01
2.483897419633541972e+02 8.631007046574941555e+00 4.515445475338048631e+00 3.683141891302127657e+00 3.490640104735980458e+02 1.481916846575853413e+02
3.006941194574530414e+02 8.454182841693665296e+00 4.714772069030684243e+00 3.383304951135444938e+00 3.452910234318516700e+02 1.457213727608669842e+02
3.338464061208549083e+02 9.169627537610752555e+00 4.934942829433661693e+00 3.456457507185350497e+00 3.518074264307886097e+02 1.367925822223649561e+02
3.965666274585353221e+02 8.918463494921640589e+00 4.791119999754951841e+00 3.726749794067746979e+00 3.730673070491495196e+02 1.377200433310882488e+02
4.933755564519487393e+02 9.960942553840245850e+00 5.495477033995475935e+00 3.688335840506563823e+00 3.652867407909723170e+02 1.400005441962902069e+02
5.787005232423452981e+02 1.040936467785338770e+01 5.916089411990617108e+00 4.052074290372767784e+00 3.742859644301332764e+02 1.496667179461138062e+02
6.805664640263812544e+02 1.063996499916565774e+01 6.062362425202426408e+00 4.406249732469319724e+00 7.061799950703860986e+02 3.120493180717409132e+02
8.089973591502912313e+02 1.059944000340765591e+01 6.057679531030655262e+00 4.388527180689814955e+00 7.590070349499937947e+02 3.170441281425011084e+02
9.285693831067721931e+02 1.108972780569647121e+01 5.939728421049662366e+00 4.355869168635395638e+00 7.671556808104445508e+02 3.098073704091074774e+02
9.607221021659258895e+02 1.115378220225034056e+01 6.484657826192370855e+00 4.766977364219231461e+00 7.052109405700531397e+02 3.035643214033049162e+02
1.124595525970096560e+03 1.132468009833359801e+01 6.327789829757377582e+00 4.783237184399895092e+00 7.672838936145527668e+02 3.255651135382059351e+02
1.198221200971126109e+03 1.200948110374572231e+01 6.459424904328253447e+00 4.713790294888199561e+00 7.503269263928788178e+02 3.069259724502347808e+02
1.304714720077971151e+03 1.205978751278678551e+01 6.366076948165592775e+00 4.609799908113810574e+00 7.399205876800372153e+02 3.261489000023480571e+02
1.356050294764999535e+03 1.195793679663717057e+01 6.399599246981630074e+00 4.901240080177342584e+00 7.083477216404899082e+02 2.999556254871508827e+02
1.661209622357148191e+03 1.274833635581896019e+01 6.613308955024300495e+00 4.918080159040051136e+00 7.621758197747607255e+02 3.022993162787159918e+02
1.785511926348657880e+03 1.210671592148233522e+01 6.863072088399137627e+00 5.164868871274340023e+00 8.168198215063522412e+02 3.033521795000560815e+02
2.042167465497613875e+03 1.227492037191589702e+01 6.616966144152256923e+00 5.443106561910008523e+00 8.254929638602900468e+02 3.168642757612581704e+02
2.125268743196447303e+03 1.293142361844117971e+01 6.919196883475160043e+00 5.134562223713226459e+00 7.715084223110013681e+02 3.059429124655243868e+02
2.279789263891275823e+03 1.363674258409283269e+01 7.402214359851880587e+00 5.281474354674068117e+00 8.266764598989661863e+02 3.132361533552837614e+02
2.489722210634462954e+03 1.299509672929834103e+01 7.002066779971825028e+00 5.659273530954075149e+00 7.815816153180294350e+02 2.965132573864210599e+02
2.578989669145428707e+03 1.316292900848233849e+01 6.981524607557492601e+00 5.758828362498292996e+00 7.796537766073444118e+02 3.057115867157556863e+02
2.953503491143282645e+03 1.345478905118156199e+01 7.626655197461215785e+00 5.665823025808289337e+00 8.151205985848065438e+02 3.153516598874408601e+02
2.784263784782249786e+03 8.121324716398367727e+00 0.000000000000000000e+00 9.302146069951351848e+00 7.743595155185755630e+02 3.147081033770057843e+02
2.822569126177327234e+03 7.985597668008362682e+00 0.000000000000000000e+00 9.828951834679736876e+00 5.807885486554630916e+04 0.000000000000000000e+00
3.140798542254982749e+03 8.769356121009524330e+00 0.000000000000000000e+00 1.044495682012747828e+01 5.519088826720488578e+04 0.000000000000000000e+00
3.057208965236030508e+03 8.762875698365826693e+00 0.000000000000000000e+00 1.059957774374549722e+01 5.765778216237591550e+04 0.000000000000000000e+00
3.304849963207970177e+03 8.896213616068816776e+00 0.000000000000000000e+00 1.097688725435074986e+01 5.779656404445263615e+04 0.000000000000000000e+00
3.410452610807266865e+03 9.011651889042239461e+00 0.000000000000000000e+00 1.019999387037422878e+01 5.520568086919667985e+04 0.000000000000000000e+00
3.507186637935700674e+03 8.545269891144940289e+00 0.000000000000000000e+00 1.112293887368329059e+01 6.015959237930263771e+04 0.000000000000000000e+00
3.524041404422473533e+03 9.275209838717474398e+00 0.000000000000000000e+00 1.033463252336855653e+01 5.557584809441115067e+04 0.000000000000000000e+00
3.571981046425314162e+03 9.071965466250638599e+00 0.000000000000000000e+00 1.116634451426811658e+01 5.725764298571727704e+04 0.000000000000000000e+00
3.708869604462808638e+03 9.115603597757660381e+00 0.000000000000000000e+00 1.094244817607803988e+01 5.570894630387242069e+04 0.000000000000000000e+00
3.751837072805139087e+03 9.644592648281333780e+00 0.000000000000000000e+00 1.109935300639054923e+01 5.636480696132058074e+04 0.000000000000000000e+00
4.080534336212412654e+03 9.203080693997026884e+00 0.000000000000000000e+00 1.107711035025247526e+01 5.933638476453245676e+04 0.000000000000000000e+00
4.155868016512880786e+03 9.741904166688984290e+00 0.000000000000000000e+00 1.086996737300247950e+01 5.684182289994246821e+04 0.000000000000000000e+00
3.963804611156696410e+03 9.783143433525722799e+00 0.000000000000000000e+00 1.134945099059353701e+01 5.740326258171132213e+04 0.000000000000000000e+00
4.406323305224734213e+03 1.006328467987800757e+01 0.000000000000000000e+00 1.147375447222304778e+01 5.507035481558327592e+04 0.000000000000000000e+00
4.204621207688694994e+03 9.367007608250682793e+00 0.000000000000000000e+00 1.131229512232863321e+01 5.500561960707476828e+04 0.000000000000000000e+00
4.563342854722330230e+03 1.022374595490792260e+01 0.000000000000000000e+00 1.163600267684018874e+01 5.623054694706940791e+04 0.000000000000000000e+00
4.377000240634969487e+03 9.641584161415950760e+00 0.000000000000000000e+00 1.216991475051993277e+01 5.545675419499676354e+04 0.000000000000000000e+00
4.444960273174823669e+03 1.008178581070266766e+01 0.000000000000000000e+00 1.195101454695795162e+01 5.867977465416061750e+04 0.000000000000000000e+00
4.607309436483794343e+03 9.821903282094687881e+00 0.000000000000000000e+00 1.162187490165339376e+01 5.837711680744554178e+04 0.000000000000000000e+00
5.096499999718750587e+03 1.025812654126971069e+01 0.000000000000000000e+00 1.239943891344903015e+01 5.620689348355225957e+04 0.000000000000000000e+00
5.056713490410982558e+03 1.024797475540383651e+01 0.000000000000000000e+00 1.157051073724490031e+01 6.018627226398019411e+04 0.000000000000000000e+00
5.126010214518441899e+03 1.044913996271755074e+01 0.000000000000000000e+00 1.174236332885175393e+01 5.535090209282310389e+04 0.000000000000000000e+00
5.361561434169475433e+03 1.013981308035610596e+01 0.000000000000000000e+00 1.200936033967288097e+01 5.749322896237802343e+04 0.000000000000000000e+00
5.295397739925687347e+03 1.115590931315076872e+01 3.624811123259424228e+00 1.251308125900816748e+01 4.301018934744059266e+02 8.451812017225289253e+01
4.957042552712816359e+03 1.074406034047007985e+01 3.376393109245825030e+00 1.223742582091385955e+01 4.523047210062368322e+02 8.480250612060839899e+01
5.482025830577454144e+03 1.070746220256754633e+01 3.645648814211948530e+00 1.310398866543729923e+01 4.650164887429341434e+02 8.765047684672393302e+01
5.487053613143179973e+03 1.152074948298213286e+01 3.726077822599303424e+00 1.291445402222842098e+01 4.475038622332223213e+02 8.125748783510098860e+01
5.625087895876266884e+03 1.074683257651216728e+01 3.500922491943047721e+00 1.318636721684114654e+01 4.451048425676315219e+02 8.157860184662965253e+01
5.825544280283944317e+03 1.073687603476857255e+01 3.497139275155227711e+00 1.232759874930270882e+01 4.181297514502448394e+02 8.723058500661410619e+01
5.602777182552646991e+03 1.097612381005651372e+01 3.568861167863031980e+00 1.316746786495188637e+01 4.237869476172662644e+02 8.562939668752589739e+01
5.764837531014978595e+03 1.171055746325874480e+01 3.682394790635298953e+00 1.342950167643022752e+01 4.514173792702316632e+02 8.570204342894358263e+01
5.721719371584139481e+03 1.124453862100839885e+01 3.508100152966565854e+00 1.336646439542250775e+01 4.473985262641403438e+02 8.875297321167042242e+01
5.908062293056677845e+03 1.085704220527007280e+01 3.642661253075262451e+00 1.269934460385308483e+01 4.413543431558109091e+02 8.810203397961127791e+01
6.035893239734566123e+03 1.129277400434441780e+01 3.775299161611274990e+00 1.281925736239750435e+01 4.317142848053715625e+02 8.223165562702884301e+01
6.281339890456923968e+03 1.090264629214291503e+01 3.739188565403540832e+00 1.253694333729824351e+01 4.253099705084835023e+02 8.539245504562694578e+01
6.288887469985611460e+03 1.171377619581179985e+01 3.521129591149497529e+00 1.360471460725441695e+01 4.102650623478883176e+02 8.416419774975142332e+01
6.228243642783805626e+03 1.138639241526480461e+01 3.663477687469880451e+00 1.366050446055329282e+01 4.244159521953179137e+02 8.904821362743008706e+01
