4.867241781334130657e-01 5.998421130772748633e+00 3.336575177941041748e+00 2.765678456911173644e+00 1.413244034457348789e+03 6.154865379312997220e+02
3.406144407278642916e+01 5.535514158983899868e+00 3.459608300194665365e+00 2.822803066174852660e+00 1.459553300296913903e+03 5.860118493677363176e+02
3.139238364602128684e+01 7.926982847230791940e+00 4.307119816111372401e+00 3.476756046858041849e+00 1.394223550003723403e+03 6.104877252231910916e+02
5.255972073160981495e+01 8.021810119921294557e+00 4.475647431672259202e+00 3.190321022920272309e+00 1.455566272304826953e+03 5.788982444622038201e+02
9.876088447582442598e+01 8.302680934006962943e+00 4.321739870254600824e+00 3.545459416642029016e+00 2.086341981730388397e+02 8.112947869667492284e+01
1.564016713766052931e+02 8.064670279659891250e+00 4.667760106053600033e+00 3.379390126282719287e+00 1.925473145824611834e+02 7.831832289235663325e+01
2.103148260982144109e+02 7.870098122604503033e+00 4.753721815125372174e+00 3.576303035159000387e+00 3.443311347643873432e+02 7.622693895300885458e+01
2.398105594416066708e+02 8.686305988918363141e+00 4.488133500328504333e+00 3.479382542467619466e+00 3.533818858824753306e+02 1.419907273438047071e+02
2.853642662299076278e+02 8.326296598913913272e+00 4.805641855548085317e+00 3.434663027271640967e+00 3.585839612238711993e+02 1.478588995228373619e+02
3.433694109831467358e+02 8.400135909050195693e+00 4.627097955210705216e+00 3.683069317139428644e+00 3.721577314301363231e+02 1.401716577632114138e+02
4.024002233237829955e+02 8.891653373119964954e+00 5.074787067058845302e+00 3.814759985725849845e+00 3.653797245587429643e+02 1.395390256960564841e+02
5.247366601867237250e+02 1.002275138187756554e+01 5.537333292166558785e+00 3.854461931847879441e+00 3.458977015891238693e+02 1.415431739719739994e+02
5.768400478987291535e+02 1.061559490320086319e+01 5.552902973926967078e+00 4.050383095112442433e+00 3.642779648128155827e+02 1.385723514795452900e+02
6.538448474673742794e+02 1.105930655495677684e+01 6.150628273176879546e+00 4.429197685608759372e+00 7.332122259208344985e+02 3.166025336781644341e+02
8.097090134175781486e+02 1.089354654355156349e+01 6.410170133910430224e+00 4.293203177279793614e+00 7.128058811033288293e+02 3.256708708920921254e+02
8.659545943931782404e+02 1.155368367458134315e+01 6.351663896061131354e+00 4.378568182834150946e+00 7.126636945131612038e+02 3.046165687199771241e+02
9.722746272503039791e+02 1.138751986387877402e+01 6.597145807936577455e+00 4.546655878710510024e+00 7.170724025847599705e+02 3.183823252551769087e+02
1.117013259429192431e+03 1.152336429059159428e+01 6.651668078031211628e+00 4.922291044750708444e+00 7.710479858694947097e+02 3.033937850025303078e+02
1.157286229069615501e+03 1.177670213184376102e+01 6.581818281430762418e+00 4.675736128611812426e+00 7.726712363058969686e+02 2.992901269715209196e+02
1.307365704033246857e+03 1.182804290319778850e+01 6.826788055541879174e+00 4.729121506251272145e+00 7.693674038364906664e+02 2.999942267091032591e+02
1.391405389459641356e+03 1.168015102681426853e+01 6.509540193209182313e+00 4.936212786279807752e+00 7.240838535960239142e+02 3.111991242049235780e+02
1.636402715814355133e+03 1.211497655645043281e+01 6.394797141879615232e+00 4.912660253188734671e+00 7.075135366445693990e+02 3.220027405553952917e+02
1.772309802269342299e+03 1.266070147045574856e+01 7.029587589845153417e+00 5.272724982675572214e+00 8.135351856235353125e+02 3.143908288906048369e+02
2.065722105628957706e+03 1.228971568958754723e+01 6.894050754625353328e+00 5.360527289301115772e+00 8.352863730347936553e+02 3.196168149081971137e+02
2.105788125874976686e+03 1.361132853641368534e+01 6.925276635767716904e+00 5.307255451418443570e+00 7.601418313918394460e+02 3.129531849116088438e+02
2.242306002389497735e+03 1.293533867004916793e+01 6.873786725610223414e+00 5.234363196995542644e+00 8.297054042255000468e+02 3.057292696993532672e+02
2.681157614417846617e+03 1.316745036674889491e+01 7.172555019080835592e+00 5.238379312682206468e+00 8.267098702472038667e+02 2.983242739016683345e+02
2.541627961527271054e+03 1.319630583823908943e+01 7.219856746069840625e+00 5.428171823310662170e+00 8.256942669221089091e+02 3.240265054129080795e+02
3.018483484896193204e+03 1.347141256912463270e+01 7.547522399700511642e+00 5.752362813475117242e+00 7.689288822892267490e+02 2.977552174594159737e+02
2.887957441924397244e+03 8.483580458531669422e+00 0.000000000000000000e+00 9.615859962610389999e+00 7.812887027703241074e+02 3.212651773638028203e+02
3.060051216575965555e+03 7.984992914378498341e+00 0.000000000000000000e+00 9.789448791408682737e+00 5.686031569305035373e+04 0.000000000000000000e+00
2.984778533506865642e+03 8.187213560442094362e+00 0.000000000000000000e+00 9.790129147564419654e+00 5.669814050836824754e+04 0.000000000000000000e+00
3.329524644213835927e+03 8.216897962431842117e+00 0.000000000000000000e+00 1.026430525402182603e+01 5.554692660973714374e+04 0.000000000000000000e+00
3.205839762795675142e+03 8.301650789160877508e+00 0.000000000000000000e+00 1.019993097814135652e+01 5.808655688269471284e+04 0.000000000000000000e+00
3.325170082810069744e+03 8.454707424661155102e+00 0.000000000000000000e+00 1.046754186327902936e+01 5.756235114004294155e+04 0.000000000000000000e+00
3.637829777180587826e+03 8.869057642254263740e+00 0.000000000000000000e+00 1.060178014555662962e+01 5.506123273653144861e+04 0.000000000000000000e+00
3.396289161173327102e+03 8.625327986773386968e+00 0.000000000000000000e+00 1.059488277085073271e+01 5.824745946417943196e+04 0.000000000000000000e+00
3.679556363313814018e+03 9.014754437765402528e+00 0.000000000000000000e+00 1.083019940198968811e+01 5.911806814419459988e+04 0.000000000000000000e+00
3.840697115420005048e+03 9.624514437179742643e+00 0.000000000000000000e+00 1.092640152726548841e+01 5.682681273859462090e+04 0.000000000000000000e+00
3.820837664664947170e+03 9.484116771631525111e+00 0.000000000000000000e+00 1.123119893158635385e+01 5.855449574590431439e+04 0.000000000000000000e+00
4.049204461190907296e+03 9.409856893484418450e+00 0.000000000000000000e+00 1.085058457878680649e+01 6.018494386780005880e+04 0.000000000000000000e+00
4.013412196386027517e+03 9.791209377779075851e+00 0.000000000000000000e+00 1.151402137048847507e+01 5.826229336807713116e+04 0.000000000000000000e+00
4.085868959814118170e+03 1.012010169040570595e+01 0.000000000000000000e+00 1.184132018503604655e+01 5.535829657781268907e+04 0.000000000000000000e+00
4.429034143277660405e+03 9.768092023236789601e+00 0.000000000000000000e+00 1.142863528175919896e+01 5.958657098019369732e+04 0.000000000000000000e+00
4.194254682022578891e+03 1.006249883693386060e+01 0.000000000000000000e+00 1.136454751449765332e+01 5.897387153364843107e+04 0.000000000000000000e+00
4.465536338992453238e+03 9.846091504605345435e+00 0.000000000000000000e+00 1.221529924846965187e+01 5.941168743491345231e+04 0.000000000000000000e+00
4.551147502750562126e+03 9.909052130031259509e+00 0.000000000000000000e+00 1.205923203464854865e+01 5.930854770308052684e+04 0.000000000000000000e+00
4.510938202864061168e+03 9.860581685030822996e+00 0.000000000000000000e+00 1.232600541968753127e+01 5.776267168415592459e+04 0.000000000000000000e+00
4.997520782287253496e+03 9.880593838492339742e+00 0.000000000000000000e+00 1.218595596764322586e+01 6.009767983411770547e+04 0.000000000000000000e+00
4.984760701570791753e+03 9.896002812932064074e+00 0.000000000000000000e+00 1.182136735218099055e+01 5.952910547928636515e+04 0.000000000000000000e+00
4.800757690284330238e+03 1.065245891127691102e+01 0.000000000000000000e+00 1.263365800025523455e+01 5.970028031537315837e+04 0.000000000000000000e+00
4.838621219869859488e+03 1.040416173634269548e+01 0.000000000000000000e+00 1.260248104411027370e+01 5.580101642695759801e+04 0.000000000000000000e+00
4.900698378727353884e+03 1.073447082721887469e+01 0.000000000000000000e+00 1.175834170306448101e+01 5.861836628390952683e+04 0.000000000000000000e+00
5.101814863283910199e+03 1.048120347839718214e+01 3.464658745295564835e+00 1.283688068200100219e+01 4.315305378763349609e+02 8.727522639115295533e+01
5.136159778502102199e+03 1.153928155126699551e+01 3.466549610580183405e+00 1.302037476076612776e+01 4.397788552129405844e+02 8.341088748084052895e+01
5.163960622386884097e+03 1.124455012089851813e+01 3.370134482107848939e+00 1.303287378470276536e+01 4.241029505551059060e+02 8.791377996415417329e+01
5.277316623670343688e+03 1.069529504485228522e+01 3.549583605079909443e+00 1.303258062230561798e+01 4.612586983818304702e+02 8.665655283337436288e+01
5.317643638148831997e+03 1.108560980284746122e+01 3.723515008024746997e+00 1.339589004198755084e+01 4.207482633469483062e+02 8.282651528327025403e+01
5.543248328101841253e+03 1.146456446925501638e+01 3.700834893215431798e+00 1.328705464599753228e+01 4.405171196826614164e+02 8.125521218689479497e+01
5.524419798264580095e+03 1.117454373651118793e+01 3.535921975280981400e+00 1.283570787317996320e+01 4.471655581751054456e+02 8.778019681814755870e+01
5.515830800486648513e+03 1.120833173240069591e+01 3.447475147696681397e+00 1.287912444113545973e+01 4.334137106565275985e+02 8.163336967346123174e+01
5.920560834456323391e+03 1.079392530593324118e+01 3.564731571063832760e+00 1.314963438431817089e+01 4.476690499958840519e+02 8.783353156392408323e+01
6.198633901695673558e+03 1.113561808401115805e+01 3.676466522398059045e+00 1.344470679154551362e+01 4.109438838357875738e+02 8.114252104666336152e+01
6.319707357275361574e+03 1.137707616648937581e+01 3.566045249778552417e+00 1.363484037799337756e+01 4.319007771411748422e+02 8.671369330181148882e+01
6.125021678838119442e+03 1.101801134668388116e+01 3.743758967749150735e+00 1.300006444508410297e+01 4.468776471202460812e+02 8.631601701407178950e+01
6.297214032903209045e+03 1.155026379251893864e+01 3.801188654793948185e+00 1.337878747804255752e+01 4.342042371459846208e+02 8.336278705896037877e+01
6.518215505233503791e+03 1.175671184709601214e+01 3.744453175262458355e+00 1.309209013707775249e+01 4.299530239919196219e+02 8.660084570976337659e+01
