-3.429523764236527272e-01 5.686477936039135095e+00 3.361216409195209920e+00 2.759894763682471552e+00 1.375488989591748805e+03 5.866777256798297913e+02
3.134965118302914178e+01 5.629134503662337252e+00 3.218390381502869158e+00 2.705780327782085770e+00 1.356958714942689085e+03 5.850111315355486568e+02
3.111456106402188837e+01 7.929252919967499480e+00 4.335107631285671559e+00 3.374091343044629543e+00 1.379696373065560238e+03 5.729592004027175562e+02
5.294445466359017161e+01 8.134933450169187452e+00 4.328012421077325200e+00 3.405406971713290876e+00 1.340842625980047842e+03 6.201794631202600385e+02
1.040591043574195282e+02 7.798758628475737531e+00 4.511366297321722563e+00 3.342841078984180037e+00 1.968378108997068523e+02 7.663956921937464983e+01
1.491470620721420062e+02 7.982098062517907877e+00 4.318476142662547090e+00 3.380594474157303519e+00 2.004719240863041989e+02 7.881104635505622014e+01
1.906244283833489419e+02 8.437881275163446659e+00 4.382342263549090511e+00 3.352840129047085949e+00 3.622426641294759406e+02 7.985904879934939515e+01
2.575664275805581269e+02 8.770810571669274580e+00 4.457121406881828563e+00 3.588506156716491091e+00 3.571128767985677541e+02 1.439551143171666467e+02
3.094603310330257386e+02 8.831890558233515875e+00 4.977315415835823487e+00 3.456933312691917948e+00 3.421401856554459755e+02 1.402772474090373862e+02
3.583978546344022789e+02 8.435745208403824691e+00 5.077423056745449692e+00 3.717236903389075309e+00 3.729198537696307199e+02 1.482095594021254783e+02
3.994282188777204965e+02 9.070630549435810153e+00 5.125849370887327616e+00 3.536975936672633658e+00 3.580582619547701597e+02 1.398935352513828434e+02
4.861198083403093051e+02 9.906887900724614227e+00 5.060784579714012743e+00 4.039399019713490802e+00 3.702024528862210104e+02 1.455422391994742952e+02
6.124906826728695250e+02 1.030548250761782114e+01 5.736669823880673036e+00 4.293370057071216550e+00 3.481474035790561175e+02 1.422940678142917363e+02
6.398639547756347383e+02 1.101960780608513701e+01 5.809114631615556412e+00 4.295765119215046113e+00 7.436547965022531343e+02 3.207200512726403190e+02
8.100134617084863748e+02 1.095832433405349526e+01 6.147305825862103390e+00 4.401401227535217231e+00 7.744165482115091663e+02 3.094559944331526253e+02
8.949176399937604174e+02 1.067203413595222727e+01 6.186640249403046354e+00 4.691145148059816528e+00 7.732091623800868092e+02 3.149788753144471229e+02
9.571557418262185593e+02 1.129266918637392081e+01 6.438834864521230550e+00 4.462787172682626924e+00 7.327745708014298316e+02 3.116976779666258039e+02
1.136076596615423796e+03 1.184166434571385018e+01 6.718270808749201350e+00 4.759955253894530891e+00 7.697869001196096406e+02 3.013678951249447096e+02
1.178559111270887115e+03 1.172127311281935391e+01 6.215297790952357460e+00 4.701136341947324659e+00 7.680399004650554389e+02 3.034316370592654835e+02
1.311006768031031470e+03 1.184105068716023013e+01 6.617924558371862886e+00 4.608013513723863142e+00 7.470900213225665993e+02 3.046437414231177172e+02
1.424438026261912910e+03 1.162426460774899439e+01 6.313626966871956903e+00 5.016360925654516301e+00 7.155023830018000126e+02 3.068697209014195550e+02
1.649963074826074717e+03 1.172555169087691951e+01 6.426328058500534901e+00 5.225791866174803957e+00 7.684419617634104043e+02 3.248439961814403887e+02
1.711801378851703021e+03 1.227494748562354410e+01 6.682340174361113050e+00 5.179476121353688178e+00 8.011748784973135571e+02 3.152660408337321769e+02
2.012202395157874435e+03 1.276130558243386126e+01 7.086249370249654511e+00 5.446391809159712771e+00 8.349942066564686911e+02 3.122643332899561983e+02
2.109295147007032028e+03 1.288705913262354663e+01 6.814627188895705956e+00 5.435767075960472816e+00 8.376087021119029714e+02 3.226343122633998632e+02
2.414626534187393645e+03 1.303344160976002009e+01 7.337331044815262437e+00 5.386134190405404532e+00 7.884531986265159276e+02 3.251128922280644815e+02
2.559442132849100744e+03 1.262122506797898325e+01 6.728086823616117762e+00 5.456194819669103246e+00 8.165093142551658048e+02 3.186306132764381118e+02
2.583896526003288272e+03 1.409505235261476486e+01 6.944421601286678403e+00 5.718654815729151686e+00 7.691965238501981048e+02 2.970775746537008786e+02
2.941335540016414598e+03 1.317434058634997918e+01 7.325354597274272628e+00 5.742068358170084430e+00 7.700377804454826673e+02 3.233360346663126279e+02
3.036195111902229655e+03 7.746322377876357024e+00 0.000000000000000000e+00 1.003429638854845507e+01 8.310630342532831492e+02 3.226580211903645932e+02
3.069656500818048244e+03 7.850995223989991167e+00 0.000000000000000000e+00 9.965888626205565259e+00 6.048239098664827907e+04 0.000000000000000000e+00
3.090770642785693326e+03 8.282123555216305277e+00 0.000000000000000000e+00 1.022832777322185649e+01 5.814483232993719866e+04 0.000000000000000000e+00
3.144205185124249965e+03 8.224825927057626274e+00 0.000000000000000000e+00 1.004199243842399092e+01 5.566226778446692333e+04 0.000000000000000000e+00
3.411598478602200885e+03 8.363025152973163401e+00 0.000000000000000000e+00 1.016518103106122872e+01 5.995436081891016511e+04 0.000000000000000000e+00
3.509368971029256500e+03 8.852583363942050809e+00 0.000000000000000000e+00 1.051132657520243541e+01 5.852094778456086351e+04 0.000000000000000000e+00
3.594864131933466979e+03 8.888112435046824800e+00 0.000000000000000000e+00 1.102318497156979582e+01 5.963734251595068781e+04 0.000000000000000000e+00
3.547334745380493132e+03 9.039782898568722302e+00 0.000000000000000000e+00 1.116290542388668783e+01 5.694550118407563423e+04 0.000000000000000000e+00
3.793567926578064998e+03 9.466855505690478623e+00 0.000000000000000000e+00 1.145854579410514162e+01 5.857973081894015922e+04 0.000000000000000000e+00
3.643049948344943004e+03 9.685976172295205799e+00 0.000000000000000000e+00 1.149663488543299472e+01 6.043362234045970399e+04 0.000000000000000000e+00
3.687115582408700902e+03 9.243944960458936322e+00 0.000000000000000000e+00 1.160258053396630018e+01 5.563194547630465968e+04 0.000000000000000000e+00
3.932009165701689653e+03 9.099372008069508411e+00 0.000000000000000000e+00 1.167724224465715643e+01 5.811568603333373176e+04 0.000000000000000000e+00
4.192831106633215313e+03 9.389962946806138078e+00 0.000000000000000000e+00 1.103751607088476483e+01 5.998467983511327475e+04 0.000000000000000000e+00
4.291587912203258384e+03 9.398419063167134269e+00 0.000000000000000000e+00 1.128193704526270658e+01 5.651944180342246545e+04 0.000000000000000000e+00
4.312571260919692577e+03 9.408185526929399245e+00 0.000000000000000000e+00 1.163800797505833984e+01 5.976624716341173189e+04 0.000000000000000000e+00
4.196060911536511412e+03 1.005223797453530743e+01 0.000000000000000000e+00 1.184417684781290525e+01 5.607247887391083350e+04 0.000000000000000000e+00
4.498873101586989833e+03 1.015224972827233429e+01 0.000000000000000000e+00 1.161758206405612981e+01 5.607033948904924910e+04 0.000000000000000000e+00
4.362353674142829732e+03 1.026998763824156136e+01 0.000000000000000000e+00 1.208142984637682815e+01 5.556344594868530839e+04 0.000000000000000000e+00
4.653973920676581656e+03 9.924351491568216943e+00 0.000000000000000000e+00 1.141878733963944903e+01 5.940887616620100016e+04 0.000000000000000000e+00
4.682271298750385540e+03 1.050423454269031431e+01 0.000000000000000000e+00 1.181198902883355295e+01 6.021356596587050444e+04 0.000000000000000000e+00
4.946046433931485808e+03 1.033218661519697612e+01 0.000000000000000000e+00 1.257294380321879146e+01 5.970388847228702070e+04 0.000000000000000000e+00
4.978648042707820423e+03 1.039938490891865541e+01 0.000000000000000000e+00 1.225136383795291017e+01 5.601149379973702162e+04 0.000000000000000000e+00
5.223534579215963277e+03 1.036534198763475345e+01 0.000000000000000000e+00 1.154172010262981907e+01 5.696954467454435508e+04 0.000000000000000000e+00
5.294963603896449968e+03 9.996473224461128737e+00 0.000000000000000000e+00 1.275921629209013908e+01 5.757262551538528351e+04 0.000000000000000000e+00
5.025279929292133602e+03 1.076341784667821599e+01 3.407734076825894576e+00 1.275802211835564570e+01 4.522737336793348391e+02 8.583664045385826569e+01
5.261006178911850839e+03 1.071676814488180085e+01 3.602616318901394887e+00 1.265806449789036137e+01 4.269493206832491410e+02 8.628430526848157456e+01
5.139722902224795689e+03 1.127187137054462163e+01 3.678331834184537019e+00 1.232144959313467147e+01 4.485147638123013962e+02 8.564625893861548889e+01
5.130954002601534739e+03 1.076694340050663712e+01 3.416455113469473837e+00 1.241973836840009326e+01 4.603192181988735570e+02 8.230001049873960994e+01
5.504424399531197196e+03 1.117404110980451648e+01 3.549931834729014746e+00 1.321330650026308007e+01 4.499135998461360941e+02 8.211066089955174618e+01
5.334859573865394850e+03 1.148593064676615505e+01 3.617383983028465977e+00 1.310637065468866069e+01 4.393365602418597291e+02 8.486470638212014705e+01
5.820065007929653802e+03 1.171538504874209075e+01 3.687174139687372509e+00 1.275895007947362636e+01 4.289793822393250480e+02 8.405253073547279996e+01
5.518077552774292599e+03 1.159399262275453957e+01 3.651747723904279042e+00 1.289758992160529516e+01 4.439563860924579899e+02 8.109601600805216037e+01
5.832998447262374611e+03 1.082385554514551096e+01 3.626943013561059193e+00 1.312338557910478265e+01 4.294528900613023552e+02 8.662499427732544177e+01
5.717431178755712608e+03 1.073203947212772214e+01 3.740156584292754438e+00 1.275068268348584333e+01 4.303796549209714613e+02 8.131828502838882855e+01
5.969047727031306749e+03 1.178637753974861191e+01 3.528009312942055775e+00 1.299909294748447941e+01 4.451375707519582647e+02 8.433642267875735854e+01
6.047014164272717608e+03 1.146214088735661463e+01 3.626001668342027529e+00 1.310236031989239436e+01 4.270653513663172021e+02 8.425315551895313604e+01
6.054743929860850585e+03 1.150077158600806015e+01 3.731887272617094187e+00 1.345040410846566026e+01 4.283463731171477775e+02 8.642464266647334625e+01
6.115972727052751907e+03 1.121187943869281511e+01 3.549117826827099531e+00 1.335022277399430202e+01 4.488999049107900987e+02 8.220363406292467801e+01
