4.372468959834460156e-01 6.041728755123869199e+00 3.206202152607688038e+00 2.800603452027222495e+00 1.429677764372025422e+03 6.013068387484781852e+02
3.142417425307125001e+01 5.786536546238830958e+00 3.210265144793259307e+00 2.838456025132417349e+00 1.432560680383064209e+03 5.782801457176821032e+02
3.276376398805545165e+01 7.871730194817686765e+00 4.365637007670904346e+00 3.388797860227170666e+00 1.416566765112246912e+03 5.773191489342275418e+02
5.262919787901120117e+01 7.959143470575860135e+00 4.424414220173115808e+00 3.202870716715159993e+00 1.429372788415721743e+03 5.767527833576517651e+02
1.042521627164232854e+02 8.098228782427884909e+00 4.581821053726581106e+00 3.363853110214636732e+00 1.900105359872765405e+02 8.062779210280356779e+01
1.537004507541417127e+02 7.709153577327749751e+00 4.347654010181611461e+00 3.258085456831760762e+00 2.029342815312890309e+02 8.096839525796100645e+01
1.970339066441910347e+02 8.312851175984741658e+00 4.699411590601782152e+00 3.544872505927829653e+00 3.468945149352516637e+02 7.669509550850608548e+01
2.548350619319258499e+02 8.081999822093555608e+00 4.535060092910149443e+00 3.679027723010593220e+00 3.619810814018738938e+02 1.455435125951443638e+02
3.057940333840863900e+02 8.880818561841190117e+00 4.991843723592330306e+00 3.464781192612895300e+00 3.695654879139236755e+02 1.480491849330216780e+02
3.369287081017404262e+02 9.011499440044595133e+00 4.989725762930909525e+00 3.420166907885592078e+00 3.623203983666453496e+02 1.442102429910507340e+02
4.228871053236414923e+02 9.393177663422145329e+00 4.820706420448863661e+00 3.574093673087474166e+00 3.423794337105817362e+02 1.420072505497248301e+02
4.924034032079079566e+02 1.004096907104018044e+01 5.033119729068771697e+00 3.973429397385817019e+00 3.690559954475990594e+02 1.471009028604337630e+02
6.055092746395166614e+02 1.053494947627524425e+01 5.890476288801230531e+00 4.222172704988691017e+00 3.450997302664183621e+02 1.483717863141925761e+02
6.522781845605156832e+02 1.048389008018295776e+01 6.027396223306525691e+00 4.199126335366856644e+00 7.278434444657531230e+02 3.209530238839474237e+02
7.648463404478845860e+02 1.118849642975355430e+01 6.282590393135365048e+00 4.561381150483762248e+00 7.522097733944651736e+02 3.060213581573490842e+02
9.105168902983114094e+02 1.078299822396663998e+01 6.380740714257975732e+00 4.364713572063703140e+00 7.717062629606274413e+02 2.989409561286575467e+02
9.949293692733626813e+02 1.195568183216553670e+01 6.425464187156692653e+00 4.438377278547471327e+00 7.705363798484054314e+02 3.099743503802257010e+02
1.082298039783832337e+03 1.169417074270250723e+01 6.499301962863483162e+00 4.904457123692374410e+00 7.109313757745369458e+02 3.022075034318976350e+02
1.176637576692905441e+03 1.192220403929101735e+01 6.251333503875182274e+00 4.750568479858238824e+00 7.589164382075180129e+02 3.231614331535045039e+02
1.296830132683902093e+03 1.191417070951210810e+01 6.668494368314378917e+00 4.818081758718804508e+00 7.121680488119187658e+02 2.989604903169965269e+02
1.423273537302658951e+03 1.209462280717363569e+01 6.803254509097129699e+00 4.842937942307266042e+00 7.058465466242595312e+02 3.101747248885495196e+02
1.596922044716516439e+03 1.205109066346924784e+01 6.712430382292958519e+00 4.791633063333784470e+00 7.109919393551958819e+02 3.267297936115631387e+02
1.776536055919926866e+03 1.299630189400028080e+01 6.845334459178642028e+00 5.252635623251848074e+00 8.047202132286754477e+02 3.195216880890052380e+02
2.005397788917495291e+03 1.259127638105138480e+01 6.920591392068211611e+00 4.971579226358336712e+00 8.225021116052213301e+02 3.079903041280480807e+02
2.152142937541153060e+03 1.266431974374631508e+01 7.252881789151383707e+00 5.191146680173799766e+00 8.308026290206302065e+02 2.966016549548080548e+02
2.365464758963983513e+03 1.349116568735883881e+01 7.229396750366693603e+00 5.530547884211306275e+00 7.996941487786466496e+02 3.218654500004566330e+02
2.542941566658795182e+03 1.372952429931339680e+01 7.242009310465205019e+00 5.344531157290229650e+00 7.949723683819911457e+02 3.058284777810537776e+02
2.654554968342281882e+03 1.356206821445566391e+01 7.121938280755058415e+00 5.299488605489973025e+00 8.103917482042486427e+02 3.007575904161091103e+02
2.768763086675825889e+03 1.381290623922832594e+01 7.614244827449128117e+00 5.728506638462993017e+00 7.994438681384157235e+02 3.086822226355434395e+02
2.939195624025256166e+03 7.927706380773583028e+00 0.000000000000000000e+00 9.518145591815917683e+00 8.081340250784743375e+02 3.179273275304842628e+02
3.022354598215406440e+03 8.523072021239041618e+00 0.000000000000000000e+00 9.895983635547013435e+00 5.982423674314111850e+04 0.000000000000000000e+00
3.154046406893112362e+03 8.562052903314349095e+00 0.000000000000000000e+00 1.045990017419133622e+01 5.793190590597104892e+04 0.000000000000000000e+00
3.012548393786666566e+03 8.645977461990693058e+00 0.000000000000000000e+00 9.948544271622511204e+00 5.690379855936404056e+04 0.000000000000000000e+00
3.293562912594353293e+03 8.294841300771020443e+00 0.000000000000000000e+00 1.086669200942675317e+01 5.748144611672735482e+04 0.000000000000000000e+00
3.306457666806261386e+03 8.994317673832719962e+00 0.000000000000000000e+00 1.109660840873509891e+01 5.603189484998847911e+04 0.000000000000000000e+00
3.630762003230635401e+03 9.339303702483675806e+00 0.000000000000000000e+00 1.123098799868275322e+01 5.567042026035604795e+04 0.000000000000000000e+00
3.440878036135989987e+03 8.781957619742010834e+00 0.000000000000000000e+00 1.093833137595546567e+01 5.769696659999730764e+04 0.000000000000000000e+00
3.494736614395804281e+03 8.890332858740775279e+00 0.000000000000000000e+00 1.117419652202342562e+01 5.987930523081006686e+04 0.000000000000000000e+00
3.668200958966522649e+03 8.856586252606835075e+00 0.000000000000000000e+00 1.054804393248948458e+01 5.503501163319357147e+04 0.000000000000000000e+00
3.944228842713091126e+03 9.011624765524363312e+00 0.000000000000000000e+00 1.095088893688338416e+01 5.599125066025502019e+04 0.000000000000000000e+00
3.998477272152113073e+03 9.475245966476382620e+00 0.000000000000000000e+00 1.115721569484458797e+01 6.055858730172949436e+04 0.000000000000000000e+00
3.901807849992012507e+03 9.805565076908782984e+00 0.000000000000000000e+00 1.086493838819107971e+01 5.570209034560633881e+04 0.000000000000000000e+00
4.225121626617517904e+03 9.388255624372682462e+00 0.000000000000000000e+00 1.147415705926184870e+01 5.976276603908959805e+04 0.000000000000000000e+00
4.181096556587859595e+03 9.647754798773577889e+00 0.000000000000000000e+00 1.153386134642944150e+01 5.892316803376599273e+04 0.000000000000000000e+00
4.403723629218592578e+03 9.811583371018931743e+00 0.000000000000000000e+00 1.177336246952402909e+01 5.699277320135111950e+04 0.000000000000000000e+00
4.654676462546183757e+03 9.475891097726583112e+00 0.000000000000000000e+00 1.208199679450903119e+01 5.826688486053848465e+04 0.000000000000000000e+00
4.746772085360755227e+03 1.046837757175445915e+01 0.000000000000000000e+00 1.151436096105484097e+01 5.962340850684016186e+04 0.000000000000000000e+00
4.589215168077856106e+03 9.688038369465191479e+00 0.000000000000000000e+00 1.197880939847645720e+01 5.749744632385219302e+04 0.000000000000000000e+00
4.809072971404459167e+03 9.825402242361388261e+00 0.000000000000000000e+00 1.242853035552789187e+01 5.855351617454734514e+04 0.000000000000000000e+00
4.765699622264674872e+03 1.064325394807783454e+01 0.000000000000000000e+00 1.199008932230155011e+01 5.855873898935139005e+04 0.000000000000000000e+00
5.077526597336587656e+03 1.064678569296645705e+01 0.000000000000000000e+00 1.243412284621445174e+01 6.000825421074980113e+04 0.000000000000000000e+00
5.061548452850735885e+03 1.056437749556371131e+01 0.000000000000000000e+00 1.171242518245157171e+01 5.922319436660809151e+04 0.000000000000000000e+00
5.325752147900815544e+03 1.049802663822660698e+01 0.000000000000000000e+00 1.243967605385926412e+01 5.973473118207039079e+04 0.000000000000000000e+00
4.956879671023310948e+03 1.053413557635686182e+01 3.446725908070767730e+00 1.278170483004211810e+01 4.265504008506306945e+02 8.675823318670707351e+01
5.127278655080172030e+03 1.084176114031149218e+01 3.506972067577014407e+00 1.285960588497675339e+01 4.567956756923775288e+02 8.154306005130261781e+01
5.453018008010697486e+03 1.134594965500462038e+01 3.561234552238463191e+00 1.335703998355017674e+01 4.637076258055806193e+02 8.712999061315638016e+01
5.542313635680364314e+03 1.061966758146395584e+01 3.662571084479883776e+00 1.298671275070393172e+01 4.477159433967198083e+02 8.183673265850077883e+01
5.233529047496051135e+03 1.165890298390414870e+01 3.464343120002148169e+00 1.235734505432531805e+01 4.306897746405318230e+02 8.372048499956018475e+01
5.571139200800015715e+03 1.095895054280505043e+01 3.579294976745500012e+00 1.322771497661794449e+01 4.382539027572448731e+02 8.169599994734939230e+01
5.740982262728726710e+03 1.109777478795354710e+01 3.453848830698945882e+00 1.332642200178382019e+01 4.286385770563681490e+02 8.590166246643322268e+01
5.960880636720872644e+03 1.131704503087748037e+01 3.777687950434723163e+00 1.242328923473152180e+01 4.152700199470533562e+02 8.091608142604103193e+01
6.137677044257029593e+03 1.172649264024303761e+01 3.511229733317274171e+00 1.245585212169634381e+01 4.167376245744571861e+02 8.350257333393940939e+01
5.807787723209854448e+03 1.115416536413395399e+01 3.747573792993825759e+00 1.305453572255879457e+01 4.217537474557640280e+02 8.337098379004713422e+01
6.119466198574357804e+03 1.099267898715577907e+01 3.537339532309235590e+00 1.368722983654014413e+01 4.468413647544666674e+02 8.714794936552659976e+01
6.143907803633946969e+03 1.069786578494378659e+01 3.590980352372460160e+00 1.295625778553981000e+01 4.520060503356286858e+02 8.795023172018905200e+01
6.464201530421804819e+03 1.178114302938739577e+01 3.494635453294574479e+00 1.368343591423392880e+01 4.460339637511254978e+02 8.894804700862128755e+01
6.526821077847930610e+03 1.094358567412007766e+01 3.609234414648537115e+00 1.275386329149726095e+01 4.255201600225095717e+02 8.888477430609317764e+01
