1.555602925739387743e-01 5.904800755571057991e+00 3.256997741777052813e+00 2.777047706518867454e+00 1.410862701596464149e+03 5.867553597161011112e+02
3.130011096911612611e+01 5.659819520915154278e+00 3.274391932787838577e+00 2.716449390620765403e+00 1.423353890388034415e+03 6.024488728131823336e+02
3.423906813289137574e+01 7.673537454621292220e+00 4.535373377187502442e+00 3.293479217175623752e+00 1.453869446493388978e+03 5.978825399358097457e+02
5.211465078281588603e+01 7.845789297885538360e+00 4.385610854107703460e+00 3.321997296069890915e+00 1.389872734515889306e+03 6.062640044318919763e+02
9.488538822984853027e+01 7.951471520905212031e+00 4.546623566011124495e+00 3.446877253166572785e+00 2.053194672153401825e+02 7.827735034660599922e+01
1.569582281508383517e+02 8.435812792048988484e+00 4.371320944306729572e+00 3.561829836283164408e+00 2.062332191766829226e+02 8.145934146014768373e+01
2.006658469576523203e+02 8.654258536735994767e+00 4.664521064488566182e+00 3.639917963715597615e+00 3.625471948574301564e+02 8.338478550164884950e+01
2.563569199681988948e+02 8.463688805411935689e+00 4.629893401155040777e+00 3.547080847818838478e+00 3.652232982054020454e+02 1.432820679711902017e+02
3.142556789286661569e+02 8.601734171418852881e+00 4.653730275460347343e+00 3.619498703056718281e+00 3.616388091954560764e+02 1.456740873836294838e+02
3.657657565512879501e+02 8.735926874469162939e+00 4.883568493371840624e+00 3.568980457387677330e+00 3.741609424999739986e+02 1.492592956355177307e+02
4.137069521817360283e+02 8.674058718794544376e+00 4.990223180925153379e+00 3.739561614551334401e+00 3.503213643102895389e+02 1.472832598512374034e+02
5.194107399675918941e+02 9.621153562307537044e+00 5.535232084670616004e+00 3.783588830659548208e+00 3.630460446061126731e+02 1.452654252954741878e+02
6.020814409279631718e+02 9.741153554219652122e+00 5.573546392914997760e+00 3.957305098638290275e+00 3.472718647717382510e+02 1.417808764193882212e+02
6.443162155657216772e+02 1.064638015801161686e+01 6.201214695017434941e+00 4.538510560727776699e+00 7.667651576591939602e+02 3.187633057776787382e+02
8.132641682149712778e+02 1.145157324728539727e+01 6.283206299577536846e+00 4.417371694839625107e+00 7.138151364222987922e+02 2.996244353078769223e+02
9.326175229341193926e+02 1.145845382436516857e+01 6.167095136316705251e+00 4.770595927580847828e+00 7.176642174463872834e+02 3.061534550635522010e+02
9.898299216395465692e+02 1.105141364770070389e+01 6.201014525739226180e+00 4.826416658194331077e+00 7.062336292807555083e+02 3.051804972948257273e+02
1.146258677166388225e+03 1.153996461425271036e+01 6.189483759749212055e+00 4.553000496736107294e+00 7.485455434043352625e+02 3.007617263636053622e+02
1.227847883736196081e+03 1.150766979113766553e+01 6.508113001397001440e+00 4.644729945217305200e+00 7.650803161336771154e+02 3.133734264486547545e+02
1.257939211766877861e+03 1.240168429838880293e+01 6.233182906684595181e+00 4.630787444388518637e+00 7.576762486042978253e+02 3.024101603901890485e+02
1.456737115510779859e+03 1.180161244406482801e+01 6.825542575457638428e+00 4.752442883593111844e+00 7.196302911049901923e+02 3.217385995030480217e+02
1.632957991707332667e+03 1.253726840984765367e+01 6.558991206751711545e+00 5.221394113822194427e+00 7.442464258963771044e+02 3.171128563237213029e+02
1.868591251611394910e+03 1.258313957704676866e+01 6.703582472779254786e+00 5.179135632277483303e+00 8.139154724019844025e+02 2.994540203175469628e+02
1.907538963929215697e+03 1.254762071605258278e+01 6.711551575369806955e+00 4.970517582610772145e+00 8.361867314918271177e+02 3.128031357245346271e+02
2.136520173243535282e+03 1.262457502582164004e+01 7.071763638798556961e+00 5.155816842352962226e+00 7.668224846750041479e+02 3.266056075307919855e+02
2.218905350761155660e+03 1.289285130642869959e+01 6.872701055769929290e+00 5.445853299318877738e+00 8.026856434033284131e+02 3.137795180934165842e+02
2.514376305729286287e+03 1.364695580738244196e+01 7.029378506277057070e+00 5.662817476257404614e+00 8.089654265402771216e+02 3.083373782342210347e+02
2.500141238403529769e+03 1.326417677653657812e+01 7.276078368354998993e+00 5.541144635448498335e+00 8.090626569984735852e+02 3.100021999688654546e+02
2.916152488535848079e+03 1.321876869711891445e+01 7.002374754402310053e+00 5.590191360953861377e+00 8.151329310623483480e+02 2.977395001604240861e+02
2.897006706998161462e+03 8.297936105664014406e+00 0.000000000000000000e+00 9.823271005981482062e+00 8.113680550600961396e+02 3.048662840188616201e+02
3.000039320026837686e+03 8.109458374569939565e+00 0.000000000000000000e+00 1.024951908304454484e+01 5.951724798352194193e+04 0.000000000000000000e+00
3.002969640633056315e+03 8.477441067069142022e+00 0.000000000000000000e+00 1.005396016505866541e+01 5.664735366314755811e+04 0.000000000000000000e+00
3.298459925097819450e+03 8.806507850834233153e+00 0.000000000000000000e+00 1.049809756660379101e+01 5.670072901154321880e+04 0.000000000000000000e+00
3.217387834640066103e+03 8.852767521858066146e+00 0.000000000000000000e+00 1.035169499633979662e+01 5.656810506176345370e+04 0.000000000000000000e+00
3.455082275290355938e+03 8.523342637831198942e+00 0.000000000000000000e+00 1.102188805422571782e+01 5.733663786865169095e+04 0.000000000000000000e+00
3.542252208496290677e+03 9.152083110906403363e+00 0.000000000000000000e+00 1.030277346721920573e+01 5.833758449850838224e+04 0.000000000000000000e+00
3.556690573454538026e+03 8.885527828844995923e+00 0.000000000000000000e+00 1.049456364523434004e+01 5.766377315546546743e+04 0.000000000000000000e+00
3.675126327842721366e+03 9.156488275692362677e+00 0.000000000000000000e+00 1.043603851260256477e+01 5.591923849012106803e+04 0.000000000000000000e+00
3.812877317458794550e+03 9.202348747905206849e+00 0.000000000000000000e+00 1.105898458162786113e+01 5.870759075680005481e+04 0.000000000000000000e+00
4.021178673559461004e+03 8.948645359135394273e+00 0.000000000000000000e+00 1.149949763629205712e+01 5.849430660519296362e+04 0.000000000000000000e+00
3.921668256873776500e+03 9.644645967524791530e+00 0.000000000000000000e+00 1.156868585538516569e+01 5.928968362663645530e+04 0.000000000000000000e+00
4.229960162523747385e+03 9.283377059255151664e+00 0.000000000000000000e+00 1.124588189447595532e+01 5.621038320041973930e+04 0.000000000000000000e+00
4.379554624775146294e+03 1.008605107346809504e+01 0.000000000000000000e+00 1.193686622813368103e+01 5.813397945738771523e+04 0.000000000000000000e+00
4.132240269238535802e+03 9.408959611203263407e+00 0.000000000000000000e+00 1.211812209820174679e+01 5.774451492448911449e+04 0.000000000000000000e+00
4.499090228119389394e+03 9.954070004876252042e+00 0.000000000000000000e+00 1.111383992779624208e+01 5.815526300610871112e+04 0.000000000000000000e+00
4.635472908962589827e+03 9.626330396124730626e+00 0.000000000000000000e+00 1.153309798441694767e+01 6.028255231829032709e+04 0.000000000000000000e+00
4.781802662614924884e+03 9.709790059806529428e+00 0.000000000000000000e+00 1.147759611975611449e+01 5.979127970455858303e+04 0.000000000000000000e+00
4.732098122875634544e+03 1.050018809874261017e+01 0.000000000000000000e+00 1.245619628871132178e+01 5.968648514680138760e+04 0.000000000000000000e+00
4.911507452796674443e+03 9.629847320091236895e+00 0.000000000000000000e+00 1.149669605589138932e+01 5.580124691157578491e+04 0.000000000000000000e+00
4.932779602265936774e+03 9.880471181817979343e+00 0.000000000000000000e+00 1.164877191360171516e+01 5.514554306746456132e+04 0.000000000000000000e+00
5.016753390175762434e+03 1.053298443251315497e+01 0.000000000000000000e+00 1.155295956139790725e+01 5.984094247549239662e+04 0.000000000000000000e+00
5.254647664357760732e+03 1.051364161921393681e+01 0.000000000000000000e+00 1.162687206253315786e+01 5.910425506641437823e+04 0.000000000000000000e+00
5.215403395114718478e+03 1.025311481378448697e+01 0.000000000000000000e+00 1.270145826661700106e+01 5.679565150121947227e+04 0.000000000000000000e+00
4.978403095773225687e+03 1.066093938045338518e+01 3.457343277340624965e+00 1.328140210052676906e+01 4.480515230662774684e+02 8.403775222903976783e+01
5.416158517298575134e+03 1.083367364920636611e+01 3.560140190703435792e+00 1.331894223263075894e+01 4.536769166064285628e+02 8.338140469725099990e+01
5.170856424831290497e+03 1.139473438888488666e+01 3.584030014376387019e+00 1.263755060796533769e+01 4.598846756390133237e+02 8.102866616848329784e+01
5.625238676951448724e+03 1.107439457392536220e+01 3.541238273562251404e+00 1.296027587427781924e+01 4.514201739904925716e+02 8.377022735245782314e+01
5.701095227522545429e+03 1.098709142280922357e+01 3.489261022483852948e+00 1.236576795149579233e+01 4.465926139210879455e+02 8.510939493746154483e+01
5.315188523352650009e+03 1.088195495509298993e+01 3.735892367611198583e+00 1.280895348203402229e+01 4.482106388991323911e+02 8.839185756885588319e+01
5.432081865613578884e+03 1.122327306231733601e+01 3.483096289159333114e+00 1.339338436695204315e+01 4.276191895261169975e+02 8.751921086028413299e+01
5.914193056108142628e+03 1.097587731602983041e+01 3.627648828766749656e+00 1.248019906418164027e+01 4.411351908744579191e+02 8.516652382307066205e+01
5.831766275197273899e+03 1.158466411370776505e+01 3.512074717595841111e+00 1.264982634981904397e+01 4.194126678969008708e+02 8.278372729412186004e+01
6.165267126957981418e+03 1.131603402459847096e+01 3.810311422847969531e+00 1.319016664542335526e+01 4.149215373652442054e+02 8.383589800789765434e+01
5.841637479147909289e+03 1.128671483483370253e+01 3.550641163324502969e+00 1.266237502433169482e+01 4.423077988020714884e+02 8.686186984278018031e+01
6.468924183414519575e+03 1.178447986760964383e+01 3.717183091736953937e+00 1.280792825012050962e+01 4.301367609986517664e+02 8.086841380333457607e+01
6.100587133793142129e+03 1.082885593392244949e+01 3.788223124428478972e+00 1.352346319544519204e+01 4.107213558399128033e+02 8.824055055221133159e+01
6.440676854104892300e+03 1.075296773621153967e+01 3.734298234603322886e+00 1.312274316301596677e+01 4.228917363654673522e+02 8.698315165024557416e+01
