4.120034951788607014e-01 5.719237156524742183e+00 3.305829760006322893e+00 2.937619172498689757e+00 1.366736985625053194e+03 5.967385759263099771e+02
3.403081703427655924e+01 5.893826638605745849e+00 3.226344522914008195e+00 2.791594240478751487e+00 1.431233612028221160e+03 5.850506872221543517e+02
3.415316405334539240e+01 7.926810436481142474e+00 4.560579933927538576e+00 3.218856211867076045e+00 1.378337552439421188e+03 5.788219914862645510e+02
5.091262395869018320e+01 7.886382227234302711e+00 4.561133031035881302e+00 3.369747379310223945e+00 1.461574899113459878e+03 6.221186770229561489e+02
1.023303740564537492e+02 8.334308702294510596e+00 4.566916190233337502e+00 3.522109078298446772e+00 2.083148947743468966e+02 7.614602314775825675e+01
1.527874913247136135e+02 7.783228477332043482e+00 4.413159855073523374e+00 3.385073594119536011e+00 2.084442266182294077e+02 7.913788574921343866e+01
2.070034093045689474e+02 7.971395886058660452e+00 4.564859954168961842e+00 3.314080472419991263e+00 3.618695447811006716e+02 8.084640254380465763e+01
2.538391266622298303e+02 8.225928891023459144e+00 4.667940672413583236e+00 3.422373145847723563e+00 3.645974029132144665e+02 1.384808985294428112e+02
2.970552892923812465e+02 8.637217581034937197e+00 4.754468907405239086e+00 3.460404085867654356e+00 3.573406945781123909e+02 1.398235485655263517e+02
3.577409742865958151e+02 8.913039707329261319e+00 4.938318733619309064e+00 3.731955601920460719e+00 3.761555496380941577e+02 1.380769261986324921e+02
4.213040815752499952e+02 9.247004270656692171e+00 5.040587858821178102e+00 3.794038233784858161e+00 3.583823866885510370e+02 1.429636819966950441e+02
4.819628583756933722e+02 9.214841779974516811e+00 5.483467209748336124e+00 3.831637928862216658e+00 3.465476993235722603e+02 1.371548901442096167e+02
6.240366954671279700e+02 9.768066696580859798e+00 5.915615505687110698e+00 4.145799684793554540e+00 3.544423583072793349e+02 1.474415451880076944e+02
6.848484999350702083e+02 1.122328579601756005e+01 6.192821482284053047e+00 4.570526085166438435e+00 7.160954742504380874e+02 3.095362862379640774e+02
8.090804682329218167e+02 1.045898035792204439e+01 5.981774137781880718e+00 4.604737307549943814e+00 7.180407851688642040e+02 3.181957263758966405e+02
8.827125117782171628e+02 1.093075112409163729e+01 6.411850500672823472e+00 4.413185040108619894e+00 7.377353588766715120e+02 3.073841245395370834e+02
9.772305321440957186e+02 1.193225632302194050e+01 6.474131392316245126e+00 4.547769926594239287e+00 7.758725880603958558e+02 3.014375560165552770e+02
1.087833997346653859e+03 1.158436790880669598e+01 6.139007216411513923e+00 4.496500638387839643e+00 7.396509532090934727e+02 3.261437473140067027e+02
1.142326215566992232e+03 1.224525324934004011e+01 6.230190287420480644e+00 4.733281996967895644e+00 7.562971282210054369e+02 3.033075981888698607e+02
1.289222535833295979e+03 1.147630111509284845e+01 6.810986428560006800e+00 4.972539730456440488e+00 7.410758350316215228e+02 3.243251745543631159e+02
1.399700755564655765e+03 1.239143329632337220e+01 6.704576668978409870e+00 4.987216205011824499e+00 7.158634259692337309e+02 3.131125108849583967e+02
1.619608931519237785e+03 1.167680915385351703e+01 6.545238633552648899e+00 5.169613121760965768e+00 7.632006451476954680e+02 3.099816859138766745e+02
1.808629487121941565e+03 1.244810529894311024e+01 6.623276990941905140e+00 5.196379108569000316e+00 7.795960291474737005e+02 3.259804417756439534e+02
2.037383800157029100e+03 1.259920350149338297e+01 7.032744892029996642e+00 5.203790584279214926e+00 7.949474473576362925e+02 3.055212849964439101e+02
2.102393312459262233e+03 1.254579774532144931e+01 6.856013742298496361e+00 5.524620212205307190e+00 8.389151342346796127e+02 3.257754279839651304e+02
2.402759944789294877e+03 1.368498202698422439e+01 6.809501817198012397e+00 5.421137773326626608e+00 7.678105805051309289e+02 3.149258956245344621e+02
2.707617727560465482e+03 1.316181028898832217e+01 7.046803763996561720e+00 5.613304042737907729e+00 7.724177301586967133e+02 3.163589999635764229e+02
2.657191771512793366e+03 1.323306927625147900e+01 7.175313667063879741e+00 5.305127576637809206e+00 7.756443407058143293e+02 3.038863202808128108e+02
2.797931056433953927e+03 1.355781273621789929e+01 7.378124150868251796e+00 5.807819102287691493e+00 8.209280859522399396e+02 3.053121278030731105e+02
2.935065349037535270e+03 8.338995144925698710e+00 0.000000000000000000e+00 9.429033914998864674e+00 7.691212180526168822e+02 3.053607946174510062e+02
3.086935692442366417e+03 8.054480480469820236e+00 0.000000000000000000e+00 9.650087197837613928e+00 5.911992736075566063e+04 0.000000000000000000e+00
2.988372234578151165e+03 8.557977136077042246e+00 0.000000000000000000e+00 1.043830743526365623e+01 5.756171920746732940e+04 0.000000000000000000e+00
3.012884460458671128e+03 8.364247324348575319e+00 0.000000000000000000e+00 1.054400001391880259e+01 5.505886359671125683e+04 0.000000000000000000e+00
3.146825244093278343e+03 8.828110307578793226e+00 0.000000000000000000e+00 1.060424961886436535e+01 6.032141338754966273e+04 0.000000000000000000e+00
3.290730664778550363e+03 9.098931309409566737e+00 0.000000000000000000e+00 1.099075467718496846e+01 5.757310791226999572e+04 0.000000000000000000e+00
3.458020572193741373e+03 8.863498666198170284e+00 0.000000000000000000e+00 1.075937296737670046e+01 5.814351954061584547e+04 0.000000000000000000e+00
3.416471782795111721e+03 8.612558878087318348e+00 0.000000000000000000e+00 1.122040412746943971e+01 5.756542153402246913e+04 0.000000000000000000e+00
3.676903530665940707e+03 8.802324003623107629e+00 0.000000000000000000e+00 1.090866519436360349e+01 5.584843317998236307e+04 0.000000000000000000e+00
3.945939559838750938e+03 8.835693308623216780e+00 0.000000000000000000e+00 1.135073457549141018e+01 5.633291442341671791e+04 0.000000000000000000e+00
3.817842651786110764e+03 9.451904825763723039e+00 0.000000000000000000e+00 1.167731850589482434e+01 5.859527352823365072e+04 0.000000000000000000e+00
4.054950478778268007e+03 9.716199755334828936e+00 0.000000000000000000e+00 1.085490700752934501e+01 5.540319536695859279e+04 0.000000000000000000e+00
4.209202841186124715e+03 9.140913507380625802e+00 0.000000000000000000e+00 1.146691554562097437e+01 6.040625413593880512e+04 0.000000000000000000e+00
4.319459414285342064e+03 9.479674657714776131e+00 0.000000000000000000e+00 1.110530122578001588e+01 5.570721799958332122e+04 0.000000000000000000e+00
4.437340013876802004e+03 1.023053267428670665e+01 0.000000000000000000e+00 1.141838147495628597e+01 5.716310391481518309e+04 0.000000000000000000e+00
4.526711538905728048e+03 9.905556339647480613e+00 0.000000000000000000e+00 1.146241157094086738e+01 6.007810541194413963e+04 0.000000000000000000e+00
4.320997933080178882e+03 1.001755401543285195e+01 0.000000000000000000e+00 1.139662660251507198e+01 5.658586577143187606e+04 0.000000000000000000e+00
4.354927263068932916e+03 1.036503260161106788e+01 0.000000000000000000e+00 1.141560283574622936e+01 6.053844002119619108e+04 0.000000000000000000e+00
4.801709468580619614e+03 1.036141124184709028e+01 0.000000000000000000e+00 1.167328033162520207e+01 5.968291551031704148e+04 0.000000000000000000e+00
4.921000311500494718e+03 1.030308423965263742e+01 0.000000000000000000e+00 1.188032186471565765e+01 5.813569198133487953e+04 0.000000000000000000e+00
4.790913598977547736e+03 9.857463085178538975e+00 0.000000000000000000e+00 1.165284077115682493e+01 5.552640214717815252e+04 0.000000000000000000e+00
4.860607726771555463e+03 1.010737266795688605e+01 0.000000000000000000e+00 1.242239925775877474e+01 5.886477773790809442e+04 0.000000000000000000e+00
5.292047034981865181e+03 1.064857777117082449e+01 0.000000000000000000e+00 1.250676724156379116e+01 5.569621962186136079e+04 0.000000000000000000e+00
5.329312943437456852e+03 1.050445007204973535e+01 0.000000000000000000e+00 1.200169703967845436e+01 6.030951724960072170e+04 0.000000000000000000e+00
5.169512766262705554e+03 1.130175338800299123e+01 3.372099046984574855e+00 1.313700005952190786e+01 4.612723071435153770e+02 8.829589771481388993e+01
5.204117937488517782e+03 1.147965539152392189e+01 3.614810349076317930e+00 1.304713371332472782e+01 4.619996442206999063e+02 8.557935073547382387e+01
5.213100379260170484e+03 1.072574507534855393e+01 3.429376252932461178e+00 1.341783176098529040e+01 4.503344812453015038e+02 8.898516804723928431e+01
5.627006030183070834e+03 1.081663452464211339e+01 3.473218833102286407e+00 1.284772053152583915e+01 4.519565894454991621e+02 8.152106133078689254e+01
5.622832678444440717e+03 1.116527504415140903e+01 3.643940728782807614e+00 1.243261827393882513e+01 4.276909954468843580e+02 8.877224663265492666e+01
5.827746053600473715e+03 1.113602198868411719e+01 3.768539809013512709e+00 1.282389248840290463e+01 4.221887272246034399e+02 8.785001165345133245e+01
5.763222471637838680e+03 1.128910571330039581e+01 3.519864323735063749e+00 1.309941377262708961e+01 4.362449029934163036e+02 8.643321957394347521e+01
5.741308733527471304e+03 1.151219142025576403e+01 3.542981593671032936e+00 1.357204015968771849e+01 4.126888556115285951e+02 8.205896645163510073e+01
5.827199759998351510e+03 1.158966822732319102e+01 3.785960053551660653e+00 1.287357650074090998e+01 4.530450032946012016e+02 8.151612678122731381e+01
5.923266635558906273e+03 1.113510035116311947e+01 3.584059987952700865e+00 1.336781626203342199e+01 4.307167955590335282e+02 8.126580251446875991e+01
6.293792679164274887e+03 1.160655592107552714e+01 3.589511917829567356e+00 1.260482810595043190e+01 4.325628887565179639e+02 8.575248057839101534e+01
6.276137622664081391e+03 1.069595075603612067e+01 3.674278173290037142e+00 1.264957726910285629e+01 4.160082349240258850e+02 8.586491132124849912e+01
6.054393051052541523e+03 1.074360953308641520e+01 3.595051401986577133e+00 1.338185472037122814e+01 4.363324369410569261e+02 8.409118102717233967e+01
6.272970517151954482e+03 1.120744419920541368e+01 3.495473564137549616e+00 1.249175338162668325e+01 4.370394296850897149e+02 8.806065370381502078e+01
