-9.858711346691528821e-02 5.823183117195221747e+00 3.447916508179012407e+00 2.727675598381214428e+00 1.457661585947045751e+03 5.817075902978197064e+02
3.392077914467860467e+01 6.028783867639547545e+00 3.188154926871724193e+00 2.822952902117779050e+00 1.365330767461350661e+03 6.260884744024234578e+02
3.446903852391450584e+01 7.930834765233290007e+00 4.318464321047257748e+00 3.485533771312268492e+00 1.338001694173816304e+03 5.821620076899309879e+02
5.114718455122557828e+01 8.110180990639193510e+00 4.187411343383798723e+00 3.278667566016657986e+00 1.357448525210387061e+03 6.175604558754171194e+02
1.047804254782049185e+02 8.160688230391590636e+00 4.303884625835247668e+00 3.423175766199544778e+00 2.024765540694630772e+02 7.947725545206191100e+01
1.547603854021785423e+02 8.385634859374968997e+00 4.386305736623193674e+00 3.440854100882830835e+00 1.950842926197356633e+02 7.970256910072924939e+01
2.096889959769424365e+02 8.562506543078946208e+00 4.806222998085401876e+00 3.591776464116976708e+00 3.494189813149624797e+02 7.889601244841892935e+01
2.399539133399996444e+02 8.137995973280098383e+00 4.481433976156069754e+00 3.532060034644397994e+00 3.476086827962151915e+02 1.458451907274211408e+02
2.885739275444346958e+02 8.757390728748953634e+00 4.641048946014175947e+00 3.516184479671363494e+00 3.755936893776599277e+02 1.405927360546570242e+02
3.632690525423299732e+02 8.606307448302210616e+00 4.830351015027421369e+00 3.582352124366510626e+00 3.684747025919609769e+02 1.493953246621709638e+02
4.329962591831092027e+02 9.351128329359209346e+00 4.918527702386234601e+00 3.496295058055535421e+00 3.688165133308672239e+02 1.497680815865119257e+02
5.080049952971001517e+02 9.261629454749504831e+00 5.196733578398676556e+00 3.902027218485694338e+00 3.640449397445848376e+02 1.387039922312470708e+02
5.766723536246231561e+02 1.034770292959925797e+01 5.641745520019196825e+00 4.187153937664482406e+00 3.471019838886186335e+02 1.366401644528199881e+02
6.546614179276710956e+02 1.025620728462695297e+01 6.268501225078961347e+00 4.523539022347006444e+00 7.508148584855632635e+02 3.146278350654500855e+02
8.370692131573332517e+02 1.048652478254482823e+01 5.987927387207439445e+00 4.497402826501854634e+00 7.272515219038363057e+02 3.268424989140120260e+02
9.210107251388467375e+02 1.067184258409233166e+01 5.967187136216194787e+00 4.475595114260297436e+00 7.563426050801359679e+02 3.045365336105209053e+02
1.014417214943979161e+03 1.120389709280313895e+01 6.490761090598665461e+00 4.427250265220745717e+00 7.436119031359810378e+02 3.176622389236723052e+02
1.144168744425550585e+03 1.190045720778218197e+01 6.552572150056558797e+00 4.699203843326901442e+00 7.158496778344846234e+02 3.109526703492567208e+02
1.205296073228362502e+03 1.135959674803638997e+01 6.705602827015396450e+00 4.812244603609932447e+00 7.133115296657937279e+02 3.126478095118833380e+02
1.298413864885461862e+03 1.208678198256696668e+01 6.844687177640252251e+00 4.934783281509469433e+00 7.530897571060464770e+02 3.098796226230630282e+02
1.440559239183728550e+03 1.209548105946819163e+01 6.919688644060646432e+00 4.749064394762702257e+00 7.622634612715669391e+02 3.080189686677366012e+02
1.588914247644568604e+03 1.266737455392477862e+01 6.410272162959378406e+00 4.844885984084766228e+00 7.316387494299953005e+02 3.170925950057967384e+02
1.724460519306707511e+03 1.237259526493175521e+01 6.814710034453868914e+00 4.923770840140955229e+00 7.638828982869653146e+02 3.032335719231394933e+02
1.936589209569888453e+03 1.321477426974229274e+01 7.249492106748140152e+00 4.958745529917058192e+00 8.201942828781562866e+02 3.253607582460887784e+02
2.281175455781792152e+03 1.242712816759576278e+01 7.335230171645895858e+00 5.573645000202051669e+00 8.281675590964802041e+02 3.233298334620143919e+02
2.321587861534832882e+03 1.291956133922790784e+01 6.763607546941419635e+00 5.364952243880341420e+00 8.242550129754363297e+02 2.994712025757045808e+02
2.503180695364913845e+03 1.314845017455870568e+01 7.423442222982439276e+00 5.312707522948685757e+00 7.743376532072945793e+02 3.211381832974341251e+02
2.695894366388541130e+03 1.392423355154524067e+01 7.427348522664947161e+00 5.828520368166400623e+00 8.192957910893416056e+02 2.969849036410977874e+02
2.905268793000439928e+03 1.307232690073437809e+01 7.401411602325568495e+00 5.433672128178645977e+00 7.914890620451876657e+02 2.983416972943683163e+02
2.785719106336998266e+03 7.733622415692805951e+00 0.000000000000000000e+00 9.873334412960156570e+00 7.978975135316937894e+02 3.201161001782300559e+02
3.047628499940331039e+03 8.378632311575886504e+00 0.000000000000000000e+00 9.562496167385841517e+00 5.606712330623182061e+04 0.000000000000000000e+00
3.033545754337347717e+03 8.290111206266402633e+00 0.000000000000000000e+00 1.034469903212933062e+01 6.015896138992075430e+04 0.000000000000000000e+00
3.193085443628275698e+03 8.348100742580816913e+00 0.000000000000000000e+00 1.001404481207027786e+01 5.837783149182737543e+04 0.000000000000000000e+00
3.118300953145596395e+03 8.257176412854661862e+00 0.000000000000000000e+00 1.097642090492229450e+01 5.614105862789528328e+04 0.000000000000000000e+00
3.262553657835999729e+03 8.700483762404553900e+00 0.000000000000000000e+00 1.100237855811128718e+01 5.785656976225936523e+04 0.000000000000000000e+00
3.514848013519969300e+03 8.885547000861896194e+00 0.000000000000000000e+00 1.104139880159047671e+01 5.517242901939100557e+04 0.000000000000000000e+00
3.732814847019139961e+03 8.661485263966183012e+00 0.000000000000000000e+00 1.051166093941145618e+01 5.615839705515580863e+04 0.000000000000000000e+00
3.707724766199233272e+03 9.500790444413999225e+00 0.000000000000000000e+00 1.059686705754084812e+01 5.634579541778244311e+04 0.000000000000000000e+00
3.590100522635616016e+03 9.393678760368368685e+00 0.000000000000000000e+00 1.108624943838156085e+01 5.552058496214941260e+04 0.000000000000000000e+00
4.055134192052229082e+03 9.233585666066080222e+00 0.000000000000000000e+00 1.135297679593354303e+01 5.918857910870006890e+04 0.000000000000000000e+00
3.794928488654762077e+03 9.312764069865211880e+00 0.000000000000000000e+00 1.090746283933761518e+01 6.005312471418815403e+04 0.000000000000000000e+00
3.869565859941455528e+03 1.003009127576963166e+01 0.000000000000000000e+00 1.105732212485167487e+01 5.980029011535755126e+04 0.000000000000000000e+00
4.271411332966354166e+03 9.377593608433453909e+00 0.000000000000000000e+00 1.158975649393653917e+01 5.625062746485561365e+04 0.000000000000000000e+00
4.180876513437887297e+03 9.305665480554846880e+00 0.000000000000000000e+00 1.171484876966340316e+01 5.940584957400325220e+04 0.000000000000000000e+00
4.487597117598489604e+03 9.693647141880955331e+00 0.000000000000000000e+00 1.129309551504336540e+01 6.048118251423656329e+04 0.000000000000000000e+00
4.595971867842229585e+03 9.491814055673279071e+00 0.000000000000000000e+00 1.154047111101201750e+01 5.813553249415005121e+04 0.000000000000000000e+00
4.611372431047785540e+03 1.038054571371262824e+01 0.000000000000000000e+00 1.183805682363008849e+01 5.958806123001410742e+04 0.000000000000000000e+00
4.533152118707614136e+03 1.015005943821102719e+01 0.000000000000000000e+00 1.236467214040235874e+01 5.785777363275686366e+04 0.000000000000000000e+00
4.555995183502609507e+03 1.056726244654987923e+01 0.000000000000000000e+00 1.176011599860210488e+01 5.785009305953785952e+04 0.000000000000000000e+00
4.900521516952231650e+03 1.015996278493851079e+01 0.000000000000000000e+00 1.190608624049265885e+01 5.986717817440783256e+04 0.000000000000000000e+00
4.935806980633858984e+03 1.043554627486535402e+01 0.000000000000000000e+00 1.212667835770337277e+01 5.893810299268538074e+04 0.000000000000000000e+00
4.840173571222278952e+03 1.058588332606613491e+01 0.000000000000000000e+00 1.208143900744669708e+01 6.006368909170404368e+04 0.000000000000000000e+00
5.236618804233635274e+03 1.019745849504287882e+01 0.000000000000000000e+00 1.239651208436753826e+01 5.640695317152343341e+04 0.000000000000000000e+00
5.112257389572351713e+03 1.051355503429640414e+01 3.594973347486444482e+00 1.298221315113081431e+01 4.588967357791635777e+02 8.253359136105292748e+01
5.099812457856864057e+03 1.119507890596419664e+01 3.661134650940750301e+00 1.276811136692550086e+01 4.259939516155046704e+02 8.735307355028483300e+01
5.527686973310398571e+03 1.101268625233484499e+01 3.409444182030714199e+00 1.334211122212573031e+01 4.628757968562993597e+02 8.598387084570531158e+01
5.557283427128285439e+03 1.140416108124016858e+01 3.706239047647982066e+00 1.251634397496078854e+01 4.417392293734075110e+02 8.478750520783131606e+01
5.216902166129108991e+03 1.113372580991373617e+01 3.627873892295173430e+00 1.309225892467210528e+01 4.477631645433632457e+02 8.180394368715212750e+01
5.547611951239951850e+03 1.087947923970478925e+01 3.462466629029809617e+00 1.288676474693303220e+01 4.199735073455800034e+02 8.678550787264252619e+01
5.642625037317951865e+03 1.095622834123263445e+01 3.660277537284358562e+00 1.248465923488415186e+01 4.452587960270070653e+02 8.109583169365737376e+01
5.609149080131127448e+03 1.122685877315425707e+01 3.590091095967446133e+00 1.242963798802098019e+01 4.491060860098036756e+02 8.893770677006072845e+01
6.046306596180538691e+03 1.104389405500526955e+01 3.595740606578809562e+00 1.296961287427937037e+01 4.117286690716907742e+02 8.628663530044688912e+01
5.803922809069003961e+03 1.084630349858528398e+01 3.716498944765379786e+00 1.241999928505068596e+01 4.165919377995157902e+02 8.341534812351436301e+01
6.146583464346213987e+03 1.116405260234515673e+01 3.756788335003633073e+00 1.344931969147553730e+01 4.313289879664193336e+02 8.721124019069674205e+01
6.081368739965409986e+03 1.112925809198197413e+01 3.547519904041808836e+00 1.263035689229677061e+01 4.211841674545030401e+02 8.813087264960290668e+01
6.148580154260091149e+03 1.113868956631290530e+01 3.722745839683515801e+00 1.277644574039000958e+01 4.220910284196772864e+02 8.450040604843306369e+01
6.268958331219922002e+03 1.127187251457908346e+01 3.532815007252205763e+00 1.252904965220101374e+01 4.182411622010868086e+02 8.873638496751425464e+01
