-6.548857671974339656e-02 5.930173475856392429e+00 3.418303653680867082e+00 2.804121580079610876e+00 1.390723208668310235e+03 5.752532329801808828e+02
3.254851819066492880e+01 5.715944605991674976e+00 3.195250227842428625e+00 2.803530466540980370e+00 1.442066077699286325e+03 6.169573055721904211e+02
3.456771248657252471e+01 7.828627293444387014e+00 4.518301848349749683e+00 3.195799519791557852e+00 1.455411137666043714e+03 5.726836727932501390e+02
4.834252865271920996e+01 8.147210792734558282e+00 4.441702117127189098e+00 3.469126147775113633e+00 1.404580611448373929e+03 6.294939153579163076e+02
1.029323929832935107e+02 8.224118133743139936e+00 4.577098472792394901e+00 3.252044308912543258e+00 1.990732343864970630e+02 8.283410004504841595e+01
1.526302211668709390e+02 8.222821818214976375e+00 4.596125208082039393e+00 3.262632313388780236e+00 1.918668779023559807e+02 8.205212556784253763e+01
1.975558954179659850e+02 7.886481595449378545e+00 4.681094651871161361e+00 3.308748537892202357e+00 3.562426828862842285e+02 8.188008752485357888e+01
2.505741814420914295e+02 8.459380295831360641e+00 4.546495369252569141e+00 3.517244663713004815e+00 3.693553365366533399e+02 1.437194228202007480e+02
2.964518309200431645e+02 8.796207338142327359e+00 4.836430279057625903e+00 3.449719524197134568e+00 3.463033266868483224e+02 1.386619587713856845e+02
3.372434062542881179e+02 8.769909600658449378e+00 4.949586717522602264e+00 3.748608302600697773e+00 3.436967403935826724e+02 1.431043781376575339e+02
4.089159454809617387e+02 8.998079309333569142e+00 5.202570612488245594e+00 3.794500111436127643e+00 3.470880178994709695e+02 1.385513842764718788e+02
5.223284232998031484e+02 9.157362610854034912e+00 5.407297863350652101e+00 4.023105355695561158e+00 3.740240313704769051e+02 1.478779393512485001e+02
6.090101151223669831e+02 1.053144305732371855e+01 5.873162837422978733e+00 4.275529687104616450e+00 3.567574636571408746e+02 1.412670709337758979e+02
7.003003534353517807e+02 1.080966429917344485e+01 6.173089461619698959e+00 4.519395653184999695e+00 7.045847747906351515e+02 3.015476286323157069e+02
7.895744653244070150e+02 1.121696844148407557e+01 5.879612625894093725e+00 4.302038873216235793e+00 7.430819121379829539e+02 3.251189533276098018e+02
9.268323526168102262e+02 1.119835577445562258e+01 5.998444710560466575e+00 4.412019652793230939e+00 7.666495177357720650e+02 3.258460683781663079e+02
9.517293233713414793e+02 1.151276871773212562e+01 6.204039652623897005e+00 4.727906087845070715e+00 7.036259784274924414e+02 3.067526782767902773e+02
1.064051905801674366e+03 1.110145573425358378e+01 6.127330733357697845e+00 4.527868328723689828e+00 7.061746571004922544e+02 3.169676098223957297e+02
1.148299601276197336e+03 1.176854847806265525e+01 6.483219156820180018e+00 4.712089039912807920e+00 7.209893890439293500e+02 3.176381792324020239e+02
1.318935974456124086e+03 1.191436862821052856e+01 6.740576300191118087e+00 4.995920224078848726e+00 7.553957511079794358e+02 3.245474811952775553e+02
1.398409555510819473e+03 1.242356254610051813e+01 6.780932495861243581e+00 4.638451759911027317e+00 7.557130533878397500e+02 3.142436101711251126e+02
1.567304185984711239e+03 1.241548961439486121e+01 7.041169036519371538e+00 5.078462272088526852e+00 7.203386395465126952e+02 3.197108837232233896e+02
1.868754233350082359e+03 1.310684373391525348e+01 6.700805706934991335e+00 5.219347441238842755e+00 7.941125301457498153e+02 3.040522937805848755e+02
1.998349753219880085e+03 1.240505523000690857e+01 6.807436435796456742e+00 5.014216608308871059e+00 8.306522559878854963e+02 3.164754872359139313e+02
2.279778199001096709e+03 1.328320125897361415e+01 7.336984919684657491e+00 5.129046179067193734e+00 7.963802507719017285e+02 3.223346605548305774e+02
2.387320061245818579e+03 1.253360987191016029e+01 7.228762610474896100e+00 5.573167409440472397e+00 7.964501685229822669e+02 3.161014495671639679e+02
2.642565669544021148e+03 1.356731380592447422e+01 6.745442271001682144e+00 5.611240278449740160e+00 7.612916613227638436e+02 3.252818924608470752e+02
2.655310500780625716e+03 1.432702378575374169e+01 7.303303376334455699e+00 5.536082124347697864e+00 7.828439410601936288e+02 3.107701710429702757e+02
2.959738366785867584e+03 1.368783511918244500e+01 7.054259611310879308e+00 5.657046372347902086e+00 7.654295891236206444e+02 3.227300076093922598e+02
2.901783235050216263e+03 8.465344700551922230e+00 0.000000000000000000e+00 9.941070556201545116e+00 7.877083137760555474e+02 3.000696389952058780e+02
2.921312680465164249e+03 8.579515225950803625e+00 0.000000000000000000e+00 1.024295258919150875e+01 5.588979368572466046e+04 0.000000000000000000e+00
3.110960142935403837e+03 7.978988671939937660e+00 0.000000000000000000e+00 9.684950138486188465e+00 5.981897000906434550e+04 0.000000000000000000e+00
3.328724968379872735e+03 8.858237716719953525e+00 0.000000000000000000e+00 1.061728018769907322e+01 5.768252162048866739e+04 0.000000000000000000e+00
3.183309477847322341e+03 8.484553242396977168e+00 0.000000000000000000e+00 1.038651154122763032e+01 5.969777217042018310e+04 0.000000000000000000e+00
3.449306432300560118e+03 8.797255420727623232e+00 0.000000000000000000e+00 1.064401739920218759e+01 5.804972686605057970e+04 0.000000000000000000e+00
3.504058763368283053e+03 8.716660499894430814e+00 0.000000000000000000e+00 1.025037624852638452e+01 6.050479941549221257e+04 0.000000000000000000e+00
3.653868423109219293e+03 9.221684225484295894e+00 0.000000000000000000e+00 1.049139798387030353e+01 5.495581453189181775e+04 0.000000000000000000e+00
3.675862931061207746e+03 9.402032351946662203e+00 0.000000000000000000e+00 1.087068483084497217e+01 5.831026522560211015e+04 0.000000000000000000e+00
3.829906655379755648e+03 9.362226045959651799e+00 0.000000000000000000e+00 1.116384458233474497e+01 5.626181837115700910e+04 0.000000000000000000e+00
3.854648548684590878e+03 8.953240519725865099e+00 0.000000000000000000e+00 1.067516837486164505e+01 5.540968462937750155e+04 0.000000000000000000e+00
3.952278926631332070e+03 9.520190335910767132e+00 0.000000000000000000e+00 1.073979390173099091e+01 5.917780237436858442e+04 0.000000000000000000e+00
4.189586080627971569e+03 9.756477914328941736e+00 0.000000000000000000e+00 1.112000551819278016e+01 5.914059890133881709e+04 0.000000000000000000e+00
4.353724858506000601e+03 9.341905669782184063e+00 0.000000000000000000e+00 1.142600511671635033e+01 5.552997357929598365e+04 0.000000000000000000e+00
4.135617985913509074e+03 9.747959995888791696e+00 0.000000000000000000e+00 1.154286899511838271e+01 5.631268369336999604e+04 0.000000000000000000e+00
4.246935497767744891e+03 9.764820998108154626e+00 0.000000000000000000e+00 1.129568009895049308e+01 5.679241182149636734e+04 0.000000000000000000e+00
4.485624543685566096e+03 1.024825834403779368e+01 0.000000000000000000e+00 1.114924339008639009e+01 5.821471791219432635e+04 0.000000000000000000e+00
4.605411966831758036e+03 9.835515687999453860e+00 0.000000000000000000e+00 1.186792789556994876e+01 5.712335191949284490e+04 0.000000000000000000e+00
4.551198751745244408e+03 9.616643983976638665e+00 0.000000000000000000e+00 1.228366344322095927e+01 5.919382929483373300e+04 0.000000000000000000e+00
4.684582657728195954e+03 1.015750721051118965e+01 0.000000000000000000e+00 1.138211151439694468e+01 5.992062732538270939e+04 0.000000000000000000e+00
5.077085956771746169e+03 9.805933948627965080e+00 0.000000000000000000e+00 1.157802171452489048e+01 6.027175133463484235e+04 0.000000000000000000e+00
4.726326407323542298e+03 1.017054488818627611e+01 0.000000000000000000e+00 1.248712453470673012e+01 5.616889687237945327e+04 0.000000000000000000e+00
5.269201604015950579e+03 1.081813187395093045e+01 0.000000000000000000e+00 1.228835665207037842e+01 5.504088248968455446e+04 0.000000000000000000e+00
5.028298932228565718e+03 1.040219542174430778e+01 0.000000000000000000e+00 1.275204618429694570e+01 5.930498699340938037e+04 0.000000000000000000e+00
5.068141450506489491e+03 1.144401957442551954e+01 3.592870076865212869e+00 1.296059051925744576e+01 4.522328392583106620e+02 8.788559681505293497e+01
5.338957028361603079e+03 1.097679467068976500e+01 3.598578792883071031e+00 1.245005478519558295e+01 4.651206702171385814e+02 8.537433687550043260e+01
5.340156155919555204e+03 1.114577220594527418e+01 3.629235859723527025e+00 1.297707367325075012e+01 4.463254813710023541e+02 8.564668769502317502e+01
5.402770835435350818e+03 1.056172160096546619e+01 3.698311060004062956e+00 1.230477375832506404e+01 4.445037524918249119e+02 8.337623277716333803e+01
5.427869185247435780e+03 1.091775070862007624e+01 3.542936558536336822e+00 1.234805922014295199e+01 4.482327046199037568e+02 8.135597518637999315e+01
5.393929567952896832e+03 1.098684920275196042e+01 3.716525030634736826e+00 1.278771799151217614e+01 4.487153024346666257e+02 8.798074921181532204e+01
5.767845771766681537e+03 1.068279759065455359e+01 3.703356499779942190e+00 1.295409468180046630e+01 4.284465739916192319e+02 8.574313896892309117e+01
5.981904388727411060e+03 1.141773520655129026e+01 3.555034928822926155e+00 1.302086385928059364e+01 4.288410577178139533e+02 8.789214286809917098e+01
5.998587265321594714e+03 1.150847920679237646e+01 3.658415641202883872e+00 1.366624919968580976e+01 4.324789331512026251e+02 8.455059601241062239e+01
6.118316251825986001e+03 1.138362656029357822e+01 3.512486494787796953e+00 1.247221113628659772e+01 4.208798646301331701e+02 8.647800541493866433e+01
5.989949769929811737e+03 1.159983271096845847e+01 3.674814682873861482e+00 1.253352067959210281e+01 4.519055848410348517e+02 8.525911889690340217e+01
5.954739457209851935e+03 1.081513191498145865e+01 3.600029933957498152e+00 1.248169913965277367e+01 4.516685046076000845e+02 8.727814862914590321e+01
6.395671450145961899e+03 1.111751598114500972e+01 3.779572503994980348e+00 1.337106789444525035e+01 4.279635634692719464e+02 8.478996530997012826e+01
6.644413224178711062e+03 1.123409134198074000e+01 3.694042578146992550e+00 1.363828185729269293e+01 4.149281085184946960e+02 8.151481827864455454e+01
