-6.272771572851776334e-02 5.660204803626482040e+00 3.338151590353450882e+00 2.673076613069569785e+00 1.424280130962711155e+03 5.793633921241520284e+02
3.230991294628054789e+01 6.068346999641903494e+00 3.427712104205302701e+00 2.687168999861632379e+00 1.370054618701746904e+03 6.066217692542307987e+02
3.323567660200584584e+01 7.712869061247024760e+00 4.513293085747751121e+00 3.213385773176252069e+00 1.451840502071548372e+03 6.051618868977610646e+02
4.763086163165127118e+01 7.522290260555254626e+00 4.416040937497196950e+00 3.192368108922027492e+00 1.388799579404178758e+03 5.799663295199803770e+02
1.039799036877405314e+02 8.024514557985096275e+00 4.261550173164931898e+00 3.423133525004697031e+00 2.023020795063451374e+02 7.789802469775837324e+01
1.552258232010314885e+02 7.867296831794264200e+00 4.418838373281043452e+00 3.569686801119150044e+00 2.027338606896798581e+02 8.385732611764109379e+01
1.947516922583530175e+02 8.573766003003596481e+00 4.653938015288280106e+00 3.584206820562082729e+00 3.639994175439353512e+02 8.069159965956400526e+01
2.461034175572017091e+02 8.684001619540129724e+00 4.543356757482527541e+00 3.483190303820404399e+00 3.656474958736204712e+02 1.441849308918902182e+02
2.919172626745417460e+02 8.775224720274554358e+00 4.643739781323423799e+00 3.714434132668767763e+00 3.701585720349374355e+02 1.376750298687783527e+02
3.502169806159542418e+02 8.321613697315910940e+00 4.907375810585650200e+00 3.679857200997389111e+00 3.728843952561223887e+02 1.379114829032760383e+02
4.243639383292335765e+02 8.572999021893521032e+00 5.008010735303011884e+00 3.563666620541271257e+00 3.720571353324102688e+02 1.413971835586734187e+02
4.999422335996214315e+02 9.389722342204729344e+00 5.332452899738084895e+00 3.685607012259316750e+00 3.449767241561065703e+02 1.405281777466196047e+02
5.897534848814408406e+02 9.957380412037517559e+00 5.735179726495850616e+00 4.052542661463300000e+00 3.596287039428437424e+02 1.495669256003836551e+02
7.008912851189678577e+02 1.113064632042939550e+01 6.186363983181375481e+00 4.264695762297565196e+00 7.546794570581040489e+02 3.195810373534677638e+02
8.048780846008947947e+02 1.115811063684005333e+01 6.052018701592570160e+00 4.298563646311147401e+00 7.627791227962546827e+02 3.162913892848772548e+02
8.848303444538121312e+02 1.158904344215634374e+01 6.511765223791205592e+00 4.730884284816550434e+00 7.595155789647379834e+02 3.004523671291358937e+02
1.029587572967671122e+03 1.159066246211874329e+01 6.396558408027224196e+00 4.612981143317536947e+00 7.201422407643767656e+02 3.124749377256144953e+02
1.155354244573281221e+03 1.184299874402650588e+01 6.568685569469168151e+00 4.657788761266669297e+00 7.076669166971020104e+02 2.978566988547206620e+02
1.166863444895206840e+03 1.155002513473811909e+01 6.343904915729670968e+00 4.777209838023730448e+00 7.263991396052333585e+02 3.258422497705921046e+02
1.327446109624254177e+03 1.137803234159530241e+01 6.330551386921671408e+00 4.674655280375405120e+00 7.170522521763048189e+02 3.089633250577034005e+02
1.414277480987452691e+03 1.159166884619303595e+01 6.416231973416857137e+00 4.944358345566493895e+00 7.117803861464913098e+02 3.183465552436479697e+02
1.602096639439967475e+03 1.258589661863087628e+01 6.754532150527225554e+00 4.895979825956790599e+00 7.742764353799896071e+02 3.154200385864970713e+02
1.799237491906938430e+03 1.208232545213331299e+01 6.660626262764615113e+00 5.290030669133828134e+00 8.349822876101559359e+02 3.063734611579082525e+02
1.984391034425506632e+03 1.231180011480279646e+01 7.175601337073835850e+00 5.136309144970504725e+00 7.665240840935298365e+02 2.992879262390887334e+02
2.110449573429116299e+03 1.258249796652378727e+01 7.142154865742982750e+00 5.435060286240303462e+00 8.251420146813838983e+02 3.139137637826250966e+02
2.284682828957691527e+03 1.297233914829032742e+01 6.889029418759742285e+00 5.338382473403812334e+00 8.075480454034665172e+02 3.179929561198032957e+02
2.714200477302305444e+03 1.366225002726595328e+01 6.807366675942876810e+00 5.143803891227982206e+00 7.989828106700305170e+02 3.208569173500773104e+02
2.514480450877189469e+03 1.321342584124758979e+01 7.148085567626549341e+00 5.304521510657846051e+00 7.970387295720330485e+02 2.988576342949321543e+02
2.967888805909233270e+03 1.347467529610679549e+01 7.429329896169359237e+00 5.775628886094829717e+00 7.817282565406715094e+02 3.093151601038074432e+02
2.823443595006205214e+03 8.390462800230228169e+00 0.000000000000000000e+00 1.010677582573983457e+01 7.943525342413338421e+02 2.984246708945434534e+02
3.096904767614727007e+03 7.883009570454091453e+00 0.000000000000000000e+00 9.703033729437834154e+00 5.654430221964049269e+04 0.000000000000000000e+00
2.979606794190245637e+03 8.204499474916136847e+00 0.000000000000000000e+00 1.045203083390292598e+01 5.639699725514807506e+04 0.000000000000000000e+00
3.119091670337629239e+03 8.336941561706511905e+00 0.000000000000000000e+00 1.044004364049913924e+01 5.734813499145684909e+04 0.000000000000000000e+00
3.393255884436758606e+03 8.936326632888151877e+00 0.000000000000000000e+00 1.084608039580949246e+01 6.032721807767615246e+04 0.000000000000000000e+00
3.313798328695731925e+03 9.013893461459156597e+00 0.000000000000000000e+00 1.086990058738969012e+01 5.566434650245968078e+04 0.000000000000000000e+00
3.332927756252845029e+03 8.851956088399706601e+00 0.000000000000000000e+00 1.052630642127533633e+01 5.927877052170204115e+04 0.000000000000000000e+00
3.599659306472653043e+03 8.738036820866167176e+00 0.000000000000000000e+00 1.093920884111163438e+01 5.599918803586885770e+04 0.000000000000000000e+00
3.693446864698496029e+03 9.540904368415981551e+00 0.000000000000000000e+00 1.148463182992797726e+01 5.975293599512603396e+04 0.000000000000000000e+00
3.606552326244136111e+03 8.826348670725987944e+00 0.000000000000000000e+00 1.134018514085736840e+01 5.901789342888433021e+04 0.000000000000000000e+00
3.992723410469358896e+03 9.119974746489797113e+00 0.000000000000000000e+00 1.172838918329961011e+01 5.658407369533406018e+04 0.000000000000000000e+00
4.164005009356614210e+03 9.769663149911165689e+00 0.000000000000000000e+00 1.111555412729220293e+01 5.636294106480363553e+04 0.000000000000000000e+00
3.885540927573894805e+03 9.702612693000499888e+00 0.000000000000000000e+00 1.083400587573690999e+01 5.872744199214593391e+04 0.000000000000000000e+00
4.210205441460413567e+03 9.536986848573214104e+00 0.000000000000000000e+00 1.092983407097031368e+01 5.728060516089257726e+04 0.000000000000000000e+00
4.348166473681463685e+03 9.279984368122365268e+00 0.000000000000000000e+00 1.177073668083463431e+01 5.699362840730499738e+04 0.000000000000000000e+00
4.552337752117542550e+03 9.586549301760387110e+00 0.000000000000000000e+00 1.112360077573030814e+01 6.066622520164944581e+04 0.000000000000000000e+00
4.584290675186149201e+03 9.849289319537305687e+00 0.000000000000000000e+00 1.163288318074186201e+01 5.495917158332151303e+04 0.000000000000000000e+00
4.759329586036787077e+03 9.749501181008838557e+00 0.000000000000000000e+00 1.137682184056545864e+01 5.815347169485133782e+04 0.000000000000000000e+00
4.474612428267995710e+03 9.900907072300270784e+00 0.000000000000000000e+00 1.148543001719408529e+01 5.583001605008521437e+04 0.000000000000000000e+00
4.537779911277414612e+03 1.018526850957764474e+01 0.000000000000000000e+00 1.218661366880548513e+01 5.868260498046410794e+04 0.000000000000000000e+00
5.058264035100835827e+03 9.764281121622113702e+00 0.000000000000000000e+00 1.222555824770432231e+01 5.839626795065812621e+04 0.000000000000000000e+00
4.803707847154521914e+03 1.064574676378773788e+01 0.000000000000000000e+00 1.243496067517206605e+01 5.501991223066965176e+04 0.000000000000000000e+00
4.872078740932834080e+03 1.021545417648365195e+01 0.000000000000000000e+00 1.219177492709067501e+01 6.066240202608170512e+04 0.000000000000000000e+00
5.402581522939504794e+03 1.070716114476150871e+01 0.000000000000000000e+00 1.186670608019537454e+01 5.530918359368842357e+04 0.000000000000000000e+00
5.246680407591455150e+03 1.064163118960461496e+01 3.472936642721649037e+00 1.215049670916428859e+01 4.296830440636302910e+02 8.612714002622497844e+01
4.931661814918091295e+03 1.127733697774626265e+01 3.410878710190881069e+00 1.279135732480088272e+01 4.482992166312621976e+02 8.091977628078335272e+01
5.218487162922945572e+03 1.103970717287908521e+01 3.429327313517334996e+00 1.274885484884613973e+01 4.311585410529665978e+02 8.798870159082569842e+01
5.354023667677289268e+03 1.159002908699714496e+01 3.417372181557728705e+00 1.282380993155622484e+01 4.348702483188614565e+02 8.539980662517105259e+01
5.492377224173855211e+03 1.087868111211050426e+01 3.652502292038550369e+00 1.256271122315384225e+01 4.207498994543219624e+02 8.563308937105081498e+01
5.548316619897756027e+03 1.101083872543093456e+01 3.598222127205886522e+00 1.310530203229457769e+01 4.246530222698706325e+02 8.763294988471946567e+01
5.707134980307531805e+03 1.165035129407223202e+01 3.600908053662556174e+00 1.271103191629516260e+01 4.488928693916731163e+02 8.645209989572373388e+01
5.638762832568614613e+03 1.167771545906341757e+01 3.664623252326866698e+00 1.304101105319415232e+01 4.502222472589913878e+02 8.521841409074696116e+01
6.038303832757514101e+03 1.130043154115336890e+01 3.695652650191716404e+00 1.253443237162285939e+01 4.398098060180756192e+02 8.466891903546695630e+01
6.062215218765471036e+03 1.080316875971542068e+01 3.805912001953886570e+00 1.316959785452758425e+01 4.168800285765560716e+02 8.489937732199437903e+01
6.266490217313126777e+03 1.123502113609513486e+01 3.584331015615519700e+00 1.336542842579651591e+01 4.117143222269975240e+02 8.077602468518374224e+01
6.454199177704688736e+03 1.165750581754529058e+01 3.702138691303832108e+00 1.312036349844751904e+01 4.262485674105902262e+02 8.596720410911892429e+01
6.508091443664962753e+03 1.075556955111391488e+01 3.736606355267478197e+00 1.337724804800929945e+01 4.485488663885031428e+02 8.341622497131594116e+01
6.182330159827452917e+03 1.160138119145709901e+01 3.773215700645430548e+00 1.302140659410356172e+01 4.384817896298358164e+02 8.866071582924664085e+01
