-1.031040851724583263e+00 5.456741260263012983e+00 3.603788890447864990e+00 2.909970385511007507e+00 1.330944966859088709e+03 6.266985329697122324e+02
3.352801785102918330e+01 6.102889434481780562e+00 3.569168056173999126e+00 2.899879248094483941e+00 1.340356694421572229e+03 5.500647214620684053e+02
3.027646003756345650e+01 7.562411179948448137e+00 4.771294486116465450e+00 3.504663446860668774e+00 1.522003546622610884e+03 6.330135840763031183e+02
4.083887749982667970e+01 8.033164053054136389e+00 4.483437686750120221e+00 3.090182560105596554e+00 1.339852693878972786e+03 5.615261409388323273e+02
1.156929452780763512e+02 7.294969222008114151e+00 4.318049128092896538e+00 3.137181813274639186e+00 1.816333149740138992e+02 7.365302592118604252e+01
1.475574633098365211e+02 7.298407229529521700e+00 4.511838730050860669e+00 3.200753527119967412e+00 2.161055096624554608e+02 7.402590586086282087e+01
1.679379302495864863e+02 7.470486242100570884e+00 5.046510253334306029e+00 3.157721392089376078e+00 3.662842273133502999e+02 8.638942913904779175e+01
1.985486086501949217e+02 8.449497723023428719e+00 5.031589566074983644e+00 3.382186387627789337e+00 3.707790834788723942e+02 1.343149440211404055e+02
3.362060219524138347e+02 7.930520530550670522e+00 4.694499661839385496e+00 3.226799886368128423e+00 3.432022308601689815e+02 1.358967679624470577e+02
3.124530432339556114e+02 8.131814040082696593e+00 4.793037778759587475e+00 3.376519387777905834e+00 3.459097252898089891e+02 1.332342313284969180e+02
4.799446155478113951e+02 9.144081417743279872e+00 5.390791664555170115e+00 3.392617826043706319e+00 3.584338199980258537e+02 1.378191925151296289e+02
5.971652237589036076e+02 9.575509758376783864e+00 5.565634222825147859e+00 3.789928277649888155e+00 3.387287147784185208e+02 1.521303111329876572e+02
5.695435271054683426e+02 1.118932492720087524e+01 5.461207817170217638e+00 4.448052446621697520e+00 3.665943647277337050e+02 1.560469965088919366e+02
6.956975497090820681e+02 1.131316635082958300e+01 5.498039462164702407e+00 4.621553121680619824e+00 7.102711604244200316e+02 3.104188793746335477e+02
8.674250109058609723e+02 1.143331742758190117e+01 5.754094977373936715e+00 4.164900921911278253e+00 7.668457629238923801e+02 3.234284397685018462e+02
1.066144519802918694e+03 1.133926237843868101e+01 6.470203815051962515e+00 4.321334457163636067e+00 6.776481804670855809e+02 3.345793144638540184e+02
9.465688675416374736e+02 1.139324213968753163e+01 6.564574102976219017e+00 5.090133508971716125e+00 7.575606842851647116e+02 3.057918721671799176e+02
1.182896568114266074e+03 1.200877255094834517e+01 7.030070789343400683e+00 4.695201350826078368e+00 7.364398394337250693e+02 2.974203246987387388e+02
9.639536142473248219e+02 1.180604257117587430e+01 6.881375177971706947e+00 4.719111884811986179e+00 7.503236239216242893e+02 3.084400802456144106e+02
1.274871709249198148e+03 1.068611931869129705e+01 6.867189612410419031e+00 4.861454919160658861e+00 7.542195875550157780e+02 3.403990816344668815e+02
1.313179157393343985e+03 1.186819626499886837e+01 6.234165425663701576e+00 4.760191975985852864e+00 7.605358882812806769e+02 2.951260731895910112e+02
1.895975822173369124e+03 1.261783015157118193e+01 6.353242890938986420e+00 5.340298460181499784e+00 8.112049288023952158e+02 3.379780768072722026e+02
1.707220734630663401e+03 1.157545053467411300e+01 6.250599607569661487e+00 5.555433613262102277e+00 7.824564361282632490e+02 3.144612519677465912e+02
1.750554111906972366e+03 1.336667861670073343e+01 6.587997545583264447e+00 5.307478769373372707e+00 8.446974992293914966e+02 2.989038635562008608e+02
2.022709728344362020e+03 1.190417526827140726e+01 6.482928092484886662e+00 4.868105330439441936e+00 7.228908290884259031e+02 3.392175076420449500e+02
2.490090931883302346e+03 1.324102458420823147e+01 7.244169427082955082e+00 5.653772905413317673e+00 7.860212163685321229e+02 2.935955537872168861e+02
2.445040017659844125e+03 1.233506538638085459e+01 7.273982256639484945e+00 5.114844871964091766e+00 7.784014340969080195e+02 3.333040961130161577e+02
2.928862897580535900e+03 1.370013119783217981e+01 7.483406055428837966e+00 5.517525091888306754e+00 8.420719413332759586e+02 2.985353976680745518e+02
3.358849061592458384e+03 1.244301711716297376e+01 6.754177535999899007e+00 5.560634357761916391e+00 8.405000914753126153e+02 3.242027900818306421e+02
3.059591689133021646e+03 8.288145344393397451e+00 0.000000000000000000e+00 1.037156682093435123e+01 7.420832795828947610e+02 3.347400787526750037e+02
3.280239251356639215e+03 8.064442054087219702e+00 0.000000000000000000e+00 9.374820320870307810e+00 5.625758726787201158e+04 0.000000000000000000e+00
2.574701525751169356e+03 8.666057898447197871e+00 0.000000000000000000e+00 1.116538169764047339e+01 6.082680958657371229e+04 0.000000000000000000e+00
3.480867459144682016e+03 8.194570320438270272e+00 0.000000000000000000e+00 9.471179184283045061e+00 5.505865866421657847e+04 0.000000000000000000e+00
3.825085264070966332e+03 8.771867830110409159e+00 0.000000000000000000e+00 9.874780954696117163e+00 5.377647520464081026e+04 0.000000000000000000e+00
3.771532218777738308e+03 8.139718269736986755e+00 0.000000000000000000e+00 9.703209751484575207e+00 5.888858196993006277e+04 0.000000000000000000e+00
3.699104561692526204e+03 8.566745431445809800e+00 0.000000000000000000e+00 9.758159397132924795e+00 6.146202587441897049e+04 0.000000000000000000e+00
4.044085071737570161e+03 9.397378204180640182e+00 0.000000000000000000e+00 9.985845114363176123e+00 5.878714715731442266e+04 0.000000000000000000e+00
3.804979257826867979e+03 8.604850771861888958e+00 0.000000000000000000e+00 1.103945068427419685e+01 5.371525434462467820e+04 0.000000000000000000e+00
3.827442853273002584e+03 8.635833963560941129e+00 0.000000000000000000e+00 1.060160008968475154e+01 5.491521393953572260e+04 0.000000000000000000e+00
4.289078212861944849e+03 8.541745995875441366e+00 0.000000000000000000e+00 1.147904281915251801e+01 6.103213456541398773e+04 0.000000000000000000e+00
3.894438918835076038e+03 9.827132614053361692e+00 0.000000000000000000e+00 1.147428340189139639e+01 5.334534682826557400e+04 0.000000000000000000e+00
4.542517080506870116e+03 9.202343507072010098e+00 0.000000000000000000e+00 1.097582760039754923e+01 5.213003617129282065e+04 0.000000000000000000e+00
4.379101036146097613e+03 9.290515648610865540e+00 0.000000000000000000e+00 1.180719178511032119e+01 6.048760884404629178e+04 0.000000000000000000e+00
4.600820642316125486e+03 9.093212967531458801e+00 0.000000000000000000e+00 1.062634233338180145e+01 5.711535962090900284e+04 0.000000000000000000e+00
3.857673888492026435e+03 1.019147481087025753e+01 0.000000000000000000e+00 1.060584020110372805e+01 5.902673332585469325e+04 0.000000000000000000e+00
4.752449446189623814e+03 9.692343701571202175e+00 0.000000000000000000e+00 1.175565179702526031e+01 6.070661453441608319e+04 0.000000000000000000e+00
3.700325353106280545e+03 1.015980253294862479e+01 0.000000000000000000e+00 1.087315513699265779e+01 5.963438054591416585e+04 0.000000000000000000e+00
4.574181821324279554e+03 1.001203272939925704e+01 0.000000000000000000e+00 1.297013035289861094e+01 5.445489708680110198e+04 0.000000000000000000e+00
4.504603876033755114e+03 9.579936717723198214e+00 0.000000000000000000e+00 1.262454696092579098e+01 5.699075720405269385e+04 0.000000000000000000e+00
5.016018348971580963e+03 1.063651998568439083e+01 0.000000000000000000e+00 1.250313779697878402e+01 5.371730608557000232e+04 0.000000000000000000e+00
4.191764776444220843e+03 9.849196661204958403e+00 0.000000000000000000e+00 1.140343071494744542e+01 5.947304309731419198e+04 0.000000000000000000e+00
4.341626347948235889e+03 9.790341607480208097e+00 0.000000000000000000e+00 1.258203807536082408e+01 6.253778800998569932e+04 0.000000000000000000e+00
5.202181185550467490e+03 1.104420767403100356e+01 0.000000000000000000e+00 1.105319519902469061e+01 5.215340390261819994e+04 0.000000000000000000e+00
4.855401939102421238e+03 9.942990480416378674e+00 3.508741713481982938e+00 1.388660427183079094e+01 4.707351764206613893e+02 8.494462539827100045e+01
6.160286806722452638e+03 1.006711508471211580e+01 3.851785354995851840e+00 1.149944669981113599e+01 4.137257275864479311e+02 9.132150309644680419e+01
5.994516493081563567e+03 1.184528119579283789e+01 3.567849875734625531e+00 1.384026199687014014e+01 4.536910039316188090e+02 7.714582026933537406e+01
4.532447127192825974e+03 1.144886937949102546e+01 3.524562784800378878e+00 1.410924142747120058e+01 4.326472780557739952e+02 8.140983628462088006e+01
5.523700258544139615e+03 1.196115798734038016e+01 3.834626415437951685e+00 1.391415943199555549e+01 4.159738106137913860e+02 8.179579883807244300e+01
6.511104727794579958e+03 1.091310534336236415e+01 3.931711259794468560e+00 1.248701154549725878e+01 4.186030519657209652e+02 9.158761198428994987e+01
6.504207503709787488e+03 1.086543520819842712e+01 3.895862186517102810e+00 1.216838398624177309e+01 4.090039750520887765e+02 8.144041949803067837e+01
5.778616832645755494e+03 1.028634941835023220e+01 3.346296210252158509e+00 1.205502632428006038e+01 3.906564430403610118e+02 7.781003955114640291e+01
5.230023876989280325e+03 1.087466055043461921e+01 3.371163103874609490e+00 1.204879370285177487e+01 3.899395913361482826e+02 8.293360620180192200e+01
5.553236462796981868e+03 1.196754834975511450e+01 3.847697613118949977e+00 1.289777379305247607e+01 4.207434665043335826e+02 8.032652093068212196e+01
7.112489934212851040e+03 1.057987828848353296e+01 3.408592558020457464e+00 1.318169140945586193e+01 4.466379061921281277e+02 9.081453887012791881e+01
7.260622025885606490e+03 1.027303203617017680e+01 3.709706107785270213e+00 1.211901469194800107e+01 4.302382960618417655e+02 8.694507460067583793e+01
5.951594306539507670e+03 1.213482806233423261e+01 3.874197050575968415e+00 1.180239257856317536e+01 4.099726087329018469e+02 8.209841003373034596e+01
6.325074043093223736e+03 1.213444929755896773e+01 3.683004449982529849e+00 1.275571985987992285e+01 4.529930507469957774e+02 7.758954098695353707e+01
