4.481522107021183032e-01 5.842459358053456953e+00 3.196380339698023043e+00 2.776043062070033596e+00 1.339271012636239448e+03 6.176555514212997196e+02
3.474125939708508071e+01 5.626579764209565404e+00 3.330052526107361022e+00 2.845028727352605813e+00 1.398745920428430509e+03 6.173874944561224538e+02
3.182966308704043001e+01 7.589997060127387840e+00 4.464255059242567825e+00 3.452880569431255431e+00 1.443897858534047373e+03 5.927795638025800145e+02
5.243535013440597936e+01 7.424480201547607017e+00 4.444848474332242283e+00 3.207436447269733648e+00 1.334413291101209779e+03 5.825146407073821138e+02
9.487335636816173690e+01 8.045113583563237469e+00 4.445420401392057741e+00 3.477692312932418428e+00 1.991427860974047803e+02 7.863283692783113565e+01
1.528111934740063589e+02 7.769681050982286230e+00 4.457689124373604983e+00 3.275748000194497411e+00 1.998308022417015195e+02 8.396475307925173581e+01
1.966182305245738746e+02 8.346693709298728336e+00 4.583208113778376003e+00 3.359852751150513406e+00 3.494081036102872986e+02 7.842052939228717889e+01
2.559165832743384499e+02 8.230736835544901098e+00 4.830327444217175525e+00 3.538683338186443095e+00 3.717721047408808204e+02 1.442226728487481751e+02
2.939287577948123271e+02 8.434935973963039402e+00 4.705704787059936223e+00 3.584425827701452238e+00 3.490965856959471125e+02 1.419474718136994795e+02
3.623060905058550247e+02 8.907715737356886265e+00 4.976298357419757679e+00 3.477955236438921460e+00 3.669425980605925588e+02 1.444253684899336747e+02
4.155768710473108740e+02 8.741478235422126986e+00 4.930511031040062164e+00 3.618792079713802234e+00 3.457722188815033064e+02 1.362552618959416861e+02
5.243070659283910118e+02 9.956770035966412635e+00 5.352965152898072176e+00 3.787279771947865914e+00 3.507374639598940007e+02 1.393976006783804280e+02
6.011232601824212907e+02 1.046465441818180686e+01 5.900122241226509523e+00 4.005641110493769474e+00 3.761005160450618519e+02 1.426440457692896473e+02
6.852578621716714906e+02 1.046032613929005883e+01 5.796719352753918919e+00 4.568975894520292513e+00 7.476469584667553363e+02 3.078004049150264336e+02
7.619621197968658635e+02 1.049775421751040483e+01 6.409212418609167905e+00 4.318863117340121960e+00 7.664690596582463513e+02 3.115526824617662101e+02
8.574425235367895084e+02 1.130948411456732394e+01 6.351237666016344541e+00 4.594261229407870850e+00 7.713926942113905625e+02 3.260199323000075537e+02
9.747998546618857745e+02 1.158342907489073603e+01 6.302468103061077187e+00 4.496054408713445305e+00 7.541089950646919533e+02 2.972415199004881288e+02
1.124214971357781678e+03 1.131460005251753564e+01 6.197286539912775005e+00 4.644851995516632748e+00 7.147221423969789385e+02 3.119546840318909062e+02
1.177707381135651531e+03 1.194049794868175951e+01 6.567139194581971040e+00 4.578713667679648047e+00 7.489881085550358648e+02 3.047854972119593526e+02
1.324029651725538088e+03 1.202063241984663655e+01 6.610092795946010291e+00 4.970479059936228516e+00 7.151931037542514105e+02 3.113224465478377851e+02
1.415791548742485475e+03 1.209979530729060748e+01 6.498084471252549399e+00 5.121651586172637494e+00 7.397014661496988310e+02 3.228446380284171937e+02
1.677048504464840789e+03 1.206375506597191460e+01 6.913721215312982338e+00 5.148076498459905892e+00 7.378325781706892030e+02 3.123887682625564821e+02
1.791442376412539261e+03 1.194873518758634034e+01 6.927972712300407565e+00 5.293516765389955303e+00 7.668631590038513650e+02 3.274153714114986542e+02
1.976110506556045266e+03 1.332889298238200659e+01 6.759846329696128642e+00 5.249401554261316605e+00 7.667635394236077673e+02 3.135049845896443230e+02
2.200243448533690753e+03 1.339929993359778315e+01 7.062053704497357032e+00 5.196649673349120313e+00 8.257071665343498807e+02 3.117118143803943440e+02
2.361686055469823714e+03 1.284298964524574593e+01 6.927610624989589461e+00 5.361480413257087463e+00 8.040007221630725098e+02 3.145920323683996571e+02
2.734522770905021389e+03 1.281354583920511558e+01 7.283648979802154422e+00 5.243898436921934803e+00 7.728777625624322809e+02 3.087136564108427592e+02
2.651934083623471452e+03 1.376643875043771992e+01 6.927894460910714258e+00 5.655543432826541483e+00 8.149855394165276721e+02 3.095789468422561868e+02
2.941714778044082323e+03 1.396248835364576379e+01 7.427163908103307399e+00 5.919529165682733129e+00 7.877681249669085446e+02 3.104010949477199119e+02
2.987248135319588982e+03 7.907323616983344294e+00 0.000000000000000000e+00 9.950956958903091731e+00 8.351732258511708551e+02 3.173552963175102946e+02
2.845700446841416124e+03 8.077447820883213225e+00 0.000000000000000000e+00 9.536171449184292825e+00 5.566679831436692621e+04 0.000000000000000000e+00
3.224874722637242030e+03 8.659834189121987436e+00 0.000000000000000000e+00 1.036286829568183876e+01 5.527019216764124576e+04 0.000000000000000000e+00
3.265825747297558337e+03 8.647323458091138448e+00 0.000000000000000000e+00 1.011818382668578309e+01 5.636771096216165461e+04 0.000000000000000000e+00
3.160975785974866994e+03 8.577511143521318715e+00 0.000000000000000000e+00 1.047926689678572920e+01 5.564406904610286438e+04 0.000000000000000000e+00
3.202855407841147098e+03 8.926913099507927996e+00 0.000000000000000000e+00 1.086296102158842913e+01 5.744606239048916177e+04 0.000000000000000000e+00
3.452016196543760088e+03 9.175942019010992823e+00 0.000000000000000000e+00 1.055844594461117225e+01 5.822224609117638465e+04 0.000000000000000000e+00
3.605854759040890258e+03 8.972316856397545948e+00 0.000000000000000000e+00 1.052549357914837458e+01 5.730447796956177626e+04 0.000000000000000000e+00
3.802665219293455721e+03 9.296422432603609565e+00 0.000000000000000000e+00 1.097548816982814834e+01 5.721351111655530258e+04 0.000000000000000000e+00
3.585454639170177416e+03 9.462649203706222423e+00 0.000000000000000000e+00 1.151510424959232815e+01 5.619623752481025440e+04 0.000000000000000000e+00
3.951225324208204711e+03 9.070118131384038662e+00 0.000000000000000000e+00 1.065397799991377958e+01 5.884323660266111983e+04 0.000000000000000000e+00
3.800408189599066645e+03 9.515463999722514998e+00 0.000000000000000000e+00 1.160571695545191595e+01 5.904306472439922800e+04 0.000000000000000000e+00
4.238362426763115764e+03 9.933497791474495742e+00 0.000000000000000000e+00 1.099627387516675370e+01 5.798017639765131025e+04 0.000000000000000000e+00
4.309452546948783493e+03 9.994637626464607294e+00 0.000000000000000000e+00 1.180129036210535709e+01 5.748200164611638320e+04 0.000000000000000000e+00
4.106042911679897770e+03 1.008902511090903431e+01 0.000000000000000000e+00 1.166409705867969571e+01 5.769570050948738935e+04 0.000000000000000000e+00
4.326566969181172681e+03 9.779587012125981360e+00 0.000000000000000000e+00 1.187443989634989094e+01 5.938210410491303628e+04 0.000000000000000000e+00
4.411665315621926311e+03 1.027610747401475066e+01 0.000000000000000000e+00 1.184397368779220017e+01 6.007914841220596281e+04 0.000000000000000000e+00
4.360479117465668423e+03 1.022163966680939495e+01 0.000000000000000000e+00 1.125684901944276817e+01 5.750850036529095814e+04 0.000000000000000000e+00
4.738949499021628981e+03 9.777410112942273912e+00 0.000000000000000000e+00 1.169859613124227415e+01 5.881192519514516607e+04 0.000000000000000000e+00
4.998016825779784995e+03 9.649023180651324694e+00 0.000000000000000000e+00 1.211035552662627879e+01 5.770692526529898896e+04 0.000000000000000000e+00
4.641467521882035726e+03 1.069409112825402630e+01 0.000000000000000000e+00 1.176113188804477439e+01 5.847920529364232789e+04 0.000000000000000000e+00
5.066800403857829224e+03 1.005339645949208638e+01 0.000000000000000000e+00 1.241503251209839043e+01 5.992824674359381606e+04 0.000000000000000000e+00
5.074975996280846630e+03 9.930229075512537307e+00 0.000000000000000000e+00 1.196605017183819619e+01 5.960005850391906279e+04 0.000000000000000000e+00
4.982160782437843409e+03 1.082698070933472856e+01 0.000000000000000000e+00 1.259727833209625203e+01 5.590496071597634727e+04 0.000000000000000000e+00
5.071591152978817263e+03 1.053697576263189006e+01 3.434100574551400165e+00 1.286827534818457686e+01 4.236620704417931620e+02 8.834582471483530242e+01
5.376743031156302095e+03 1.095570552192022795e+01 3.506706743104337054e+00 1.296959028928513646e+01 4.376877255765625705e+02 8.224416110455649687e+01
5.294713253034293302e+03 1.097588512689867457e+01 3.383548194282045340e+00 1.244670397402270723e+01 4.324738366404603767e+02 8.682217497677710583e+01
5.477386565998852348e+03 1.143494742036410372e+01 3.398968159232816255e+00 1.248189053712252949e+01 4.433595244311314332e+02 8.210605784591520262e+01
5.680887442206447304e+03 1.150513551073694174e+01 3.473985002400773237e+00 1.266417786483927976e+01 4.602457441238953493e+02 8.784046459041310584e+01
5.831420014475451353e+03 1.122568737080961121e+01 3.673816000111096880e+00 1.232534532140859618e+01 4.407801911440884624e+02 8.412213701235577901e+01
5.494800750318312566e+03 1.144290322710571850e+01 3.702783527074803072e+00 1.305550526258947386e+01 4.250040769363681079e+02 8.632572255365720082e+01
5.764839072637390018e+03 1.116930048002350162e+01 3.556130089901697211e+00 1.274373949078100843e+01 4.300728085483260088e+02 8.767664297116024841e+01
6.005613055537569380e+03 1.078690983463785891e+01 3.767178155401685657e+00 1.267455011718396740e+01 4.311347739541534452e+02 8.902306170924921958e+01
5.820516407149123552e+03 1.162084271257693224e+01 3.483279476901346872e+00 1.262059614216205183e+01 4.174505588896665245e+02 8.490756521216050601e+01
6.238740094564282117e+03 1.151406287360567937e+01 3.578408863665336614e+00 1.277111532070403932e+01 4.317312446141129385e+02 8.842388541384376310e+01
6.212500145271621477e+03 1.076938501041074048e+01 3.751622921851224923e+00 1.357417037918449765e+01 4.420513749488391682e+02 8.437352004957699592e+01
5.984995746306673936e+03 1.093878262250665045e+01 3.516840906193115401e+00 1.336454438955515300e+01 4.502121951763753600e+02 8.215128737417722959e+01
6.274391382515449550e+03 1.128870493565534083e+01 3.720318158255456975e+00 1.324981342623126679e+01 4.373534709192003902e+02 8.265257441868378407e+01
