2.515480457976665418e-01 5.898094633106380158e+00 3.248064208425122779e+00 2.759757217709696064e+00 1.387486794815190024e+03 6.143240438891958775e+02
3.507540479175040105e+01 5.716132911622899826e+00 3.274395562621271072e+00 2.884793359318704731e+00 1.393203588341077193e+03 6.164489085254277825e+02
3.293050541247166052e+01 7.468592900057438477e+00 4.469516290818611459e+00 3.298973825682424810e+00 1.425092302409504100e+03 6.104964246850953487e+02
4.953679992283016986e+01 7.743268811773244664e+00 4.375882919626445933e+00 3.376872649601244891e+00 1.446255045771945561e+03 5.975987915710478546e+02
1.045052261236106830e+02 8.247510869952929369e+00 4.232386766969651326e+00 3.396083347798520613e+00 2.010385943390071759e+02 8.033209612979743497e+01
1.465729109649299744e+02 8.309106294129913195e+00 4.387617968005876001e+00 3.392556828964273130e+00 1.901790431111828070e+02 7.874833408493975639e+01
2.018023195694392200e+02 8.279091255887074396e+00 4.776818661194696780e+00 3.556430857214738506e+00 3.570449721038995108e+02 7.829989419284120800e+01
2.473288164038473269e+02 8.188072045217255734e+00 4.823568667838974200e+00 3.584264228549272069e+00 3.609914190201160409e+02 1.439135510214467786e+02
3.090598276191336709e+02 8.693144530784286061e+00 4.881742699226053084e+00 3.612925573706988747e+00 3.751619892108186605e+02 1.375804950175433419e+02
3.506861314831754157e+02 9.172060985703430092e+00 5.067802708844796555e+00 3.602134307805178626e+00 3.540802432997891742e+02 1.412110958241929950e+02
3.926047610150151854e+02 8.615497469987500878e+00 5.207368377301629714e+00 3.484301059128316336e+00 3.437573347130924049e+02 1.402339858883850638e+02
5.246166679536592028e+02 9.554691464728445993e+00 5.165654554002832910e+00 3.715695616295472181e+00 3.611955668180211774e+02 1.481296853264611570e+02
5.785087397981877757e+02 9.791052209147354191e+00 5.921196262164277080e+00 3.904834467955377253e+00 3.522136676994383038e+02 1.361002906389475129e+02
7.028593153843092978e+02 1.109107622502822110e+01 5.757524986358491859e+00 4.388144104610399054e+00 7.307145174338040761e+02 3.105072837443676121e+02
8.139448622290391313e+02 1.076966020873159557e+01 6.215059835988297365e+00 4.335079845158399614e+00 7.327485059670028704e+02 3.264023327499010065e+02
9.271408120870490848e+02 1.150597432094993522e+01 6.430453870483937351e+00 4.667093024337095386e+00 7.689898944140968524e+02 2.970850694616031547e+02
9.551178885352684347e+02 1.149472989328263672e+01 6.218050372022982053e+00 4.720225735529833599e+00 7.232608337949097859e+02 2.974373632467637663e+02
1.113554505950083012e+03 1.117884824324457504e+01 6.592698025627630187e+00 4.611312656261604914e+00 7.072689214768548709e+02 3.159260123981547395e+02
1.203080815652010415e+03 1.137236013122870304e+01 6.269559309618345289e+00 4.905810180069819282e+00 7.172973198153731573e+02 3.228278591517342875e+02
1.346725587458129439e+03 1.130345601758046570e+01 6.387433149780114228e+00 4.697058393555443523e+00 7.085728663434708778e+02 3.232046130813134255e+02
1.458602616698203065e+03 1.175930815418755415e+01 6.586430107461922034e+00 4.779641307290678931e+00 7.092702217467116270e+02 3.027507333738571447e+02
1.675264699122569482e+03 1.227060676584284771e+01 6.861359172900715286e+00 5.081827733891762122e+00 7.186575679117228219e+02 3.005081544586006430e+02
1.713873121014757999e+03 1.279189148352303462e+01 6.861834788400891227e+00 5.326991658637512117e+00 7.775830416780706855e+02 3.072078903822208531e+02
1.974111103285890749e+03 1.224425824971015864e+01 7.189342215370555955e+00 5.235000931315884287e+00 8.019270397077294774e+02 3.164072749216765601e+02
2.150115080748360924e+03 1.240620952710403024e+01 7.093780291508855917e+00 5.185589853333798516e+00 8.375254618018087740e+02 3.036372105304869251e+02
2.255635818237006788e+03 1.335565085123506890e+01 7.131990208766340267e+00 5.427452519760464611e+00 7.970453986378803393e+02 3.204287883443819283e+02
2.496932100908127723e+03 1.351318776022859147e+01 6.823879646230336604e+00 5.414025829570418225e+00 7.737148014565565290e+02 3.227192271515456810e+02
2.729071862021506604e+03 1.402797685720230447e+01 7.494608179675258164e+00 5.406357452476819425e+00 7.679349484409740398e+02 3.257179273546515788e+02
3.031758459443656193e+03 1.353842689731233229e+01 7.145011672260133118e+00 5.794089486922938015e+00 7.817216605477125313e+02 3.105430054596485547e+02
2.863736910047067795e+03 8.081111816957006866e+00 0.000000000000000000e+00 1.002949014471081846e+01 7.903751375465216142e+02 3.167814303074903819e+02
3.053998250263802220e+03 8.383140428560121649e+00 0.000000000000000000e+00 1.051805183886570028e+01 5.857575724141603860e+04 0.000000000000000000e+00
3.128478905911331822e+03 8.768681925878858863e+00 0.000000000000000000e+00 1.033611774569766872e+01 5.695629383214017435e+04 0.000000000000000000e+00
3.225639153012186853e+03 8.925216058482941861e+00 0.000000000000000000e+00 1.036430423349307617e+01 5.752380405664062710e+04 0.000000000000000000e+00
3.177479426991912533e+03 8.271192727424944380e+00 0.000000000000000000e+00 1.055594708165867068e+01 5.795989679849999084e+04 0.000000000000000000e+00
3.333819975858089038e+03 8.358363763458292794e+00 0.000000000000000000e+00 1.081422258115976831e+01 5.750825014058971283e+04 0.000000000000000000e+00
3.340769413265999447e+03 8.947765183346197304e+00 0.000000000000000000e+00 1.035428079761170750e+01 5.809898295744770439e+04 0.000000000000000000e+00
3.421054718103140658e+03 9.211659000332787173e+00 0.000000000000000000e+00 1.131759206153793151e+01 5.678162037261623482e+04 0.000000000000000000e+00
3.707683920301521539e+03 9.197402958255880279e+00 0.000000000000000000e+00 1.065483411829470306e+01 5.979853267876611062e+04 0.000000000000000000e+00
3.642799471051250748e+03 9.296448427996120145e+00 0.000000000000000000e+00 1.065780761435796187e+01 5.885808359296931303e+04 0.000000000000000000e+00
3.753694234222201885e+03 9.398702154149631838e+00 0.000000000000000000e+00 1.130678834761113016e+01 6.029443732323850418e+04 0.000000000000000000e+00
3.859889553181174961e+03 9.884529635938489989e+00 0.000000000000000000e+00 1.073199307866393504e+01 5.855893606872166856e+04 0.000000000000000000e+00
3.912557769834507326e+03 9.288684357598661734e+00 0.000000000000000000e+00 1.111856520207104637e+01 6.070051765160825016e+04 0.000000000000000000e+00
4.011457241139046346e+03 9.927897693773717336e+00 0.000000000000000000e+00 1.191147897739209149e+01 5.749874242575201788e+04 0.000000000000000000e+00
4.434069134437123466e+03 1.008097988802343004e+01 0.000000000000000000e+00 1.159085050711205156e+01 5.857733688741191145e+04 0.000000000000000000e+00
4.355414214637727127e+03 1.004820228256142656e+01 0.000000000000000000e+00 1.136448286962268384e+01 5.730202883311676123e+04 0.000000000000000000e+00
4.599959800064508272e+03 9.442037065648539951e+00 0.000000000000000000e+00 1.223914167490795890e+01 5.681384220467284467e+04 0.000000000000000000e+00
4.608929641020898998e+03 1.033850715132092724e+01 0.000000000000000000e+00 1.181611264927063942e+01 5.849306821859930642e+04 0.000000000000000000e+00
4.740145523359419713e+03 1.028173965778633203e+01 0.000000000000000000e+00 1.213383832001395213e+01 5.617759684655594174e+04 0.000000000000000000e+00
4.719604866460576886e+03 1.002355821931181268e+01 0.000000000000000000e+00 1.219491913133572858e+01 5.559984910937007953e+04 0.000000000000000000e+00
5.111277129231725667e+03 1.055628401264545246e+01 0.000000000000000000e+00 1.158844701869126226e+01 5.877009321997618099e+04 0.000000000000000000e+00
4.933300172985203972e+03 1.011097851192549157e+01 0.000000000000000000e+00 1.201888094902218995e+01 5.863897621119116957e+04 0.000000000000000000e+00
5.035046083668687970e+03 1.039534113142044447e+01 0.000000000000000000e+00 1.185753029472325260e+01 5.588590915335780301e+04 0.000000000000000000e+00
5.019161503388840174e+03 1.016616561938535135e+01 0.000000000000000000e+00 1.163441339076231884e+01 5.851008402007235418e+04 0.000000000000000000e+00
5.168686191713211883e+03 1.095553190720191594e+01 3.538980246349019421e+00 1.324970771878048481e+01 4.422409134741745902e+02 8.279773684981131510e+01
5.145029055516052722e+03 1.115729924044326538e+01 3.510460010441769363e+00 1.223693398280057387e+01 4.305106010304334063e+02 8.749924604648661841e+01
5.262398446969968973e+03 1.145865321156341565e+01 3.656359635582083545e+00 1.336615147525698433e+01 4.491065329274801456e+02 8.546749742071941114e+01
5.292494724436586694e+03 1.144191910474605578e+01 3.540964285242437892e+00 1.302525431117133436e+01 4.599185010847272110e+02 8.209702123733262624e+01
5.643979253473996323e+03 1.134076508787401139e+01 3.644939460588298097e+00 1.333463033973061584e+01 4.225956993088616400e+02 8.761587497798606705e+01
5.766809538282939684e+03 1.153164195486569987e+01 3.418442464893725052e+00 1.263915217881682018e+01 4.365623435650731494e+02 8.585193957768890982e+01
5.668118725373005873e+03 1.174321756215977963e+01 3.550110258005024111e+00 1.242410691151409630e+01 4.492913217029383759e+02 8.219877363336726717e+01
5.795324697605637084e+03 1.068831570281214383e+01 3.669556836156507629e+00 1.335818551404538290e+01 4.340469498591170918e+02 8.882435194283159774e+01
5.705720209252915083e+03 1.122930404992836273e+01 3.709741106602729932e+00 1.251000616906679852e+01 4.259230638244059719e+02 8.404322106160047667e+01
5.947646117549983501e+03 1.104604506179988910e+01 3.706412808345631582e+00 1.342200743516746897e+01 4.421134787159291477e+02 8.792864245814057256e+01
6.230247460156850138e+03 1.108582425021956652e+01 3.746219164684001957e+00 1.350622513322815976e+01 4.216687551715064046e+02 8.741835469207346421e+01
6.126800722570874314e+03 1.177129753023058356e+01 3.731382027896217313e+00 1.296595391624492422e+01 4.235132418862648933e+02 8.645997806969538146e+01
6.189389644364734522e+03 1.088692260313956517e+01 3.505502038715796242e+00 1.352070001090963203e+01 4.231846670485088566e+02 8.476581682066257883e+01
6.181732743458085679e+03 1.156233170347577044e+01 3.757230045001440200e+00 1.322262922185707268e+01 4.176614422527492820e+02 8.300701677824636704e+01
