2.000000000000000111e-01 3.236130103159430504e+00
1.000000000000000056e-01 3.304130103159430565e+00
5.000000000000000278e-02 3.626130103159430629e+00
3.333333333333333287e-02 3.976130103159430718e+00
2.000000000000000042e-02 4.122130103159430625e+00
1.250000000000000069e-02 4.182130103159430234e+00
1.000000000000000021e-02 4.218130103159430710e+00
6.666666666666667095e-03 4.332130103159430590e+00
5.000000000000000104e-03 4.468130103159430710e+00
4.000000000000000083e-03 4.608130103159430391e+00
3.333333333333333547e-03 4.740130103159430064e+00
