2.739258866634020073e-02 5.646584818773612291e+00 3.450323547957260484e+00 2.838402977896087087e+00 1.405325165357468450e+03 6.278694170702830206e+02
3.101624973353217030e+01 6.029784854616968559e+00 3.354348069812526756e+00 2.830601982524338478e+00 1.449070794715057673e+03 5.902272506448334752e+02
3.182426459430512722e+01 7.410977338481393950e+00 4.225358343071034639e+00 3.295331329566089984e+00 1.417146809231461020e+03 6.050708408771438371e+02
5.135922937645114672e+01 7.867882518764830913e+00 4.577678592776091904e+00 3.456412606894398998e+00 1.466262875276936938e+03 6.204182145218799178e+02
9.565573629899296293e+01 7.602979235025027371e+00 4.639264847651484835e+00 3.391519531441954616e+00 2.041573703935790718e+02 7.899763062811449288e+01
1.499111844939840523e+02 8.501021425015565569e+00 4.685571424655618600e+00 3.524536362575842574e+00 2.023648060658904626e+02 8.088723191360628562e+01
1.969120329951500139e+02 8.420684369794074087e+00 4.506944061100481846e+00 3.377211741933309863e+00 3.667782071664104819e+02 8.376330880446616334e+01
2.513275054178920698e+02 8.101482882628562976e+00 4.479822554034875282e+00 3.631360198567003206e+00 3.616213065231258952e+02 1.479036984498370657e+02
2.945340467273301215e+02 8.458392477224215611e+00 4.984973893456733585e+00 3.415759716820262692e+00 3.469433828434619045e+02 1.447652321225958758e+02
3.544603963483289135e+02 9.055560944467188733e+00 4.793974795710671089e+00 3.458679679500143767e+00 3.661320256050933040e+02 1.465060709518774615e+02
4.100842446140381981e+02 9.048224626378761570e+00 4.902289161134094186e+00 3.590773053832897244e+00 3.427425895247829430e+02 1.368712290459995131e+02
4.910871011510992048e+02 9.589256993132758922e+00 5.137335387893441130e+00 4.042205504213555400e+00 3.745690810124989412e+02 1.373217813909753886e+02
6.085280848153748821e+02 9.924168384736850257e+00 5.390592950829804941e+00 4.016866893748701983e+00 3.644202464095861842e+02 1.474656814142022654e+02
6.620435080407506803e+02 1.095541413349035764e+01 5.941120785856079500e+00 4.525683982806076422e+00 7.639111761231755509e+02 3.136236780037989433e+02
8.050911207703559285e+02 1.068492163510360093e+01 6.021291620552014834e+00 4.548690517208454409e+00 7.306272708825591735e+02 2.996446837515576362e+02
8.557206880342203021e+02 1.140329296850822693e+01 6.219258868816688768e+00 4.770329561653934292e+00 7.141552485529222167e+02 3.161770222095545364e+02
1.036369900718557119e+03 1.109143840473399223e+01 6.116798749883304964e+00 4.685072303770053459e+00 7.406575987092140849e+02 3.202541666789329611e+02
1.062873558311703846e+03 1.198287873408201243e+01 6.241651372503617345e+00 4.770669831770624647e+00 7.436794041335505199e+02 3.003372360741443572e+02
1.169394482352596924e+03 1.218793782647420620e+01 6.795925552984551032e+00 4.610713416508273710e+00 7.745528840029443245e+02 3.036025290885471577e+02
1.261279515604743438e+03 1.244088640357996844e+01 6.431942926380188830e+00 4.751850235675224354e+00 7.497805505952876501e+02 3.166572765464862869e+02
1.336570405676842029e+03 1.206496764930732901e+01 6.764224423826251886e+00 5.048937979772772700e+00 7.612129917938532344e+02 3.239269935009403412e+02
1.653649678702218125e+03 1.237354498390333291e+01 7.007570299627479571e+00 5.104428002494547201e+00 7.405291712832398616e+02 3.045556233671730979e+02
1.750196316388666673e+03 1.307507475877927838e+01 6.794700042026618370e+00 5.047167590196073306e+00 8.348182022162291105e+02 3.018333625443216874e+02
2.036135188476927624e+03 1.291777418161341018e+01 7.173933448023664283e+00 5.321693949339620033e+00 8.354460376457078610e+02 3.169083734416136622e+02
2.250221394024725669e+03 1.348825634378424354e+01 7.224194637994465040e+00 5.349111374075728342e+00 8.231960671310202997e+02 2.968867934813670217e+02
2.343685440061944519e+03 1.337654849081236463e+01 7.169798539021967620e+00 5.483479250826972518e+00 7.729744567592708790e+02 3.053000827396111845e+02
2.505880285667751195e+03 1.332712773090715075e+01 6.789227859262426890e+00 5.408706645017827164e+00 8.286960593756829212e+02 3.047602954922153344e+02
2.634168720780808599e+03 1.398206013141001591e+01 7.206049526456615339e+00 5.505662474897765613e+00 8.389827817375652330e+02 3.056071049921436042e+02
2.956975646717961354e+03 1.424914667529000489e+01 7.502325918967763130e+00 5.892579128052309656e+00 7.606498317110224434e+02 3.153993006981094709e+02
2.996555002346648052e+03 8.414658154500784804e+00 0.000000000000000000e+00 1.016403456625720381e+01 8.227113919807070488e+02 3.015397693609156136e+02
3.065464175477844492e+03 8.153951025707787181e+00 0.000000000000000000e+00 9.887387282270807987e+00 5.847930632675474772e+04 0.000000000000000000e+00
3.033577691679795862e+03 8.094140381020384467e+00 0.000000000000000000e+00 1.019380952204777557e+01 5.752732929158831394e+04 0.000000000000000000e+00
3.270446715380838668e+03 8.772651388249400384e+00 0.000000000000000000e+00 1.044604108962116484e+01 5.735681735132359609e+04 0.000000000000000000e+00
3.202608057866164927e+03 8.850485998121191855e+00 0.000000000000000000e+00 1.019563255660036205e+01 5.737681187588450121e+04 0.000000000000000000e+00
3.440658665965997443e+03 8.973993715678055594e+00 0.000000000000000000e+00 1.079169057782348595e+01 5.528692142157220951e+04 0.000000000000000000e+00
3.301738318688404433e+03 8.544363619455060288e+00 0.000000000000000000e+00 1.042833382865167202e+01 5.587489471791765391e+04 0.000000000000000000e+00
3.538692380627091552e+03 9.429902457783175151e+00 0.000000000000000000e+00 1.068487574806295903e+01 5.581809358556401276e+04 0.000000000000000000e+00
3.712226810462184858e+03 9.442896241651832057e+00 0.000000000000000000e+00 1.087734410170769728e+01 5.583423718563350121e+04 0.000000000000000000e+00
3.806388435353757814e+03 9.568140228736760733e+00 0.000000000000000000e+00 1.081060704870514222e+01 5.647962978840185679e+04 0.000000000000000000e+00
3.974196684185316371e+03 9.484890890731497493e+00 0.000000000000000000e+00 1.119959597564034759e+01 5.752879368583815813e+04 0.000000000000000000e+00
3.976918516954645838e+03 9.248445330742189441e+00 0.000000000000000000e+00 1.123333175506873438e+01 5.926212925598811853e+04 0.000000000000000000e+00
3.994145857856462953e+03 9.563522510542412647e+00 0.000000000000000000e+00 1.159433108917689026e+01 5.698068373781633272e+04 0.000000000000000000e+00
4.262314482355477594e+03 9.859064415361107336e+00 0.000000000000000000e+00 1.113143023757248429e+01 6.067421197970774665e+04 0.000000000000000000e+00
4.207468086213870265e+03 9.648483313400401329e+00 0.000000000000000000e+00 1.183341284148080419e+01 6.056452804141469824e+04 0.000000000000000000e+00
4.340300010600501992e+03 9.914973663107485180e+00 0.000000000000000000e+00 1.162374201374459304e+01 6.006207191797625273e+04 0.000000000000000000e+00
4.302938876244031235e+03 9.628091942099684886e+00 0.000000000000000000e+00 1.207629192459775958e+01 5.776269899635852926e+04 0.000000000000000000e+00
4.761804863835066499e+03 1.029659246838281383e+01 0.000000000000000000e+00 1.164118187988319697e+01 5.794195121505636052e+04 0.000000000000000000e+00
4.898842761547298323e+03 9.812518752722668935e+00 0.000000000000000000e+00 1.195503437441517569e+01 5.518647134904524137e+04 0.000000000000000000e+00
4.956948614077477941e+03 1.009139476313910677e+01 0.000000000000000000e+00 1.211395248340438791e+01 5.635369207039717730e+04 0.000000000000000000e+00
4.983562746238276304e+03 1.009463906770042918e+01 0.000000000000000000e+00 1.223398365397039278e+01 6.037016552831518493e+04 0.000000000000000000e+00
5.043309315371393495e+03 1.028149632321744100e+01 0.000000000000000000e+00 1.162879665532106443e+01 5.823659288375009783e+04 0.000000000000000000e+00
4.907045204106789242e+03 1.057992812553950834e+01 0.000000000000000000e+00 1.232620922447525302e+01 6.002994511208545009e+04 0.000000000000000000e+00
5.009912415486875943e+03 1.080356843203107253e+01 0.000000000000000000e+00 1.254951512649441092e+01 5.561985515078224853e+04 0.000000000000000000e+00
5.108325393103902570e+03 1.087280691787159803e+01 3.330841666667788914e+00 1.260606589705055747e+01 4.309516233870699580e+02 8.397968599165911030e+01
5.304468618846359277e+03 1.104653617818584266e+01 3.409354781901326348e+00 1.288891425673241642e+01 4.593322364816939398e+02 8.673660107798296792e+01
5.165181043571281407e+03 1.144546090674359107e+01 3.654638650097651542e+00 1.327457174819206287e+01 4.459454369984089794e+02 8.423236650271904580e+01
5.564996125371993003e+03 1.089174230540315236e+01 3.483954941167567210e+00 1.276241120687825514e+01 4.191634080153011723e+02 8.270835267028056137e+01
5.434327636355334107e+03 1.096648256093889984e+01 3.412737873214310991e+00 1.348347504488980064e+01 4.328620690605154664e+02 8.230295334407215080e+01
5.441210047207217031e+03 1.141520774392304993e+01 3.445789782277140390e+00 1.315307302891709718e+01 4.371325911431758300e+02 8.873388282979941266e+01
5.768329234969055506e+03 1.151065183190749686e+01 3.650779511283594569e+00 1.244469462222591183e+01 4.484089936765789162e+02 8.254045412092879985e+01
5.505945315128847142e+03 1.174485721972129149e+01 3.507547843057115866e+00 1.307055065537300287e+01 4.180302149674704992e+02 8.847839108026447263e+01
5.818265651449901270e+03 1.110282122458232124e+01 3.784988105861935903e+00 1.343435763430840169e+01 4.476491193457519557e+02 8.099211293489766206e+01
6.016761275592608399e+03 1.121500233246226763e+01 3.648338622201023451e+00 1.323516865471916404e+01 4.385977599174188413e+02 8.617570155456519387e+01
5.800503743168160327e+03 1.075022573849614282e+01 3.820047116426740885e+00 1.284079445632185390e+01 4.337792981074821341e+02 8.561135564862743763e+01
6.070662611677027598e+03 1.124353468023308622e+01 3.539563218753278395e+00 1.313701326892610055e+01 4.480157956653102929e+02 8.714057511590469574e+01
6.419167478113059587e+03 1.073818040151375541e+01 3.612841080755537337e+00 1.344736912123186201e+01 4.497097565453855168e+02 8.764702564350169212e+01
6.502670380184726127e+03 1.175553482477173084e+01 3.842759757241186680e+00 1.255402637253587450e+01 4.120884455581737598e+02 8.416489618069128653e+01
