2.000000000000000111e-01 3.046522877686437702e+00
1.000000000000000056e-01 3.100522877686437528e+00
5.000000000000000278e-02 3.366522877686437543e+00
3.333333333333333287e-02 3.778522877686437909e+00
2.000000000000000042e-02 4.064522877686437496e+00
1.250000000000000069e-02 4.132522877686438001e+00
1.000000000000000021e-02 4.158522877686437802e+00
6.666666666666667095e-03 4.232522877686437646e+00
5.000000000000000104e-03 4.324522877686437283e+00
4.000000000000000083e-03 4.428522877686438264e+00
3.333333333333333547e-03 4.540522877686437475e+00
