2.000000000000000111e-01 3.503058172775834311e+00
1.000000000000000056e-01 3.575058172775834375e+00
5.000000000000000278e-02 3.855058172775834180e+00
3.333333333333333287e-02 4.057058172775834137e+00
2.000000000000000042e-02 4.139058172775833988e+00
1.250000000000000069e-02 4.231058172775834514e+00
1.000000000000000021e-02 4.297058172775834350e+00
6.666666666666667095e-03 4.469058172775834059e+00
5.000000000000000104e-03 4.665058172775834677e+00
4.000000000000000083e-03 4.867058172775834635e+00
3.333333333333333547e-03 5.037058172775834564e+00
