2.210120570451518107e-01 5.775130144954419897e+00 3.200185584909148062e+00 2.914406267588135702e+00 1.332516476962280649e+03 6.064224414970783528e+02
3.389983788086751559e+01 5.549782313232547892e+00 3.432850986674588434e+00 2.892890640546496694e+00 1.376342253648623000e+03 5.813014381897054363e+02
3.246076702450316276e+01 7.479557864717582660e+00 4.575227630553575509e+00 3.379716250935775435e+00 1.413865594803316753e+03 6.237821276905905279e+02
5.275697209707637114e+01 7.509203889015181765e+00 4.285597991963268960e+00 3.403115680487570405e+00 1.464180314899341283e+03 5.935798544199240041e+02
1.020810782941272805e+02 7.749771514902264791e+00 4.535098811936848051e+00 3.375936311328252337e+00 2.095551008536519078e+02 8.182246610178252411e+01
1.421453439243659886e+02 8.147828191717946922e+00 4.334056154636353853e+00 3.345138441616923863e+00 2.072090204754411786e+02 8.125138254464344811e+01
1.966098853615374082e+02 8.633587748219676783e+00 4.386558634921702726e+00 3.301317835557221247e+00 3.521998296389068628e+02 7.600396253888081333e+01
2.616023620616136327e+02 8.668083821165964764e+00 4.668572327622280582e+00 3.469944258539248150e+00 3.762170858375170042e+02 1.390143797858584094e+02
3.037066576082770553e+02 9.000071194942012909e+00 4.533796101705049431e+00 3.656589820629285725e+00 3.453898652352918930e+02 1.367615263242940102e+02
3.332122505298726765e+02 9.084218678018141091e+00 4.933821017425493061e+00 3.733354236380943547e+00 3.631040561151470456e+02 1.460341597703032335e+02
4.132639094204653247e+02 9.268265297169564931e+00 4.909899451013957083e+00 3.733016493685807013e+00 3.544667894817168303e+02 1.418542953800322834e+02
4.919808541315167076e+02 9.840909778253553952e+00 5.325655956839625560e+00 3.981968216722027609e+00 3.550023286851716193e+02 1.366983385490510443e+02
5.706212161578589530e+02 1.037972421975259785e+01 5.443572623520322118e+00 4.047737430080733390e+00 3.601065272417745291e+02 1.417220426749835553e+02
6.950771095543907450e+02 1.033492764124154029e+01 5.788059197597596572e+00 4.509955418779073355e+00 7.615483259058476051e+02 3.034865945034651418e+02
8.211246254292511821e+02 1.129167512799910256e+01 5.889040990759636607e+00 4.538540839263141891e+00 7.238519371426999669e+02 3.030851687293676378e+02
9.050962395177601820e+02 1.122008465489163243e+01 6.246686075313296449e+00 4.333722998112316205e+00 7.363305354007671895e+02 2.996506296048827380e+02
1.022744202179572198e+03 1.123370918501133175e+01 6.216087701916385377e+00 4.757698968064746126e+00 7.507260655838991852e+02 3.107615001521657518e+02
1.148179557026670636e+03 1.155402344061844389e+01 6.226322702828883671e+00 4.862002200245342465e+00 7.104352155113029994e+02 3.184804507902015871e+02
1.183312092628513938e+03 1.214996356063610605e+01 6.791103597031668215e+00 4.655010814346268511e+00 7.215672004592087205e+02 3.191444702138541629e+02
1.292239518823825165e+03 1.153786608793731183e+01 6.827960115448946432e+00 4.975375600481184435e+00 7.178376936046444143e+02 3.180249163578362754e+02
1.461558212875473373e+03 1.192316767483628936e+01 6.329472544124886468e+00 5.008363456121371904e+00 7.754531107427180814e+02 3.060797895649703264e+02
1.557619818506130287e+03 1.198033853245973646e+01 6.719929526814799381e+00 4.979388944652367144e+00 7.635201144181231712e+02 3.224071768564638205e+02
1.811244087358514435e+03 1.260835410997663963e+01 6.543250054497004697e+00 5.168563330147176949e+00 7.938315497050642762e+02 3.019152566590844913e+02
1.975255966203875687e+03 1.281919751749434866e+01 7.133267905936489406e+00 5.029365407016586964e+00 8.235599735826210690e+02 3.125354361690446012e+02
2.292067995560843428e+03 1.351078966669529358e+01 7.250045426452895292e+00 5.505291948002048130e+00 7.981664035930057253e+02 3.060794183267698827e+02
2.363042703919763426e+03 1.269266066892156530e+01 7.107577722958600575e+00 5.200980439630723318e+00 8.325433376722887715e+02 3.069187187746574637e+02
2.637014476057141565e+03 1.349488391068211257e+01 7.414523999678158894e+00 5.376682202036938918e+00 8.238208006612009058e+02 3.006754168527403408e+02
2.653943245938866312e+03 1.388536785112526672e+01 7.212487823234903672e+00 5.621462496842059231e+00 8.140929393866745158e+02 2.990516083750312077e+02
2.863462720434413768e+03 1.388230743769054953e+01 7.212604549883689486e+00 5.561654188267500132e+00 7.671857545842060517e+02 3.193046781081741301e+02
2.839126378450377615e+03 8.204699045550952974e+00 0.000000000000000000e+00 9.362243920393925833e+00 7.739202267134335216e+02 3.119791776074123391e+02
3.074144852701038417e+03 8.375191570985904832e+00 0.000000000000000000e+00 9.776263757083816230e+00 6.024614221340646327e+04 0.000000000000000000e+00
2.949208006698774625e+03 8.168498641091712642e+00 0.000000000000000000e+00 9.984968750624549472e+00 5.944510579714863707e+04 0.000000000000000000e+00
3.223519612122819126e+03 8.877507142331802825e+00 0.000000000000000000e+00 1.018802076330287854e+01 5.516764467504216009e+04 0.000000000000000000e+00
3.314232250723602192e+03 8.309469193241426410e+00 0.000000000000000000e+00 1.054800002383946911e+01 6.051273576006226358e+04 0.000000000000000000e+00
3.209168379662090956e+03 8.581430884221292743e+00 0.000000000000000000e+00 1.088862660351580125e+01 5.967077577359791758e+04 0.000000000000000000e+00
3.613304783909713478e+03 8.581995896687196534e+00 0.000000000000000000e+00 1.087316989725362681e+01 5.951920728878636874e+04 0.000000000000000000e+00
3.684295800553303707e+03 9.400751760137394442e+00 0.000000000000000000e+00 1.034475494878689084e+01 5.631697791732902260e+04 0.000000000000000000e+00
3.787895269242255381e+03 8.733657093574876740e+00 0.000000000000000000e+00 1.057060965111101680e+01 5.623517334598919115e+04 0.000000000000000000e+00
3.738145198935987082e+03 9.552040444542232223e+00 0.000000000000000000e+00 1.092851266800673926e+01 5.549364496815690654e+04 0.000000000000000000e+00
3.752323444345805910e+03 9.260337796237150698e+00 0.000000000000000000e+00 1.109222290125004839e+01 5.599181421685508394e+04 0.000000000000000000e+00
4.069788036145521801e+03 9.124369933831850688e+00 0.000000000000000000e+00 1.170013694137404592e+01 5.578816296673491161e+04 0.000000000000000000e+00
3.886645165143836948e+03 9.473029201806426158e+00 0.000000000000000000e+00 1.184344080086051854e+01 5.752272365640671342e+04 0.000000000000000000e+00
4.324408229043004212e+03 9.260506370089347072e+00 0.000000000000000000e+00 1.136137520179945781e+01 5.998509757186569914e+04 0.000000000000000000e+00
4.189193573126254705e+03 9.819887265970896451e+00 0.000000000000000000e+00 1.137200808495591531e+01 5.862642893095708860e+04 0.000000000000000000e+00
4.570801361111099141e+03 9.958394293168597144e+00 0.000000000000000000e+00 1.133498682511924827e+01 5.962171267931759212e+04 0.000000000000000000e+00
4.349634648446460233e+03 9.746382446885840878e+00 0.000000000000000000e+00 1.193960720478750659e+01 5.508330332633520447e+04 0.000000000000000000e+00
4.707995408039301765e+03 1.041203023514152903e+01 0.000000000000000000e+00 1.128270813660499883e+01 5.993568768802062550e+04 0.000000000000000000e+00
4.571074637621227339e+03 9.858284656472145357e+00 0.000000000000000000e+00 1.241618012883556155e+01 6.054302879386566929e+04 0.000000000000000000e+00
4.994707961041385715e+03 1.062336154010100664e+01 0.000000000000000000e+00 1.179461225383272804e+01 5.518659365065625025e+04 0.000000000000000000e+00
4.801608483768432052e+03 1.052379359560366368e+01 0.000000000000000000e+00 1.158435526959917361e+01 5.732517682672764204e+04 0.000000000000000000e+00
5.210917706997542155e+03 1.026911562014576873e+01 0.000000000000000000e+00 1.156796388782660578e+01 5.898411271746500279e+04 0.000000000000000000e+00
5.296999434987654240e+03 1.036875661369945512e+01 0.000000000000000000e+00 1.250933149823495150e+01 5.911727551549721102e+04 0.000000000000000000e+00
5.055345370225551960e+03 1.056958877938106767e+01 0.000000000000000000e+00 1.275403974100597182e+01 6.055534281971326709e+04 0.000000000000000000e+00
5.211322040882321744e+03 1.156526525728764554e+01 3.420393517054460375e+00 1.331505725460058009e+01 4.245006721010726665e+02 8.104349960147470711e+01
5.427787558857041404e+03 1.101139561318296600e+01 3.492969751369104703e+00 1.223926392784027684e+01 4.324270346063022430e+02 8.876032553299364736e+01
5.086011193087971151e+03 1.090282638334275944e+01 3.449043144544486683e+00 1.305430921629929664e+01 4.563112846230570767e+02 8.673843844209532961e+01
5.592097857321042284e+03 1.064283351975880088e+01 3.668491799193416281e+00 1.244520640476347495e+01 4.200458121475944040e+02 8.868112749030356667e+01
5.583792813591221602e+03 1.128124108761186939e+01 3.734104059371008866e+00 1.267702453114255690e+01 4.279755554255080483e+02 8.716569856737903876e+01
5.830576004459025171e+03 1.111864107722030681e+01 3.464957943076555136e+00 1.235035024587903330e+01 4.529776001283584606e+02 8.238211561167294406e+01
5.591358681514190721e+03 1.134731361758097101e+01 3.626830368421542161e+00 1.284899795360949604e+01 4.253975717740543701e+02 8.545206877863368788e+01
5.786298319014017579e+03 1.138099207877251651e+01 3.523784292498363779e+00 1.245500626344363582e+01 4.372191971201220895e+02 8.273910421734831289e+01
5.640081508427135304e+03 1.156961392867313343e+01 3.750563895704573270e+00 1.272873321045049622e+01 4.475009510213287740e+02 8.782332613461218784e+01
6.208606468740778837e+03 1.130410763291293641e+01 3.683448084934334954e+00 1.331402055384003091e+01 4.420621503888473853e+02 8.718416726741195077e+01
5.816254824989643566e+03 1.100380509790318939e+01 3.686742656166264620e+00 1.295585646794495993e+01 4.385564156154535453e+02 8.612404955653082084e+01
6.259409861352422013e+03 1.150716651477220154e+01 3.780141377497438615e+00 1.255849231833616031e+01 4.515100032351581945e+02 8.146530351430527617e+01
6.168013007134817599e+03 1.144056632341855817e+01 3.718161509955413280e+00 1.304088554930918598e+01 4.139866500501365181e+02 8.660236948451013461e+01
6.128718041304994586e+03 1.082453271745958645e+01 3.765526562934015775e+00 1.272374311718033901e+01 4.095530478682325679e+02 8.615552512982547739e+01
