1.003678742918578948e-01 5.683619335673895989e+00 3.185082966515057290e+00 2.864102721862330725e+00 1.381995116992837438e+03 5.904725712969453753e+02
3.198206950398506265e+01 6.078226855699304210e+00 3.304153343138292342e+00 2.902407021074906890e+00 1.364580562613655729e+03 6.237712560220877549e+02
3.344995474459349083e+01 7.881242428900866237e+00 4.274417003795016434e+00 3.277513519666073627e+00 1.406575517591785911e+03 6.140843105280715690e+02
4.744092088583409605e+01 8.101782506754124924e+00 4.410903327118383288e+00 3.337124583059885907e+00 1.413409456579260677e+03 6.084031258348421716e+02
9.938260825165708923e+01 7.855425186493042666e+00 4.251949006552529831e+00 3.365151096495712757e+00 2.069291845686889530e+02 8.069821098015394512e+01
1.473917598237516984e+02 8.234156245184161449e+00 4.656618466922848754e+00 3.277074545391842619e+00 2.001390068109207903e+02 7.810787703403896387e+01
2.039096426777694546e+02 7.916068873164732622e+00 4.551330338712670454e+00 3.503307769813935657e+00 3.624147748377767471e+02 8.053675117449333243e+01
2.536442414211084611e+02 8.112152910184255106e+00 4.884926986154918715e+00 3.547422363477105822e+00 3.528487256080568386e+02 1.473797032554884652e+02
3.110632196775161447e+02 8.217233902308345606e+00 4.766089884727236381e+00 3.462269980919052692e+00 3.749146171493840143e+02 1.366720969845952141e+02
3.360104100652217767e+02 8.315247568797115463e+00 4.837119194836836833e+00 3.743066944913265193e+00 3.681807457000253407e+02 1.394516374656227526e+02
3.941164682516768494e+02 8.724899279374609407e+00 5.025409833227558742e+00 3.653946397804924917e+00 3.636219296768220488e+02 1.409533895429122197e+02
5.053721695863878836e+02 9.952012855622985654e+00 5.320229074248440604e+00 3.848379619446129052e+00 3.447154179702559986e+02 1.392588861173880446e+02
5.962042996359823519e+02 1.035839894667257610e+01 5.554398411539542835e+00 4.211178408783002425e+00 3.503067074027181320e+02 1.388095216179393958e+02
6.791769309081423671e+02 1.102305440793611346e+01 6.144887925034288934e+00 4.219136788681486117e+00 7.768466960909026966e+02 3.237157402154833221e+02
7.758673015414901784e+02 1.081345961876088246e+01 5.952413762270060360e+00 4.364579400158403288e+00 7.149063994717541846e+02 3.024677975441072704e+02
9.414079367756630745e+02 1.163526636353517674e+01 6.467105475561437444e+00 4.773733274268375126e+00 7.555606441654770151e+02 3.029998064839685412e+02
9.910374576763658752e+02 1.151686482880500684e+01 6.640333416724020665e+00 4.508970985926659125e+00 7.539995014584196724e+02 3.037586734061599714e+02
1.139840197039018676e+03 1.128479649899027315e+01 6.529589418754508046e+00 4.482543554179500234e+00 7.394866633246268748e+02 3.245878917852953691e+02
1.184965140138061997e+03 1.210514426873286631e+01 6.680249664922201625e+00 4.924749751153008503e+00 7.428196732420499302e+02 3.200541536557439599e+02
1.271535407417254646e+03 1.230969200480453551e+01 6.315161951113889671e+00 4.655772616260279939e+00 7.208342864693936463e+02 3.267205939699929900e+02
1.411587096354203368e+03 1.159790402865269954e+01 6.599231705532559111e+00 4.871012507041292849e+00 7.268200784274033595e+02 3.237895590948847939e+02
1.564142864162622345e+03 1.223107596915461670e+01 6.813067687524915428e+00 4.801012410619146742e+00 7.714494430724182621e+02 3.050486376588813187e+02
1.787395738004299346e+03 1.249688975103889810e+01 6.700081291937618033e+00 4.956664908714498274e+00 7.919717101491567064e+02 3.200885607498943841e+02
1.963954622750088902e+03 1.272018392880045745e+01 6.610204129559884123e+00 5.139371419413809150e+00 7.835956389510482722e+02 3.021632239240680633e+02
2.192457249212175157e+03 1.305480077569057329e+01 7.359700713755382040e+00 5.438202297072545655e+00 7.840784168912472296e+02 3.152669833654378522e+02
2.317737162703918329e+03 1.256812296762991998e+01 6.756000286424683310e+00 5.175749355567260679e+00 8.187573996440841029e+02 3.109272892476137145e+02
2.541363564099426640e+03 1.389019774827270304e+01 6.851150069628756611e+00 5.430080691322340058e+00 7.696606099106778629e+02 3.048833153774771176e+02
2.515217268035344659e+03 1.380688779503740626e+01 7.373897842593357232e+00 5.749865925777680964e+00 8.035698982517475315e+02 3.250400823102804679e+02
2.772733778340046683e+03 1.403640768408994433e+01 7.404307572698403561e+00 5.756563049497819051e+00 7.825546104301441801e+02 3.227531578236904579e+02
2.821393008062789704e+03 7.701016345284090292e+00 0.000000000000000000e+00 1.016030920551045114e+01 8.306316643045912542e+02 3.205793141754203930e+02
3.108699833146173205e+03 8.286339363802454727e+00 0.000000000000000000e+00 1.012892535091209645e+01 5.684451926061464474e+04 0.000000000000000000e+00
3.199528624402103560e+03 8.094834094034625949e+00 0.000000000000000000e+00 1.023446781690851637e+01 5.785358020869212487e+04 0.000000000000000000e+00
3.245634629918106839e+03 8.689544285251235678e+00 0.000000000000000000e+00 1.040341828344025998e+01 5.816915762378904037e+04 0.000000000000000000e+00
3.134211910161204742e+03 8.765891199564075364e+00 0.000000000000000000e+00 1.083578729594298551e+01 5.562091105091087229e+04 0.000000000000000000e+00
3.528577162885083453e+03 8.513202896447367607e+00 0.000000000000000000e+00 1.018850592281174272e+01 5.542170187780832930e+04 0.000000000000000000e+00
3.332835718147855459e+03 9.045000029946741904e+00 0.000000000000000000e+00 1.080393480524107552e+01 5.999473755825097032e+04 0.000000000000000000e+00
3.398232671769882927e+03 9.498304959845659923e+00 0.000000000000000000e+00 1.042167508363337980e+01 5.879620789012033492e+04 0.000000000000000000e+00
3.742237985753497014e+03 8.967599378906752960e+00 0.000000000000000000e+00 1.126289967987689700e+01 5.950219926313212636e+04 0.000000000000000000e+00
3.623300558246048240e+03 9.318477181824389888e+00 0.000000000000000000e+00 1.133762200485976912e+01 5.562428880261854647e+04 0.000000000000000000e+00
3.944816931527457200e+03 9.256477304824587193e+00 0.000000000000000000e+00 1.111293464946047926e+01 6.019342243793030502e+04 0.000000000000000000e+00
3.851541006181254033e+03 9.879600127377909047e+00 0.000000000000000000e+00 1.152025421474776756e+01 5.983590241573849198e+04 0.000000000000000000e+00
4.264453135959934116e+03 9.771609397266434627e+00 0.000000000000000000e+00 1.174012329238203023e+01 5.908939992815192090e+04 0.000000000000000000e+00
4.265919435247344154e+03 9.517330809199515684e+00 0.000000000000000000e+00 1.179116282526536175e+01 5.903621585947173298e+04 0.000000000000000000e+00
4.242193955095027377e+03 9.662408488818325480e+00 0.000000000000000000e+00 1.199911005342764980e+01 5.944890037214355834e+04 0.000000000000000000e+00
4.488857194248033011e+03 1.029971021668830389e+01 0.000000000000000000e+00 1.162380695755912008e+01 5.829350915479716059e+04 0.000000000000000000e+00
4.262010623896871948e+03 9.646549400416109421e+00 0.000000000000000000e+00 1.191784736874904382e+01 5.741704780107744591e+04 0.000000000000000000e+00
4.588487229833188394e+03 9.511368926416055913e+00 0.000000000000000000e+00 1.218677741113206636e+01 5.568200708597949415e+04 0.000000000000000000e+00
4.605504146156542447e+03 9.793472851410063740e+00 0.000000000000000000e+00 1.140342454949805706e+01 5.976945094404987321e+04 0.000000000000000000e+00
4.628113801903223248e+03 9.999394756566013953e+00 0.000000000000000000e+00 1.245770963091051797e+01 5.923764810963031050e+04 0.000000000000000000e+00
4.667867032755263608e+03 1.056599328905150692e+01 0.000000000000000000e+00 1.156629112245970070e+01 5.874663261543899716e+04 0.000000000000000000e+00
4.754846694709529402e+03 1.066344504755898903e+01 0.000000000000000000e+00 1.179252551560937334e+01 5.836084054056010791e+04 0.000000000000000000e+00
4.999981349910686731e+03 9.852519652413803897e+00 0.000000000000000000e+00 1.238166837343336191e+01 6.038676552378152701e+04 0.000000000000000000e+00
5.376190963507728156e+03 1.038245277305205505e+01 0.000000000000000000e+00 1.221159751149960648e+01 5.818545222553082567e+04 0.000000000000000000e+00
5.088442662164521607e+03 1.142352238893512784e+01 3.676139720026703639e+00 1.292843887927762303e+01 4.481832430850002993e+02 8.121668997627625686e+01
4.966821030623519619e+03 1.068025585735708738e+01 3.454551528991239184e+00 1.316564663614063058e+01 4.306252618994982413e+02 8.680444367230650471e+01
5.225819080683080756e+03 1.142106648492969434e+01 3.583041376061845806e+00 1.298334312245820499e+01 4.307519619770153554e+02 8.554090663326671518e+01
5.135652570725159421e+03 1.060401412408841537e+01 3.627630630398031020e+00 1.289845840177534519e+01 4.403029218214701359e+02 8.899315359724157304e+01
5.395765610684921739e+03 1.154862237721972562e+01 3.604954045513714345e+00 1.306175989510215985e+01 4.392610510785788733e+02 8.077704331396736848e+01
5.724185280848622824e+03 1.127675310641506634e+01 3.721156722700084796e+00 1.321183771887977443e+01 4.336774215225564149e+02 8.287697158507269535e+01
5.868131196251585607e+03 1.088555990284582009e+01 3.564600984262993322e+00 1.288089718639450076e+01 4.444781439089265405e+02 8.353458064000933803e+01
5.716028764607538506e+03 1.130587464470137249e+01 3.737151994690830925e+00 1.339120323261237822e+01 4.529800409057792194e+02 8.801342600720447251e+01
5.595073085327650915e+03 1.137676951158963590e+01 3.789002432701165102e+00 1.327301756727000814e+01 4.343638986642191639e+02 8.093860867605245346e+01
6.067960492074565991e+03 1.094131598889623014e+01 3.710434449375826560e+00 1.313607652634716771e+01 4.327758601118906654e+02 8.705951245155074503e+01
5.962333446081116563e+03 1.136839607919643669e+01 3.514682788019023008e+00 1.357376077481180943e+01 4.276047493495954654e+02 8.223825560221783348e+01
6.477709925459908845e+03 1.151603114937990568e+01 3.491944686019734512e+00 1.279882838149259783e+01 4.225906472381219601e+02 8.534908709254439430e+01
6.426821646959312602e+03 1.134555749984676787e+01 3.822336517029638170e+00 1.302121652324492374e+01 4.374351246914156945e+02 8.312478951872256516e+01
6.581079385523545170e+03 1.145850381073310231e+01 3.570162815374318566e+00 1.334021015588717241e+01 4.445436548269454420e+02 8.265698459106647533e+01
