-1.847421608999906262e-01 6.052084429535476318e+00 3.339883906011199333e+00 2.775365374528062201e+00 1.445226529733265124e+03 6.282715640917582505e+02
3.246509207067588676e+01 5.646832936175018247e+00 3.493943634954439936e+00 2.798582278653376054e+00 1.368091507169141778e+03 6.021985077730689682e+02
3.222535296616584333e+01 7.950123524310192202e+00 4.504772185263091089e+00 3.421330049446789090e+00 1.430761544367656825e+03 6.225639107123593021e+02
4.966573915334606681e+01 7.789238478295816392e+00 4.370281545277335589e+00 3.316883679327444323e+00 1.412029676025342269e+03 6.276223686121941228e+02
9.587634744616123328e+01 7.893014921158156838e+00 4.437637704793184312e+00 3.382171657924404773e+00 1.981354615651575841e+02 7.958992848202009895e+01
1.494932563706040867e+02 8.160934717364717983e+00 4.561626937405194759e+00 3.549554464922491270e+00 2.085745488060589423e+02 8.171877826551013868e+01
2.000073467559457470e+02 8.373437904327207804e+00 4.620195620095316258e+00 3.297338345659043046e+00 3.426826818381680368e+02 7.650152780614550352e+01
2.536320569560182037e+02 8.149199973386028972e+00 4.845126318984768865e+00 3.450298627245516947e+00 3.515830095485750917e+02 1.362113730998622430e+02
2.987140542139357535e+02 8.953666935328859822e+00 4.614027133550540505e+00 3.672423192051051277e+00 3.778329459901346468e+02 1.411571292545090728e+02
3.588816095168592142e+02 8.404766172824922776e+00 4.929038411219032412e+00 3.480279068395293329e+00 3.527108372948634951e+02 1.408643404081179256e+02
4.250512514249187461e+02 9.352114412635740948e+00 4.860528660324521688e+00 3.729964166022010641e+00 3.728050706177863844e+02 1.433521743046240431e+02
5.185118431969043513e+02 9.759902805764587796e+00 5.390250788320919639e+00 3.864300242311438094e+00 3.485179415178495788e+02 1.475832317784606005e+02
5.867079823417458329e+02 1.026315947665469253e+01 5.463878898281645746e+00 4.004090865216550554e+00 3.597596340793265313e+02 1.435279463363198715e+02
6.401257645075069149e+02 1.094012272763209204e+01 6.089918621521564823e+00 4.197906548102255719e+00 7.450068704782308942e+02 3.060223973378882647e+02
8.283708278247391945e+02 1.103633720220700454e+01 6.108921458040877717e+00 4.589539107154365638e+00 7.403693252137258014e+02 3.022450484517584641e+02
8.560197926845995653e+02 1.083104017709975508e+01 6.386338975374564519e+00 4.510911067752106263e+00 7.462522675993125176e+02 3.145962977731455794e+02
9.815425722985235097e+02 1.092327357385845410e+01 6.232115149702123880e+00 4.796919411498763886e+00 7.584315549906148135e+02 2.972478193078099480e+02
1.086573997341776249e+03 1.151714484374029901e+01 6.733097865617528655e+00 4.908123424602687912e+00 7.473788844388234338e+02 3.076131462163273795e+02
1.175359865258611535e+03 1.202069399960478968e+01 6.346473110105450566e+00 4.741592839626449063e+00 7.419400766366206881e+02 3.162654437358921768e+02
1.267545290796086874e+03 1.150656992808157142e+01 6.650076945724046062e+00 4.730409921302888065e+00 7.196631313086830914e+02 3.091644638183189500e+02
1.403084843414013903e+03 1.185405711280917274e+01 6.352146561387182366e+00 4.884196015971221883e+00 7.627391330129422613e+02 3.271759225440246155e+02
1.584341364765801700e+03 1.174497428980416736e+01 6.547879800496865244e+00 4.745314036237736843e+00 7.753744388266835585e+02 3.085449018383450834e+02
1.821407624886045141e+03 1.249404872691582646e+01 6.949753593147647734e+00 5.307025679671157903e+00 7.992725655288679718e+02 3.044825062254586783e+02
1.928188653500494183e+03 1.217629216925144675e+01 6.713619773442501604e+00 5.086747569132448632e+00 8.335642182176604820e+02 3.217492850599975895e+02
2.132431928550351131e+03 1.300876017048741495e+01 7.276069633847942697e+00 5.498841698064428130e+00 7.996158787280111255e+02 2.974478748982296565e+02
2.196666723355505383e+03 1.358231425088577460e+01 7.399114335601458592e+00 5.458797807435740168e+00 7.614281702961343399e+02 3.044053961566664839e+02
2.530962581994244374e+03 1.294152184893063762e+01 7.159595563670866802e+00 5.170845015591794436e+00 8.155029467974748059e+02 3.001189012653652526e+02
2.562870752187632206e+03 1.364536469736069435e+01 7.181018792276173457e+00 5.342405698366316180e+00 8.322107658516096080e+02 3.110209611069820426e+02
2.776072801009465820e+03 1.403199610873344660e+01 7.099084733902286004e+00 5.933446180315895546e+00 8.098821718367862559e+02 3.170768502290698052e+02
2.910629629590071090e+03 8.320248678809262444e+00 0.000000000000000000e+00 9.977112430765826545e+00 8.377198817839591811e+02 3.148686664676518490e+02
2.930114278303679384e+03 8.075414880670162887e+00 0.000000000000000000e+00 9.648251650701269000e+00 5.757757439917184820e+04 0.000000000000000000e+00
3.091072145487473335e+03 8.374029146971679438e+00 0.000000000000000000e+00 9.767841517107942906e+00 5.887916009690862847e+04 0.000000000000000000e+00
3.169235376705981707e+03 8.859689040918656389e+00 0.000000000000000000e+00 1.043797384171942255e+01 6.034646562896575779e+04 0.000000000000000000e+00
3.202001801986226383e+03 8.628744437174667326e+00 0.000000000000000000e+00 1.015908826548583832e+01 5.967134271114728472e+04 0.000000000000000000e+00
3.331649714409753415e+03 8.469903308264388642e+00 0.000000000000000000e+00 1.056507994922579918e+01 5.589634484467764560e+04 0.000000000000000000e+00
3.607764256004520121e+03 8.741637369468975294e+00 0.000000000000000000e+00 1.022822390371724666e+01 5.822821186661641696e+04 0.000000000000000000e+00
3.475775474935047896e+03 9.278742122950372817e+00 0.000000000000000000e+00 1.047885069543069214e+01 5.800547474854304892e+04 0.000000000000000000e+00
3.638038846304708386e+03 9.220683831842048761e+00 0.000000000000000000e+00 1.078480647919766611e+01 6.018444786703330465e+04 0.000000000000000000e+00
3.869486278258219954e+03 9.058381927998343741e+00 0.000000000000000000e+00 1.121251817160347741e+01 5.556356539307787170e+04 0.000000000000000000e+00
3.999883873926653905e+03 9.672857796777567074e+00 0.000000000000000000e+00 1.086282767540096295e+01 5.727679527079420950e+04 0.000000000000000000e+00
4.152879429666017131e+03 9.877140098050009698e+00 0.000000000000000000e+00 1.121900038964704294e+01 5.973865017521560367e+04 0.000000000000000000e+00
4.185356175054883352e+03 9.893952351141258816e+00 0.000000000000000000e+00 1.100277328824389045e+01 5.859106411444771220e+04 0.000000000000000000e+00
4.047765735205145575e+03 9.881633443483424983e+00 0.000000000000000000e+00 1.105783433741017951e+01 6.012522819000699383e+04 0.000000000000000000e+00
4.122924472961568426e+03 9.397895189196324495e+00 0.000000000000000000e+00 1.202038004351790157e+01 5.508855559341011394e+04 0.000000000000000000e+00
4.183810995558186733e+03 9.874134420685654945e+00 0.000000000000000000e+00 1.205898420823272765e+01 5.574608793693236657e+04 0.000000000000000000e+00
4.361218891376018291e+03 9.929698207213753847e+00 0.000000000000000000e+00 1.162037970870095549e+01 5.617527327743836940e+04 0.000000000000000000e+00
4.623301198810127971e+03 9.830190889002460963e+00 0.000000000000000000e+00 1.166232866681152203e+01 5.517117040422726132e+04 0.000000000000000000e+00
4.731394375442052478e+03 1.007453553642710098e+01 0.000000000000000000e+00 1.155658111358630613e+01 5.872025884604836028e+04 0.000000000000000000e+00
4.968963844035028160e+03 1.059808982193948701e+01 0.000000000000000000e+00 1.218922282965443493e+01 5.823207250117824151e+04 0.000000000000000000e+00
5.108941743284799486e+03 9.882614650066745554e+00 0.000000000000000000e+00 1.236331247248131504e+01 5.889332321149882046e+04 0.000000000000000000e+00
4.812521697078237594e+03 1.021684328910207462e+01 0.000000000000000000e+00 1.240353501072676146e+01 5.677085175395239639e+04 0.000000000000000000e+00
5.224426243588444777e+03 1.034369915581784483e+01 0.000000000000000000e+00 1.259041164565314119e+01 5.785035697596869431e+04 0.000000000000000000e+00
5.404859797478808105e+03 1.071920665550399043e+01 0.000000000000000000e+00 1.255334012251254272e+01 5.914600474987550115e+04 0.000000000000000000e+00
5.314800111382597606e+03 1.124518749698388476e+01 3.485650119742123909e+00 1.212732787477876606e+01 4.501456266117318137e+02 8.866535809535686496e+01
5.412693805542552582e+03 1.069584959661609247e+01 3.477744612946574776e+00 1.251918871088236074e+01 4.446512222692370528e+02 8.136151863650353278e+01
5.133777290161438941e+03 1.133793078534083065e+01 3.580294684625010326e+00 1.233946783355063204e+01 4.429794582386476236e+02 8.307269013087200449e+01
5.522755412567065832e+03 1.098889144577277399e+01 3.526877289871540810e+00 1.346335702580298843e+01 4.217323698761724131e+02 8.208750310805410777e+01
5.743305969274696508e+03 1.165365935686870458e+01 3.530305881013861224e+00 1.268157451636613509e+01 4.388879360453463505e+02 8.914605760121676781e+01
5.636147543854915057e+03 1.106840467486995294e+01 3.447537928673255259e+00 1.338603892518896998e+01 4.356699846413396813e+02 8.646089142718513187e+01
5.467003062414361011e+03 1.109856133067472683e+01 3.527311490041684205e+00 1.291128132852127131e+01 4.489693975327878093e+02 8.205610437165358917e+01
5.886948671117273079e+03 1.107756899628072134e+01 3.787131157782986701e+00 1.351153831408092110e+01 4.489534695367618724e+02 8.185031278485442385e+01
5.707451151948444021e+03 1.098594587179906590e+01 3.613758513626888380e+00 1.293936030274968019e+01 4.372094809319262936e+02 8.825865740545943083e+01
5.846696452778091952e+03 1.082101065253198158e+01 3.829114826063540367e+00 1.243014740852846067e+01 4.249499027354617056e+02 8.610323868404587699e+01
6.013638311799497387e+03 1.129858058937622367e+01 3.793935916248209139e+00 1.259262335205475125e+01 4.140121149697245073e+02 8.834242092250583767e+01
6.057558122933022787e+03 1.084038536455958024e+01 3.820978745697406254e+00 1.285568206622114396e+01 4.292051570587581182e+02 8.280790978923842260e+01
6.448342250574448371e+03 1.082202728135180969e+01 3.839800420522685886e+00 1.275214196076323603e+01 4.331563184083076408e+02 8.400561784543664601e+01
6.448484674370677567e+03 1.117337129549679453e+01 3.490367853556504141e+00 1.247106266868704694e+01 4.501216265181849963e+02 8.891685899053356934e+01
