4.192350781102915924e-03 6.040221375916101643e+00 3.378173438949739538e+00 2.859575509222475276e+00 1.439678679007106211e+03 5.789376453341357092e+02
3.296922284024932992e+01 5.771155608086039557e+00 3.308734338179434964e+00 2.918982487058423114e+00 1.426443497930522881e+03 6.103231287123961692e+02
3.208668674698131440e+01 7.693007580855181438e+00 4.396374459022392323e+00 3.300701633918639466e+00 1.396672407424178800e+03 6.068321745366836240e+02
4.817810203660124557e+01 8.129421513090544948e+00 4.338230080959914581e+00 3.478880676684235507e+00 1.368538106520750034e+03 6.292484194742555701e+02
1.006824033257833690e+02 7.804226829537680210e+00 4.483781858751500593e+00 3.420765501734743808e+00 2.099413563175630770e+02 7.627651377656445675e+01
1.470337954252611610e+02 8.254743421725230235e+00 4.742892177319018465e+00 3.359496481260752176e+00 2.006169232972536633e+02 8.092074560731541055e+01
1.997056890691384581e+02 8.082447840620197610e+00 4.499340462315786660e+00 3.394241914365236479e+00 3.737642332242998009e+02 8.048253236610931083e+01
2.577680862036579583e+02 8.027012016660211913e+00 4.588172136646125665e+00 3.437178519898261619e+00 3.631139511381150555e+02 1.392480069122306077e+02
2.953231692871621021e+02 8.163078554390258645e+00 4.670718747371362944e+00 3.606135874784468509e+00 3.749217780880570103e+02 1.414237603662359390e+02
3.557106448526166673e+02 8.333635785761849490e+00 5.075468739579203969e+00 3.660218161749685173e+00 3.742397485981450700e+02 1.400649744709774325e+02
4.176567594410648780e+02 9.090696521307002342e+00 5.106062424020431756e+00 3.814423445299568893e+00 3.706500505657871258e+02 1.491407047974977047e+02
4.779917186633553001e+02 9.521590905557188123e+00 5.491208407621693155e+00 3.778301128489949701e+00 3.639422934072303519e+02 1.409677665443696242e+02
5.820368796032028058e+02 1.066018279940346503e+01 5.507687131847012196e+00 3.997720674678111319e+00 3.602302636479551552e+02 1.414940518217317447e+02
6.857760112194255271e+02 1.040281343968792527e+01 5.965620494230766901e+00 4.193451476307062720e+00 7.572740202943484746e+02 3.116904118056339712e+02
8.127025243033482411e+02 1.067937217150452334e+01 6.004703740403932066e+00 4.276243815936968673e+00 7.591555869973747122e+02 3.264372698830819104e+02
8.742310640063307119e+02 1.113926586837305521e+01 6.345998033944582062e+00 4.351932348420336716e+00 7.760510133537657111e+02 3.063767594205424984e+02
9.997698928241516114e+02 1.125309779182084213e+01 6.514522651231883899e+00 4.561281417609552413e+00 7.153193915415929496e+02 3.163427770237233858e+02
1.062164742512364228e+03 1.188793966176888972e+01 6.575407764584506154e+00 4.544822563997204412e+00 7.256606973417697191e+02 3.178297561067907395e+02
1.224735558215560559e+03 1.205081419318418234e+01 6.198160438541109762e+00 4.960451932770326700e+00 7.060095582698816088e+02 3.199246992801848251e+02
1.320230927924560092e+03 1.178621196945855054e+01 6.548549858735403184e+00 5.031670193447756567e+00 7.740194715375646410e+02 2.969839986699444125e+02
1.336047225484483306e+03 1.246664981253143623e+01 6.467301708661800319e+00 4.991982899765402770e+00 7.627469501486853005e+02 3.173419276162791220e+02
1.521224895992966822e+03 1.283174788266686406e+01 6.525726065054247904e+00 5.031081476503599603e+00 7.317232072235664191e+02 3.253084456515973670e+02
1.889605291225901738e+03 1.193623051723586315e+01 6.501872215018805967e+00 4.872092109996285281e+00 8.168457769177580303e+02 2.973554403347394555e+02
2.035867351178620993e+03 1.246419288529576974e+01 7.199524307118812416e+00 5.000804206436380461e+00 7.698096723024701760e+02 3.130041893972816638e+02
2.287112434917550218e+03 1.317957969912756333e+01 6.811719485546645636e+00 5.375972445287001023e+00 7.760299836611361570e+02 3.107214234756156657e+02
2.404953261059114539e+03 1.277111183764447588e+01 7.124515393339326152e+00 5.383318110534564660e+00 8.328396024333278547e+02 3.022099778532994492e+02
2.531497711924856048e+03 1.350451755904220619e+01 7.429795157873716249e+00 5.265794973418429947e+00 8.083608284325157456e+02 3.011631210400427676e+02
2.475070048172663519e+03 1.382216714932850365e+01 7.098677370737717318e+00 5.606586871356614488e+00 7.762148629577467318e+02 3.190268119504812034e+02
2.802117273491447122e+03 1.368324669413228811e+01 7.549549116842159791e+00 5.916706907423052719e+00 8.120504371109288968e+02 3.246684119667587538e+02
2.825384051767670371e+03 7.777770975400779108e+00 0.000000000000000000e+00 9.771178177377349172e+00 7.711695366330183106e+02 3.235893946550473856e+02
3.079054917528660098e+03 7.791601545576004817e+00 0.000000000000000000e+00 1.003249589821426824e+01 5.697123072253236751e+04 0.000000000000000000e+00
3.183306258401928517e+03 8.559749473895783112e+00 0.000000000000000000e+00 1.040213468362054527e+01 5.984557825887038780e+04 0.000000000000000000e+00
3.249121547358309272e+03 8.612476128631428196e+00 0.000000000000000000e+00 1.058686295657825482e+01 5.916029018622406875e+04 0.000000000000000000e+00
3.432656231795730037e+03 8.372947261203282920e+00 0.000000000000000000e+00 1.066093266435696485e+01 5.748118518331334053e+04 0.000000000000000000e+00
3.348538445491674793e+03 9.138995951978767351e+00 0.000000000000000000e+00 1.030319004079082923e+01 5.877968301331171097e+04 0.000000000000000000e+00
3.503310052594077661e+03 8.883164840933655881e+00 0.000000000000000000e+00 1.058997969105051773e+01 5.732299592527242930e+04 0.000000000000000000e+00
3.726673080787526487e+03 8.894101870755735106e+00 0.000000000000000000e+00 1.083354436162927392e+01 5.788807994453817082e+04 0.000000000000000000e+00
3.526675168346565442e+03 9.096551865457799479e+00 0.000000000000000000e+00 1.149393699175151085e+01 5.905647068119455071e+04 0.000000000000000000e+00
3.840785785666140328e+03 8.955843783413866888e+00 0.000000000000000000e+00 1.121157390585300995e+01 5.916500483467896265e+04 0.000000000000000000e+00
3.832294233926787911e+03 9.277983954781031883e+00 0.000000000000000000e+00 1.063251466333007755e+01 5.588745065849860839e+04 0.000000000000000000e+00
3.782455049409923504e+03 9.335779154341185659e+00 0.000000000000000000e+00 1.154231161193239963e+01 5.901988619647891028e+04 0.000000000000000000e+00
4.238608222170515546e+03 9.525977755507382128e+00 0.000000000000000000e+00 1.095119809842161374e+01 5.703700366575612861e+04 0.000000000000000000e+00
3.976164954393449079e+03 9.487841421961695332e+00 0.000000000000000000e+00 1.152182911287538403e+01 5.973588845618540654e+04 0.000000000000000000e+00
4.342413551212749553e+03 1.011781960718155382e+01 0.000000000000000000e+00 1.149312381669914096e+01 5.877122806390483311e+04 0.000000000000000000e+00
4.476027146334229656e+03 9.709320979778498284e+00 0.000000000000000000e+00 1.219780179079303295e+01 5.558301393093405932e+04 0.000000000000000000e+00
4.362030855492150295e+03 9.639019251216229378e+00 0.000000000000000000e+00 1.122572286474194492e+01 5.754836333312148054e+04 0.000000000000000000e+00
4.374866359072560954e+03 9.779029264924048448e+00 0.000000000000000000e+00 1.173495791099764674e+01 6.045379289776399673e+04 0.000000000000000000e+00
4.545515521383345913e+03 1.009582227811162980e+01 0.000000000000000000e+00 1.204229562854209057e+01 5.992882884280814324e+04 0.000000000000000000e+00
4.648335857587831924e+03 9.686639280201250202e+00 0.000000000000000000e+00 1.181247210695489791e+01 6.023632132991683466e+04 0.000000000000000000e+00
4.693020779340114132e+03 1.015269447376038059e+01 0.000000000000000000e+00 1.259602228242496480e+01 5.903902162198766746e+04 0.000000000000000000e+00
4.805950851765397601e+03 1.032683376836739519e+01 0.000000000000000000e+00 1.234599949062612900e+01 5.948255041428355617e+04 0.000000000000000000e+00
5.308368561372535623e+03 1.073682174561633573e+01 0.000000000000000000e+00 1.210089354375159587e+01 5.888643028356425202e+04 0.000000000000000000e+00
5.022781329428709796e+03 1.046547668912257656e+01 0.000000000000000000e+00 1.254613977760646826e+01 5.959822776406475896e+04 0.000000000000000000e+00
5.021567968372709402e+03 1.080139670586436829e+01 3.393212528701541331e+00 1.310772209983476344e+01 4.337312092340792447e+02 8.336073679360312383e+01
4.991371075970934726e+03 1.131321095774425345e+01 3.419310034367609497e+00 1.320307700005465890e+01 4.606579236816557454e+02 8.579427497152701676e+01
5.487331329374391316e+03 1.067544410373916364e+01 3.667090342642334466e+00 1.319899561318838366e+01 4.281437196907737643e+02 8.110075293252118911e+01
5.386325090351042491e+03 1.056514572272030605e+01 3.596211280049445236e+00 1.324521757398550648e+01 4.230977238493939012e+02 8.134536019263993012e+01
5.398148363111607068e+03 1.073392078061262822e+01 3.443624348548098624e+00 1.335850877962479544e+01 4.179848278060394478e+02 8.716248019251473522e+01
5.338232712963352242e+03 1.087813369624630155e+01 3.598489863963741264e+00 1.331843303756068408e+01 4.243458694224547685e+02 8.200264337945631610e+01
5.410269064071732828e+03 1.062905372354173927e+01 3.460748058254070170e+00 1.326920639994085427e+01 4.403948697956280398e+02 8.890012645087819010e+01
5.527501610358634025e+03 1.092272706468517640e+01 3.539090112322446302e+00 1.299468040561655435e+01 4.350661849172241773e+02 8.676063779590916170e+01
5.730108387392419900e+03 1.163004876281557642e+01 3.544934545725108244e+00 1.280115182169047294e+01 4.381093923108256263e+02 8.164957568326082082e+01
5.759322132321865865e+03 1.068861449577100764e+01 3.616360481916902625e+00 1.351047620119449988e+01 4.472703897888293341e+02 8.447225576825070448e+01
6.140426627947862471e+03 1.129585863158884251e+01 3.600353728324463098e+00 1.255288872780605303e+01 4.273688743903845193e+02 8.270066626667525611e+01
6.271783460902163824e+03 1.098826771571469507e+01 3.731613188956230509e+00 1.319541404222927916e+01 4.430093082603159473e+02 8.446227291570637874e+01
6.453343497668681266e+03 1.100577052645374998e+01 3.638068320134012712e+00 1.269424265323224787e+01 4.454451110688049198e+02 8.171154346571800886e+01
6.330619682866632502e+03 1.178833720226193904e+01 3.781858233915903700e+00 1.279982277309747651e+01 4.135679053169572512e+02 8.290792923513946278e+01
