2.000000000000000111e-01 3.457657110223917751e+00
1.000000000000000056e-01 3.523657110223918032e+00
5.000000000000000278e-02 3.779657110223917815e+00
3.333333333333333287e-02 4.017657110223917805e+00
2.000000000000000042e-02 4.187657110223917734e+00
1.250000000000000069e-02 4.271657110223918252e+00
1.000000000000000021e-02 4.319657110223918295e+00
6.666666666666667095e-03 4.457657110223918195e+00
5.000000000000000104e-03 4.629657110223917904e+00
4.000000000000000083e-03 4.817657110223917627e+00
3.333333333333333547e-03 4.969657110223917762e+00
