4.031200095818714413e-01 5.965652344899401882e+00 3.299731669858914085e+00 2.880043847652407063e+00 1.417889977529914404e+03 6.091025827041462435e+02
3.160492204957249385e+01 6.053136368639254528e+00 3.390805893883914734e+00 2.875825726234774393e+00 1.383622046554368353e+03 6.224221219817538895e+02
3.500533945176642447e+01 7.596188420140969733e+00 4.400193398804536749e+00 3.312048060395503146e+00 1.410794816233187248e+03 6.180978479851345355e+02
4.873265520476303436e+01 7.811603996844787012e+00 4.243675967523019565e+00 3.320622285982755439e+00 1.444042078403072310e+03 5.750702744983273078e+02
9.798836407866552634e+01 7.891848557436683009e+00 4.282164543155881020e+00 3.216843752561082681e+00 1.924917410769817536e+02 7.882547694126257909e+01
1.546622983708579682e+02 7.993479902849213836e+00 4.315545196674817063e+00 3.303661290944432061e+00 1.910753479504771235e+02 7.958480832657370740e+01
1.914019398602780200e+02 8.549819602271512053e+00 4.382469805905322424e+00 3.610528763215144821e+00 3.505423518338304802e+02 8.384729221882535910e+01
2.508714251230451282e+02 8.465819880943735498e+00 4.592192138318755390e+00 3.479592857024364161e+00 3.632873005150270274e+02 1.467834823177590522e+02
3.093098871535459580e+02 8.154511996575156019e+00 4.735135286101197494e+00 3.401251034315757593e+00 3.769372137169870030e+02 1.498325379519111777e+02
3.438692889553594796e+02 9.041031940372119990e+00 4.803192415811575522e+00 3.739243122334035885e+00 3.437569429248028428e+02 1.486227269963836193e+02
4.224037557059118626e+02 9.370961660003107596e+00 4.982293339710158975e+00 3.531290425736535177e+00 3.733495547026968779e+02 1.498037180770511441e+02
5.147700338679553624e+02 9.393862268754967104e+00 5.335661066350957604e+00 3.887235489788643417e+00 3.533371443296276198e+02 1.419153632847306881e+02
5.840072980042269819e+02 1.017626470069154898e+01 5.686984947598505258e+00 4.220221797846108736e+00 3.695152214687720402e+02 1.455910181307804407e+02
7.015239705247875008e+02 1.054693218953946499e+01 5.981745595100389501e+00 4.339697917741628608e+00 7.232041766354462879e+02 2.974716310608096137e+02
8.092472057385392645e+02 1.117993116841720003e+01 6.139065883254888334e+00 4.480503779149243471e+00 7.526827769507131052e+02 3.251477119794004125e+02
8.794904667621782437e+02 1.172346925412982799e+01 6.414187189051617999e+00 4.439872213046019311e+00 7.643860040084838374e+02 3.227498963781005727e+02
1.008508449335124737e+03 1.140534295230796324e+01 6.424419174617658435e+00 4.866900993771405837e+00 7.196762129625006992e+02 3.220387757683495238e+02
1.051659774328850517e+03 1.200148036105490235e+01 6.539665016488632965e+00 4.775249072299692088e+00 7.443999150444356019e+02 3.256881041520317694e+02
1.164894160200910619e+03 1.189761118641193249e+01 6.671143005845193485e+00 4.813185572927295652e+00 7.664119445708321336e+02 3.157648408657990444e+02
1.363263389475366921e+03 1.224204377537931165e+01 6.310833412054164704e+00 4.681774984449166510e+00 7.312750748480714265e+02 3.128816168895858709e+02
1.441427272831370828e+03 1.212251789736030716e+01 6.678776161662516309e+00 5.091551150071190968e+00 7.272901857615441941e+02 3.145024622986150007e+02
1.637475935157787944e+03 1.189997986829901144e+01 6.653968602376355790e+00 4.935725157034534405e+00 7.049084159856059841e+02 3.182336253906311754e+02
1.738247835213110648e+03 1.278040583305511646e+01 6.934712284255302173e+00 4.988411058719554703e+00 7.939369176990911683e+02 3.184047491174158040e+02
2.071911809949898725e+03 1.273008977607826786e+01 6.616029261983017662e+00 5.265252263518906517e+00 7.740112988199774691e+02 3.121660654909019854e+02
2.157461893968953063e+03 1.261059311189866250e+01 7.227876894731113389e+00 5.572265721977313291e+00 7.665484639127398623e+02 3.150721741474507098e+02
2.355179400210894073e+03 1.295416633788507887e+01 6.910410358457172997e+00 5.266914430303891947e+00 8.276341816539572847e+02 3.099706046308432406e+02
2.693814934006550175e+03 1.319976952071029963e+01 6.800263363621859902e+00 5.510955011537454595e+00 8.336298976776120071e+02 3.275841607276361174e+02
2.578012087837489162e+03 1.421473692606662631e+01 7.324526487878577186e+00 5.831435084039858552e+00 8.308695964337154010e+02 3.222661406165067888e+02
2.905231812261403320e+03 1.374183354847496119e+01 7.043593244699708933e+00 5.898698195003212241e+00 8.154392160122786208e+02 2.970798145555095857e+02
2.965028918383531618e+03 8.264493479644473339e+00 0.000000000000000000e+00 9.367920731361261133e+00 7.947820520010251357e+02 3.044392337535664410e+02
3.042672617846524190e+03 8.236819140891466162e+00 0.000000000000000000e+00 1.045303620338807526e+01 5.641918781504087383e+04 0.000000000000000000e+00
3.174513908974830429e+03 8.468586166546529626e+00 0.000000000000000000e+00 1.057689006684077526e+01 5.520563476198531134e+04 0.000000000000000000e+00
3.184481138516119245e+03 8.105845694754069797e+00 0.000000000000000000e+00 1.049200799287038599e+01 5.608581304972548241e+04 0.000000000000000000e+00
3.139793202363579439e+03 8.478822110058505501e+00 0.000000000000000000e+00 1.091256399387407683e+01 5.589309830419925129e+04 0.000000000000000000e+00
3.538592703629001335e+03 9.052137141192263314e+00 0.000000000000000000e+00 1.095872110351623263e+01 5.645549384240750805e+04 0.000000000000000000e+00
3.538065321845080689e+03 8.787569602470744812e+00 0.000000000000000000e+00 1.075037179532072606e+01 5.667788543707477220e+04 0.000000000000000000e+00
3.671343590793569092e+03 9.116525561487760498e+00 0.000000000000000000e+00 1.125465801462868143e+01 5.771339805407387030e+04 0.000000000000000000e+00
3.526165790087473397e+03 8.720884919004051383e+00 0.000000000000000000e+00 1.114219689749321773e+01 5.636976990565675078e+04 0.000000000000000000e+00
3.898024622680192806e+03 9.336918417378127444e+00 0.000000000000000000e+00 1.059180688472930321e+01 5.895429642586939008e+04 0.000000000000000000e+00
3.920790271333750752e+03 9.008478330739311701e+00 0.000000000000000000e+00 1.148961568850605808e+01 5.664480601997987105e+04 0.000000000000000000e+00
4.052212182449706688e+03 9.849334495238025511e+00 0.000000000000000000e+00 1.101028226752669958e+01 5.758529860748143255e+04 0.000000000000000000e+00
4.170533470520332230e+03 9.233822610206233961e+00 0.000000000000000000e+00 1.177520875421370228e+01 5.675735962055363780e+04 0.000000000000000000e+00
4.335902506569730576e+03 9.230132870672946410e+00 0.000000000000000000e+00 1.169897579084845241e+01 6.069576781892848521e+04 0.000000000000000000e+00
4.342170623968229847e+03 9.279234441062849115e+00 0.000000000000000000e+00 1.126189790601378427e+01 5.515751493692267104e+04 0.000000000000000000e+00
4.249564566524439215e+03 1.029869347406697955e+01 0.000000000000000000e+00 1.165522567117387176e+01 5.845381304543211445e+04 0.000000000000000000e+00
4.570527532396195056e+03 1.018773875004887230e+01 0.000000000000000000e+00 1.154692477227302128e+01 5.722636647717108281e+04 0.000000000000000000e+00
4.561471592547304681e+03 9.895261146114542328e+00 0.000000000000000000e+00 1.160284528209408528e+01 5.826566184224070457e+04 0.000000000000000000e+00
4.813781440764728359e+03 1.050231972192806573e+01 0.000000000000000000e+00 1.191189565126335026e+01 5.957442902545905963e+04 0.000000000000000000e+00
4.541598226954505662e+03 9.756478841886663034e+00 0.000000000000000000e+00 1.252020373877877901e+01 5.626528716716477356e+04 0.000000000000000000e+00
4.707925983164594072e+03 9.786310300949580210e+00 0.000000000000000000e+00 1.225426447717009992e+01 5.775675271719154989e+04 0.000000000000000000e+00
4.747740517520520370e+03 9.779278111767791160e+00 0.000000000000000000e+00 1.159361564767323927e+01 5.572990053153200279e+04 0.000000000000000000e+00
5.000640192714578916e+03 1.055019674466038992e+01 0.000000000000000000e+00 1.181088183621228183e+01 5.826738811629582051e+04 0.000000000000000000e+00
5.188518367199791101e+03 1.054242781244304084e+01 0.000000000000000000e+00 1.168011461976800014e+01 6.043353173041155969e+04 0.000000000000000000e+00
5.405776830991261704e+03 1.060488517810110842e+01 3.392056497414788652e+00 1.327166323284179761e+01 4.642777666185246517e+02 8.523069911085991635e+01
5.209148202500793559e+03 1.073264349325283007e+01 3.402937218073228021e+00 1.331838285830450097e+01 4.276451857159801762e+02 8.829574129817162031e+01
5.435655677476990604e+03 1.144589467692054718e+01 3.671924502490390374e+00 1.336280768528876095e+01 4.473054931372699912e+02 8.658301999459881415e+01
5.618312264868014609e+03 1.117976883588405990e+01 3.490235433290653777e+00 1.244000380048521137e+01 4.560282415424343299e+02 8.511694212744473020e+01
5.285154570600663646e+03 1.135829225734185499e+01 3.646220635064969073e+00 1.306479311100587637e+01 4.427078607811900497e+02 8.378156573118161532e+01
5.316777039946489822e+03 1.146801655772119410e+01 3.638591647260056572e+00 1.240115502491296340e+01 4.367594039743876806e+02 8.464445680850076315e+01
5.567598454736426902e+03 1.134297943813685983e+01 3.436237829028035318e+00 1.269260030143687601e+01 4.185168392000854851e+02 8.094747525295611013e+01
5.726786360474820867e+03 1.090271189973600308e+01 3.702368423367800254e+00 1.259211410896853245e+01 4.288408140875698109e+02 8.227950180174310901e+01
5.931134628775720557e+03 1.080069672419393001e+01 3.463238488527482062e+00 1.337089720111843150e+01 4.427680468593342198e+02 8.337520791233119155e+01
5.825699632001102145e+03 1.113832994031765544e+01 3.798773123613363278e+00 1.350059205889215797e+01 4.529935225057878370e+02 8.174714851714369956e+01
6.087656237621750734e+03 1.105848623778843276e+01 3.795168099718310373e+00 1.338679107938566126e+01 4.262295899550620675e+02 8.740291898153684258e+01
6.100157181989440687e+03 1.107687947747442792e+01 3.750571181905271612e+00 1.347293762457329080e+01 4.426463127847266605e+02 8.627199596996427999e+01
6.505940227516191953e+03 1.132531730561827565e+01 3.793194253058219001e+00 1.339170586887394343e+01 4.370150309693634085e+02 8.443335263809947833e+01
6.535719515491437960e+03 1.082237107638157703e+01 3.550694748139886503e+00 1.266686631942907049e+01 4.420219569856116095e+02 8.753697901049137897e+01
