1.626258357369093854e+00 5.225801927235483646e+00 3.114021565058886498e+00 2.659474254968999141e+00 1.460271881413798610e+03 6.463842999787658528e+02
2.982535846920741918e+01 5.836789031092411761e+00 3.473406293161025005e+00 2.671229326374971347e+00 1.438321416160957597e+03 5.540588974694359194e+02
2.554460207636470059e+01 8.263139464141202595e+00 4.186925521274658557e+00 3.001697932192007201e+00 1.418973466209991784e+03 6.088979656671766634e+02
4.503808865033539632e+01 8.051623950937335294e+00 4.158294219044855744e+00 3.449763220463873736e+00 1.503656709600281374e+03 5.419727829233642069e+02
8.368397062373378503e+01 7.871817340729756474e+00 4.089753106097327340e+00 3.325803331549057607e+00 1.944323265066619797e+02 8.199032045845059713e+01
1.357736687716433153e+02 7.782217858383726039e+00 4.816775750820594837e+00 3.089453465314780267e+00 2.037566420636710234e+02 7.914580054552149591e+01
1.949052545531316412e+02 8.663366723316752172e+00 4.813822901558610035e+00 3.692763325906188498e+00 3.699118763558217893e+02 7.695149303294434162e+01
2.428075356390177149e+02 8.594935892202693495e+00 4.879646140025815981e+00 3.289136848692276516e+00 3.362564993280097383e+02 1.518775950738719018e+02
2.541392455709994351e+02 7.894925468797046264e+00 4.693313701612479960e+00 3.409093966684171306e+00 3.345996384641727559e+02 1.571306167631209973e+02
4.047381960142930666e+02 9.319725313399574773e+00 5.232648580891119394e+00 3.742713771208351581e+00 3.463546340694280730e+02 1.506717312818026073e+02
4.118692401556417053e+02 8.426742955649421774e+00 5.315099505056322116e+00 3.648595243844947600e+00 3.958276922669220994e+02 1.337313203778539616e+02
5.954931121979271893e+02 9.691568728552553580e+00 5.097892986639465995e+00 4.105817287142823346e+00 3.736195818816290739e+02 1.362064765967477342e+02
5.563951545949798856e+02 9.306270409975249791e+00 5.105988353196590168e+00 4.036710946224513208e+00 3.288466074980360077e+02 1.325782351067718423e+02
7.335980173193802329e+02 1.169244973222584605e+01 5.494583059497019306e+00 4.752932270237144152e+00 7.967949044196545856e+02 2.876530877543760312e+02
8.250250810038212421e+02 1.137117379336821976e+01 6.199598400597134074e+00 4.016759112785106112e+00 6.995469702255410311e+02 3.181336832247978350e+02
1.048317244790167479e+03 1.222335264127814192e+01 5.666051203988667240e+00 4.963738828076890819e+00 7.003250263669548303e+02 3.209925830655867003e+02
8.358871059106115808e+02 1.132205796067906611e+01 6.197835863683621938e+00 5.069100898813932332e+00 7.018314017891349295e+02 2.847609723878225054e+02
1.073204465335299801e+03 1.190997921065982723e+01 6.639025482872641604e+00 4.376912711208158946e+00 7.109752104025286599e+02 3.378752463855788619e+02
1.169287721725255096e+03 1.128798636814978451e+01 7.093467125107599358e+00 5.132492552153144594e+00 7.064937009433333515e+02 3.306823249525672281e+02
1.204114653782789219e+03 1.143578506584009169e+01 6.614880883407602497e+00 4.873213893729531065e+00 8.119167667607438261e+02 2.859225063518817933e+02
1.208416397033636713e+03 1.111509525227425854e+01 7.095555184261474579e+00 4.954928134995764566e+00 7.761716725863776674e+02 3.320331144173568987e+02
1.645507293440128024e+03 1.258201673132674969e+01 7.373333328693833622e+00 5.423930351042386633e+00 7.679758852694359348e+02 3.128775406209746279e+02
1.613761033104078024e+03 1.293010500396919227e+01 7.300753272195231069e+00 5.368666573222074412e+00 7.847732784016602636e+02 2.946958250057674036e+02
2.336129690945966104e+03 1.282822643149214947e+01 7.155112729341881028e+00 5.236561214642199147e+00 7.388451089132171319e+02 2.930273966675046040e+02
2.131713809352442695e+03 1.424238428432509096e+01 6.885121821273173737e+00 5.706833083307668808e+00 8.152112959470496207e+02 2.833755419607539352e+02
2.741958300652330763e+03 1.264361385170180085e+01 7.084884562927252993e+00 5.860145761608116288e+00 7.901410004230722279e+02 3.282677906665506953e+02
2.841274948874791789e+03 1.283709908050569304e+01 7.709361978814471605e+00 5.193793298533292635e+00 8.504436334097732697e+02 2.909384785704609726e+02
2.943459032272437980e+03 1.311118959250330640e+01 7.663434505623549775e+00 5.940183775455834869e+00 8.257039822198837555e+02 2.910000023976494390e+02
2.384466739830365896e+03 1.355301858623377598e+01 7.843468090097321266e+00 5.653529232780237557e+00 8.743081419351858585e+02 3.360862950294691700e+02
3.161801821514766289e+03 8.659849458412571366e+00 0.000000000000000000e+00 8.731450899733436799e+00 8.378754912400615922e+02 2.814637730899891608e+02
2.394211222141815597e+03 8.447985815007109878e+00 0.000000000000000000e+00 1.049825680473011857e+01 5.942690339513427170e+04 0.000000000000000000e+00
3.196680278135204844e+03 8.183911556177926983e+00 0.000000000000000000e+00 9.819719309762389159e+00 5.223042892806192685e+04 0.000000000000000000e+00
2.745750426986376624e+03 8.225707209972732414e+00 0.000000000000000000e+00 9.927855913982991609e+00 5.909472065918642329e+04 0.000000000000000000e+00
3.357165325461970497e+03 8.946464324484443509e+00 0.000000000000000000e+00 9.506741547074813781e+00 5.976516548878345202e+04 0.000000000000000000e+00
3.751402834399944823e+03 8.095432854336355177e+00 0.000000000000000000e+00 9.658708201314516018e+00 5.413809459200762649e+04 0.000000000000000000e+00
2.860719866590876791e+03 8.043730082058598185e+00 0.000000000000000000e+00 1.141419961978515296e+01 6.299984583054718678e+04 0.000000000000000000e+00
3.796699214881852640e+03 8.447802863277315666e+00 0.000000000000000000e+00 1.161736163266436961e+01 6.170329421739504323e+04 0.000000000000000000e+00
3.755046035758191010e+03 9.267044109882801806e+00 0.000000000000000000e+00 1.005468052154259873e+01 5.927901587625384127e+04 0.000000000000000000e+00
3.160084644024049339e+03 8.434406352594418621e+00 0.000000000000000000e+00 1.108475011199474025e+01 6.102570941941488127e+04 0.000000000000000000e+00
4.332267216162242221e+03 9.701485240788034758e+00 0.000000000000000000e+00 1.034011987080526218e+01 6.057688439634026145e+04 0.000000000000000000e+00
3.282952085396574148e+03 8.549323431079706381e+00 0.000000000000000000e+00 1.079756917651806702e+01 5.540781933872931404e+04 0.000000000000000000e+00
3.542442122929163816e+03 9.358623712720447685e+00 0.000000000000000000e+00 1.167777437201339374e+01 5.506427122840583615e+04 0.000000000000000000e+00
4.945167025993143397e+03 8.881525816392267458e+00 0.000000000000000000e+00 1.125974614262940676e+01 5.997578171704763372e+04 0.000000000000000000e+00
4.127589309866594704e+03 9.228128602006876235e+00 0.000000000000000000e+00 1.050541429865274345e+01 5.979802254928080947e+04 0.000000000000000000e+00
5.151610749390843011e+03 9.485797174182289737e+00 0.000000000000000000e+00 1.094211429756277454e+01 5.835515228590868355e+04 0.000000000000000000e+00
5.172248145399281384e+03 9.326623080840663604e+00 0.000000000000000000e+00 1.280810722973223292e+01 6.211800752001420187e+04 0.000000000000000000e+00
5.016808998069120207e+03 9.138850083360701149e+00 0.000000000000000000e+00 1.230322108882956300e+01 6.153903791632437060e+04 0.000000000000000000e+00
4.875763911360887505e+03 9.515242051056219452e+00 0.000000000000000000e+00 1.108922076117845812e+01 6.152278189072468376e+04 0.000000000000000000e+00
4.476444071190678187e+03 9.332606778025693828e+00 0.000000000000000000e+00 1.303208144012454284e+01 5.854256239474465838e+04 0.000000000000000000e+00
5.504869659702651916e+03 1.054079510088919491e+01 0.000000000000000000e+00 1.269382003750990684e+01 5.300139122450083960e+04 0.000000000000000000e+00
4.453663494579855978e+03 9.723273180401521998e+00 0.000000000000000000e+00 1.310592978167976064e+01 5.815585220529584331e+04 0.000000000000000000e+00
4.647512674607914050e+03 9.902513932474846570e+00 0.000000000000000000e+00 1.126410604233144852e+01 5.248987119790825091e+04 0.000000000000000000e+00
4.513630909381397032e+03 1.002774203340181280e+01 0.000000000000000000e+00 1.299102482335336006e+01 5.341431599922505848e+04 0.000000000000000000e+00
5.153279045150799902e+03 1.056833615925883763e+01 3.388156444870674022e+00 1.244506424335542150e+01 4.019083227828957092e+02 9.155500018877233970e+01
4.153187049154884335e+03 1.131808950685609894e+01 3.719716937907251886e+00 1.172812245815823395e+01 4.432192344359420417e+02 8.479265349066487545e+01
4.270672130395642853e+03 1.008127939089790459e+01 3.457589655336762657e+00 1.377666290294855678e+01 4.150366554821280829e+02 8.461065483123167041e+01
4.809701368239025214e+03 1.038295780078692765e+01 3.841408000597561934e+00 1.267208982598897293e+01 4.034546464396304373e+02 8.658749380888562541e+01
5.656353201322999666e+03 1.125302856885329028e+01 3.610500483369052827e+00 1.208394868006603318e+01 4.048425250323690534e+02 7.800872417319415320e+01
6.172341553213432235e+03 1.041227593266266460e+01 3.639880747273072537e+00 1.383640708614591652e+01 4.464767706919664079e+02 8.810646862660014733e+01
5.979749098316955497e+03 1.146837250539775965e+01 3.676194873176696909e+00 1.296366771884900970e+01 3.989232449391331556e+02 9.289621498903018448e+01
4.670047980537426156e+03 1.163315452724028809e+01 3.441992954720733522e+00 1.305001784847660851e+01 4.373135871681915887e+02 8.236807151849573927e+01
5.113331074482185613e+03 1.055951940994153126e+01 3.674451617214073984e+00 1.254283000367222023e+01 4.107206991381997341e+02 7.931674889622850344e+01
6.218664928630031682e+03 1.130210105816150801e+01 3.394333394193349118e+00 1.419316321651090540e+01 4.695158372146666466e+02 8.870542431132503225e+01
5.853560838855757538e+03 1.052053034364590367e+01 3.428017669198700101e+00 1.434374911589485713e+01 4.231802487218542979e+02 8.786826505035791968e+01
5.936913115552367344e+03 1.140916505529941638e+01 3.854240142185609397e+00 1.202272782604751988e+01 4.612466489685225497e+02 8.461829512983553059e+01
6.377135738438269073e+03 1.116969034382788628e+01 3.536998925035286234e+00 1.274775006533934096e+01 4.288405326964023629e+02 8.519110493145953455e+01
7.462465741384226931e+03 1.153617623060137554e+01 3.686559744622400991e+00 1.404575038532756892e+01 4.210748647784174636e+02 7.905312989683903879e+01
