7.741721389814792964e-02 5.972490763865152985e+00 3.201959743124930036e+00 2.783149343613698257e+00 1.437850718174601070e+03 5.714265565559078368e+02
3.306100113990321887e+01 5.646908110857498109e+00 3.386511982126117815e+00 2.882159684966105750e+00 1.358292282615567046e+03 5.754387887457949091e+02
3.144697793608989755e+01 7.595902253397133208e+00 4.172198122158746081e+00 3.441617826354428367e+00 1.350723989024717184e+03 6.011587474992920761e+02
4.715661832856817171e+01 7.451476547714821486e+00 4.358992557574432603e+00 3.481333088062827930e+00 1.331179925040464013e+03 6.105042523759840378e+02
9.942215588545609251e+01 7.688043342764136590e+00 4.341530329640917785e+00 3.279097774418016975e+00 1.935990080415567718e+02 7.623269861566171812e+01
1.571495958232592898e+02 7.747581780057965162e+00 4.455107670444619750e+00 3.308980539811099408e+00 2.030089709912159037e+02 8.121850595056616839e+01
1.989252018405286719e+02 8.501275878627904348e+00 4.673028051620859102e+00 3.616019399615637120e+00 3.451887678575636187e+02 8.178119434100284479e+01
2.580999927650530594e+02 8.526072231493047937e+00 4.521153390112050197e+00 3.614492390407483047e+00 3.697894059987440301e+02 1.362614203785641394e+02
3.055321864779604084e+02 8.463029183676690437e+00 4.965383011737037222e+00 3.727085670950373686e+00 3.609471196889176099e+02 1.389015162295675623e+02
3.441606878196570847e+02 8.339239398842241968e+00 4.612353859477018148e+00 3.572681945633841227e+00 3.686040852138655737e+02 1.489896224592229999e+02
4.155248225047482151e+02 9.361835757155365201e+00 5.071638967372122941e+00 3.634682308382746641e+00 3.647557219908956085e+02 1.499216705908647214e+02
5.247133485640457593e+02 9.492320744417927614e+00 5.510058167008263119e+00 3.769842394848496259e+00 3.596108613265124063e+02 1.469655621394645948e+02
5.715374112884046554e+02 9.946451861867540600e+00 5.640833078188908445e+00 3.931834810093953969e+00 3.441048029190765760e+02 1.455347118352128177e+02
6.969205971049510708e+02 1.049684535875805302e+01 6.103982940943725843e+00 4.185142314851781897e+00 7.577113419699642236e+02 3.220731875677687981e+02
8.230453910500463053e+02 1.153752305854649585e+01 6.113137359460998788e+00 4.488587198994834715e+00 7.700780795243999819e+02 2.964378372289834260e+02
9.188206459442199048e+02 1.118462814316149156e+01 6.312330971680042424e+00 4.593287967652899262e+00 7.148631200729604416e+02 3.052221055296951135e+02
1.031770839497418592e+03 1.177725993269288018e+01 6.587129967245223483e+00 4.659859552463635701e+00 7.248955794885828254e+02 3.123986274203775793e+02
1.057179186972643720e+03 1.161445589007016466e+01 6.316307892375208510e+00 4.772505244950488112e+00 7.374772498588671397e+02 3.198323130002371499e+02
1.159957103453085892e+03 1.215401274944530563e+01 6.389092288650553009e+00 4.696551297138008785e+00 7.207092981082523693e+02 3.154610984604757391e+02
1.254196538970801839e+03 1.135078246263357293e+01 6.362635802269434926e+00 4.588879692976874480e+00 7.499204273479159610e+02 3.223994340993401693e+02
1.434655207551782496e+03 1.250844869513023561e+01 6.834163661151620772e+00 4.709563611343503098e+00 7.647579447933227357e+02 3.078074733227746833e+02
1.674287313124424827e+03 1.260069387420513642e+01 6.723679972531715343e+00 4.843735076420162322e+00 7.254673378967128201e+02 3.074966075326903479e+02
1.724062513695187818e+03 1.198542907249829703e+01 6.934165080422284966e+00 5.267145105554485340e+00 8.259498990743187505e+02 3.274140804597672627e+02
2.065976654585821507e+03 1.335548547908770978e+01 7.100099737757140872e+00 5.280294662738745259e+00 8.283020111468534878e+02 3.105554888746956408e+02
2.202182307198207127e+03 1.361565529936047092e+01 7.010798651409130500e+00 5.070831034394801762e+00 8.008554981371302119e+02 3.021297215642817946e+02
2.244444182441157409e+03 1.334186525944478419e+01 7.242329223883446687e+00 5.200383756913418587e+00 8.306369288131145368e+02 3.166276737897746330e+02
2.627453130359790975e+03 1.341778905251534049e+01 6.917583529642385543e+00 5.663283073232595832e+00 7.670792172612965487e+02 3.263832556712941937e+02
2.645598124817830012e+03 1.402630934423632247e+01 7.318316133977768700e+00 5.419954394383929674e+00 8.213850746532747280e+02 3.230542012002752017e+02
2.833768003254467203e+03 1.345182011754147133e+01 7.048396283477830870e+00 5.653014506568935893e+00 8.197444265270635242e+02 3.246760787769968033e+02
2.966398459823900794e+03 8.337496535130394903e+00 0.000000000000000000e+00 9.980537234283788806e+00 8.072117084495429253e+02 3.136826833208912149e+02
2.909836866053678932e+03 8.469941867325308849e+00 0.000000000000000000e+00 9.637456570693478497e+00 5.542553343345136818e+04 0.000000000000000000e+00
3.137268500187316931e+03 8.074566332670782387e+00 0.000000000000000000e+00 1.037919354676825989e+01 5.770130899346226943e+04 0.000000000000000000e+00
3.130456576808532645e+03 8.721641579553297774e+00 0.000000000000000000e+00 1.041009900796606402e+01 5.868031948777611979e+04 0.000000000000000000e+00
3.217966333160287832e+03 8.373970597990382458e+00 0.000000000000000000e+00 9.960833209962283163e+00 5.950489933858695440e+04 0.000000000000000000e+00
3.437807591470763327e+03 8.823320214786152249e+00 0.000000000000000000e+00 1.091078840729161570e+01 5.828324565243194957e+04 0.000000000000000000e+00
3.359416044530360068e+03 9.243577783391074831e+00 0.000000000000000000e+00 1.039287141573387885e+01 5.666184443966770050e+04 0.000000000000000000e+00
3.404318719714412509e+03 8.988071798189380957e+00 0.000000000000000000e+00 1.110152222927699128e+01 5.621019731517028413e+04 0.000000000000000000e+00
3.735776276561980467e+03 8.913246456601122247e+00 0.000000000000000000e+00 1.093164545737645454e+01 5.990967977884267020e+04 0.000000000000000000e+00
3.662478947659203641e+03 9.727323145435688545e+00 0.000000000000000000e+00 1.121502752832989636e+01 5.756380001680230635e+04 0.000000000000000000e+00
3.809234887909696226e+03 9.231843082363218045e+00 0.000000000000000000e+00 1.137709643341459831e+01 5.683906294559642265e+04 0.000000000000000000e+00
4.100151764467690555e+03 9.244137968767498492e+00 0.000000000000000000e+00 1.112955509757001415e+01 5.996170167326901719e+04 0.000000000000000000e+00
3.983594627366562690e+03 9.825456314021737469e+00 0.000000000000000000e+00 1.086616498282303844e+01 5.916747279714264732e+04 0.000000000000000000e+00
4.228146293462816175e+03 9.300475406638163633e+00 0.000000000000000000e+00 1.192524824802117855e+01 5.598003059648088674e+04 0.000000000000000000e+00
4.202506969426086471e+03 1.010464968954791232e+01 0.000000000000000000e+00 1.180641666087221076e+01 5.755375754213960317e+04 0.000000000000000000e+00
4.223306184964239947e+03 9.433370070971747623e+00 0.000000000000000000e+00 1.151471077424685419e+01 5.569298228969672346e+04 0.000000000000000000e+00
4.292827740380055729e+03 9.894692891917285849e+00 0.000000000000000000e+00 1.169389640939179564e+01 6.033653562118595437e+04 0.000000000000000000e+00
4.713234173375620230e+03 9.686388406357201220e+00 0.000000000000000000e+00 1.169297562134544499e+01 5.534037072905530658e+04 0.000000000000000000e+00
4.465698970203828139e+03 1.036834966823925264e+01 0.000000000000000000e+00 1.223637262612174759e+01 5.749862795827844820e+04 0.000000000000000000e+00
4.768129707655977654e+03 1.053641427288323129e+01 0.000000000000000000e+00 1.243171974697581206e+01 6.012226479321716033e+04 0.000000000000000000e+00
4.722105632498871273e+03 1.065907018089442815e+01 0.000000000000000000e+00 1.156910997998165769e+01 5.797792418615081988e+04 0.000000000000000000e+00
4.774187665208930412e+03 1.007770802460351867e+01 0.000000000000000000e+00 1.243829634906429327e+01 5.734398405367240775e+04 0.000000000000000000e+00
5.292477397829253277e+03 1.049442879883656232e+01 0.000000000000000000e+00 1.235941548713024218e+01 5.925541932433807233e+04 0.000000000000000000e+00
4.952438846079105133e+03 1.081443355537663997e+01 0.000000000000000000e+00 1.184747760795613303e+01 5.674799317291651096e+04 0.000000000000000000e+00
5.027976296049075245e+03 1.153725141243578278e+01 3.393975361110153077e+00 1.312835629140866267e+01 4.449253084042408091e+02 8.410218520510692031e+01
5.330046222533907894e+03 1.103838108006511121e+01 3.574478720153012379e+00 1.235205003975231719e+01 4.510983680904144535e+02 8.308121239320257700e+01
5.072120455989504080e+03 1.142564188744458598e+01 3.570200692611712245e+00 1.322697859640181406e+01 4.487431499044896555e+02 8.769915839147175518e+01
5.552950719397185821e+03 1.154352709144492195e+01 3.436504602750650061e+00 1.338886453223104311e+01 4.508035620659862275e+02 8.098248681131509841e+01
5.645797588321894182e+03 1.149888224087252020e+01 3.444442883882989026e+00 1.283050175961943928e+01 4.268900386411797285e+02 8.358488976876012089e+01
5.621192526900033954e+03 1.095914579199173211e+01 3.693870998728935540e+00 1.293474844913467692e+01 4.575672464507854897e+02 8.319148899753645310e+01
5.494550796983499822e+03 1.100629215305830932e+01 3.446993344859147879e+00 1.262590354572935247e+01 4.557684977391173788e+02 8.831731627423735631e+01
6.050881533703711284e+03 1.161860689020212511e+01 3.517495280950430736e+00 1.355046274925590843e+01 4.263799117006631150e+02 8.077916305099522276e+01
5.772760982713480189e+03 1.142056573660788921e+01 3.708120418669290430e+00 1.339590598377629505e+01 4.292639433797751849e+02 8.894279068301631241e+01
5.933918921623328970e+03 1.131774234533171253e+01 3.664883518896802528e+00 1.304587008246926239e+01 4.327221037989047545e+02 8.082205298867965837e+01
5.969215549085403836e+03 1.075025160217766640e+01 3.700252540085577468e+00 1.366847631395035911e+01 4.272770574164456434e+02 8.400538646060110182e+01
6.332926449105638312e+03 1.115702356687052088e+01 3.829117862185144716e+00 1.306386327491691013e+01 4.410145298640418901e+02 8.704937343936992988e+01
6.360952331209045042e+03 1.141433466656502205e+01 3.786999356773645964e+00 1.267017292672526274e+01 4.118599226435649712e+02 8.686463449903685330e+01
6.226270587299058207e+03 1.129200524267095851e+01 3.558916981494665066e+00 1.339181233954890438e+01 4.311394585199154790e+02 8.135739807107106003e+01
