2.000000000000000111e-01 3.408180515014325174e+00
1.000000000000000056e-01 3.498180515014325476e+00
5.000000000000000278e-02 3.866180515014325358e+00
3.333333333333333287e-02 4.118180515014325138e+00
2.000000000000000042e-02 4.158180515014325174e+00
1.250000000000000069e-02 4.172180515014325408e+00
1.000000000000000021e-02 4.206180515014325216e+00
6.666666666666667095e-03 4.338180515014325778e+00
5.000000000000000104e-03 4.516180515014325714e+00
4.000000000000000083e-03 4.716180515014325891e+00
3.333333333333333547e-03 4.916180515014325181e+00
