7.656469239546537242e-02 6.037843625645940016e+00 3.219762093537029912e+00 2.661697181996117489e+00 1.462455627170442767e+03 6.138204052520883351e+02
3.355364869226310276e+01 5.845657218583587778e+00 3.410758158305422061e+00 2.749053614248101685e+00 1.450237419546297588e+03 5.795998298461980767e+02
3.338494903956294024e+01 7.978957928996455173e+00 4.249598278138903673e+00 3.392440399226553716e+00 1.366381895803816406e+03 6.175373447018953357e+02
5.153054395316821257e+01 7.797437127755539876e+00 4.484878690798920431e+00 3.381158822519690244e+00 1.338252616162011691e+03 6.151123443885503548e+02
1.044483676434432198e+02 8.224512834529868144e+00 4.305322369625315559e+00 3.420332915065334323e+00 1.997758731186064267e+02 7.983370128267792154e+01
1.535203126495609638e+02 7.929950020081173001e+00 4.384258768558361830e+00 3.297018213063567238e+00 2.043285184593243855e+02 8.001178813876764195e+01
2.053805613896888360e+02 8.176279063086390408e+00 4.609925312146744503e+00 3.368926676513738006e+00 3.699681398008380029e+02 7.713820251973073994e+01
2.497836162518466665e+02 8.116320181127431255e+00 4.757615388771085030e+00 3.443966606258802354e+00 3.732220255747139959e+02 1.466964941754148413e+02
3.032389347972086853e+02 8.318039421205801531e+00 4.850201755426859052e+00 3.506839065193335880e+00 3.686924703657553550e+02 1.424108514515276340e+02
3.456019068306712825e+02 8.977250328597747853e+00 4.857170203413472720e+00 3.762439444017491752e+00 3.439334885774343888e+02 1.385139450632237015e+02
4.247344604648816357e+02 8.637718344629121248e+00 5.069660372388121061e+00 3.815027700422558787e+00 3.770422050185050011e+02 1.386295851919803965e+02
5.165346986344881088e+02 9.291454158925992246e+00 5.133782987720992175e+00 3.951795957303837703e+00 3.669948686984480446e+02 1.462679640196514015e+02
5.856793179639341815e+02 1.047846269165610344e+01 5.645317289102687930e+00 4.239346676371173572e+00 3.685131529181116434e+02 1.384789047167575973e+02
6.964728290676913502e+02 1.053984896305826346e+01 6.217803076258822337e+00 4.163856582051358224e+00 7.271984910843796115e+02 3.160462633178055398e+02
7.901116590040498977e+02 1.055454736139043703e+01 6.057295225586465826e+00 4.461103486116639871e+00 7.689198403717846304e+02 3.157853412648097446e+02
8.692124422863322479e+02 1.094302054920316891e+01 6.138658508275964820e+00 4.446958286265723537e+00 7.414968622139283525e+02 3.239250481714383909e+02
1.044350220532082858e+03 1.099311760552471107e+01 6.532087797755186998e+00 4.433501141539792023e+00 7.231407223119221044e+02 3.119724413933930123e+02
1.093512008239167926e+03 1.140766401637520744e+01 6.559650742551008662e+00 4.864583718005651036e+00 7.276646883561619461e+02 2.986946173141334953e+02
1.157966370612701667e+03 1.188672283305301036e+01 6.412519548283859727e+00 4.982041617359315389e+00 7.409209582508805170e+02 3.147057981500592518e+02
1.329496666305213239e+03 1.238133978074023034e+01 6.493726871573572978e+00 4.616829306455861648e+00 7.411338623482826051e+02 3.035017004319184935e+02
1.461949155049071578e+03 1.235779308066652504e+01 6.766324230111798954e+00 4.766088032247884243e+00 7.620573156861273674e+02 3.215870597663775357e+02
1.652980380771079126e+03 1.223426500882916734e+01 6.761768432739362567e+00 5.190943873860589974e+00 7.436842375744555511e+02 3.012021145239546058e+02
1.733244808557313945e+03 1.245463999445616921e+01 6.522655318711582773e+00 5.217761758778655334e+00 8.150170440853448781e+02 3.155061582930692339e+02
2.081085564452439030e+03 1.302243764673670512e+01 6.795642143397540913e+00 5.363329587878935101e+00 7.696852162443017278e+02 3.229554057731458556e+02
2.204820821577379775e+03 1.359176149222938257e+01 7.174943208280288864e+00 5.346409292823611104e+00 7.706121420787325178e+02 3.237448374863308800e+02
2.390728801969371034e+03 1.251155429898283700e+01 6.758599476390179106e+00 5.341939069592212874e+00 8.136665233685915837e+02 3.275467580183988616e+02
2.731649468173109199e+03 1.319164904903210633e+01 7.042880397981969409e+00 5.658949927800295043e+00 8.089421431896095100e+02 3.206277078369525952e+02
2.722913397515668748e+03 1.377166182435383490e+01 7.300179775166255602e+00 5.305216244310026141e+00 8.219670580467532091e+02 3.230976496043358566e+02
2.872131616023679271e+03 1.404461447122523055e+01 7.357676998794357104e+00 5.657530715949897981e+00 8.186471647508395790e+02 3.133607820683971568e+02
3.018415775686787583e+03 7.902510623914307253e+00 0.000000000000000000e+00 9.538762912779928271e+00 8.399321371230153090e+02 3.003390903130990068e+02
2.957665091843797654e+03 8.126183887046607879e+00 0.000000000000000000e+00 1.000327337863646626e+01 5.615275556313949346e+04 0.000000000000000000e+00
3.057911173615700591e+03 8.261406438625900961e+00 0.000000000000000000e+00 9.871333049707667229e+00 5.529559740706167941e+04 0.000000000000000000e+00
3.013133484728437452e+03 8.766140494777209469e+00 0.000000000000000000e+00 1.050677017189452123e+01 5.836442110296333703e+04 0.000000000000000000e+00
3.110093639637016622e+03 8.373754600830576322e+00 0.000000000000000000e+00 1.021495308201382812e+01 5.783299426884973946e+04 0.000000000000000000e+00
3.494169234955963930e+03 8.371781457856405595e+00 0.000000000000000000e+00 1.072122060385569142e+01 5.797897404676263977e+04 0.000000000000000000e+00
3.342017292184978942e+03 8.745647042489457235e+00 0.000000000000000000e+00 1.029798904848116869e+01 5.583566972970469942e+04 0.000000000000000000e+00
3.647768457147619301e+03 8.640270724196938090e+00 0.000000000000000000e+00 1.031636880603483597e+01 6.020032023511738225e+04 0.000000000000000000e+00
3.535510235394177471e+03 8.937553828247846610e+00 0.000000000000000000e+00 1.091750085038000861e+01 5.770883277171055670e+04 0.000000000000000000e+00
3.803657825794961354e+03 8.944236550510042960e+00 0.000000000000000000e+00 1.110676247662984828e+01 6.051254928469833249e+04 0.000000000000000000e+00
3.891279315690403109e+03 9.164478231746192805e+00 0.000000000000000000e+00 1.073365129398883688e+01 5.797390999041056057e+04 0.000000000000000000e+00
3.984418277752032282e+03 9.746448218334267111e+00 0.000000000000000000e+00 1.129341566184501211e+01 5.765421732799199526e+04 0.000000000000000000e+00
4.260672639605152654e+03 9.235287657213355317e+00 0.000000000000000000e+00 1.130415427222211200e+01 5.562926498853274097e+04 0.000000000000000000e+00
4.265589928844326096e+03 9.759764837346981636e+00 0.000000000000000000e+00 1.193474229523999064e+01 6.024693038471365435e+04 0.000000000000000000e+00
4.238893243629084282e+03 1.006337735012668411e+01 0.000000000000000000e+00 1.155116150505061334e+01 5.668752934088652546e+04 0.000000000000000000e+00
4.301185771649798880e+03 9.477632211397494899e+00 0.000000000000000000e+00 1.195608842391345839e+01 5.686677833190296224e+04 0.000000000000000000e+00
4.594891904088705815e+03 9.816911147340682930e+00 0.000000000000000000e+00 1.190412280770232023e+01 5.906768824173598114e+04 0.000000000000000000e+00
4.672886829650356958e+03 9.682586568670101812e+00 0.000000000000000000e+00 1.133680292811368773e+01 5.702381055563275004e+04 0.000000000000000000e+00
4.490745063243596633e+03 1.014273616047218063e+01 0.000000000000000000e+00 1.178536738811959772e+01 5.997192215069891972e+04 0.000000000000000000e+00
4.902739581814040321e+03 1.024203950946292885e+01 0.000000000000000000e+00 1.233841651701973419e+01 5.630627875243057497e+04 0.000000000000000000e+00
4.926231601667676841e+03 1.066096449409953451e+01 0.000000000000000000e+00 1.204949711966867909e+01 6.014125680258157809e+04 0.000000000000000000e+00
4.765708562611268462e+03 1.071346823703105855e+01 0.000000000000000000e+00 1.190770679057082226e+01 5.666650360625893518e+04 0.000000000000000000e+00
4.866438232287554456e+03 1.079584441423779317e+01 0.000000000000000000e+00 1.224152927082325704e+01 5.684194383888864832e+04 0.000000000000000000e+00
4.969307615757212261e+03 1.026289832296140148e+01 0.000000000000000000e+00 1.236299723949241525e+01 6.034955235928428738e+04 0.000000000000000000e+00
5.061074270584533224e+03 1.140794547819047544e+01 3.482221455054456793e+00 1.334865726783052686e+01 4.308493750537461437e+02 8.300647538720107832e+01
5.221034632836915989e+03 1.086757058981665125e+01 3.524905683703110526e+00 1.224143523535813927e+01 4.369389425703820393e+02 8.389666095699109860e+01
5.295130227207901953e+03 1.128297997344242809e+01 3.548184534104503296e+00 1.326434833663938129e+01 4.405359954851631983e+02 8.390112847660650175e+01
5.336093141882974123e+03 1.093020776445404252e+01 3.660488430642899083e+00 1.284390610046315473e+01 4.259215973834274678e+02 8.516499260658592618e+01
5.329894150323955728e+03 1.110509406031303392e+01 3.468269990420964621e+00 1.312739788207169411e+01 4.375009415229755518e+02 8.453911963505713345e+01
5.615937044999150203e+03 1.167266862512514081e+01 3.612351031673183055e+00 1.273936483371122819e+01 4.302469114756742101e+02 8.189512544365119595e+01
5.920266025775223170e+03 1.125859917989738967e+01 3.730903405915174886e+00 1.276720807043425765e+01 4.306162569775034967e+02 8.768428561890269179e+01
5.588659471114432563e+03 1.170425265099877166e+01 3.770195308257273670e+00 1.332984286236161608e+01 4.230017105825282897e+02 8.095423818300992025e+01
5.992227261730320606e+03 1.068218756482720444e+01 3.487778458407556847e+00 1.299566424723417057e+01 4.495603697867093160e+02 8.475025161678937025e+01
5.809990661105481195e+03 1.103934946695538066e+01 3.770600141237902214e+00 1.284503806110496882e+01 4.419728048047852553e+02 8.116470457028084695e+01
6.026381214170271960e+03 1.125599207778811639e+01 3.795388438045327106e+00 1.243288512372742716e+01 4.486335360654329065e+02 8.390637861118121066e+01
6.368361801377447591e+03 1.132392785286465475e+01 3.566020365198761422e+00 1.355601456914987679e+01 4.447125421394840714e+02 8.605157228399534119e+01
6.494148156364165516e+03 1.151613348261565584e+01 3.690341262257304411e+00 1.338731728491494266e+01 4.524710621659666572e+02 8.782403322685634350e+01
6.241505946865750957e+03 1.176160824052571208e+01 3.561485321239184376e+00 1.276833408860629149e+01 4.235074641015875159e+02 8.280177788260338900e+01
