-4.521311265740790564e-02 5.762135452668204039e+00 3.290439817592464511e+00 2.720120886401853788e+00 1.457165183137690292e+03 5.965255656337091068e+02
3.262417442737559270e+01 5.711238563457772699e+00 3.350387405444089861e+00 2.795174256316630412e+00 1.450842219788162538e+03 6.237022961039721167e+02
3.324474105190824247e+01 7.662979207951464033e+00 4.308879286445447931e+00 3.414041724686169843e+00 1.408467025285471209e+03 5.952695364503074416e+02
5.249649127964316619e+01 8.196105503711400786e+00 4.512673981108106247e+00 3.279648635051409578e+00 1.395187099906996764e+03 5.835492470691152675e+02
1.009809006337521993e+02 8.124624266545067641e+00 4.533555317005045993e+00 3.535362380888132705e+00 2.053831295574397586e+02 8.179596079769468986e+01
1.513259086998287728e+02 7.948758189389781847e+00 4.661395394635921008e+00 3.528043120461790139e+00 2.068357229022634840e+02 8.235649974922304750e+01
2.064600429734645957e+02 7.948164592874888079e+00 4.583588483234426469e+00 3.475996652130392217e+00 3.584501804654247508e+02 8.055888173439586808e+01
2.467588108026650673e+02 8.133647502592614487e+00 4.696972910930537815e+00 3.416505307125202062e+00 3.775294215375887461e+02 1.362938611195490068e+02
3.036520438479963673e+02 8.501886711050843815e+00 4.632714735129360939e+00 3.577737096098575709e+00 3.585597147120252544e+02 1.479397641935702836e+02
3.666483900857129470e+02 8.428541682538524427e+00 4.888866662937004115e+00 3.596548466537567990e+00 3.553900651908780333e+02 1.440568669516856630e+02
3.931140985631654416e+02 8.929687317729689155e+00 5.034019932309657719e+00 3.486098762802454676e+00 3.444958841019605984e+02 1.471790684158765146e+02
4.801113483346865678e+02 9.869332292574215515e+00 5.157013165050273074e+00 3.913301920526708777e+00 3.684013402104789634e+02 1.429719769570564267e+02
6.169781516587221404e+02 1.052656445189947299e+01 5.520759707930177562e+00 3.917471858699704601e+00 3.611046171829601121e+02 1.384031313812119492e+02
6.970994369359941629e+02 1.130114311550567585e+01 5.759236735882745428e+00 4.336706725756209302e+00 7.228992835345648018e+02 3.018098998136774753e+02
7.951076609862694795e+02 1.104733542743489494e+01 6.166652241637069487e+00 4.493783254440922192e+00 7.681845968614044295e+02 3.045991063911997685e+02
9.230685263915223686e+02 1.124199259548699104e+01 6.373694898134719899e+00 4.716517254635686385e+00 7.469171071811456386e+02 3.098285928243995500e+02
1.032400970370764526e+03 1.156520723413662033e+01 6.238549101630891158e+00 4.770880317043228125e+00 7.301894246599576945e+02 3.271633707698080684e+02
1.047230073028483957e+03 1.111642557515584606e+01 6.547137634225745018e+00 4.633075882821197311e+00 7.061846112641864011e+02 3.027951064606214686e+02
1.167284550817322270e+03 1.124681579972905787e+01 6.765105284614262970e+00 4.970731196027910137e+00 7.216621018158926972e+02 3.158370011412388294e+02
1.276491978127344737e+03 1.134578759976482409e+01 6.749070447251437344e+00 4.680731944164493008e+00 7.091445438446767184e+02 3.040917643859395980e+02
1.347400483319212299e+03 1.233225197100199466e+01 6.602807977057057798e+00 4.762869299436973236e+00 7.579881902938524263e+02 3.250603442758460346e+02
1.596588193102937112e+03 1.287009848666909662e+01 6.895593239714457923e+00 4.846291624069095860e+00 7.757850527548702075e+02 3.169867401006933960e+02
1.864834988478943842e+03 1.235047892270383940e+01 6.596686127843508274e+00 5.221928875261172109e+00 8.261117935840211430e+02 3.124810749953952040e+02
2.026071387513007039e+03 1.286829077645958463e+01 7.008933506817025538e+00 5.112216263445173325e+00 8.313611736513192909e+02 2.992467917120938523e+02
2.212529102018098001e+03 1.295489837618299767e+01 6.721888922824886592e+00 5.270009569914513747e+00 8.020464726326837308e+02 3.187072586148715914e+02
2.212704326166281135e+03 1.317915369160913031e+01 7.369545757610553416e+00 5.301422630416834814e+00 8.382581772344387900e+02 2.971388037040564996e+02
2.624278948741964996e+03 1.326145600457092932e+01 7.177671905909164707e+00 5.249225391595161661e+00 7.959804422066779352e+02 3.162407466965845515e+02
2.569770646354856126e+03 1.301396107127115620e+01 7.454860657694323933e+00 5.581702405327971128e+00 8.235598547829586096e+02 3.222505682519079642e+02
2.860171700002442321e+03 1.308218029415950312e+01 7.333063591630104128e+00 5.833283903329748554e+00 8.248678678375615618e+02 3.181488562792401353e+02
2.973337008041371519e+03 8.351632090178267021e+00 0.000000000000000000e+00 9.870809229404422069e+00 8.039962348944707173e+02 3.261189647983546820e+02
2.862829857456544687e+03 7.965889685765642270e+00 0.000000000000000000e+00 9.605066586722212918e+00 5.555815777524231089e+04 0.000000000000000000e+00
3.164007361694852079e+03 8.626514352811121000e+00 0.000000000000000000e+00 1.003687560593758654e+01 5.560804045840212348e+04 0.000000000000000000e+00
3.312604103451728861e+03 8.929404776138724742e+00 0.000000000000000000e+00 1.080945432751608415e+01 5.926508474173234572e+04 0.000000000000000000e+00
3.328736961442856682e+03 8.727216708652026256e+00 0.000000000000000000e+00 1.020807133398679056e+01 5.665025555112116126e+04 0.000000000000000000e+00
3.274143344913643887e+03 9.216066917292321747e+00 0.000000000000000000e+00 1.105512258262050196e+01 6.000865804737722647e+04 0.000000000000000000e+00
3.483698827379967952e+03 9.058079795781582177e+00 0.000000000000000000e+00 1.088320577132394185e+01 5.753037824911045755e+04 0.000000000000000000e+00
3.542590272676329278e+03 9.145328032199833146e+00 0.000000000000000000e+00 1.097787798847590857e+01 5.545309235585563147e+04 0.000000000000000000e+00
3.560274859625967110e+03 9.140513196616234737e+00 0.000000000000000000e+00 1.106700961227677205e+01 6.027104669552262931e+04 0.000000000000000000e+00
3.833118938988739501e+03 9.036263048625027494e+00 0.000000000000000000e+00 1.083139962505360643e+01 5.856737033087628515e+04 0.000000000000000000e+00
4.001375286478147700e+03 9.776970884578071619e+00 0.000000000000000000e+00 1.068817026655099234e+01 5.669232651589421585e+04 0.000000000000000000e+00
3.877011663542755741e+03 9.569222959829643216e+00 0.000000000000000000e+00 1.110601419217073094e+01 5.533960449538649118e+04 0.000000000000000000e+00
4.095783725816864717e+03 9.545291896443947266e+00 0.000000000000000000e+00 1.129859533377524627e+01 5.740265233414385875e+04 0.000000000000000000e+00
4.078139514478615638e+03 9.552463898560571209e+00 0.000000000000000000e+00 1.151612699958351982e+01 5.525365271910138836e+04 0.000000000000000000e+00
4.192181718494989582e+03 9.668751288685022871e+00 0.000000000000000000e+00 1.185910475718012158e+01 5.976724532446802914e+04 0.000000000000000000e+00
4.495609802521847087e+03 1.022431995639654900e+01 0.000000000000000000e+00 1.116799414609200269e+01 5.991161979814268125e+04 0.000000000000000000e+00
4.426172876413997983e+03 9.677153007888819047e+00 0.000000000000000000e+00 1.215190434697960953e+01 5.876751617392896878e+04 0.000000000000000000e+00
4.540270460647897380e+03 9.572087353628450757e+00 0.000000000000000000e+00 1.155137177447877406e+01 5.686499490931925538e+04 0.000000000000000000e+00
4.895976257773890211e+03 9.731419925292961182e+00 0.000000000000000000e+00 1.130748413169343536e+01 5.549725695432163775e+04 0.000000000000000000e+00
5.004861733458501476e+03 1.011169371308529641e+01 0.000000000000000000e+00 1.186403614844454246e+01 5.603878483103407780e+04 0.000000000000000000e+00
5.113838332529941908e+03 1.015536887440661928e+01 0.000000000000000000e+00 1.159988503861208464e+01 5.958405039260651392e+04 0.000000000000000000e+00
4.875050441664168829e+03 1.016223555942868373e+01 0.000000000000000000e+00 1.176473245458977246e+01 5.867152943453216722e+04 0.000000000000000000e+00
4.899641587384840932e+03 1.022033528963971527e+01 0.000000000000000000e+00 1.210946504985760974e+01 5.840651709851884516e+04 0.000000000000000000e+00
4.912500790383775893e+03 1.068279335520527695e+01 0.000000000000000000e+00 1.267300392662160746e+01 5.989807710347281682e+04 0.000000000000000000e+00
4.979580805897956452e+03 1.139239080661691794e+01 3.527889120747921492e+00 1.259712784986641410e+01 4.553408302335950566e+02 8.919803166637426273e+01
5.323032528235573409e+03 1.073007278983108215e+01 3.480400063315328474e+00 1.315646530354698740e+01 4.566039926249030714e+02 8.402696323056255778e+01
5.062090115277399491e+03 1.128593708376392613e+01 3.650602770873597080e+00 1.342901939882800555e+01 4.617546076878937811e+02 8.302898705734500595e+01
5.216313405576314835e+03 1.098767907022810597e+01 3.580293323721725596e+00 1.250927379124200911e+01 4.351651346637559072e+02 8.297417359342470888e+01
5.683628942494946386e+03 1.141252600371521453e+01 3.659440419962645130e+00 1.285913257458058112e+01 4.521951995316995863e+02 8.709117500696571312e+01
5.588954606915815020e+03 1.157272404976781210e+01 3.649682838800885953e+00 1.345654995013344646e+01 4.327344773299093958e+02 8.384129795464214396e+01
5.901238721959131908e+03 1.126630685118143660e+01 3.693865749755779859e+00 1.314634648472626210e+01 4.498378584587192677e+02 8.866033964765273367e+01
6.024174352440019902e+03 1.082463359768284761e+01 3.727059384181582224e+00 1.251664378171362202e+01 4.505672588066071853e+02 8.215790933859211975e+01
5.668829074573295657e+03 1.124974556497591216e+01 3.668896816040482900e+00 1.329529028631774246e+01 4.120942987032641440e+02 8.525753990391821446e+01
6.123493219229910210e+03 1.071849043277869562e+01 3.633677974108780351e+00 1.310582548200961206e+01 4.282945300728057987e+02 8.732922127573350224e+01
5.805271445277325256e+03 1.118568113101757788e+01 3.602864723044215456e+00 1.365742740557922907e+01 4.455171785365363917e+02 8.319345588303974637e+01
6.102759186357678118e+03 1.083737609955745818e+01 3.679149458205360101e+00 1.314255545680486215e+01 4.302996867658554834e+02 8.130313672448886564e+01
6.017390667683047468e+03 1.114026915426337361e+01 3.817857617611180476e+00 1.297557529032916968e+01 4.404059873367755245e+02 8.134839052412247895e+01
6.079668274773845951e+03 1.101718637737384299e+01 3.773597551740009326e+00 1.250553042645157475e+01 4.373672014580760106e+02 8.657792277423655491e+01
