4.825706645270755324e-01 5.686675468838376268e+00 3.259790491429170878e+00 2.812080726921260876e+00 1.368761640624722531e+03 6.241951032621490185e+02
3.138576091156022585e+01 5.594969262951205557e+00 3.485077210846768914e+00 2.932897683189898075e+00 1.372827971867295446e+03 5.960726235801308803e+02
3.434460193361023528e+01 7.840817191780196538e+00 4.434463906898365337e+00 3.370049738578317022e+00 1.362995986234318707e+03 6.083278789335444117e+02
5.143352943164857294e+01 7.727943391370495796e+00 4.413673319112332294e+00 3.226004599722913646e+00 1.385608716255094123e+03 5.706573642144172709e+02
1.025585112533173202e+02 8.240606984233998844e+00 4.355642015140912982e+00 3.535795042845206293e+00 1.910321068373102946e+02 7.960836348671210771e+01
1.425707336803394298e+02 8.343172266547085769e+00 4.439589514746589138e+00 3.322036711954212684e+00 1.952494595593690576e+02 7.714101395649736048e+01
2.071390252652082609e+02 7.903214923853288276e+00 4.405959828532339806e+00 3.471101501349998397e+00 3.506696811385675119e+02 7.732665399767553538e+01
2.494666474298166179e+02 8.254245135947403611e+00 4.618925091415336581e+00 3.556910348120871923e+00 3.533023281815783321e+02 1.364564511074178199e+02
2.942274782348167150e+02 8.528122189078834126e+00 4.589031027962848341e+00 3.489853033568091067e+00 3.679912609881004073e+02 1.460128678472054560e+02
3.346117011439567932e+02 8.991889336725819248e+00 4.993152305561502580e+00 3.483976724417181092e+00 3.514389124375721849e+02 1.484396386945359154e+02
4.230947815148732616e+02 8.683578943925249760e+00 5.200735693075659860e+00 3.707285757689568584e+00 3.486985636427524469e+02 1.393247218290030958e+02
4.982508459474353231e+02 9.936321947032217494e+00 5.315867627395209460e+00 3.858496744909325038e+00 3.689117129519454465e+02 1.360469836580371066e+02
6.025694665245291617e+02 1.026646204270760698e+01 5.791025428148090626e+00 4.185049357829388583e+00 3.470547553924948829e+02 1.383083848981802930e+02
6.370440677539683065e+02 1.099624482368946055e+01 5.873468598701248489e+00 4.269230085077566628e+00 7.104304180748978297e+02 3.039660574341372126e+02
7.842060265718962455e+02 1.052758228308274013e+01 5.876861382751876306e+00 4.585229315133185324e+00 7.163698498773503616e+02 3.084643952469101578e+02
9.138586178847943984e+02 1.116631929885622831e+01 6.057401256035966242e+00 4.467823871900830746e+00 7.363064619349809163e+02 3.236610071141830076e+02
1.014829819217069144e+03 1.090640136112113368e+01 6.133376853742928958e+00 4.877684157148667765e+00 7.439740410194758624e+02 3.111516786333607456e+02
1.144206908433516901e+03 1.116079844916868247e+01 6.224679685602071189e+00 4.798942088421685348e+00 7.295333185934654239e+02 2.990566233447642048e+02
1.171633857587501552e+03 1.175708460748365880e+01 6.773678527874097632e+00 4.732840609735293746e+00 7.742132193606089459e+02 3.186461469107896960e+02
1.241211584995525527e+03 1.185670352266139638e+01 6.772283015194308753e+00 4.926356804519617327e+00 7.276261996853119172e+02 3.159494483564376992e+02
1.371712407591713372e+03 1.240517025755648639e+01 6.503838847203967433e+00 5.054491101416999754e+00 7.278827423596279687e+02 2.998735135300532306e+02
1.639411599828311410e+03 1.209350029605951704e+01 6.754794997724515859e+00 5.077712622624404482e+00 7.058354922498059523e+02 2.975178993795171891e+02
1.845189525090338748e+03 1.271999117080812702e+01 6.923828185287393744e+00 5.091649491739905109e+00 7.827473191330817599e+02 3.253804505023957745e+02
1.978449211971183786e+03 1.319392048834488484e+01 7.031984837067808414e+00 5.356941924384236664e+00 8.106828317927942180e+02 3.170003344830676042e+02
2.246406967352252195e+03 1.278789056443374328e+01 7.077246650821682472e+00 5.173260549082801418e+00 7.653836458901968172e+02 3.086823360123051430e+02
2.267463306976423155e+03 1.365499405046108805e+01 7.039298426638997519e+00 5.360845400773439628e+00 8.006713703143724388e+02 3.088447885840081426e+02
2.542838318939143846e+03 1.265900562110833327e+01 6.999299409938586791e+00 5.145711407620513711e+00 8.323349501226181246e+02 3.089710198065222357e+02
2.565322334186568696e+03 1.312818463875009201e+01 7.055481834338984903e+00 5.833510650259637664e+00 7.860059668498801102e+02 3.120900590532378942e+02
3.037181392421099645e+03 1.308393822711761523e+01 7.326309533767051185e+00 5.890437369478637386e+00 8.186903593334189964e+02 2.969787664813231345e+02
3.019954273983104031e+03 7.702548262037006488e+00 0.000000000000000000e+00 9.929697168417995101e+00 8.220988579716959066e+02 3.093386852346736191e+02
2.996587960300239956e+03 8.120608483516845055e+00 0.000000000000000000e+00 1.036738602918582508e+01 5.807916980389987293e+04 0.000000000000000000e+00
3.208032627189392315e+03 8.662978820834235094e+00 0.000000000000000000e+00 1.046787914205492775e+01 5.666462999602185300e+04 0.000000000000000000e+00
3.291234507919520638e+03 8.814618365235689978e+00 0.000000000000000000e+00 1.052412456463675738e+01 5.715959484689652163e+04 0.000000000000000000e+00
3.151107091257508728e+03 8.860734230778538389e+00 0.000000000000000000e+00 1.065451406154752689e+01 5.752752046555132983e+04 0.000000000000000000e+00
3.334924672373183512e+03 9.041265242914034772e+00 0.000000000000000000e+00 1.069234039487359844e+01 5.825554087829211494e+04 0.000000000000000000e+00
3.438528594567484561e+03 9.219579860062106391e+00 0.000000000000000000e+00 1.082366962002591038e+01 5.598016040340628388e+04 0.000000000000000000e+00
3.466813381697858858e+03 8.893601351187614412e+00 0.000000000000000000e+00 1.115812024102264921e+01 5.516610903028787288e+04 0.000000000000000000e+00
3.801053151510850057e+03 9.566034676790692970e+00 0.000000000000000000e+00 1.043129226258857756e+01 5.824446858041462838e+04 0.000000000000000000e+00
3.683684510849758226e+03 9.610842493501133177e+00 0.000000000000000000e+00 1.119060501169886379e+01 5.807814434464051737e+04 0.000000000000000000e+00
3.751695102273820339e+03 9.334856381914352852e+00 0.000000000000000000e+00 1.140206091687459278e+01 5.685782592516777368e+04 0.000000000000000000e+00
4.134672087394635128e+03 9.857329883656779757e+00 0.000000000000000000e+00 1.140838407602399585e+01 5.575429535095221217e+04 0.000000000000000000e+00
4.097562431986859337e+03 1.004427182625074444e+01 0.000000000000000000e+00 1.104502405420531730e+01 5.546605798658382992e+04 0.000000000000000000e+00
3.969678693373284659e+03 9.348148645340504714e+00 0.000000000000000000e+00 1.109137738747582524e+01 5.845397768725747301e+04 0.000000000000000000e+00
4.387768176201057940e+03 9.620707143540558448e+00 0.000000000000000000e+00 1.207011354654724578e+01 5.519338957221349119e+04 0.000000000000000000e+00
4.284007838842595447e+03 1.008345855315864270e+01 0.000000000000000000e+00 1.144580328968901561e+01 5.859656703225447563e+04 0.000000000000000000e+00
4.449294471903413069e+03 9.665131274312681597e+00 0.000000000000000000e+00 1.138585912421192781e+01 5.528204944401226385e+04 0.000000000000000000e+00
4.496988466717133633e+03 1.004869683772152911e+01 0.000000000000000000e+00 1.186286589096022936e+01 5.795991594028151303e+04 0.000000000000000000e+00
4.448904184774062742e+03 9.974104728486844706e+00 0.000000000000000000e+00 1.232398199328171806e+01 5.543295542220591597e+04 0.000000000000000000e+00
4.951568737898296604e+03 9.645588027989285607e+00 0.000000000000000000e+00 1.180892765088187346e+01 5.653812170896446332e+04 0.000000000000000000e+00
4.689361945859423031e+03 9.937610905863422772e+00 0.000000000000000000e+00 1.162116980942726663e+01 5.513175154357464635e+04 0.000000000000000000e+00
4.961092429382283626e+03 1.069491578951959099e+01 0.000000000000000000e+00 1.186714568972102590e+01 5.850115725105292222e+04 0.000000000000000000e+00
4.818913869407432685e+03 1.011225562780087550e+01 0.000000000000000000e+00 1.180509034934017976e+01 5.706552941533725971e+04 0.000000000000000000e+00
4.954068833247602015e+03 9.938279393571191278e+00 0.000000000000000000e+00 1.241294119036521693e+01 5.626199186085047404e+04 0.000000000000000000e+00
5.403828237060172796e+03 1.137313777490063771e+01 3.582719499928108675e+00 1.298763179828105940e+01 4.538990281257433708e+02 8.591640441468003075e+01
5.356816111349578932e+03 1.048431576026420764e+01 3.497628725103735903e+00 1.222028255331996682e+01 4.481638619157500329e+02 8.500303953961700643e+01
5.093650456218328145e+03 1.126344470702724010e+01 3.445939651129548587e+00 1.345585135612830641e+01 4.473353631820206715e+02 8.754038848605009093e+01
5.518276144089968511e+03 1.159420507600129469e+01 3.590127276092231146e+00 1.242551378602021295e+01 4.552886985921708742e+02 8.377718683741194639e+01
5.626158036656657714e+03 1.143598274026993877e+01 3.487486000950925646e+00 1.314493482780244982e+01 4.502132890025761185e+02 8.721973668774002419e+01
5.334857123599588704e+03 1.134434313679542861e+01 3.500019569962034005e+00 1.300643755471354268e+01 4.475021880388510453e+02 8.637958210545379245e+01
5.780737738067461578e+03 1.162315530779740769e+01 3.725512786663022435e+00 1.287575414169459975e+01 4.350556829012975300e+02 8.922023594960401738e+01
5.829125688816785441e+03 1.094985774601092210e+01 3.667227298988092521e+00 1.302517859921716337e+01 4.473226907201815834e+02 8.770086528200609166e+01
5.725475723481977184e+03 1.076331243845503494e+01 3.543398879830044645e+00 1.284726399452473444e+01 4.326791178918801393e+02 8.683132852560733284e+01
6.169539196966822601e+03 1.172120655222773600e+01 3.721552099432800631e+00 1.354032968050561436e+01 4.317694587651789675e+02 8.488107505292062172e+01
5.943088013235328617e+03 1.091404424070515411e+01 3.799096191836200287e+00 1.326770967395796319e+01 4.510351679014710271e+02 8.266609888882891255e+01
6.178319140499103924e+03 1.072604494638360961e+01 3.755934384595430942e+00 1.266099987062982457e+01 4.138656240965812003e+02 8.919356581491193481e+01
6.225735452175291357e+03 1.128871838047890286e+01 3.510354826989388943e+00 1.315320866002482170e+01 4.471048529016248381e+02 8.468257452055978263e+01
6.655171934295687606e+03 1.175920437008144148e+01 3.711687400239469525e+00 1.371446464938310861e+01 4.301722552273250813e+02 8.399791347024826393e+01
