3.014722937565548211e-01 6.060473693654754079e+00 3.294891499507216714e+00 2.931166512801769208e+00 1.398964350217161382e+03 5.746717551032454594e+02
3.417998333086539731e+01 5.524147562029418701e+00 3.243332360121169433e+00 2.866722762220632603e+00 1.352834589765004011e+03 6.073418233153444135e+02
3.180076005586948185e+01 7.906547086412752279e+00 4.248589623194384934e+00 3.205512402538378769e+00 1.370977461451649788e+03 5.790388393365853972e+02
5.208500145702139861e+01 7.632443404657275998e+00 4.575237682334183376e+00 3.218304722824655073e+00 1.336461896828423733e+03 5.903879807133628219e+02
1.045234018564187295e+02 8.269711889994493248e+00 4.646822675746487441e+00 3.353137146445558603e+00 1.918706802955998967e+02 7.863440303749054294e+01
1.448212320776026161e+02 8.187973172063705007e+00 4.618214700832877107e+00 3.322782923229063989e+00 2.059269905918011716e+02 8.258716614619461893e+01
2.069305138525387520e+02 7.859813738883060452e+00 4.802201900012402547e+00 3.619721173822763038e+00 3.760079110967072893e+02 8.321877385109645786e+01
2.398599150157464521e+02 8.026197679728310774e+00 4.558816500232087954e+00 3.510519976022879796e+00 3.613227344638422665e+02 1.400937637536531213e+02
2.883494438258691730e+02 8.474979591404357748e+00 4.748811104821784923e+00 3.679863635362431218e+00 3.735645624457852705e+02 1.369444368383547612e+02
3.441166979960117374e+02 8.314103836958954830e+00 4.987155495528123872e+00 3.479931555295689094e+00 3.612924731614543248e+02 1.373408676674489470e+02
3.993314240889478697e+02 8.782078004901114454e+00 4.777317268921515314e+00 3.505523614927263942e+00 3.466817415260500184e+02 1.461719775451415160e+02
4.819924378353342149e+02 1.000343381893233996e+01 5.539526953986975144e+00 3.774791862338509940e+00 3.561595347856970761e+02 1.416662047341874029e+02
6.110820788572432321e+02 1.045641953512172329e+01 5.394435444066391305e+00 3.968314441602145415e+00 3.690242115157401486e+02 1.386773329881964685e+02
6.919179868336307209e+02 1.054171650041933894e+01 5.915397767511199945e+00 4.469194017809154928e+00 7.245616132024457556e+02 3.202196354189387648e+02
8.296352690057358359e+02 1.152473758509301405e+01 5.916409021782120803e+00 4.432100814454073223e+00 7.268903615342363764e+02 3.076584169216109785e+02
8.876612364185391471e+02 1.118660403239861090e+01 6.100722039699628674e+00 4.607122341374619623e+00 7.752789400986871442e+02 3.133229513679293063e+02
1.029546839625591474e+03 1.144338513384806433e+01 6.406645746129096430e+00 4.829127034753320835e+00 7.324060099851468522e+02 3.035365348297048058e+02
1.135991356836710111e+03 1.197701561982617591e+01 6.242289800709711400e+00 4.884669459427540161e+00 7.530582574440909411e+02 3.264135511639721585e+02
1.146811771816396686e+03 1.207581131653856410e+01 6.186643926358128098e+00 4.788951919713647420e+00 7.675778808939460305e+02 3.222262804222041268e+02
1.246171300969490403e+03 1.223890801814891383e+01 6.503542394485866573e+00 4.807876054310168179e+00 7.079985852356890064e+02 3.183577302543320684e+02
1.464208046000107515e+03 1.248925333310319274e+01 6.913970213853848357e+00 4.907024248804606081e+00 7.198182622667866326e+02 3.080920773457519886e+02
1.640945227848108971e+03 1.208917064484039372e+01 6.536191799512448775e+00 5.074273254323726334e+00 7.466398377392640668e+02 3.246727110640540559e+02
1.792934186578913113e+03 1.200915355870307444e+01 6.785671033249224493e+00 5.261786008173880980e+00 8.053498257381473877e+02 3.071875596848767032e+02
1.988531219742573512e+03 1.314646330900301230e+01 7.264600418907778412e+00 5.417121327360191252e+00 8.050366368148654601e+02 3.033831354583135749e+02
2.125494500530751338e+03 1.304102830563509130e+01 7.026002137236615042e+00 5.068332506300833096e+00 8.115442900096080621e+02 3.066929246141432941e+02
2.210209788925066277e+03 1.286467375418980374e+01 7.028074617455345674e+00 5.154186673411089714e+00 8.004793918639762751e+02 3.225533303789038655e+02
2.644280619489153651e+03 1.380235305214070607e+01 7.362274059175818230e+00 5.486777605197092456e+00 7.708799183882640591e+02 3.109864813053982857e+02
2.676496034965861327e+03 1.315724249076324881e+01 7.144796598008928079e+00 5.623410764952227581e+00 7.806268105586530055e+02 3.145924834479180277e+02
2.924910241217777639e+03 1.337462230052839551e+01 7.047554189585238937e+00 5.706732979428341679e+00 8.079063906881613093e+02 3.060888095427850430e+02
3.011902571770447594e+03 7.805111712475398811e+00 0.000000000000000000e+00 9.326545049094152162e+00 8.167713131652536731e+02 3.232021075500042571e+02
2.945365188394935558e+03 7.868534484007313701e+00 0.000000000000000000e+00 1.046739178516829050e+01 6.049045979255113343e+04 0.000000000000000000e+00
3.109208295940928110e+03 8.290195362691436642e+00 0.000000000000000000e+00 1.012171483103952419e+01 5.581509187917126837e+04 0.000000000000000000e+00
3.229676770904613477e+03 8.250486060414006673e+00 0.000000000000000000e+00 9.950257596966105567e+00 5.689460280195645464e+04 0.000000000000000000e+00
3.119600494424086719e+03 8.956520138211644166e+00 0.000000000000000000e+00 1.015504637499542362e+01 6.012528483810333273e+04 0.000000000000000000e+00
3.369998049945168077e+03 8.894384675995576472e+00 0.000000000000000000e+00 1.014658917792914572e+01 5.745817597545739409e+04 0.000000000000000000e+00
3.382304042833286076e+03 9.233553164824032322e+00 0.000000000000000000e+00 1.053717054235178274e+01 6.061185990796676924e+04 0.000000000000000000e+00
3.597157394778370872e+03 9.102210709726197280e+00 0.000000000000000000e+00 1.111153977617483513e+01 6.062955874397405569e+04 0.000000000000000000e+00
3.847261132546379486e+03 8.719957977914578606e+00 0.000000000000000000e+00 1.090825978387577422e+01 5.977518632996750966e+04 0.000000000000000000e+00
3.890463895447399864e+03 9.026055927642408605e+00 0.000000000000000000e+00 1.080186902744839728e+01 5.671642856931813003e+04 0.000000000000000000e+00
3.879656922700090945e+03 9.081541713452544684e+00 0.000000000000000000e+00 1.119931554191517975e+01 6.053799725605050480e+04 0.000000000000000000e+00
3.954480393044451830e+03 9.083400118060685813e+00 0.000000000000000000e+00 1.087704225389254731e+01 5.986088758972712094e+04 0.000000000000000000e+00
4.019545888286306308e+03 9.913405626960114958e+00 0.000000000000000000e+00 1.185352500718722091e+01 5.944504427180581115e+04 0.000000000000000000e+00
4.080957738720805082e+03 1.014744554226948914e+01 0.000000000000000000e+00 1.117044373197190410e+01 5.900609737653187040e+04 0.000000000000000000e+00
4.176380421818008472e+03 9.890955458988029747e+00 0.000000000000000000e+00 1.210153317144022189e+01 6.053653542754895170e+04 0.000000000000000000e+00
4.220470037640934606e+03 1.005817609263320733e+01 0.000000000000000000e+00 1.131627698860588183e+01 6.015035152934500366e+04 0.000000000000000000e+00
4.355558792460752557e+03 1.013649078377227220e+01 0.000000000000000000e+00 1.120223676215465858e+01 5.604793350362716592e+04 0.000000000000000000e+00
4.356136951009720178e+03 1.020427377153113468e+01 0.000000000000000000e+00 1.154655929876399334e+01 6.011005436463939986e+04 0.000000000000000000e+00
4.623391162914573215e+03 1.044428144071982523e+01 0.000000000000000000e+00 1.221508926870467882e+01 5.690168855097675259e+04 0.000000000000000000e+00
4.954956881067857466e+03 1.027784632746883808e+01 0.000000000000000000e+00 1.219110879111175549e+01 5.632284266145853326e+04 0.000000000000000000e+00
4.771676704995172258e+03 9.762017638700815070e+00 0.000000000000000000e+00 1.204349130774534160e+01 5.689145519121475081e+04 0.000000000000000000e+00
4.931426708343492464e+03 1.050009863590336323e+01 0.000000000000000000e+00 1.247533770994758306e+01 5.508542280231534824e+04 0.000000000000000000e+00
4.939542966031485776e+03 1.014437577336389751e+01 0.000000000000000000e+00 1.155985250415601939e+01 5.519493874100717221e+04 0.000000000000000000e+00
5.245188593049305382e+03 1.007699748432483311e+01 0.000000000000000000e+00 1.209333349356754894e+01 5.569880680043673783e+04 0.000000000000000000e+00
4.960739063753107075e+03 1.094811355062788927e+01 3.490744591658289764e+00 1.253291615040800266e+01 4.449065259727549915e+02 8.767336970895799197e+01
5.403973002069942595e+03 1.070352628489290936e+01 3.437928593456117898e+00 1.250506498694137569e+01 4.484146172365108214e+02 8.435635843430145542e+01
5.136978705808737686e+03 1.080675469201199412e+01 3.519632157143702145e+00 1.343853924964341928e+01 4.259605072679113960e+02 8.141627918973951239e+01
5.405064659937326724e+03 1.113141416065439770e+01 3.476531596227254717e+00 1.253129691757350628e+01 4.349919664585996202e+02 8.789436369907204494e+01
5.247454986865172941e+03 1.092184086607104732e+01 3.403572022001149389e+00 1.283773063422274774e+01 4.278766101786177956e+02 8.303997244107259235e+01
5.663181228579556773e+03 1.076782690831208100e+01 3.531536734342042738e+00 1.291917649956853076e+01 4.575765995003470152e+02 8.297091393287519168e+01
5.578348920946857106e+03 1.115772690420178925e+01 3.483604201592908289e+00 1.301203246807681957e+01 4.326978370626110859e+02 8.266631467353089135e+01
5.692993074071272531e+03 1.131990897356501158e+01 3.581738424103943164e+00 1.355437596578719095e+01 4.265136841789606024e+02 8.322646053670908373e+01
5.716697066235896273e+03 1.110948959268346847e+01 3.677315200607600421e+00 1.274378475104518671e+01 4.498161231315211239e+02 8.440051337802077569e+01
5.676888731892111537e+03 1.146756792455146368e+01 3.577412799723442838e+00 1.361209084560519678e+01 4.361484357179917879e+02 8.805739255686785327e+01
6.004648965112361111e+03 1.103680290098289873e+01 3.748318760382257864e+00 1.314600778782252277e+01 4.373924474197517611e+02 8.208052280974165171e+01
5.875082472614093604e+03 1.126211528225248770e+01 3.655921706168230756e+00 1.268166440552202090e+01 4.461962045204889478e+02 8.342214031251386075e+01
6.056209674652322065e+03 1.178074537238885888e+01 3.731034500928982034e+00 1.318784890355604666e+01 4.098388894549470365e+02 8.693250886931207333e+01
6.686581871279322513e+03 1.169818858075663215e+01 3.747387749998935202e+00 1.359271537938441021e+01 4.120767561576214462e+02 8.421315683525671147e+01
