2.000000000000000111e-01 3.346004343084010291e+00
1.000000000000000056e-01 3.414004343084010351e+00
5.000000000000000278e-02 3.704004343084010387e+00
3.333333333333333287e-02 3.976004343084010628e+00
2.000000000000000042e-02 4.160004343084010792e+00
1.250000000000000069e-02 4.266004343084010664e+00
1.000000000000000021e-02 4.306004343084010699e+00
6.666666666666667095e-03 4.394004343084010777e+00
5.000000000000000104e-03 4.510004343084010436e+00
4.000000000000000083e-03 4.654004343084010564e+00
3.333333333333333547e-03 4.802004343084010252e+00
