-3.111658410738005198e-02 5.754022585029218817e+00 3.246954825618345808e+00 2.925132050367172720e+00 1.361840309016996343e+03 6.024809344838525931e+02
3.202071294831567627e+01 5.704999463304503138e+00 3.304881495460223029e+00 2.789634814136736640e+00 1.369361728457192385e+03 6.144322350483527089e+02
3.155133986971932458e+01 7.375205548848797754e+00 4.397288797210711309e+00 3.319990042419424192e+00 1.410691209695136877e+03 5.984441005295647074e+02
4.935231949904176929e+01 8.191839319494606642e+00 4.212860158772932628e+00 3.453422517488428767e+00 1.378661051024583912e+03 5.877370732603893657e+02
1.038619904528329414e+02 8.253467284115021840e+00 4.432680670717834559e+00 3.536100045565129690e+00 2.095715239536824868e+02 7.948746559493962138e+01
1.526154759043152467e+02 8.043600118569802504e+00 4.354213879894029304e+00 3.514835738666027165e+00 1.949072422340620960e+02 7.603861649052161908e+01
2.067228797444706743e+02 7.893176730703381772e+00 4.426621090009524195e+00 3.480501281860810092e+00 3.761119107938653769e+02 8.108767704483193484e+01
2.483502593995401355e+02 8.591353514805096125e+00 4.516201360433875323e+00 3.632545814958342056e+00 3.575968066484593919e+02 1.440603113801640802e+02
2.991278020947781897e+02 8.380946409187785662e+00 4.823031575331695464e+00 3.537566056451987073e+00 3.749471771573092269e+02 1.442176255343214279e+02
3.651240157190109130e+02 9.100763011168339744e+00 4.955510921947400504e+00 3.683064905051599336e+00 3.442334565557520136e+02 1.475740494410167969e+02
4.183267514735296118e+02 8.659834828608833135e+00 4.891092326895442710e+00 3.602362301732429550e+00 3.475088263978078089e+02 1.415303552776670983e+02
4.884034487584866611e+02 9.783029463427943995e+00 5.483263076040553408e+00 3.916020422438128090e+00 3.541694053014896895e+02 1.393289005830335157e+02
6.094121406740961220e+02 1.009943557570214701e+01 5.521783762387420857e+00 4.287439815075243743e+00 3.755052652064522363e+02 1.441979700570440173e+02
6.392884043743706570e+02 1.120686500395923524e+01 5.865777731616885760e+00 4.525520363811223135e+00 7.155822266223929091e+02 3.176412070631168376e+02
8.371607688703142003e+02 1.074158922238832226e+01 6.083430297746937221e+00 4.647831877261846323e+00 7.291655853044193236e+02 3.079597228574157270e+02
8.984051079782392435e+02 1.166108001497561020e+01 6.317274301375481294e+00 4.644720687051001384e+00 7.045794244603430343e+02 3.140413891361275773e+02
9.787628927502154284e+02 1.126037150219686112e+01 6.152168484928341563e+00 4.623512729434273716e+00 7.147511162244509251e+02 3.190390424090632564e+02
1.154209226061068193e+03 1.145217582077605201e+01 6.617493238952572909e+00 4.579434869019141985e+00 7.548807550284814170e+02 3.201671124968663094e+02
1.221444659973329863e+03 1.188965297679670741e+01 6.424026100328688038e+00 4.789020063937405425e+00 7.143410673780495017e+02 3.050975004501190142e+02
1.255822267179336677e+03 1.230256743058970947e+01 6.639201466784140138e+00 4.724919116467886759e+00 7.753885285152546203e+02 3.117775343173047418e+02
1.466876197034916231e+03 1.151598569240078618e+01 6.635436361509096770e+00 4.770268935253042741e+00 7.561721183646558302e+02 3.013326573768256935e+02
1.533320953515111796e+03 1.254648997204907168e+01 7.063687004225935873e+00 4.826665891571040312e+00 7.031582779760436779e+02 3.023573304615798065e+02
1.737557128795627250e+03 1.312725926237999552e+01 6.596599915055763041e+00 4.988683625907619046e+00 8.277688845416280401e+02 3.109434248279264352e+02
1.993183800667906780e+03 1.329324245202572108e+01 6.808998016768637029e+00 5.247754252305444567e+00 8.185269473822689861e+02 3.212337388448696629e+02
2.139510223732855138e+03 1.271773822437803680e+01 7.131487773800769148e+00 5.489154832350052970e+00 8.267454911607394479e+02 3.153696873566534009e+02
2.337134303692846061e+03 1.298100248153544811e+01 6.826372350072564821e+00 5.389664535556293323e+00 8.179182665240196002e+02 3.155695106476464389e+02
2.684628609908355429e+03 1.378310486312841832e+01 7.317329741003787191e+00 5.220418091797884408e+00 8.059806573142742536e+02 3.147139705856388332e+02
2.584982416495391135e+03 1.390411535114813368e+01 7.341628874699663854e+00 5.351171292929348233e+00 8.105448826509170885e+02 3.033348894592641045e+02
2.840756294005662312e+03 1.319492630641770248e+01 7.593595655761850693e+00 5.667494665818717969e+00 8.321072954696459192e+02 3.167098887583252917e+02
2.918442042030856101e+03 8.362565340257489765e+00 0.000000000000000000e+00 9.688343603626297096e+00 8.259775912356730032e+02 2.989724811475748538e+02
3.094090219570370664e+03 8.506411741077052113e+00 0.000000000000000000e+00 1.020277814754382639e+01 5.855861698004330538e+04 0.000000000000000000e+00
3.196452584811755059e+03 8.153145037535681539e+00 0.000000000000000000e+00 1.068115100594590317e+01 5.947494144176020927e+04 0.000000000000000000e+00
3.291042076226568952e+03 8.302034401323496127e+00 0.000000000000000000e+00 1.031843805725245922e+01 5.996997949268559751e+04 0.000000000000000000e+00
3.232951070834858911e+03 8.962105704196762446e+00 0.000000000000000000e+00 1.021591117596338805e+01 5.984868825403150549e+04 0.000000000000000000e+00
3.355836974880719481e+03 8.481782213446573238e+00 0.000000000000000000e+00 1.039088251966181353e+01 5.863763099811790744e+04 0.000000000000000000e+00
3.334034727840552023e+03 8.727181271643276617e+00 0.000000000000000000e+00 1.124539371055989534e+01 5.987536299125949154e+04 0.000000000000000000e+00
3.632346372260964927e+03 8.610625311995129039e+00 0.000000000000000000e+00 1.103323591149882432e+01 5.652879939345099410e+04 0.000000000000000000e+00
3.551332572244083622e+03 9.003120114397756169e+00 0.000000000000000000e+00 1.082116008035117360e+01 5.797568187423546624e+04 0.000000000000000000e+00
3.641518003247111665e+03 9.641898951534370710e+00 0.000000000000000000e+00 1.119943906178162152e+01 5.615142603714980214e+04 0.000000000000000000e+00
3.852521087801240355e+03 9.613654938935345839e+00 0.000000000000000000e+00 1.064915450056908952e+01 5.696327002159437689e+04 0.000000000000000000e+00
3.774672390576561156e+03 9.199391539129056383e+00 0.000000000000000000e+00 1.179275706674577506e+01 6.023028649237453646e+04 0.000000000000000000e+00
4.059250647289338758e+03 9.267528551620806354e+00 0.000000000000000000e+00 1.167840068687306321e+01 5.784744397119805944e+04 0.000000000000000000e+00
4.090862137493353202e+03 9.213330441068865895e+00 0.000000000000000000e+00 1.175548968849607157e+01 5.808198929537698132e+04 0.000000000000000000e+00
4.202225942649047283e+03 9.807614524195225059e+00 0.000000000000000000e+00 1.203697917589121325e+01 5.531486190221946163e+04 0.000000000000000000e+00
4.432409713434742116e+03 1.005851535052850565e+01 0.000000000000000000e+00 1.126082892412031811e+01 5.851341494683403289e+04 0.000000000000000000e+00
4.285340658866844933e+03 1.033623430232005447e+01 0.000000000000000000e+00 1.163737102895368913e+01 5.502662090848731896e+04 0.000000000000000000e+00
4.348858695014896512e+03 1.023083063124274084e+01 0.000000000000000000e+00 1.152097798635463732e+01 5.631291989746870968e+04 0.000000000000000000e+00
4.886531769752912624e+03 9.600175506922509427e+00 0.000000000000000000e+00 1.219230450289207468e+01 5.602756199781461328e+04 0.000000000000000000e+00
4.740972364149759414e+03 9.713204172821104265e+00 0.000000000000000000e+00 1.156606184943630389e+01 5.670260851183846535e+04 0.000000000000000000e+00
4.785917176806819043e+03 1.014825012756810629e+01 0.000000000000000000e+00 1.198082735445659175e+01 5.718231299908151414e+04 0.000000000000000000e+00
4.828950946008530082e+03 1.013355105936396150e+01 0.000000000000000000e+00 1.253809913646990104e+01 5.570700231191849161e+04 0.000000000000000000e+00
5.168501059764332240e+03 1.063696886373123007e+01 0.000000000000000000e+00 1.167587595550327606e+01 5.723004113902777317e+04 0.000000000000000000e+00
4.933663343628380971e+03 9.895515353824121618e+00 0.000000000000000000e+00 1.207597234092905225e+01 5.755253671631013276e+04 0.000000000000000000e+00
5.375493429367801582e+03 1.150319248744188450e+01 3.672932595985159310e+00 1.273360642809191390e+01 4.437527615245613219e+02 8.326498764903273297e+01
5.382122448226818051e+03 1.086459656930211359e+01 3.667494989213263779e+00 1.294527178781747523e+01 4.614548446403132971e+02 8.518511702079267423e+01
5.231483806086574077e+03 1.099176892123698046e+01 3.601453473556022189e+00 1.303982215942588851e+01 4.276781625202115720e+02 8.690013983130681652e+01
5.452592579454404586e+03 1.135566956848622056e+01 3.717803517246011769e+00 1.350475907838280420e+01 4.321990660488424396e+02 8.628903403400524041e+01
5.678905547124131772e+03 1.099771077113358508e+01 3.746257090795664713e+00 1.249063465210683610e+01 4.578835240834753222e+02 8.686812662493719017e+01
5.588834973999779322e+03 1.093477424148687405e+01 3.725821242103885211e+00 1.348678032097729762e+01 4.175143416686378828e+02 8.809930459667464220e+01
5.438182569901076931e+03 1.111690462197660523e+01 3.487449038398385159e+00 1.274832315490481349e+01 4.542669834701077889e+02 8.398057991505437769e+01
6.027336260403813867e+03 1.158932800535674801e+01 3.696637318791021976e+00 1.270310687273038042e+01 4.345580935167213852e+02 8.596241764924081963e+01
5.592177535700932822e+03 1.118542999700776086e+01 3.513004663755738388e+00 1.347751454552199846e+01 4.480747873232182883e+02 8.456111475577534975e+01
6.183653963883519282e+03 1.075801653206176667e+01 3.503023659078531526e+00 1.302302196370177967e+01 4.458354840849752350e+02 8.746697922883950582e+01
5.952224962273914571e+03 1.130019773990771803e+01 3.597299735386565889e+00 1.269543210672822120e+01 4.453853515428722289e+02 8.884811731167386029e+01
6.133279200104308984e+03 1.071882480842266894e+01 3.682968060207491678e+00 1.309888829406924771e+01 4.375919513652781916e+02 8.375397627249662946e+01
6.531322531269499450e+03 1.101917369921434364e+01 3.485262790313816694e+00 1.346980327970032576e+01 4.152000421465440354e+02 8.800633228089975546e+01
6.436353454256005534e+03 1.097490135553108814e+01 3.770134196280199745e+00 1.339603972965521272e+01 4.374880932411976460e+02 8.387702039660862852e+01
