-3.750973441090402760e-01 5.599346734788712254e+00 3.356208576970525215e+00 2.898518510507425372e+00 1.376953708059883866e+03 6.028159494122356818e+02
3.296212419518745662e+01 5.933673761266243574e+00 3.313323217137327692e+00 2.664713033221155492e+00 1.420219874324167222e+03 6.122437489380927218e+02
3.509992626472028121e+01 7.808011918629280679e+00 4.386680342247271547e+00 3.448054312855610704e+00 1.366791170462979608e+03 6.228767340113844284e+02
5.185929867833716145e+01 7.610477395837489389e+00 4.181108435722409311e+00 3.363645348374326716e+00 1.419837561689572112e+03 6.191654332293855987e+02
1.040098565493421177e+02 7.887075193054910116e+00 4.275184699790575138e+00 3.318980112383313141e+00 2.019519526466555988e+02 7.881296060449183472e+01
1.486908671192391864e+02 7.758575122177681749e+00 4.552246589298974300e+00 3.343665986789003508e+00 1.993390949695809127e+02 8.122982972549208114e+01
1.930572517564139048e+02 8.580144014493347626e+00 4.829345004301891287e+00 3.335167412237929341e+00 3.452900548278314545e+02 7.995577414545562078e+01
2.575178571470107158e+02 8.433639814689199099e+00 4.495574514743863936e+00 3.447343811921179224e+00 3.777718834806225914e+02 1.498052272777351277e+02
2.966144375179293888e+02 9.008157010517980012e+00 4.748850166183341770e+00 3.481412425280045131e+00 3.544817560521549353e+02 1.499909472857549702e+02
3.423321688527735205e+02 8.858675234656116615e+00 4.685819436331607690e+00 3.765424084023254458e+00 3.581376143060066966e+02 1.473628553547793842e+02
4.137823140017000014e+02 9.077489578778084933e+00 5.030715224440073463e+00 3.766255162823439306e+00 3.472958382900974925e+02 1.407586870910225230e+02
5.253775046870250662e+02 9.279610492004019662e+00 5.476048940459096848e+00 3.742994820049387439e+00 3.421112742035717815e+02 1.361154702161111629e+02
5.928208029352015274e+02 1.007007390987815221e+01 5.563532891779798817e+00 3.934274778576128284e+00 3.746562181274525187e+02 1.496802458831262754e+02
6.474117371667110774e+02 1.104986041630148641e+01 6.259872385647270221e+00 4.451884732321597760e+00 7.294832664872443502e+02 3.127167345803234753e+02
7.952570439970874077e+02 1.083989384336821793e+01 5.958988531680765810e+00 4.579649459020007640e+00 7.453483423742917466e+02 3.145251271522382694e+02
9.066073133897277785e+02 1.163343111952653253e+01 6.192275583041753961e+00 4.782313549037218614e+00 7.383072834888415628e+02 3.052298671004284074e+02
9.551465793062058083e+02 1.129681349540702939e+01 6.207274076488300985e+00 4.664968255928100938e+00 7.083428495313957001e+02 3.031257946125401759e+02
1.128799965115422538e+03 1.102359286546794870e+01 6.444419506885401105e+00 4.639670569353122609e+00 7.713389271957227038e+02 3.227661933527061819e+02
1.163734295744676956e+03 1.180618153199830900e+01 6.339017019322223057e+00 4.694526575539063273e+00 7.590074042270908876e+02 3.253522492684114695e+02
1.316688083952123179e+03 1.148254285384232887e+01 6.757028905663873708e+00 4.901895670184161169e+00 7.379679116565127970e+02 3.077176930380865087e+02
1.398108238896476678e+03 1.140709446547005435e+01 6.378919668043382174e+00 4.786444206697441750e+00 7.167936565666776687e+02 2.964301819900040300e+02
1.637983515402916737e+03 1.241211199581601754e+01 6.863531607366689435e+00 5.077011667620420887e+00 7.366091909993567697e+02 3.252193550395847979e+02
1.737528701214866487e+03 1.236323222327010640e+01 6.581245282165471444e+00 5.327496234542159037e+00 8.048637526199776175e+02 3.121519957099889666e+02
2.043762853371137226e+03 1.297986393275371597e+01 6.957335715562205536e+00 5.278858159810545736e+00 8.191257392893325004e+02 3.101629496302607549e+02
2.290556330006990265e+03 1.258953296917727904e+01 6.938602705223975597e+00 5.121710652796680918e+00 7.621272849352873209e+02 3.083861770545757963e+02
2.195780752786274661e+03 1.274284221240649195e+01 7.417694924809651091e+00 5.535779341870302517e+00 8.104529385054114528e+02 3.077150497117545456e+02
2.505733359696443586e+03 1.359453988384239054e+01 6.725367528339018186e+00 5.625877380860065280e+00 7.843432172001759000e+02 3.186851763177558041e+02
2.707977112318695617e+03 1.405601237110084512e+01 7.028189981576333345e+00 5.468296543691955058e+00 8.262114472071178852e+02 3.115956608304873612e+02
2.976858396447051746e+03 1.357690947203268372e+01 7.030613046170844704e+00 5.507974213017599041e+00 7.878612138627473769e+02 3.024988844408165960e+02
2.878957321397952910e+03 8.059849973857403427e+00 0.000000000000000000e+00 9.562938569147910073e+00 7.607903683893438256e+02 3.035719296970231085e+02
3.117534577854739837e+03 8.347027354945019795e+00 0.000000000000000000e+00 9.787525042186763002e+00 5.567598327963405609e+04 0.000000000000000000e+00
3.112880462274077217e+03 8.011491235694119695e+00 0.000000000000000000e+00 1.007199038964615490e+01 5.635752432350027084e+04 0.000000000000000000e+00
3.172048328598410080e+03 8.459454695984064188e+00 0.000000000000000000e+00 1.029612773215242960e+01 5.777669274791145290e+04 0.000000000000000000e+00
3.423934201979194768e+03 8.577208708209644428e+00 0.000000000000000000e+00 1.000786451352801087e+01 5.737797099307807366e+04 0.000000000000000000e+00
3.295647831255589153e+03 9.158877052867058666e+00 0.000000000000000000e+00 1.072471018501786233e+01 5.605715964443499979e+04 0.000000000000000000e+00
3.574373026501818913e+03 8.549739477326703252e+00 0.000000000000000000e+00 1.037669887707546224e+01 5.746943260344425653e+04 0.000000000000000000e+00
3.722104103535983540e+03 8.951751849297316710e+00 0.000000000000000000e+00 1.129638850077716405e+01 6.051706331779766333e+04 0.000000000000000000e+00
3.617405281378145901e+03 9.428201844794029896e+00 0.000000000000000000e+00 1.058312673817268745e+01 5.865525497269094194e+04 0.000000000000000000e+00
3.775451714622420695e+03 9.216126867750393359e+00 0.000000000000000000e+00 1.150311977020099619e+01 5.623691971118539368e+04 0.000000000000000000e+00
3.918716687317380547e+03 9.526777095044339561e+00 0.000000000000000000e+00 1.081743270229036114e+01 5.772682662675154279e+04 0.000000000000000000e+00
3.924372168129395504e+03 9.573402918179199972e+00 0.000000000000000000e+00 1.164391739708173112e+01 5.964485184261921677e+04 0.000000000000000000e+00
4.090801703688144244e+03 9.335561207278738394e+00 0.000000000000000000e+00 1.146525755604847951e+01 6.061840176222898299e+04 0.000000000000000000e+00
4.339631248782540752e+03 9.940667847376236210e+00 0.000000000000000000e+00 1.136048779332107195e+01 5.907283875132764661e+04 0.000000000000000000e+00
4.434871355758004938e+03 9.881707939463460377e+00 0.000000000000000000e+00 1.205556037184730123e+01 5.700622085581405554e+04 0.000000000000000000e+00
4.514745398408687834e+03 9.373304301439972619e+00 0.000000000000000000e+00 1.124452497455630429e+01 5.923169786483373173e+04 0.000000000000000000e+00
4.588718358913470183e+03 9.807128065336511824e+00 0.000000000000000000e+00 1.128262736566012947e+01 5.617458252383648505e+04 0.000000000000000000e+00
4.459989455843249743e+03 1.009389680794894062e+01 0.000000000000000000e+00 1.194221181378343388e+01 5.699880159749080485e+04 0.000000000000000000e+00
4.901112707485604915e+03 1.049390779447192124e+01 0.000000000000000000e+00 1.181983632358093494e+01 5.533401737416873220e+04 0.000000000000000000e+00
4.893935669564546515e+03 1.029289661532855504e+01 0.000000000000000000e+00 1.177153036254390983e+01 5.613974833367508836e+04 0.000000000000000000e+00
4.764895850557129052e+03 9.888257892609729538e+00 0.000000000000000000e+00 1.173225364284602534e+01 5.874636007531175710e+04 0.000000000000000000e+00
4.867016264337524262e+03 9.973514096162906739e+00 0.000000000000000000e+00 1.255584921877417415e+01 5.919740345564539894e+04 0.000000000000000000e+00
5.179432760662112742e+03 1.052672727279694698e+01 0.000000000000000000e+00 1.172124382892588201e+01 5.925836038583860500e+04 0.000000000000000000e+00
5.179151021529658465e+03 1.069325113076642175e+01 0.000000000000000000e+00 1.158747319501513573e+01 5.598091028468494915e+04 0.000000000000000000e+00
4.953969136356941817e+03 1.144160634044154179e+01 3.552052542655416367e+00 1.335739294079909278e+01 4.291195238173910980e+02 8.755201030062943346e+01
5.141789644865461923e+03 1.132747365411787577e+01 3.560251227708253197e+00 1.242268944314634105e+01 4.481212735189996579e+02 8.741855642672668125e+01
5.279335262593601328e+03 1.080478079510186440e+01 3.507130757261744947e+00 1.332969926481572465e+01 4.641608341230078167e+02 8.777156131923037208e+01
5.339109740607315871e+03 1.072044235285485669e+01 3.710000361194671914e+00 1.306156159380227422e+01 4.232349703516075579e+02 8.440182413944133089e+01
5.646001897001703583e+03 1.093155089094215882e+01 3.711036256406521350e+00 1.253120294546299007e+01 4.563011559178940502e+02 8.592395458502531369e+01
5.720782064965907011e+03 1.119091688480118663e+01 3.538897124038209441e+00 1.324925935100218410e+01 4.353591333900930067e+02 8.218554701653559391e+01
5.392890795743986018e+03 1.135868280188067914e+01 3.473697587225485162e+00 1.239248401151740175e+01 4.451291400357047792e+02 8.493985717012812131e+01
5.862146252421097415e+03 1.103206539054247770e+01 3.602779513309979365e+00 1.322244151152131408e+01 4.165411791988624941e+02 8.248685409567666227e+01
5.960981123199244394e+03 1.172243357573881717e+01 3.529961616837119731e+00 1.249470506771361578e+01 4.421843298895448697e+02 8.119794362868101700e+01
6.133559574927136964e+03 1.134825883037588490e+01 3.621697868577021584e+00 1.331390984606414563e+01 4.409832742801405630e+02 8.275541637226896796e+01
6.194912872901685660e+03 1.176339468909689678e+01 3.775789197024096655e+00 1.327933194523192206e+01 4.414846494331952726e+02 8.903900120520481209e+01
6.386832514856171656e+03 1.087430836318082150e+01 3.834567413718232398e+00 1.346774268675200226e+01 4.323190801194203914e+02 8.607007712580912084e+01
6.196431736187966635e+03 1.124419677754252689e+01 3.535973174087827076e+00 1.244217234033784436e+01 4.197381607797823335e+02 8.849901100244727559e+01
6.399271099485039485e+03 1.094327322377451317e+01 3.615968090690815817e+00 1.274191162012896861e+01 4.428079240749515293e+02 8.638800312984930940e+01
