3.604363267510857227e-02 5.853078387426189799e+00 3.245754241971340104e+00 2.903214834259197463e+00 1.358706300101274564e+03 6.168220887508688293e+02
3.364786198325322175e+01 5.672317628398033662e+00 3.232901706281058107e+00 2.687693184353453280e+00 1.417374468572953901e+03 6.021096528177765776e+02
3.275899547947913959e+01 7.466163979647554960e+00 4.382343083307333131e+00 3.193707773374833803e+00 1.396737941264749679e+03 5.758060179726398928e+02
4.735475075099170539e+01 7.552714680031061611e+00 4.420621209718198941e+00 3.466581690360078127e+00 1.341101964850425702e+03 6.165716771731873678e+02
9.702874391814074784e+01 8.284558928921455845e+00 4.289621628903117490e+00 3.526212804359117214e+00 1.951495151314637155e+02 7.896491354921788286e+01
1.435340229535051719e+02 8.091908612729479700e+00 4.373183281493580488e+00 3.263674031524548713e+00 2.085140191045358051e+02 8.312356891211423715e+01
2.091489978728432391e+02 8.555720932760626951e+00 4.775679366706163442e+00 3.396850019852468261e+00 3.749011220045642290e+02 7.784316172093869568e+01
2.537789155021818317e+02 8.184891423850787717e+00 4.630326110246488547e+00 3.454407691004063530e+00 3.658563230969643882e+02 1.467452504880897095e+02
2.947283674248241709e+02 8.550696506844200684e+00 4.658568471862704286e+00 3.588860190650394522e+00 3.755135105567784990e+02 1.421243243477214548e+02
3.489858846211269565e+02 8.740550117039115108e+00 5.063670570744982946e+00 3.656422126712300713e+00 3.644244939839584276e+02 1.496304553145345437e+02
4.094538941708624975e+02 9.268693936986295512e+00 4.951385836090350878e+00 3.527548054300130520e+00 3.473142619854700115e+02 1.368287162682804592e+02
4.814275704829465781e+02 9.195435845188793422e+00 5.106060333105768123e+00 3.752566640647699181e+00 3.541235671147040875e+02 1.488141973714265021e+02
6.079012337782522764e+02 9.941072324294689011e+00 5.402927259071812038e+00 4.013351200926428497e+00 3.453399511623626950e+02 1.480787734293726032e+02
6.833330909223576555e+02 1.110593095754574833e+01 5.775728788437053396e+00 4.148322138937873049e+00 7.456634333879854921e+02 3.234958742606552278e+02
8.341980682724590679e+02 1.054094461312343611e+01 5.958863588794543809e+00 4.354242385354806899e+00 7.510883090417299854e+02 2.974546040435169516e+02
9.250608293202730010e+02 1.137464053856652768e+01 6.519924702704100739e+00 4.570594382334088657e+00 7.208003314117999025e+02 3.241442359285525754e+02
9.950163013976164166e+02 1.155315451046541497e+01 6.299769636970856901e+00 4.439275185697233006e+00 7.535848696659261350e+02 3.114147574598258643e+02
1.049002250524663168e+03 1.169868472300958295e+01 6.708444923995867448e+00 4.589447032286015471e+00 7.348716398492757662e+02 3.084260694205601112e+02
1.185326325169278789e+03 1.135942996448236819e+01 6.819421062602074812e+00 4.959544271371979285e+00 7.547625546396177469e+02 3.263552502221348846e+02
1.359662308146942451e+03 1.200372271297755589e+01 6.377582585922866087e+00 4.988673979933562208e+00 7.380406299590467825e+02 3.005626483661692987e+02
1.330645887863112875e+03 1.140589631489383038e+01 6.923840116686347912e+00 4.973695129542573312e+00 7.759674268467075535e+02 3.253118762121925442e+02
1.607326330570162781e+03 1.277323983258941098e+01 6.520233294552548742e+00 5.016102639770053884e+00 7.630553760483774113e+02 3.073765879517668509e+02
1.770104724999636119e+03 1.239867246653218835e+01 6.859706818922963301e+00 4.983577111812979687e+00 7.774565478655877087e+02 3.063271391956831167e+02
2.027071597258415977e+03 1.314619098789978402e+01 6.791799412791416302e+00 5.416587887172250149e+00 8.158178246146904939e+02 3.227013990651502127e+02
2.249571288916561571e+03 1.344454058190222234e+01 7.321597085277721462e+00 5.236014599631380939e+00 7.868271735529292528e+02 3.157020965390393599e+02
2.247255168328783384e+03 1.261660912744898155e+01 7.196484272458957498e+00 5.323171170549970022e+00 8.149822164865668128e+02 3.189641529146023800e+02
2.666852727713273907e+03 1.322940677148191213e+01 6.997171881833228468e+00 5.526577332204751336e+00 8.347301960448014597e+02 3.057925948755110994e+02
2.655750175675002993e+03 1.326208517633413386e+01 7.513967272524435081e+00 5.342916069128521350e+00 7.751191024694271619e+02 3.167036766964706658e+02
2.764426148286530406e+03 1.319725122396939376e+01 7.247568959687987977e+00 5.414504415045854557e+00 7.805597332976988127e+02 3.182021057737750880e+02
2.756414986701032831e+03 7.800700596182737812e+00 0.000000000000000000e+00 9.431296639129188364e+00 8.298281527407431213e+02 3.174317507328585179e+02
2.833949409103129710e+03 7.971078217916470088e+00 0.000000000000000000e+00 1.052381433799250487e+01 5.952591888831874530e+04 0.000000000000000000e+00
3.208830038834490551e+03 8.416514908833514497e+00 0.000000000000000000e+00 1.000779862902050965e+01 5.562339818241324247e+04 0.000000000000000000e+00
3.083108986356890000e+03 8.819293281190041967e+00 0.000000000000000000e+00 1.037579447189016690e+01 5.778693735273290076e+04 0.000000000000000000e+00
3.136203121164245658e+03 8.740430535379676513e+00 0.000000000000000000e+00 1.087095218151792508e+01 6.009749602518841129e+04 0.000000000000000000e+00
3.225148113107721201e+03 8.514946250750021761e+00 0.000000000000000000e+00 1.041706415583690948e+01 5.503438550896933157e+04 0.000000000000000000e+00
3.441344123514918465e+03 8.587218793273496686e+00 0.000000000000000000e+00 1.104137092121274755e+01 5.743410340442998131e+04 0.000000000000000000e+00
3.643029796235024605e+03 8.709896621332053002e+00 0.000000000000000000e+00 1.041091510544584509e+01 5.675893032103082805e+04 0.000000000000000000e+00
3.796867820053278592e+03 9.459433700587526417e+00 0.000000000000000000e+00 1.086764798645916841e+01 5.902512502011878678e+04 0.000000000000000000e+00
3.830961251201251343e+03 9.378752418125650081e+00 0.000000000000000000e+00 1.079541808445593887e+01 5.493970229160298186e+04 0.000000000000000000e+00
3.878125916059580504e+03 9.207880268624899500e+00 0.000000000000000000e+00 1.133394316881390296e+01 5.893563422863434243e+04 0.000000000000000000e+00
3.953071556795605375e+03 9.807854842031375142e+00 0.000000000000000000e+00 1.081524574500377334e+01 5.993498882521346968e+04 0.000000000000000000e+00
3.965941244025746073e+03 9.501259997984869088e+00 0.000000000000000000e+00 1.121618958904283048e+01 5.651060865973425825e+04 0.000000000000000000e+00
4.280894471432367936e+03 9.431308078740372025e+00 0.000000000000000000e+00 1.179920717824237819e+01 5.612338668204005808e+04 0.000000000000000000e+00
4.223682336332007253e+03 9.412487140832912047e+00 0.000000000000000000e+00 1.194660925152278352e+01 5.972270760322821297e+04 0.000000000000000000e+00
4.497988424626963933e+03 9.961906937870372403e+00 0.000000000000000000e+00 1.141138931341968643e+01 5.620692096703538846e+04 0.000000000000000000e+00
4.508093701437453092e+03 9.716148878592417049e+00 0.000000000000000000e+00 1.135872525116618625e+01 5.882723508924773341e+04 0.000000000000000000e+00
4.738043006915033402e+03 9.629795342354645626e+00 0.000000000000000000e+00 1.127213793299077160e+01 5.868838194414297323e+04 0.000000000000000000e+00
4.481255241126194960e+03 9.604021625601529166e+00 0.000000000000000000e+00 1.142420977552476735e+01 5.893681407591899915e+04 0.000000000000000000e+00
4.868405302251607282e+03 1.036823683528002960e+01 0.000000000000000000e+00 1.243057446699269519e+01 5.903515531574801571e+04 0.000000000000000000e+00
4.760028719814269607e+03 1.004339886775995794e+01 0.000000000000000000e+00 1.161774093639857774e+01 5.650195852292460040e+04 0.000000000000000000e+00
5.167387765353291798e+03 1.058911328037329547e+01 0.000000000000000000e+00 1.262316163760874765e+01 5.644504545978190436e+04 0.000000000000000000e+00
5.147065591055355981e+03 1.023042562174733483e+01 0.000000000000000000e+00 1.178858036117310348e+01 5.751421025157294935e+04 0.000000000000000000e+00
5.176319143179088314e+03 9.961839450612771429e+00 0.000000000000000000e+00 1.161766618996883693e+01 5.612008325928064733e+04 0.000000000000000000e+00
5.366955954304622537e+03 1.070037585931381230e+01 3.451809242168797365e+00 1.277159399714281918e+01 4.279962487684301777e+02 8.129969152148326828e+01
4.957141401255690653e+03 1.059386105776798104e+01 3.606370201321839275e+00 1.268808958733892922e+01 4.309440495866450078e+02 8.240735432707492691e+01
5.270897802011777458e+03 1.112706999686852782e+01 3.484047694798497297e+00 1.253942944032566054e+01 4.305724402868485186e+02 8.691917200432898483e+01
5.181628846089149192e+03 1.062027322260409079e+01 3.705789305298681668e+00 1.312462961008731277e+01 4.323618637795092354e+02 8.758423798823500306e+01
5.357542752538000059e+03 1.069489981401782330e+01 3.695854071550347619e+00 1.229013595536982528e+01 4.258805118729627566e+02 8.260865906650148816e+01
5.371495810642946708e+03 1.165337792938799311e+01 3.758907811854399039e+00 1.279352016278344806e+01 4.152739757520084822e+02 8.248285872372366612e+01
5.575637495594749453e+03 1.161790092123941420e+01 3.445303625853907814e+00 1.327548232790492300e+01 4.432357839236912014e+02 8.214551474412014898e+01
5.763600068238317363e+03 1.159600586744697637e+01 3.548093369029211797e+00 1.318738316465023885e+01 4.489823200208430762e+02 8.344749181399555482e+01
5.746685322796278342e+03 1.087999577255253314e+01 3.768907576961785910e+00 1.363354598379243932e+01 4.368029608597051379e+02 8.605848654974938938e+01
6.254354160428401883e+03 1.069420937814393646e+01 3.535949185635675285e+00 1.369039871781275508e+01 4.476852046891909822e+02 8.901932079583581015e+01
5.868904846512702534e+03 1.074944110833362032e+01 3.567710789496814083e+00 1.274246933724317721e+01 4.253410059807105199e+02 8.447296016796549623e+01
5.975442795472575199e+03 1.138056288615689837e+01 3.666915070345122540e+00 1.329148841796736846e+01 4.463901767916298695e+02 8.093581252894148292e+01
6.018431988321423887e+03 1.082676837457298902e+01 3.823146163818948562e+00 1.332161352945104582e+01 4.392751713533813245e+02 8.174258154171793933e+01
6.162114538108160559e+03 1.124788075860880454e+01 3.712231830307637370e+00 1.362719005386393434e+01 4.255545459701129971e+02 8.359917096002772041e+01
