4.333631196313076916e-01 5.814966479826321866e+00 3.220180662263099070e+00 2.936577968301783415e+00 1.442316244098223251e+03 6.083549784177384936e+02
3.456460984835567274e+01 5.759529838408610658e+00 3.206757875125725743e+00 2.938055525804909696e+00 1.431386120681250077e+03 5.754068235106331031e+02
3.429630595942154514e+01 7.792300331052079088e+00 4.196019138971678331e+00 3.327070165211955644e+00 1.360170968471603146e+03 5.792007470494976360e+02
5.091025624636223768e+01 7.725545521080420919e+00 4.456128788822436348e+00 3.214241722566526516e+00 1.357093158342390325e+03 6.107251569182675439e+02
1.035916150154277204e+02 7.612261854011934226e+00 4.247295893901417152e+00 3.265950094889941369e+00 2.041109658794112534e+02 8.044418155237673318e+01
1.477145762085790466e+02 8.105266357366485153e+00 4.354989450083563973e+00 3.431252190726229223e+00 1.996601728305530514e+02 8.062113834982213234e+01
1.957105025600974386e+02 8.083360062069663954e+00 4.396203464470193722e+00 3.327129998018084400e+00 3.739060241574553629e+02 7.784606950030918426e+01
2.443299158249147638e+02 8.433798149932643540e+00 4.810035599331111023e+00 3.623017609217017210e+00 3.670214635802072962e+02 1.471117760108672314e+02
3.072892662383823676e+02 8.777736270158811749e+00 4.777454413481240003e+00 3.695496366910790531e+00 3.700658552985872234e+02 1.489545641950020922e+02
3.355898721302087893e+02 8.477594308850813221e+00 4.939999448235829149e+00 3.527260374593378600e+00 3.480613157433269862e+02 1.384708014346290952e+02
4.002898425526209962e+02 8.619723262397899433e+00 4.931331637687119240e+00 3.581250702795770735e+00 3.569693288873700112e+02 1.470385915510104553e+02
5.012696090500108994e+02 9.441791619639875677e+00 5.075447032622268928e+00 3.887437272940015731e+00 3.692599983064263256e+02 1.370292622682503918e+02
5.947814550269717984e+02 1.028352945954186559e+01 5.439175138595272685e+00 4.117371237174391574e+00 3.489374031012616229e+02 1.435565574674106415e+02
6.388864172569255970e+02 1.110267781300922252e+01 5.853746125250502530e+00 4.430847533193941423e+00 7.231000596028289920e+02 3.136268377894640480e+02
8.233077441406184107e+02 1.081937331026686167e+01 6.173549169379617396e+00 4.503294845791574907e+00 7.099135887845475281e+02 3.052540234664006107e+02
8.736518711468810352e+02 1.169746735049245601e+01 6.527941490237638256e+00 4.775868134317825309e+00 7.285425658782613709e+02 2.994216228802019373e+02
1.037999110638923185e+03 1.168926911135529068e+01 6.061754128935903374e+00 4.470950926178885787e+00 7.613181673575737705e+02 3.244377543620021243e+02
1.090113908050746886e+03 1.160692781430433840e+01 6.216536881012971527e+00 4.713316566838182453e+00 7.289123755614197080e+02 2.981689805972245040e+02
1.180161514737854532e+03 1.162314022908410749e+01 6.725329529729073386e+00 4.747992020708332817e+00 7.725173600709506445e+02 3.233973733338705756e+02
1.261195390045594877e+03 1.221134500975852433e+01 6.732644004620167877e+00 4.667618244992034704e+00 7.701033456653832445e+02 3.054916823624517974e+02
1.454663463292183224e+03 1.141603216975674684e+01 6.787234018601005836e+00 5.123572473324647270e+00 7.111591853913635077e+02 3.154587467068986371e+02
1.627753786250649682e+03 1.277359683997407558e+01 6.548702874314272115e+00 5.213366507313240916e+00 7.418712875778250009e+02 3.006664577034365493e+02
1.729995302645886113e+03 1.301215437478345116e+01 6.630959185694353941e+00 4.908777062803247659e+00 8.021499304330881159e+02 2.999534127033181790e+02
2.000984308124329345e+03 1.240875981074217016e+01 7.010571166479040883e+00 5.169273087498831742e+00 8.348450834877642137e+02 2.985151605392321699e+02
2.181100691067043044e+03 1.287585757944757958e+01 7.257705940284855828e+00 5.275922929769810921e+00 7.899132358569577264e+02 3.244120950835530266e+02
2.269730615255394241e+03 1.372152342705251193e+01 7.085500236147842301e+00 5.445591380723187491e+00 8.392332372951061643e+02 3.066571099131944038e+02
2.568195790597997529e+03 1.292507403574506419e+01 6.934636393046268665e+00 5.479412506034776698e+00 8.200931482394192926e+02 3.176910043138486230e+02
2.500041656481579139e+03 1.334250110084111718e+01 7.475731701184713529e+00 5.691085914751326413e+00 7.925448744932479030e+02 3.181947172723945982e+02
2.940519407729879276e+03 1.393504477241172523e+01 7.573323042137543482e+00 5.906943351941923659e+00 7.930793478965614440e+02 3.209954565294074200e+02
2.863859195407372226e+03 8.190451466048994433e+00 0.000000000000000000e+00 9.685501088401416325e+00 7.915361731081725338e+02 3.269131794999552767e+02
2.894090577109807327e+03 8.030545785639626288e+00 0.000000000000000000e+00 9.606566473090994762e+00 5.590343102918085788e+04 0.000000000000000000e+00
3.097014651020409929e+03 8.111051526135996781e+00 0.000000000000000000e+00 1.059717504264911092e+01 5.591633684145441657e+04 0.000000000000000000e+00
3.218111406400194483e+03 8.610910528298473920e+00 0.000000000000000000e+00 1.030796340613890472e+01 6.001055606226701639e+04 0.000000000000000000e+00
3.260668009374805024e+03 8.645685911011964819e+00 0.000000000000000000e+00 1.001883630521596835e+01 5.960242187874094088e+04 0.000000000000000000e+00
3.393657581597432454e+03 9.092371140112172512e+00 0.000000000000000000e+00 1.101013243503604677e+01 6.029433411668528424e+04 0.000000000000000000e+00
3.538415527667156766e+03 8.880858831016453792e+00 0.000000000000000000e+00 1.119135211045962919e+01 5.608188432734623348e+04 0.000000000000000000e+00
3.505947986064226370e+03 8.875423918279180313e+00 0.000000000000000000e+00 1.046577469970609542e+01 6.032517565914179431e+04 0.000000000000000000e+00
3.518730556672037892e+03 9.071617214832564002e+00 0.000000000000000000e+00 1.052510264569826504e+01 5.736883895493774617e+04 0.000000000000000000e+00
3.736904505638604860e+03 9.474723057668599679e+00 0.000000000000000000e+00 1.127233784194066502e+01 5.657228548661498644e+04 0.000000000000000000e+00
3.991949754393999683e+03 9.613829949513036155e+00 0.000000000000000000e+00 1.135636944228286715e+01 5.692983805808841134e+04 0.000000000000000000e+00
4.032726314820778498e+03 9.074192347287306504e+00 0.000000000000000000e+00 1.088000202815302764e+01 5.702947424420769676e+04 0.000000000000000000e+00
4.229190918911718654e+03 9.360263155586959982e+00 0.000000000000000000e+00 1.133034570421057730e+01 5.602873767225243500e+04 0.000000000000000000e+00
4.378402567082677706e+03 1.013644317794463845e+01 0.000000000000000000e+00 1.151199470057077079e+01 5.716355403403014498e+04 0.000000000000000000e+00
4.340487752672086572e+03 9.916573643838193064e+00 0.000000000000000000e+00 1.157738381766111502e+01 5.544891445345896500e+04 0.000000000000000000e+00
4.394104638850914853e+03 9.970703110128114943e+00 0.000000000000000000e+00 1.133270862404468282e+01 6.035721110098123609e+04 0.000000000000000000e+00
4.278163032533841942e+03 9.588019374047277665e+00 0.000000000000000000e+00 1.196769710411365217e+01 5.671322828412496892e+04 0.000000000000000000e+00
4.643903908843860336e+03 9.518385399624431642e+00 0.000000000000000000e+00 1.211339387731928063e+01 5.709899275341248722e+04 0.000000000000000000e+00
4.893921163818228706e+03 9.966829078657063690e+00 0.000000000000000000e+00 1.162728614674037075e+01 5.850551429214704694e+04 0.000000000000000000e+00
4.837664918774440594e+03 1.022868598244326499e+01 0.000000000000000000e+00 1.139154918332847011e+01 5.496132240567560075e+04 0.000000000000000000e+00
4.952492765372539907e+03 1.002813803390344916e+01 0.000000000000000000e+00 1.171468699920601964e+01 6.052094548167064931e+04 0.000000000000000000e+00
5.015219613498328727e+03 1.031437643280781025e+01 0.000000000000000000e+00 1.156496921037132530e+01 5.782715560802077380e+04 0.000000000000000000e+00
4.996566169774975606e+03 9.947985707216801643e+00 0.000000000000000000e+00 1.242863390675601032e+01 5.504990727167476871e+04 0.000000000000000000e+00
5.198390351865267803e+03 1.052899388727681718e+01 0.000000000000000000e+00 1.264835872427593344e+01 5.923389406056568259e+04 0.000000000000000000e+00
5.280403455358843530e+03 1.155213672538375569e+01 3.598480664469299484e+00 1.229122157162241002e+01 4.315487051660010138e+02 8.848834550095141083e+01
5.082287140770787119e+03 1.049446521794198794e+01 3.636937050274911876e+00 1.273113969069887119e+01 4.327248775924053916e+02 8.095643072660288908e+01
5.162142101382736655e+03 1.101434965132377641e+01 3.451458781082895833e+00 1.275796312256379750e+01 4.343594416570006160e+02 8.585847991675832702e+01
5.509536666085205070e+03 1.096325482562166087e+01 3.416837042921649914e+00 1.294515163765133003e+01 4.348363359697747228e+02 8.657131888403317532e+01
5.639829143122023197e+03 1.110106879345173780e+01 3.522498185682495730e+00 1.307565642261218919e+01 4.487109791290033058e+02 8.216214669781976454e+01
5.562750163546062140e+03 1.113132092734146639e+01 3.436403278568014308e+00 1.332261712702787548e+01 4.215453563636581293e+02 8.712065999048550680e+01
5.557567732656425505e+03 1.152437491352678478e+01 3.673742685375535277e+00 1.354645989019075181e+01 4.540007045425880960e+02 8.213629998219460049e+01
5.911541010371021912e+03 1.144383719617995787e+01 3.577122833595147711e+00 1.360687612320273843e+01 4.425410726486443878e+02 8.631696827809440720e+01
5.930337588130010772e+03 1.073798145654139979e+01 3.622136675132960892e+00 1.254000306684386956e+01 4.491911562393835879e+02 8.397547438593620939e+01
6.042439132265707485e+03 1.121475693694924480e+01 3.542402345084264770e+00 1.300686468536179063e+01 4.421021352538565452e+02 8.318248896067426301e+01
6.033434911055533121e+03 1.159020622498581865e+01 3.751885825507235150e+00 1.349426361433184951e+01 4.381409186482292171e+02 8.877176051240759591e+01
6.335914421484561899e+03 1.128676582490269453e+01 3.621981970566489295e+00 1.252983210240089029e+01 4.207812632471039365e+02 8.162847884750574678e+01
6.401618325606164944e+03 1.077188957516857037e+01 3.712608313358305878e+00 1.339669650840315995e+01 4.132954253175694816e+02 8.690757213050216023e+01
6.533068735252660190e+03 1.153779764112491080e+01 3.807134442797962759e+00 1.296806931212895897e+01 4.114997074483045481e+02 8.693507697138646506e+01
