-3.063185459061884552e-01 5.674863971735561563e+00 3.448402041125145256e+00 2.696415420371907512e+00 1.352759357878489254e+03 6.203667406651280771e+02
3.432979007183255504e+01 6.081960715161427444e+00 3.189660713494687716e+00 2.798452921250885961e+00 1.460211740975064913e+03 5.917896920928110376e+02
3.377700354623956258e+01 7.706837609581076443e+00 4.404447049951029314e+00 3.398480754920040869e+00 1.364434238056720233e+03 6.017999444968266971e+02
4.923512503076267421e+01 8.122607542356091059e+00 4.323812200573471820e+00 3.291320236415354650e+00 1.403344996850693406e+03 5.950125114756614266e+02
1.017981227803498285e+02 7.733851548668668308e+00 4.595832589731800866e+00 3.444925073631563972e+00 2.022539367358273807e+02 8.336770722051883808e+01
1.568403810318087892e+02 8.285156422568917378e+00 4.440596920015848603e+00 3.539567483116703439e+00 2.096838785187062513e+02 8.060805101038882015e+01
1.924750573604601982e+02 8.483347791854438213e+00 4.520638772146438278e+00 3.624095472934605322e+00 3.621146099096226862e+02 7.611112208845096916e+01
2.563590321854418335e+02 8.018148054503782873e+00 4.613269350889914300e+00 3.583774682771729836e+00 3.473761685349905406e+02 1.422795971648742466e+02
3.091532057407309253e+02 8.213657761834870286e+00 4.583956445069184760e+00 3.699606779054189776e+00 3.670747360861445259e+02 1.471488761314937506e+02
3.618958015351225299e+02 8.542384739680652928e+00 5.064846425911357031e+00 3.491557797378041172e+00 3.563509622755785813e+02 1.415562100472974691e+02
4.304090612062273067e+02 8.557668481944610051e+00 4.981336960570137862e+00 3.470078506229979265e+00 3.469945912735575462e+02 1.477989226679599426e+02
5.009241193264097092e+02 9.421869911689823240e+00 5.513556749761674425e+00 4.020645857028140036e+00 3.475735816330241050e+02 1.371995953277675824e+02
6.241549607089344818e+02 1.043539035649378555e+01 5.542505754604647450e+00 4.109167362968729087e+00 3.702458123796777159e+02 1.456099400187190156e+02
6.377552513776587375e+02 1.065322599726249386e+01 5.856599765961881587e+00 4.320479801455564761e+00 7.479417319862006934e+02 3.047019819734875341e+02
7.903311772360083296e+02 1.048621410225374539e+01 6.215294024024203168e+00 4.580072024637376948e+00 7.571178485168331918e+02 3.215987486300493288e+02
8.800929316334007808e+02 1.065242505196134459e+01 6.066204445269358203e+00 4.472337208049030011e+00 7.267347573125758800e+02 3.030852941842114205e+02
1.014061316796621213e+03 1.172183974700088349e+01 6.417159475708972494e+00 4.579584351438462875e+00 7.568265005797792355e+02 3.215964375524428078e+02
1.150243400756220581e+03 1.126439221823188319e+01 6.381833244324571552e+00 4.786039219520544563e+00 7.057250361035059996e+02 3.212394874888295817e+02
1.256341218705071014e+03 1.187513221226257087e+01 6.633511167095138106e+00 4.820947850662983925e+00 7.170239256385513045e+02 3.137910883012406771e+02
1.334739398392847534e+03 1.162633917519534066e+01 6.570611960402785279e+00 5.053197259398623409e+00 7.607742825836066913e+02 3.159911026237215310e+02
1.381190518076252374e+03 1.242364108093016029e+01 6.750250249701790217e+00 5.021911699283362118e+00 7.504968667517288168e+02 2.972118674629514885e+02
1.548834024284629777e+03 1.285678905264735228e+01 6.440405489306078479e+00 4.779347326216811354e+00 7.088048484187487475e+02 3.229981715934707154e+02
1.834974902875700309e+03 1.208068293604164722e+01 6.854095018673691087e+00 5.160239252537170529e+00 8.209442364478090894e+02 3.117971422686325127e+02
1.937882301360052224e+03 1.286662393584248321e+01 7.255332530004628744e+00 5.244004247010294328e+00 8.064262484370619859e+02 3.120949081109345684e+02
2.187434349426825065e+03 1.250649753920348317e+01 7.121780246663099057e+00 5.138478132093426076e+00 8.025298333298959506e+02 2.993429448672579838e+02
2.262291967195219968e+03 1.301991756664998867e+01 7.213588859974517931e+00 5.152002046136577640e+00 7.722244385521230470e+02 3.067455384124365878e+02
2.485034964017145739e+03 1.310594395901979148e+01 7.411542200902804467e+00 5.595887813213485273e+00 8.013089330702520101e+02 3.152239907608981184e+02
2.558535821237687742e+03 1.336702840696982619e+01 7.144420638781091348e+00 5.551078920155124052e+00 8.264939249896017373e+02 3.247747321457435419e+02
2.756577039009182499e+03 1.368431666819192749e+01 7.017632235884036618e+00 5.752542052527106264e+00 7.776838889663129066e+02 3.160844831982423102e+02
2.844605202317437488e+03 8.321784213538327535e+00 0.000000000000000000e+00 9.342291341387445769e+00 7.912793604115296375e+02 3.115737683938222062e+02
2.832607140820331097e+03 7.965016731951494400e+00 0.000000000000000000e+00 1.038445953154328549e+01 5.897453543386707315e+04 0.000000000000000000e+00
3.103368938687061473e+03 8.111001467253426966e+00 0.000000000000000000e+00 1.047992532266501087e+01 5.681817009422804404e+04 0.000000000000000000e+00
3.143297739329342221e+03 8.852629142432006049e+00 0.000000000000000000e+00 1.071537697002306544e+01 5.872226726072627935e+04 0.000000000000000000e+00
3.427265329979335093e+03 8.940759441289836573e+00 0.000000000000000000e+00 1.042121822265687570e+01 6.022910450664511882e+04 0.000000000000000000e+00
3.338392498208928373e+03 8.974076744724722943e+00 0.000000000000000000e+00 1.059768527925877102e+01 5.889819266302946198e+04 0.000000000000000000e+00
3.355242946586428388e+03 8.543902421154795590e+00 0.000000000000000000e+00 1.044258465767790689e+01 5.796850665014821425e+04 0.000000000000000000e+00
3.522839834065576724e+03 8.957519545416568363e+00 0.000000000000000000e+00 1.121840537811426231e+01 6.020905730230623885e+04 0.000000000000000000e+00
3.739167000093659681e+03 8.835796030289966296e+00 0.000000000000000000e+00 1.046133821365307526e+01 5.570905932220049726e+04 0.000000000000000000e+00
3.649462523552016592e+03 9.014868473142575667e+00 0.000000000000000000e+00 1.064622180690155240e+01 5.864685523549695063e+04 0.000000000000000000e+00
3.967680604822429359e+03 9.414701594172770527e+00 0.000000000000000000e+00 1.141640218653081185e+01 5.540638093026429124e+04 0.000000000000000000e+00
3.792816069332983261e+03 9.554890458433968448e+00 0.000000000000000000e+00 1.167691971711658283e+01 5.851820930670316739e+04 0.000000000000000000e+00
3.991569086192809664e+03 9.904274987028159671e+00 0.000000000000000000e+00 1.143623890344677818e+01 5.659288991726639506e+04 0.000000000000000000e+00
4.257499335656805670e+03 9.208352558155443290e+00 0.000000000000000000e+00 1.159472758957066851e+01 5.784563542098792095e+04 0.000000000000000000e+00
4.195309559097973761e+03 1.013621090555658455e+01 0.000000000000000000e+00 1.142830000542652868e+01 5.604336511128746497e+04 0.000000000000000000e+00
4.500176119698706316e+03 1.021141977534238166e+01 0.000000000000000000e+00 1.200769922892211028e+01 5.772914680952343770e+04 0.000000000000000000e+00
4.464196995034782049e+03 1.010205444504471650e+01 0.000000000000000000e+00 1.152954287236960162e+01 5.780231487527359423e+04 0.000000000000000000e+00
4.651416052048209167e+03 9.600020077542971819e+00 0.000000000000000000e+00 1.143162522430537820e+01 6.014091429768119997e+04 0.000000000000000000e+00
4.751588513418169896e+03 9.964878014667473138e+00 0.000000000000000000e+00 1.165205196701671575e+01 5.850585418212123477e+04 0.000000000000000000e+00
4.703317120861571311e+03 9.907266022215434731e+00 0.000000000000000000e+00 1.224921515976582143e+01 5.576314974947086012e+04 0.000000000000000000e+00
4.834777440941085842e+03 1.043027783666280861e+01 0.000000000000000000e+00 1.173124274052293181e+01 5.579850683663737436e+04 0.000000000000000000e+00
4.917037377557770014e+03 9.817275292795306640e+00 0.000000000000000000e+00 1.168568008068425534e+01 6.063076771303722489e+04 0.000000000000000000e+00
4.902626596027661435e+03 1.037634273226698056e+01 0.000000000000000000e+00 1.255748732635806597e+01 5.870353787249483867e+04 0.000000000000000000e+00
4.895589830815617461e+03 1.078014081977588923e+01 0.000000000000000000e+00 1.194453702506485371e+01 6.026327158561035321e+04 0.000000000000000000e+00
5.111684133109689355e+03 1.141393749435284732e+01 3.460432431617199267e+00 1.333918103368192298e+01 4.468619306763055761e+02 8.102193603247009435e+01
5.409113256727010594e+03 1.099897619404095117e+01 3.499285226558349393e+00 1.223957159683712703e+01 4.555137822797420881e+02 8.257275249854384924e+01
5.119401980782176906e+03 1.068000035132513048e+01 3.642681271882462823e+00 1.313915809640310428e+01 4.212947786123435208e+02 8.549511198299232717e+01
5.313987713918651025e+03 1.157278151011518474e+01 3.570609738224354235e+00 1.294992055043315915e+01 4.212972878802889909e+02 8.723181983902303216e+01
5.562013067869805127e+03 1.061266237762731457e+01 3.614641865082893979e+00 1.249767380350824197e+01 4.325681538985233487e+02 8.121700314288025879e+01
5.323556740869174064e+03 1.168122790726805071e+01 3.477299106843632082e+00 1.294256570418175656e+01 4.535126974003049440e+02 8.887124118749171942e+01
5.584993339682676378e+03 1.066617816970138399e+01 3.704998299721236066e+00 1.285519487468007327e+01 4.295545202281519437e+02 8.309290554132908824e+01
5.792337860091503899e+03 1.154466970220978794e+01 3.762406947118005274e+00 1.263070024901988653e+01 4.215166140193116462e+02 8.874155634957912753e+01
5.881060821337328889e+03 1.072216026084176832e+01 3.640157724831723396e+00 1.305843582241257828e+01 4.181438622096979998e+02 8.283615116665596645e+01
5.987739759331238929e+03 1.141842121082270900e+01 3.800692748053913217e+00 1.241201547735803068e+01 4.138860040417112032e+02 8.402035719916595724e+01
6.327417433073365828e+03 1.170857950264163705e+01 3.664742515792102306e+00 1.304207634654452264e+01 4.111900332424322073e+02 8.495403519677947202e+01
6.303809326108766982e+03 1.077742043801161209e+01 3.517328920635149458e+00 1.280441514167849348e+01 4.147366466937380665e+02 8.137078238919507100e+01
6.337225355365993892e+03 1.135563666216681611e+01 3.778009915605950564e+00 1.261818502152149790e+01 4.317943252023593459e+02 8.757407046460848221e+01
6.386941100855585319e+03 1.134442998530710867e+01 3.746815199156315668e+00 1.261745706150362345e+01 4.129598999879379448e+02 8.373058564405386051e+01
