-3.170927053161699538e-01 5.775672641899554982e+00 3.373293390496236999e+00 2.822185449203311602e+00 1.412252604154636401e+03 5.763439335524091121e+02
3.485606056700623867e+01 5.678769660634102046e+00 3.241051998319905092e+00 2.766029914428507208e+00 1.424979312245249275e+03 5.791494069695810367e+02
3.408151428453592757e+01 7.806197464595202362e+00 4.415029270314066778e+00 3.170158507132201819e+00 1.422609309637525257e+03 6.035504281812128511e+02
5.081576250278155271e+01 7.464067055314223431e+00 4.273048353599905980e+00 3.307149872966514526e+00 1.447462566258168408e+03 5.785452862210402145e+02
9.623975561890875952e+01 7.586258363211403122e+00 4.670929540028056159e+00 3.507544877341890022e+00 2.038711813840860714e+02 8.054460595335568485e+01
1.470333728159800444e+02 7.955573699874053162e+00 4.549169791924665418e+00 3.578208082509904298e+00 1.997366167501004384e+02 7.797346079035905575e+01
2.076143186319943652e+02 8.459105311515688896e+00 4.508933826851098559e+00 3.301169951184625084e+00 3.465889036747067848e+02 7.625220249449242260e+01
2.504624876816053529e+02 8.273552994209751432e+00 4.591459850222569195e+00 3.539854449004160575e+00 3.601037415210323616e+02 1.474129359778144419e+02
3.004897390099127392e+02 8.473676761418433401e+00 4.623051963744269521e+00 3.545148012849387076e+00 3.425788847967942274e+02 1.467689032653456422e+02
3.647349961515993755e+02 8.765276734805329539e+00 4.608916669702389335e+00 3.738184347822056885e+00 3.422207850202167947e+02 1.397605097312556381e+02
4.121801134989220259e+02 8.888205727592984218e+00 5.019440747197265296e+00 3.576334652315948048e+00 3.464011549436135624e+02 1.451206131328593472e+02
5.001203425592062217e+02 9.228100857476142949e+00 5.263934212185413131e+00 3.762169477616671642e+00 3.712066089643552687e+02 1.443993878606942189e+02
5.697507321356953298e+02 1.000575472916369613e+01 5.477728909122518530e+00 4.086618017646432399e+00 3.740888819983710505e+02 1.438794927876055851e+02
6.661045572754255772e+02 1.095099224132224158e+01 5.982498641886669688e+00 4.391918666587563358e+00 7.361502337756627412e+02 3.129941193231910006e+02
7.732741200345013795e+02 1.050769981643027862e+01 6.406002330240194276e+00 4.665099453686470277e+00 7.427979866812969476e+02 3.173739286208717090e+02
8.889608440371151801e+02 1.108774691630256726e+01 6.477344867879793355e+00 4.651510920290442108e+00 7.262321902665030393e+02 3.147429061283184524e+02
9.843414350008325755e+02 1.138934925903262396e+01 6.495056246319579785e+00 4.732684070289490563e+00 7.464436806418943888e+02 2.969767218790403831e+02
1.091597453571338519e+03 1.210736885700449328e+01 6.193950853078360907e+00 4.896195072796617254e+00 7.628543348128547450e+02 3.056542998950140486e+02
1.155646743563659584e+03 1.125188574325884616e+01 6.337158469502657709e+00 4.813842553708853167e+00 7.484205329128269568e+02 3.234235655404789327e+02
1.364554682258023831e+03 1.162382426242665368e+01 6.816584437201978375e+00 5.024487301176574938e+00 7.721966115242282740e+02 3.173989793864943749e+02
1.368354063858310155e+03 1.212698347136528021e+01 6.341397699195007398e+00 4.967635779689811848e+00 7.101702533704146845e+02 3.069265472914876227e+02
1.565604247499759140e+03 1.188163316273042724e+01 6.756492601929307895e+00 5.227622334451471175e+00 7.162586831401815743e+02 3.273969683250780918e+02
1.836475162684679617e+03 1.253433864585400670e+01 7.088662597876558280e+00 5.090548127741774564e+00 7.862797914226238163e+02 3.051171638325037065e+02
1.906447583144819873e+03 1.341568114755534857e+01 7.186311956188786709e+00 5.073038901582731519e+00 8.134374908685929313e+02 3.172868355307753632e+02
2.257357321283934198e+03 1.257968955907491804e+01 7.291360148444226752e+00 5.344623133195657516e+00 8.185788321449141449e+02 3.182629289400974812e+02
2.367322190489649529e+03 1.293677585921196105e+01 7.104370313052000618e+00 5.468553329039425925e+00 7.693757869581951354e+02 3.223105742247778380e+02
2.511190534758814465e+03 1.344743749913957842e+01 7.018401271563955213e+00 5.538624483664323250e+00 8.039274890151087902e+02 3.242115654907434532e+02
2.482493404484661824e+03 1.429399801536467329e+01 7.122583457481092672e+00 5.731264329412661951e+00 8.194541042974831271e+02 3.127465208867164392e+02
3.022637766058308898e+03 1.423490383522459446e+01 7.064623932802231998e+00 5.543586727662405345e+00 7.839588178485346361e+02 3.052775133704126915e+02
2.898988168768471951e+03 8.307757220806966103e+00 0.000000000000000000e+00 9.844604387684121605e+00 7.928626043506225187e+02 3.160619796711924891e+02
3.083980991548275597e+03 8.224857290383560837e+00 0.000000000000000000e+00 1.011205734693794156e+01 5.639109906407100789e+04 0.000000000000000000e+00
3.088835377742760556e+03 8.479679224302314466e+00 0.000000000000000000e+00 1.031320234438415540e+01 5.958825621197680448e+04 0.000000000000000000e+00
3.082924382113205411e+03 8.741581760107779431e+00 0.000000000000000000e+00 9.994289209234871407e+00 5.615507977299868071e+04 0.000000000000000000e+00
3.113441412296620001e+03 8.518435462909343059e+00 0.000000000000000000e+00 1.094615958142663459e+01 5.976011999671711237e+04 0.000000000000000000e+00
3.216548282208240380e+03 8.587227244003235782e+00 0.000000000000000000e+00 1.077633675514787193e+01 5.845039853647259588e+04 0.000000000000000000e+00
3.337693905642288883e+03 9.146261285188874268e+00 0.000000000000000000e+00 1.073197694467069496e+01 5.639819563174472569e+04 0.000000000000000000e+00
3.700028195317675454e+03 8.878691927108972592e+00 0.000000000000000000e+00 1.127244533557025008e+01 5.608573554068006342e+04 0.000000000000000000e+00
3.821074312669369647e+03 9.108890446040435407e+00 0.000000000000000000e+00 1.056233889288751371e+01 5.609440934488051425e+04 0.000000000000000000e+00
3.688266990432688090e+03 8.977986931964952788e+00 0.000000000000000000e+00 1.158193436301419688e+01 5.746094233607173373e+04 0.000000000000000000e+00
3.923723911520142337e+03 9.295629867442983141e+00 0.000000000000000000e+00 1.108270362612127080e+01 5.944871007475325314e+04 0.000000000000000000e+00
4.060865952652243777e+03 9.460989931311875267e+00 0.000000000000000000e+00 1.128212497830730499e+01 6.060071189463914197e+04 0.000000000000000000e+00
4.202622328180820659e+03 9.256026387111750964e+00 0.000000000000000000e+00 1.105172957323784999e+01 5.605288164644246717e+04 0.000000000000000000e+00
4.333819726699526655e+03 9.202489389734884284e+00 0.000000000000000000e+00 1.129637789019814242e+01 5.744325064633670991e+04 0.000000000000000000e+00
4.094211342145930757e+03 9.415007254191056774e+00 0.000000000000000000e+00 1.147898519726491884e+01 6.009359228981403430e+04 0.000000000000000000e+00
4.320582854990752821e+03 9.890649219230738254e+00 0.000000000000000000e+00 1.119560584551877014e+01 5.800103829727409902e+04 0.000000000000000000e+00
4.509661295074873124e+03 9.636566166677312140e+00 0.000000000000000000e+00 1.144812928035635125e+01 5.509322350596573961e+04 0.000000000000000000e+00
4.409426696876889764e+03 1.004760603877611658e+01 0.000000000000000000e+00 1.143302121668370219e+01 5.852184774897462921e+04 0.000000000000000000e+00
4.759446952600515033e+03 1.025362161310823872e+01 0.000000000000000000e+00 1.208348185757913917e+01 5.815553025101498497e+04 0.000000000000000000e+00
4.717226846169646706e+03 1.031565600605158117e+01 0.000000000000000000e+00 1.151644254513648669e+01 5.864858996446429956e+04 0.000000000000000000e+00
4.822290675346072931e+03 1.054026180618589059e+01 0.000000000000000000e+00 1.208964239747875169e+01 5.554349399563253246e+04 0.000000000000000000e+00
4.915255187060586650e+03 1.012123881982796547e+01 0.000000000000000000e+00 1.208489983240841958e+01 5.738182188474691793e+04 0.000000000000000000e+00
5.198398997068419703e+03 1.007642407644914506e+01 0.000000000000000000e+00 1.237420520998681361e+01 5.886900035304001358e+04 0.000000000000000000e+00
5.276636967004107646e+03 9.934604431415991144e+00 0.000000000000000000e+00 1.199383188161107583e+01 5.957991197208061931e+04 0.000000000000000000e+00
5.130091906190383270e+03 1.051106363219705209e+01 3.548646639186493701e+00 1.246365129535069904e+01 4.542685746869129275e+02 8.095260084590717042e+01
5.351376191953442685e+03 1.053109967733108832e+01 3.590804589475855124e+00 1.310193536372018919e+01 4.256877765681157371e+02 8.171560262017757736e+01
5.455327055158096300e+03 1.108723372945889807e+01 3.595032723619535187e+00 1.299409729029379612e+01 4.253696229627667549e+02 8.166545440509773357e+01
5.325092712292000215e+03 1.140634273575030377e+01 3.382689547776427386e+00 1.226910345647306499e+01 4.541945010382340797e+02 8.223412280450756384e+01
5.642002026024060797e+03 1.080539079960566795e+01 3.543619320292741293e+00 1.252736272239293136e+01 4.196975327768436728e+02 8.324703266192028650e+01
5.554355250737986353e+03 1.092697575087290396e+01 3.605343875230779371e+00 1.332047778601882904e+01 4.536318320270524964e+02 8.715665355889044008e+01
5.453782483839931047e+03 1.131468648209465933e+01 3.577831239810388642e+00 1.267027473212253419e+01 4.574149948318398060e+02 8.900473845311671539e+01
5.792049551915441043e+03 1.150130524674501409e+01 3.579028961131292430e+00 1.248057131686728383e+01 4.267552540474619036e+02 8.084253725910288324e+01
5.624378683229654598e+03 1.111631376655564907e+01 3.721012117238823969e+00 1.342543852147380434e+01 4.208882398154573252e+02 8.782036821917930070e+01
6.194934221884780527e+03 1.145983611948106251e+01 3.606130029133858272e+00 1.367696589806556773e+01 4.448140413646329989e+02 8.425947845046955820e+01
5.981154825621346390e+03 1.144566018097812155e+01 3.752953000400507833e+00 1.355204686000006298e+01 4.529803436265752907e+02 8.392873792617174900e+01
6.293912938786757877e+03 1.170842568964443053e+01 3.588859512045983635e+00 1.323862998321096818e+01 4.208098287128152037e+02 8.296688421520553902e+01
6.515907095088866299e+03 1.163782020700260311e+01 3.659380371049990366e+00 1.340692308132457811e+01 4.470449245420730335e+02 8.412325535163944323e+01
6.214438085991792832e+03 1.088327719175448749e+01 3.825643547631401020e+00 1.257146425293835357e+01 4.106995295308796017e+02 8.538660992780533832e+01
