1.545055652607958407e+00 5.474969462261258357e+00 3.475508824412222530e+00 2.696368528560928013e+00 1.379971033504191610e+03 6.557946496683592841e+02
3.999573548713481586e+01 5.384349341992881399e+00 3.242496910782246555e+00 2.860124390111671300e+00 1.439819143576288297e+03 6.423252085424950337e+02
3.699569819410832139e+01 7.382125228946973650e+00 4.428194776299393176e+00 3.622896641856887534e+00 1.315654954996302877e+03 5.743885585110971306e+02
4.126297423543778109e+01 7.289933519216986291e+00 4.634316018377948154e+00 3.458172376624665034e+00 1.512442117855084234e+03 6.576579055049633098e+02
1.209282814853073660e+02 8.168082754959812064e+00 4.769654769082383616e+00 3.710931436475800815e+00 2.157018917561020430e+02 8.490448791304217480e+01
1.294897730606841435e+02 8.715004396754565619e+00 4.472643856697867903e+00 3.148840899274697236e+00 2.173785701529365326e+02 7.804947348127311102e+01
2.309096259998779033e+02 7.469708935552821671e+00 4.283714566735325135e+00 3.618184380398325128e+00 3.476304588866851191e+02 8.315640150495403304e+01
2.926995705078715559e+02 8.830390118459504833e+00 4.908301384967095338e+00 3.624860232238667823e+00 3.521074940157266155e+02 1.509235929420462696e+02
3.223286061288396809e+02 9.014887686409243983e+00 4.733198367257334560e+00 3.736364918119382761e+00 3.495973854551559725e+02 1.563885074822456147e+02
3.265924689579964024e+02 9.213094496798099442e+00 5.093748703247793941e+00 3.643025097633314946e+00 3.561110657171852836e+02 1.358071741921127966e+02
4.180311356579695712e+02 9.304712656017253281e+00 4.543141939310581634e+00 3.538801048592518761e+00 3.863646058938918486e+02 1.446440266328100677e+02
4.235619556352925201e+02 8.931013232990148154e+00 5.618334523839214611e+00 3.684044600322900820e+00 3.419047944985140930e+02 1.518491479612943920e+02
6.820192485657995576e+02 1.035658016571454887e+01 5.268793350840550005e+00 3.736212647836184786e+00 3.756267969022654256e+02 1.499712573103862212e+02
6.961517221751294073e+02 9.767069240902511496e+00 6.343713892622504957e+00 4.489242012561568629e+00 7.435209273220179966e+02 3.228291982165155218e+02
7.901390256825987990e+02 1.109846865552381701e+01 5.826733230108367856e+00 4.348225834487645436e+00 7.177908918055608183e+02 2.839239138582614714e+02
9.150029943112682531e+02 1.148065808942088672e+01 6.275806024816883877e+00 4.867831121982678866e+00 7.872199251945995684e+02 2.902311507675779580e+02
1.038638426131164351e+03 1.114209859827949067e+01 6.688722118316328569e+00 4.442538413397612018e+00 7.304279720589647695e+02 3.144908878613085221e+02
1.137706858904506589e+03 1.047413180600048399e+01 5.891914760796561623e+00 4.259665195614442013e+00 7.976901956151046988e+02 3.074386790092385695e+02
9.683779641730631056e+02 1.083926084146574809e+01 6.339344655371438542e+00 4.398244304683614381e+00 7.577312389948516511e+02 3.065044032200560196e+02
1.361427996920964688e+03 1.219373124301116640e+01 7.033494310119004389e+00 4.515329122597515621e+00 7.548580020505136190e+02 2.924805703416622578e+02
1.127173529039672303e+03 1.083400098048276128e+01 6.279152316767470765e+00 5.167525398415582671e+00 7.716398573070897555e+02 3.052944337300174880e+02
1.634020867704684406e+03 1.252095290457256205e+01 6.965553995299789136e+00 5.269002066963774489e+00 8.014759545468483566e+02 3.362409362743267138e+02
1.616591515541044600e+03 1.352030576133934758e+01 7.227187814239379726e+00 5.141900589296814594e+00 7.913571952787297050e+02 3.261039277463099211e+02
1.601279617672530094e+03 1.260466071639043761e+01 6.361562761342532291e+00 4.821474804090327915e+00 8.014653817932698985e+02 2.908287164025992979e+02
2.132099616732125014e+03 1.209898361819295332e+01 7.551305785723731567e+00 5.540797851639923444e+00 7.445422573220970435e+02 2.815733700892089928e+02
2.045955413240901180e+03 1.443917639524669916e+01 7.323210449041334336e+00 5.071982395723872550e+00 8.234797693251613282e+02 2.927986605434103922e+02
2.396847771970919439e+03 1.322025645535984673e+01 7.133440860909632697e+00 5.719640909101109116e+00 8.240164043710068427e+02 2.999612007533866631e+02
2.469590926473353193e+03 1.458552723853408573e+01 7.908876238495071043e+00 5.680376528046589435e+00 8.325397183485602000e+02 2.990554347293463024e+02
2.602255051572016328e+03 1.337046583140349476e+01 7.382309823099541646e+00 5.486972998074472585e+00 8.799622335515383611e+02 3.159974720051598638e+02
2.512015330549957980e+03 7.515320019797909090e+00 0.000000000000000000e+00 9.961342902092415130e+00 8.696496441239222577e+02 3.252042893336874272e+02
3.021374976139818500e+03 8.333701445181032952e+00 0.000000000000000000e+00 9.621552030992770455e+00 5.317743763140884403e+04 0.000000000000000000e+00
3.054521635928635533e+03 7.601552694617066841e+00 0.000000000000000000e+00 1.115547732481422827e+01 5.619955258946132381e+04 0.000000000000000000e+00
2.635637176205975720e+03 8.912756859528252917e+00 0.000000000000000000e+00 1.083318513215423273e+01 5.807822578322987829e+04 0.000000000000000000e+00
2.780558256271135178e+03 9.135874107667515176e+00 0.000000000000000000e+00 9.490017662407840504e+00 5.614950626597443625e+04 0.000000000000000000e+00
2.888458349354705661e+03 9.214062972235087301e+00 0.000000000000000000e+00 1.138832968747315810e+01 5.313967983042616106e+04 0.000000000000000000e+00
3.848677396285148916e+03 8.459503700892817335e+00 0.000000000000000000e+00 1.055317287892324174e+01 5.938043676418770337e+04 0.000000000000000000e+00
4.240758935863348597e+03 9.797983960240861379e+00 0.000000000000000000e+00 1.137415036445161221e+01 5.370406952678260132e+04 0.000000000000000000e+00
4.310556351672699748e+03 9.434049926544597398e+00 0.000000000000000000e+00 1.111446230998872053e+01 5.985212298958951578e+04 0.000000000000000000e+00
3.503830566171082864e+03 1.016131036698655521e+01 0.000000000000000000e+00 1.203825702824159904e+01 5.561325707159814192e+04 0.000000000000000000e+00
3.807802352389991029e+03 1.007105896344682172e+01 0.000000000000000000e+00 1.079140556562029118e+01 5.477264924462008639e+04 0.000000000000000000e+00
4.259184228695853562e+03 9.912585994700402026e+00 0.000000000000000000e+00 1.146821465485917457e+01 5.870903450202548993e+04 0.000000000000000000e+00
4.664537253830557347e+03 1.046424947930988836e+01 0.000000000000000000e+00 1.164802262336749550e+01 6.337030909820419765e+04 0.000000000000000000e+00
4.085473997167418020e+03 8.786280940246825821e+00 0.000000000000000000e+00 1.097016198272101661e+01 5.213460637446351029e+04 0.000000000000000000e+00
3.770777611837744644e+03 1.032340660379175112e+01 0.000000000000000000e+00 1.046690703568193292e+01 5.697632021448025625e+04 0.000000000000000000e+00
3.966619279854021897e+03 1.005611314976247783e+01 0.000000000000000000e+00 1.181414296861452584e+01 5.419748208254745259e+04 0.000000000000000000e+00
3.995587628754909474e+03 9.591662062987779791e+00 0.000000000000000000e+00 1.289959207851928191e+01 6.251194210139922507e+04 0.000000000000000000e+00
5.017719306596235583e+03 1.027236962518743368e+01 0.000000000000000000e+00 1.086146988395202762e+01 5.782297241733297415e+04 0.000000000000000000e+00
5.522562562425026954e+03 9.614856079811703538e+00 0.000000000000000000e+00 1.079399117324877366e+01 6.155414446106448304e+04 0.000000000000000000e+00
5.479161583496542335e+03 1.095867641397442505e+01 0.000000000000000000e+00 1.259046628194869655e+01 6.303354856678154465e+04 0.000000000000000000e+00
5.552277015018449674e+03 9.334203089583644086e+00 0.000000000000000000e+00 1.125970205815689873e+01 5.478385922841006686e+04 0.000000000000000000e+00
4.457021755681471404e+03 1.113319296325457231e+01 0.000000000000000000e+00 1.301192524722656785e+01 5.243225837986664556e+04 0.000000000000000000e+00
4.499675413596418366e+03 1.069539727347819102e+01 0.000000000000000000e+00 1.094769959427789807e+01 5.703423658433476521e+04 0.000000000000000000e+00
4.486729453193055633e+03 1.053073555576617260e+01 0.000000000000000000e+00 1.215532271762485372e+01 5.251179089742542419e+04 0.000000000000000000e+00
4.528518290058925231e+03 1.107143210892196805e+01 3.616795009301137398e+00 1.204806826639669026e+01 4.187191473156411234e+02 9.342405272845394393e+01
4.235014324437182950e+03 1.017683148768231227e+01 3.243864971631905014e+00 1.306968256763304659e+01 4.530237910906825505e+02 8.948807544155336302e+01
5.372691493540080046e+03 1.069865125861451638e+01 3.514795120551780006e+00 1.247841267310226065e+01 4.639471819196048159e+02 9.228236026440937678e+01
5.747252384124757555e+03 1.079031035813232542e+01 3.725185086189588546e+00 1.265017536725004632e+01 4.528418716930827372e+02 9.133969763142377474e+01
5.845401508046070376e+03 1.151665201679689510e+01 3.737459016854144167e+00 1.352852053585716341e+01 4.362168072938600289e+02 7.961714675297139365e+01
6.641790163246952034e+03 1.029055632183925617e+01 3.919933028157418065e+00 1.421406990151719896e+01 3.993567031918524890e+02 8.451170323989808253e+01
6.563985646763395380e+03 1.171825903856935547e+01 3.885591108687116879e+00 1.301738422464120681e+01 4.605659106105404703e+02 9.318589357844726351e+01
6.231655689064458784e+03 1.161642295839178196e+01 3.851066503500379490e+00 1.364156866600150941e+01 3.994673863311862192e+02 8.329582304689589023e+01
5.066624695922932005e+03 1.060500126919722241e+01 3.353879430708935683e+00 1.395509635553611005e+01 4.470003560874594655e+02 7.712751358406582369e+01
7.062804807587292089e+03 1.027415291668194897e+01 3.499478825301400420e+00 1.177579883910906489e+01 4.510798798487595604e+02 8.721531483625406622e+01
5.403041285287123173e+03 1.223068394345474985e+01 3.962046019517238005e+00 1.230175016854321512e+01 4.147134499747106702e+02 8.740802292521597394e+01
6.216328859593295419e+03 1.236906871996636426e+01 3.719202587000281834e+00 1.180319658755405143e+01 4.495650090610016036e+02 7.705604979725377746e+01
5.736584623764738353e+03 1.167253202704418946e+01 3.459457146106537984e+00 1.376961865696694609e+01 4.571376569665894749e+02 7.949138997037097454e+01
6.956767018000871758e+03 1.152147209925258942e+01 3.835347844203877532e+00 1.355536676245568550e+01 4.711477223757898400e+02 8.510766369756375127e+01
