-3.722475869722454700e-01 5.603409608223579141e+00 3.282600147146818692e+00 2.830876985385145428e+00 1.333294827430860096e+03 5.969998602042568336e+02
3.249708929262882862e+01 5.678273297313098489e+00 3.453195237268781081e+00 2.850759393129858488e+00 1.345561152547080383e+03 6.140106438636090616e+02
3.221509208818651615e+01 7.918090320630406076e+00 4.152464015893404969e+00 3.313578571993572197e+00 1.425876920938509556e+03 6.297353861793212673e+02
4.858264514974650439e+01 7.944146088023633645e+00 4.563116040622321457e+00 3.363712181170456006e+00 1.342118979439657551e+03 6.154129362678349935e+02
9.925995759463371826e+01 7.969725075808119286e+00 4.569568050680144822e+00 3.361384912207054043e+00 1.910158586392952884e+02 8.252793709488111062e+01
1.520097498106416936e+02 7.952006642767673661e+00 4.388189138910991716e+00 3.445500644246608068e+00 2.097737605444186215e+02 7.768816073074661688e+01
2.063159522688870311e+02 8.237699143916882960e+00 4.415427872000639020e+00 3.359019411416085621e+00 3.656299600713896325e+02 7.957506172639656938e+01
2.370954007620543393e+02 8.023359611451805762e+00 4.854402038366740335e+00 3.395900649028695817e+00 3.423044189262991495e+02 1.467337550293472930e+02
3.099194784993351277e+02 8.547680214276864419e+00 4.802873321430774389e+00 3.478654963111105225e+00 3.677488800490203857e+02 1.459607032992444147e+02
3.567525219998033208e+02 8.638963083505805329e+00 4.614535630941275279e+00 3.464017655469780355e+00 3.595684640061234632e+02 1.379501336211017986e+02
4.025190814187822639e+02 8.726596894622923983e+00 4.795238890134008614e+00 3.752623411085478811e+00 3.440515380516525283e+02 1.369282288101086920e+02
4.812509821645096508e+02 9.186302776281999982e+00 5.071513881536965584e+00 3.925888883700268117e+00 3.530947075284429388e+02 1.446159069682350946e+02
6.039671720852885528e+02 1.044687935579044513e+01 5.742973399676329471e+00 4.280003075573930005e+00 3.770144460011307501e+02 1.432853385124027170e+02
6.491356606039164490e+02 1.109151767617524520e+01 6.052682041788163048e+00 4.333481772238305219e+00 7.617424611381221666e+02 3.235849391030890274e+02
7.873977735094958916e+02 1.099588559715668801e+01 6.307450723131251102e+00 4.602808012901284940e+00 7.335644744548649214e+02 3.263108460738259282e+02
9.443621400242129766e+02 1.144185481217223810e+01 6.120783110417327144e+00 4.479539028129557288e+00 7.686665915586005440e+02 3.187464405924091579e+02
1.028693565819433161e+03 1.180038371016072496e+01 6.130968404040202380e+00 4.571713399478916529e+00 7.268905907755255384e+02 3.087081834186371907e+02
1.146753028649162843e+03 1.111425277219424324e+01 6.389046423378422546e+00 4.483776362256540970e+00 7.129204159902018318e+02 3.143225172581737183e+02
1.145586867270719495e+03 1.217544546748414902e+01 6.232620072938233946e+00 4.808246492112958848e+00 7.639180097757129033e+02 3.007013436915918305e+02
1.321190452530668836e+03 1.153442337133467355e+01 6.752605299494835123e+00 4.687317542712602148e+00 7.639327258046238285e+02 3.078031539394971219e+02
1.352755126238577759e+03 1.221483400095011795e+01 6.834909242790293327e+00 4.961710059840166664e+00 7.364789823499080512e+02 3.065520238094235879e+02
1.571984447175655077e+03 1.260258600825066644e+01 6.528526896367562671e+00 4.975696404644832427e+00 7.084090875960378071e+02 3.141308469858540207e+02
1.828873192859454548e+03 1.211512222223786139e+01 6.503546098709456658e+00 5.238459055575774848e+00 8.145109738058629318e+02 3.051339061108817532e+02
2.044275032686595068e+03 1.300633308945707611e+01 6.661666906633618268e+00 5.140128573657547051e+00 7.673662077161093293e+02 2.987629449107913047e+02
2.212638442082578422e+03 1.344900964564191881e+01 6.991533433358592120e+00 5.439428940804338808e+00 8.119454055866928002e+02 3.084292989972300347e+02
2.353627204545117820e+03 1.372474713383155454e+01 7.190817738631708700e+00 5.271373199777825036e+00 7.993862294935978525e+02 3.086233081182503497e+02
2.617222303680133791e+03 1.380561120502783901e+01 7.270337018341772151e+00 5.139129338218891618e+00 8.196745350792693898e+02 3.253278750236983683e+02
2.586098507362311921e+03 1.418423677246223846e+01 7.264658757240933795e+00 5.444985680478596990e+00 8.085419613547021527e+02 3.198686087359616295e+02
2.896056866531433570e+03 1.319298338274582605e+01 7.695400943262788118e+00 5.812741271461410619e+00 7.817480958756231075e+02 3.101646566064302419e+02
2.964253044686997328e+03 8.054059509479692736e+00 0.000000000000000000e+00 9.717356874493010110e+00 8.086578080055677447e+02 3.116363250922333350e+02
3.062624615336880652e+03 8.595818640262356425e+00 0.000000000000000000e+00 9.889039687697733783e+00 5.849949150430724694e+04 0.000000000000000000e+00
3.092319111938330479e+03 8.217163260079701104e+00 0.000000000000000000e+00 9.930172701856220030e+00 5.893652117591979186e+04 0.000000000000000000e+00
3.322617731785683191e+03 8.916534333642536225e+00 0.000000000000000000e+00 1.018918270357373856e+01 5.963934257883331884e+04 0.000000000000000000e+00
3.410284414554868818e+03 8.981009166993406012e+00 0.000000000000000000e+00 1.041412075309745511e+01 5.917898677305912861e+04 0.000000000000000000e+00
3.454536432063157008e+03 9.152394118958783409e+00 0.000000000000000000e+00 1.053835386252989004e+01 5.864622912910821469e+04 0.000000000000000000e+00
3.513114088991256722e+03 9.282663627688343411e+00 0.000000000000000000e+00 1.115261603102587351e+01 5.783296167802329001e+04 0.000000000000000000e+00
3.462101347838317906e+03 9.305657106108039756e+00 0.000000000000000000e+00 1.085740700907387435e+01 5.972324284932940645e+04 0.000000000000000000e+00
3.736219111466744835e+03 8.798065272800203118e+00 0.000000000000000000e+00 1.080531467032032822e+01 5.891714008880083566e+04 0.000000000000000000e+00
3.807387284072323382e+03 9.433908961742906385e+00 0.000000000000000000e+00 1.087702300354837526e+01 5.762460150970311952e+04 0.000000000000000000e+00
3.834298739594892595e+03 9.065629273535110499e+00 0.000000000000000000e+00 1.071607108273623510e+01 5.824154892740421928e+04 0.000000000000000000e+00
4.110153428616450583e+03 9.763240409712590662e+00 0.000000000000000000e+00 1.129494477935427632e+01 5.735160199703562830e+04 0.000000000000000000e+00
3.902252513545754027e+03 9.276335758114479191e+00 0.000000000000000000e+00 1.157122603964473306e+01 5.898602136338847049e+04 0.000000000000000000e+00
3.972864318291902691e+03 9.790624358317087328e+00 0.000000000000000000e+00 1.148121728808698983e+01 5.850126259829699120e+04 0.000000000000000000e+00
4.282688187960297910e+03 9.391118296076536254e+00 0.000000000000000000e+00 1.152530597416956226e+01 5.666435199604877562e+04 0.000000000000000000e+00
4.460762514440033556e+03 9.575562435293237584e+00 0.000000000000000000e+00 1.138808560585844809e+01 5.657867525910238328e+04 0.000000000000000000e+00
4.667506477107124738e+03 1.013342059821079033e+01 0.000000000000000000e+00 1.143161490572137318e+01 5.834474896370390343e+04 0.000000000000000000e+00
4.788637277838382033e+03 9.687036517104543165e+00 0.000000000000000000e+00 1.178850528539744857e+01 5.784754036094201001e+04 0.000000000000000000e+00
4.794666650044854578e+03 1.013225564710466919e+01 0.000000000000000000e+00 1.172560651572614532e+01 5.493987365094637062e+04 0.000000000000000000e+00
4.774299559531758860e+03 9.867797338561091536e+00 0.000000000000000000e+00 1.228601371474434245e+01 6.057448489481617435e+04 0.000000000000000000e+00
5.004514472037141786e+03 9.953837797652546726e+00 0.000000000000000000e+00 1.235068437826356735e+01 5.700687080959865852e+04 0.000000000000000000e+00
5.018470709705946319e+03 1.015284498993944773e+01 0.000000000000000000e+00 1.208203353671835245e+01 5.501946738049906708e+04 0.000000000000000000e+00
5.272530660381134112e+03 1.013899754045591095e+01 0.000000000000000000e+00 1.220126393409523580e+01 5.595170809699739038e+04 0.000000000000000000e+00
5.076322599782213729e+03 1.032468007862272685e+01 0.000000000000000000e+00 1.159093921761551371e+01 5.732131267125070008e+04 0.000000000000000000e+00
5.382361328775657057e+03 1.060186572764935953e+01 3.448727747302350988e+00 1.275613232083724036e+01 4.236032916969414828e+02 8.741398013022927671e+01
5.105341123144119592e+03 1.123031506068992869e+01 3.440928314194850568e+00 1.263188768386312155e+01 4.355444347189101677e+02 8.176021933871547276e+01
5.095694975852195967e+03 1.060326331831480928e+01 3.428777670487093143e+00 1.319445786954319999e+01 4.518027332644560943e+02 8.472042861798512092e+01
5.621059289823763720e+03 1.116961601814775307e+01 3.475566146556426261e+00 1.227519639304130372e+01 4.443773425572321685e+02 8.769900299052675052e+01
5.523726722641381457e+03 1.132741002227601079e+01 3.517493600324699710e+00 1.280206484999491146e+01 4.445050859385125932e+02 8.525916539963215257e+01
5.518952540511279039e+03 1.142090701859005364e+01 3.583984778900105805e+00 1.305404879915108651e+01 4.459744958523831428e+02 8.145892299921712265e+01
5.687467904090287448e+03 1.092084101322816814e+01 3.471791240790012445e+00 1.294498464414420269e+01 4.192245818991357282e+02 8.920817029875293258e+01
5.770833647236524484e+03 1.169380376896100771e+01 3.771490475324558833e+00 1.256880746730564624e+01 4.497769372576179876e+02 8.746340352540710228e+01
6.124849672220937464e+03 1.133720462987339239e+01 3.784710421251008317e+00 1.335037250363668271e+01 4.499478392652653724e+02 8.350409187879299111e+01
6.115666322778198264e+03 1.097408782561944562e+01 3.682638391385473220e+00 1.265755095546349906e+01 4.219791731887514175e+02 8.188817449537377513e+01
6.101750565856385037e+03 1.170282007765294807e+01 3.697244826819931163e+00 1.341917515923691973e+01 4.179628601304228255e+02 8.158986475567243701e+01
5.882671170237284969e+03 1.079877822435397050e+01 3.695998058018198140e+00 1.301204227295630389e+01 4.232697364637950841e+02 8.700238623078976730e+01
6.273609458599712525e+03 1.076378375995473569e+01 3.508787932531633569e+00 1.373668295240832649e+01 4.216165083250147063e+02 8.256837702626270925e+01
6.527571757949581297e+03 1.144785970107213302e+01 3.624062783244611730e+00 1.245423689819281776e+01 4.161237194049232357e+02 8.377566592149618430e+01
