5.102674497673753695e-02 6.039686674343628603e+00 3.384482121949353939e+00 2.868234029665393425e+00 1.378537296758806178e+03 5.920347509621800555e+02
3.435228662620534124e+01 5.569825028605286832e+00 3.253645877979252088e+00 2.755090516354944175e+00 1.441864710042801107e+03 5.842050931849131530e+02
3.470097764768998871e+01 7.554026055547067742e+00 4.238989261594018565e+00 3.420947559530789217e+00 1.393821718529776945e+03 6.277167040548500836e+02
4.781286082379499192e+01 7.725206652214890113e+00 4.357167580610102675e+00 3.373709584274827034e+00 1.462455608654611069e+03 5.912377232933811229e+02
1.051205271280779243e+02 8.107872122509961699e+00 4.591052858334514042e+00 3.281838066009860722e+00 2.033045543374423119e+02 7.732555761314225151e+01
1.561443064668971488e+02 7.735626053244787137e+00 4.307486604889586346e+00 3.444884858986551723e+00 1.923554723103570154e+02 7.854882477782426520e+01
1.975990390626973010e+02 8.553109169853732041e+00 4.414618043004987058e+00 3.374586493650226338e+00 3.530069854096088307e+02 8.249599308985507662e+01
2.596831356986400010e+02 8.637164560449191342e+00 4.537506345702798427e+00 3.619297230966666223e+00 3.525659451545794809e+02 1.482181191735393782e+02
3.003670936650945578e+02 8.903383070056962723e+00 4.819817572333684907e+00 3.506518333882082228e+00 3.703186205819124552e+02 1.382910398773677514e+02
3.527215872497947089e+02 8.901324897898527766e+00 4.759560473751729859e+00 3.629408694104186317e+00 3.701787293069593261e+02 1.419415544570178156e+02
4.213299658842985309e+02 8.652823751483706971e+00 4.866234170452502283e+00 3.506017690051993263e+00 3.619054033274939570e+02 1.442799868144516608e+02
4.764618347784157208e+02 9.303278324763029516e+00 5.025159895785456854e+00 3.880920660295336777e+00 3.435700137448971532e+02 1.408055661950425872e+02
6.274859274501062600e+02 9.950111295059443250e+00 5.630053354881683347e+00 3.918800828805955483e+00 3.535323958340786135e+02 1.487643290812225700e+02
6.953798461879187016e+02 1.123075881677080545e+01 6.070523208620250522e+00 4.184114561888897299e+00 7.225161426511039053e+02 3.047140363527938121e+02
7.903450723359361518e+02 1.089285063735112402e+01 5.829133266833273375e+00 4.311964362065043410e+00 7.141214517472458283e+02 3.002355617084669461e+02
8.645519077480361148e+02 1.123040427437815936e+01 6.482140219365829736e+00 4.500053572781291145e+00 7.466252117157561088e+02 3.067695350461473822e+02
9.631143828202023087e+02 1.127418471808533873e+01 6.304897176688978533e+00 4.558016156913407002e+00 7.612237730336213417e+02 3.035709709026706378e+02
1.082427705173776985e+03 1.134503300678575854e+01 6.180408976102180318e+00 4.874377715484694562e+00 7.573646787535946032e+02 3.112154777393786844e+02
1.173944003546671183e+03 1.152345165840747576e+01 6.448958190285020819e+00 4.735346982188125331e+00 7.110977479010051638e+02 3.123805853504757692e+02
1.308053141826579349e+03 1.190927146749282883e+01 6.487625393172719690e+00 4.787373806467562609e+00 7.339332281715654744e+02 3.033510520014695544e+02
1.470340931810926804e+03 1.241262864982706127e+01 6.904287446247859172e+00 4.878628863250519920e+00 7.060515739218138833e+02 3.011235895548047097e+02
1.578821988022280266e+03 1.170349941605481625e+01 6.960777520375419414e+00 5.047871170584046219e+00 7.567427844301383857e+02 3.061176487038643472e+02
1.887618591762052802e+03 1.303094176394978909e+01 7.104341808269183822e+00 5.234083512739786670e+00 8.241934338817881098e+02 3.162735840631932547e+02
1.980818308330305399e+03 1.323007253532498950e+01 7.156923833969954352e+00 5.154185889070181936e+00 8.393398720389692471e+02 3.185809171097998274e+02
2.133613554738704352e+03 1.263488137505624032e+01 7.297609469266709503e+00 5.366570712858743875e+00 7.905201572858709369e+02 3.161263767559337907e+02
2.189845705708011792e+03 1.266931829137393528e+01 7.119837431068147815e+00 5.574457797875686182e+00 7.963618071461571617e+02 3.128032825322570716e+02
2.722230648514352197e+03 1.381105333094341248e+01 7.016876871480292266e+00 5.195006585663161758e+00 8.371556988143582885e+02 3.236708854056484483e+02
2.538143852475209314e+03 1.321904297617625268e+01 7.590377547480589904e+00 5.703486754790653812e+00 8.283011902908008324e+02 3.184766120047185041e+02
2.831515489410518057e+03 1.402883290783250736e+01 7.144855280389057484e+00 5.428647601355809371e+00 8.268167913048463333e+02 3.002164949063001131e+02
2.936985626344859611e+03 8.464545364915114334e+00 0.000000000000000000e+00 1.011359780687987531e+01 7.682290805908129414e+02 3.197159602272524808e+02
3.116767076988181088e+03 7.988793480359531074e+00 0.000000000000000000e+00 9.658636729362202189e+00 5.631658502722866251e+04 0.000000000000000000e+00
3.103053384869594993e+03 8.684380709025502298e+00 0.000000000000000000e+00 1.068908220218912675e+01 5.991196350103324949e+04 0.000000000000000000e+00
3.019102451452070909e+03 8.697240886310135366e+00 0.000000000000000000e+00 1.016903749908939147e+01 5.704219367199744011e+04 0.000000000000000000e+00
3.411378755074145374e+03 8.629493068020604341e+00 0.000000000000000000e+00 1.062327052463742305e+01 6.009839797625891515e+04 0.000000000000000000e+00
3.401537495278838833e+03 8.741376825219129287e+00 0.000000000000000000e+00 1.014622939089259646e+01 5.663052745062421309e+04 0.000000000000000000e+00
3.368235868846224093e+03 9.170527005127510733e+00 0.000000000000000000e+00 1.106681028829944324e+01 5.673780235568011994e+04 0.000000000000000000e+00
3.497249910119655851e+03 9.495610069282548693e+00 0.000000000000000000e+00 1.057931803532355630e+01 5.574213768558738957e+04 0.000000000000000000e+00
3.657696075048755119e+03 9.518841152963730678e+00 0.000000000000000000e+00 1.074699305517891368e+01 5.543128345276560867e+04 0.000000000000000000e+00
3.728481183539233371e+03 9.348422447597940277e+00 0.000000000000000000e+00 1.119139581043176079e+01 5.573876100870873779e+04 0.000000000000000000e+00
4.013465037904287783e+03 9.275396955926723308e+00 0.000000000000000000e+00 1.090408018511983634e+01 5.547408591755729867e+04 0.000000000000000000e+00
4.139267334974091682e+03 9.476293969649294269e+00 0.000000000000000000e+00 1.098328169827078860e+01 5.808049935452664067e+04 0.000000000000000000e+00
4.092378776661955271e+03 1.001280379996818048e+01 0.000000000000000000e+00 1.158708869922052820e+01 5.727550152896024520e+04 0.000000000000000000e+00
4.319090204234752491e+03 9.607256220828672255e+00 0.000000000000000000e+00 1.117498259347909517e+01 5.776502296967613802e+04 0.000000000000000000e+00
4.067124168612813264e+03 9.849918115871448165e+00 0.000000000000000000e+00 1.124500499086616756e+01 6.012235610986877873e+04 0.000000000000000000e+00
4.439319864382880951e+03 9.796126389722282113e+00 0.000000000000000000e+00 1.107722155017931875e+01 5.499902536223708739e+04 0.000000000000000000e+00
4.347001506813303422e+03 9.881270542240194743e+00 0.000000000000000000e+00 1.231776408320387617e+01 5.608053140109166998e+04 0.000000000000000000e+00
4.425028120068085627e+03 1.007481140541256970e+01 0.000000000000000000e+00 1.147958017285994892e+01 5.669108151774438011e+04 0.000000000000000000e+00
4.758472573103284049e+03 9.856169909087586944e+00 0.000000000000000000e+00 1.179845116487377332e+01 5.752223812574967451e+04 0.000000000000000000e+00
4.859792399086109072e+03 1.005068644475586837e+01 0.000000000000000000e+00 1.237426647761049026e+01 5.889166674801225599e+04 0.000000000000000000e+00
4.680169771354623663e+03 1.028251418942027762e+01 0.000000000000000000e+00 1.175186971035674510e+01 5.782273365943451790e+04 0.000000000000000000e+00
5.100631849792212961e+03 1.022415300059350862e+01 0.000000000000000000e+00 1.160494353889595587e+01 5.615338078230741667e+04 0.000000000000000000e+00
5.175530671559713483e+03 1.080512188623312397e+01 0.000000000000000000e+00 1.187119183528424315e+01 5.920510947077027959e+04 0.000000000000000000e+00
5.216605065794612528e+03 1.014219945202500384e+01 0.000000000000000000e+00 1.254766239130703909e+01 5.900385246920666395e+04 0.000000000000000000e+00
5.110674044942631554e+03 1.082409007656170274e+01 3.440477024232834413e+00 1.247112550557474187e+01 4.545823965269502196e+02 8.872623988905631620e+01
4.956297187316627060e+03 1.077077214631038871e+01 3.683914806658624919e+00 1.271086525710535042e+01 4.297838693863251365e+02 8.185726664816303355e+01
5.082571917248847058e+03 1.160800483556172580e+01 3.710541265201238392e+00 1.240700256390257294e+01 4.484115803749834868e+02 8.156831184231762677e+01
5.255816829745896030e+03 1.091559096347596558e+01 3.597259648316651237e+00 1.340651717273187948e+01 4.243132647133625142e+02 8.826207570616486464e+01
5.428889403818611754e+03 1.115970246891307305e+01 3.640433664294736804e+00 1.311418121147335469e+01 4.290482774983590843e+02 8.184764714447922529e+01
5.538075266857319548e+03 1.169051804173452780e+01 3.738957133741188432e+00 1.348148270626630563e+01 4.556703076604794660e+02 8.218287233365184363e+01
5.559373959555195142e+03 1.075337829373316900e+01 3.786403136877121156e+00 1.333642733469464936e+01 4.434224771206168612e+02 8.382498344286459258e+01
5.901284176354284682e+03 1.066254309228989605e+01 3.780034300938660330e+00 1.298410712197396144e+01 4.317484133719405008e+02 8.254675301618615890e+01
5.935240067897138033e+03 1.068669695755731297e+01 3.607139017975758755e+00 1.346879546670657923e+01 4.451630830878218035e+02 8.749346365286318417e+01
6.070157615761051602e+03 1.084108561656137404e+01 3.696622025511618670e+00 1.313123384897135892e+01 4.187769695016872902e+02 8.320565235160245265e+01
6.126448540667734051e+03 1.148549632353918959e+01 3.747759733033284579e+00 1.297320210161362652e+01 4.190511634474736411e+02 8.150927226664350655e+01
6.391186753257433338e+03 1.110856937753310092e+01 3.707454331585826601e+00 1.280131250421848499e+01 4.455108837502946244e+02 8.657298524756124891e+01
6.531024575610974352e+03 1.133609498447414765e+01 3.549971863343156286e+00 1.364692184174853296e+01 4.160074462852988404e+02 8.891174065399012250e+01
6.646765756195881295e+03 1.072525907224546948e+01 3.670112536156361127e+00 1.317728970587786286e+01 4.320638851800234193e+02 8.533825380592482190e+01
