-3.824441374655700443e-01 6.000424959186303475e+00 3.498827194444986688e+00 2.702030825744150544e+00 1.342806396820370992e+03 5.771593500014282654e+02
3.423919747519173029e+01 5.766247242870290890e+00 3.221239082612136428e+00 2.699797723971137486e+00 1.347402841341425074e+03 6.040700842859772592e+02
3.181297513715872682e+01 7.753731381655095234e+00 4.520166220977687388e+00 3.245313418487091539e+00 1.466842039343306851e+03 5.841647154844604302e+02
5.217004796856566173e+01 8.126454603788285880e+00 4.387997969756780137e+00 3.213156024062809202e+00 1.433854755109339749e+03 6.144500092653088359e+02
1.022052661060540117e+02 8.055518035478566929e+00 4.519230074329682267e+00 3.240839618282194579e+00 1.977178392753691298e+02 7.930904568735471116e+01
1.502200448877719623e+02 7.741975886464209644e+00 4.632342101289991909e+00 3.561783126786029818e+00 1.957321335779589617e+02 8.331258818631839347e+01
1.978684764575247925e+02 8.269555642779643279e+00 4.472107740304829271e+00 3.320188324407308933e+00 3.601987098591944800e+02 7.995904535948682224e+01
2.401638255326498097e+02 8.086071930491455007e+00 4.475554117898625783e+00 3.680284809833619608e+00 3.693837963924970040e+02 1.381073761555131512e+02
3.064595137666794358e+02 8.970333611384685213e+00 4.939289323793501829e+00 3.663196239742002813e+00 3.598028122776902364e+02 1.378197665981977309e+02
3.377423623307088292e+02 8.365045840134495592e+00 4.762546811286077819e+00 3.618370336979620294e+00 3.511542008105114405e+02 1.401348262138762948e+02
3.957021120183249536e+02 8.641371888174575133e+00 5.186784357155420189e+00 3.798470281640215163e+00 3.487302317548803217e+02 1.388910869465129849e+02
5.010965194860480665e+02 9.278273500281182251e+00 5.287962126468307211e+00 3.763294366802922397e+00 3.717347602987206869e+02 1.444431155891512049e+02
6.261872563669691090e+02 1.017503007907367696e+01 5.456538547436355913e+00 4.015368085513746799e+00 3.755950156226793410e+02 1.382639809379762141e+02
6.727181913666106539e+02 1.025003444084713777e+01 6.123157167477294216e+00 4.289466971013982111e+00 7.413947132019310402e+02 3.023025493176720033e+02
7.989790429681793285e+02 1.045814071899402187e+01 6.278507493321296096e+00 4.437886504400035292e+00 7.655462742779769769e+02 3.171638934052866716e+02
8.954240429778686803e+02 1.067942031874759223e+01 6.085924352909080071e+00 4.512354618216205537e+00 7.510191652849485990e+02 3.131778009591362775e+02
9.621907046461831214e+02 1.141051095452852948e+01 6.077869618913644523e+00 4.638331838737402180e+00 7.713376570838072439e+02 3.155032761492033160e+02
1.078011773972964875e+03 1.166853366437194239e+01 6.344868521298055342e+00 4.496483222815879088e+00 7.313179061715212583e+02 2.976642806670377581e+02
1.240255232857346527e+03 1.192036840538756337e+01 6.607609563069496872e+00 4.762456216435044354e+00 7.313301881891630956e+02 3.188521926530060000e+02
1.282254556026459795e+03 1.142239719580099155e+01 6.761962530734267673e+00 4.765426216747441934e+00 7.383852831610370231e+02 3.086475485163950339e+02
1.361648156284730476e+03 1.226808547379910941e+01 6.582942491296511989e+00 4.699397465230557458e+00 7.411699835331968416e+02 3.273486512896428167e+02
1.578520164279363826e+03 1.211370127709077060e+01 6.619757029435509033e+00 5.093041786036105023e+00 7.159314964282065148e+02 3.013850359274526909e+02
1.834876241472775519e+03 1.200624565103167107e+01 6.761188493839564551e+00 5.291182430742043863e+00 8.319174742321488338e+02 3.147538957230851793e+02
1.952464629866017958e+03 1.280420970737825392e+01 6.774921079750491515e+00 5.000608371492089255e+00 8.167759862903345720e+02 3.029573872999938544e+02
2.095368710856280813e+03 1.302735462152062951e+01 6.725055463509531428e+00 5.570112437089626667e+00 7.741632813978418426e+02 3.140648371979284548e+02
2.370638893236270633e+03 1.347576387941816911e+01 7.265735374445347894e+00 5.487724176394346287e+00 7.763483334011170882e+02 3.078750550403123611e+02
2.562696425678006563e+03 1.271862824107505574e+01 6.777630693381324178e+00 5.585433550384401258e+00 8.266389613752131709e+02 3.084844281650132984e+02
2.576214760675583420e+03 1.323989090787566703e+01 7.328084287905922700e+00 5.827849795338714500e+00 7.890063279799172733e+02 3.009015203992812530e+02
3.035848573483658583e+03 1.433810621648116168e+01 7.011695816019249072e+00 5.942694326491959167e+00 8.082608926483351297e+02 3.047029972659512964e+02
2.868376710191932034e+03 7.789643240670726776e+00 0.000000000000000000e+00 1.011085405079480282e+01 7.998156673580401730e+02 3.075074299535393152e+02
2.867954952020624205e+03 8.031704741609537734e+00 0.000000000000000000e+00 1.038535296495577143e+01 5.972531274847192253e+04 0.000000000000000000e+00
3.035259243676408005e+03 8.391603907409241003e+00 0.000000000000000000e+00 9.922073986303271198e+00 5.681635291766587034e+04 0.000000000000000000e+00
3.151887394415765812e+03 8.360663261088866705e+00 0.000000000000000000e+00 1.059689925280467016e+01 5.912944600117411755e+04 0.000000000000000000e+00
3.153857069418239462e+03 9.009023408332465621e+00 0.000000000000000000e+00 1.078440997494666220e+01 5.677586708132595959e+04 0.000000000000000000e+00
3.333084732226407141e+03 8.782003900909645111e+00 0.000000000000000000e+00 1.042214935299664802e+01 5.676559820814518025e+04 0.000000000000000000e+00
3.606613167510884068e+03 9.143850450323286694e+00 0.000000000000000000e+00 1.098625381529881473e+01 5.558516727458873356e+04 0.000000000000000000e+00
3.624466933607601732e+03 9.253117021829368127e+00 0.000000000000000000e+00 1.036438568480220823e+01 5.763959201134456816e+04 0.000000000000000000e+00
3.529237146999285414e+03 9.252198035345344351e+00 0.000000000000000000e+00 1.073859320097685632e+01 5.852919687818621605e+04 0.000000000000000000e+00
3.903461297370493867e+03 9.195558277225119426e+00 0.000000000000000000e+00 1.106590600304103944e+01 5.643871862324544782e+04 0.000000000000000000e+00
3.864649424888403701e+03 9.366697309190572085e+00 0.000000000000000000e+00 1.064469238920959171e+01 5.580166369287540874e+04 0.000000000000000000e+00
4.034849821687611438e+03 9.462831305244543856e+00 0.000000000000000000e+00 1.172615365728700532e+01 5.880332656866210891e+04 0.000000000000000000e+00
4.080781761276263751e+03 1.002171194554086675e+01 0.000000000000000000e+00 1.162609720537009039e+01 6.037143677414143167e+04 0.000000000000000000e+00
4.084476855512194561e+03 9.622210521724715804e+00 0.000000000000000000e+00 1.178211882971523394e+01 5.791699066835267877e+04 0.000000000000000000e+00
4.132036332893223516e+03 1.006692927976526342e+01 0.000000000000000000e+00 1.119712415135579242e+01 5.699201957232807035e+04 0.000000000000000000e+00
4.368060970510136940e+03 9.493676280640443110e+00 0.000000000000000000e+00 1.138386481968572994e+01 6.035954214727415820e+04 0.000000000000000000e+00
4.316236246127113191e+03 1.016188654003537195e+01 0.000000000000000000e+00 1.167527328116118213e+01 5.850156617086964252e+04 0.000000000000000000e+00
4.612545351003734140e+03 1.038725462634846153e+01 0.000000000000000000e+00 1.203272608387748477e+01 5.832494463275418093e+04 0.000000000000000000e+00
4.457602360680314632e+03 9.857944472294395410e+00 0.000000000000000000e+00 1.245599230013036518e+01 5.746474251630205254e+04 0.000000000000000000e+00
5.009000052558638345e+03 1.055833773725733238e+01 0.000000000000000000e+00 1.175467170059757471e+01 5.616914208251203672e+04 0.000000000000000000e+00
5.109055716555094477e+03 1.035060655918763928e+01 0.000000000000000000e+00 1.141102692192528423e+01 5.700865297611204733e+04 0.000000000000000000e+00
4.761985217186744194e+03 1.069941252687522137e+01 0.000000000000000000e+00 1.196110120758128836e+01 5.861567008361388434e+04 0.000000000000000000e+00
5.251628458333606432e+03 9.877584240199695387e+00 0.000000000000000000e+00 1.171608611874650485e+01 5.960879200628901890e+04 0.000000000000000000e+00
5.144382225449575344e+03 1.001663915994932097e+01 0.000000000000000000e+00 1.268063225361949264e+01 5.646729826493043220e+04 0.000000000000000000e+00
5.211660606158910014e+03 1.157355142020269767e+01 3.494188830526812950e+00 1.236342466956256736e+01 4.320440467486197917e+02 8.171105353210758437e+01
5.428501314553932389e+03 1.135518623237451052e+01 3.429142675096861659e+00 1.247466302880100386e+01 4.642772139310799275e+02 8.631851243901729731e+01
5.328735715505883491e+03 1.158521435820837375e+01 3.464930226544784553e+00 1.317630070679682497e+01 4.511396125601834797e+02 8.752361408867325565e+01
5.443217970634368612e+03 1.065134017894788521e+01 3.476129400929959257e+00 1.299492170792473544e+01 4.530201642806324003e+02 8.798237751294658437e+01
5.248877488526169145e+03 1.123878088181738200e+01 3.412959813879657744e+00 1.331779352044125098e+01 4.376957820317987853e+02 8.423258635590687504e+01
5.442937210427883656e+03 1.152023952932882978e+01 3.518516633406082672e+00 1.357099551489165279e+01 4.298662419759151589e+02 8.265595991559965228e+01
5.573694767353314091e+03 1.168676289336336716e+01 3.520801249087822882e+00 1.304699987754583290e+01 4.429163283270814873e+02 8.384127830043030372e+01
5.918206992523669214e+03 1.118252737159621546e+01 3.469086648533402872e+00 1.284870813539678025e+01 4.428579058081251674e+02 8.795948222205552725e+01
5.956236652415702338e+03 1.081147989833130296e+01 3.650349168611310979e+00 1.322330179507450332e+01 4.358443544488838484e+02 8.556059994197327967e+01
5.726468455874246501e+03 1.077396674822934486e+01 3.702087882205172154e+00 1.329700068303452198e+01 4.253127444700489264e+02 8.328593330629315972e+01
6.034219806264431099e+03 1.105803743048828736e+01 3.837505846802683696e+00 1.366606727035579993e+01 4.271725281549677220e+02 8.075861806581784208e+01
6.393758242908612374e+03 1.098449414810766278e+01 3.783181378315808363e+00 1.295798314298266440e+01 4.273290915497100286e+02 8.910137458255329079e+01
6.549921240531216426e+03 1.089632557626815768e+01 3.700782835958551065e+00 1.309728896356366690e+01 4.372611446412216765e+02 8.408690218833845620e+01
6.666098894119701981e+03 1.123391919041239184e+01 3.502181608701277593e+00 1.363164432771389478e+01 4.497025176887987072e+02 8.591297565852038076e+01
