-1.156261644872640382e+00 6.352985290690082998e+00 3.541185921046737572e+00 2.838834172114262699e+00 1.474005211342346229e+03 5.953710948902128166e+02
3.136763410763057180e+01 5.778184863660189130e+00 3.481200828016974835e+00 2.786914360176459660e+00 1.445078048965276594e+03 6.283466369785988945e+02
2.491427759732094671e+01 7.211533431182753695e+00 4.213931452796535027e+00 3.044698219588132471e+00 1.506537754000103632e+03 6.160468260248582055e+02
4.548701403110186448e+01 7.953834310059836099e+00 4.081508106720193929e+00 3.649860072696794244e+00 1.501208884409927350e+03 6.082176881643399611e+02
9.957110049198351476e+01 8.716255557436124235e+00 4.035193914134294069e+00 3.671116409194317143e+00 2.179747903573152712e+02 8.010573224025375794e+01
1.778702496501603036e+02 8.724844030504055326e+00 4.532984715557835997e+00 3.615566518013195729e+00 1.880247976866548640e+02 8.755335889772752012e+01
1.784382448374774413e+02 9.082263544836525426e+00 4.623792267339412732e+00 3.266904345402081411e+00 3.761389425172653205e+02 8.031699310900579292e+01
2.321224534957863170e+02 9.201231792323465442e+00 5.089986800856442173e+00 3.826804977914865624e+00 3.618344594770559297e+02 1.546808189850805491e+02
3.026364647450032521e+02 8.678247319698966677e+00 4.883115588263650331e+00 3.487754348378031999e+00 3.605776158082609868e+02 1.459442601400774322e+02
3.564928879111581637e+02 8.097138805066395051e+00 4.781674936425869049e+00 3.321555553131060989e+00 3.823784957888765348e+02 1.430866998200623925e+02
4.040468853410449697e+02 8.931867341775326707e+00 4.513743207414361969e+00 3.884995929460384190e+00 3.380369773300648149e+02 1.349333110267607196e+02
5.197044343185693833e+02 9.321545783224822301e+00 5.037349146161546720e+00 4.114966608524963654e+00 3.625042154235292742e+02 1.530973569962895340e+02
6.795361019369468067e+02 9.357381895287208096e+00 5.856641485304101558e+00 4.334889492804334665e+00 3.548506449830455267e+02 1.432321645704641355e+02
7.597344559264336112e+02 1.073376185427743401e+01 6.515537962538771488e+00 4.654569877187697990e+00 7.630850239468924201e+02 2.950269337463786314e+02
7.475855589413886264e+02 9.937836621161418194e+00 6.126362235538759471e+00 4.397457709842822027e+00 7.901905779774400571e+02 2.859056169284170892e+02
9.609606409597382708e+02 1.026256189884174219e+01 6.861714848280812795e+00 4.245071498336520754e+00 6.719565147725462566e+02 3.416333466395243477e+02
8.189107303606178903e+02 1.057411059131838726e+01 6.159882901884511597e+00 4.601036479120012679e+00 7.213231632121953680e+02 2.876507556281519555e+02
1.090575388824174752e+03 1.225866969700261500e+01 6.593115414466459434e+00 4.568919280395136617e+00 6.896383260838167644e+02 2.906802716891850764e+02
1.121073120141437585e+03 1.270378868596834998e+01 6.619531987486919178e+00 5.075204009054922416e+00 7.619997800870776246e+02 3.079154212235599744e+02
1.257491163891309498e+03 1.250680140157959208e+01 6.494320042685223449e+00 4.513256229639205586e+00 7.244291974673450341e+02 3.078627315552602113e+02
1.299111081327429702e+03 1.315594047698491842e+01 6.159285675055332199e+00 4.607273794525032606e+00 7.398956949596444019e+02 3.256531201698452946e+02
1.283955417398550253e+03 1.208814951229415868e+01 7.161178987462188061e+00 4.867906166078754815e+00 8.137810308686526923e+02 3.143891868016412445e+02
1.775168468196359981e+03 1.252212035409333879e+01 7.337532571232364909e+00 4.837818003624964724e+00 8.601418622515903962e+02 3.096105382132817567e+02
2.057079604170962284e+03 1.343076657126002971e+01 7.326543893239461092e+00 5.267458773027732022e+00 7.491712870500031158e+02 2.912724117490738536e+02
2.394500884777624833e+03 1.243250560526466586e+01 7.087962407644173624e+00 4.836940208892856141e+00 8.763694779007525995e+02 3.025773017147645874e+02
2.158538264125736987e+03 1.345344484656457062e+01 7.072751901046159695e+00 5.670148682725497657e+00 8.001425528433593399e+02 2.817071571954708702e+02
2.296975220674071807e+03 1.343006220072575196e+01 7.065951446099345112e+00 5.423086134337316899e+00 7.223651344732768393e+02 3.217009056189093030e+02
2.269778222189634562e+03 1.441837675196351043e+01 6.712458415973532766e+00 5.155633388020633312e+00 8.681602041519895465e+02 3.257167346457181338e+02
3.027239322355166678e+03 1.318945446801391164e+01 7.421482027834633399e+00 5.557751069622262285e+00 7.607005770901538426e+02 3.209572478749716424e+02
3.340889814762419519e+03 7.790840014612371078e+00 0.000000000000000000e+00 1.061298552337864898e+01 8.571226189989349677e+02 3.274881143148789420e+02
2.545479645144832375e+03 8.980944478853487567e+00 0.000000000000000000e+00 1.100207651934407238e+01 5.410985131132757670e+04 0.000000000000000000e+00
3.162691968956830351e+03 7.638429378154470761e+00 0.000000000000000000e+00 9.178711749686556232e+00 5.985697310982437193e+04 0.000000000000000000e+00
2.975526143051358304e+03 9.182787108656107478e+00 0.000000000000000000e+00 1.135847546259268626e+01 5.824625550253970869e+04 0.000000000000000000e+00
3.151942183429678153e+03 8.571620229430360283e+00 0.000000000000000000e+00 1.005987197352305706e+01 5.976048295104025601e+04 0.000000000000000000e+00
3.885278110997666772e+03 8.542297557361042237e+00 0.000000000000000000e+00 1.121647950419526829e+01 6.063716965509906004e+04 0.000000000000000000e+00
4.010496013892539395e+03 9.706832217850513089e+00 0.000000000000000000e+00 1.082714832581456221e+01 5.813311875440663425e+04 0.000000000000000000e+00
3.916239754043806442e+03 8.457434897900212079e+00 0.000000000000000000e+00 1.070106425175453957e+01 5.305137996525084600e+04 0.000000000000000000e+00
3.848045796311243521e+03 8.790818456778474399e+00 0.000000000000000000e+00 9.886884937529456963e+00 6.276212649337718904e+04 0.000000000000000000e+00
4.115475661398156262e+03 8.393258145445891216e+00 0.000000000000000000e+00 1.070986971651796260e+01 5.967403317258231982e+04 0.000000000000000000e+00
4.094075530194944804e+03 9.868207436520508580e+00 0.000000000000000000e+00 1.132511174471143711e+01 5.815176988221583451e+04 0.000000000000000000e+00
3.376681690829226682e+03 9.855829148281731733e+00 0.000000000000000000e+00 1.125918622029122140e+01 5.470335247891477047e+04 0.000000000000000000e+00
4.059682997511746635e+03 9.111239589098216740e+00 0.000000000000000000e+00 1.125333123978791505e+01 5.514064373865767266e+04 0.000000000000000000e+00
4.433157582672177341e+03 9.054719328006944679e+00 0.000000000000000000e+00 1.043889551365369073e+01 5.700681065115916863e+04 0.000000000000000000e+00
4.935276839114156246e+03 9.743411960546255912e+00 0.000000000000000000e+00 1.208298918432424784e+01 6.192004620577267633e+04 0.000000000000000000e+00
3.851617833868130674e+03 1.013314371684457349e+01 0.000000000000000000e+00 1.171947665037426489e+01 5.433197215715343918e+04 0.000000000000000000e+00
4.069374252398951739e+03 1.037165238790278110e+01 0.000000000000000000e+00 1.079715442654665480e+01 5.898024995950389712e+04 0.000000000000000000e+00
4.214961070814482810e+03 1.087301320272893967e+01 0.000000000000000000e+00 1.132132475056457110e+01 6.158750106742288335e+04 0.000000000000000000e+00
3.847166582051069781e+03 1.008703628448158618e+01 0.000000000000000000e+00 1.119103798685902618e+01 5.845664215840537508e+04 0.000000000000000000e+00
4.936248491348318566e+03 1.068427718576169383e+01 0.000000000000000000e+00 1.160576470885766476e+01 6.128430119633768481e+04 0.000000000000000000e+00
4.128033520269213113e+03 1.118944028224434817e+01 0.000000000000000000e+00 1.166204364478766564e+01 5.635115987397606659e+04 0.000000000000000000e+00
4.077570765883452168e+03 1.022250156109111252e+01 0.000000000000000000e+00 1.325011270871532076e+01 6.075001077795806486e+04 0.000000000000000000e+00
5.332833496446938625e+03 9.402694272860964375e+00 0.000000000000000000e+00 1.250085972832952308e+01 5.813171878183120134e+04 0.000000000000000000e+00
4.935395771266615156e+03 1.036962905615706987e+01 0.000000000000000000e+00 1.320815892601444652e+01 5.415961687812558375e+04 0.000000000000000000e+00
5.458232755712899234e+03 1.075855478172592150e+01 3.435538198348902839e+00 1.259545312689495589e+01 4.684597500306225584e+02 7.777078017764017659e+01
5.794536800753721764e+03 1.158134174598891697e+01 3.420652359391424646e+00 1.308817671719794973e+01 4.670509573039158226e+02 9.222097694000771639e+01
4.770148499656508648e+03 1.037777217387556661e+01 3.387199710968909816e+00 1.389871607533230424e+01 4.742463931930540753e+02 8.151226588193021882e+01
5.905600108231085869e+03 1.072714859550460176e+01 3.408504037751413307e+00 1.356887316443940250e+01 3.976747151749117393e+02 8.266029393835069072e+01
4.439274744399373049e+03 1.135333398812967509e+01 3.696922246800761869e+00 1.230864627269680511e+01 4.302946252079925671e+02 8.790589654146415910e+01
6.175640315135165110e+03 1.131890139020614683e+01 3.425882034017972977e+00 1.271965723058022846e+01 4.792742155256489127e+02 9.155955783759019084e+01
6.016171461439184895e+03 1.123547081100057277e+01 3.521788794511079956e+00 1.193779954595640191e+01 4.524794351782579724e+02 8.370539139586131228e+01
6.136291540682920640e+03 1.057186406424736624e+01 3.722691797248022905e+00 1.396759938953287872e+01 4.097131757532201277e+02 8.489299778222466841e+01
6.689122681453707628e+03 1.085202628702471728e+01 3.442465755909122738e+00 1.297207461768007875e+01 4.269364922315884314e+02 8.510846294283895475e+01
6.049828023697396929e+03 1.145859735481077024e+01 3.992648070736586341e+00 1.226665490519249602e+01 4.008946595671318391e+02 9.094030352737277667e+01
6.046126360849138109e+03 1.197461915227552254e+01 3.877701486501960115e+00 1.306201339068067391e+01 4.148119153414093603e+02 9.268197501741875044e+01
6.897168076687174107e+03 1.085511722719516570e+01 3.455796488432579583e+00 1.295977013063855843e+01 4.719098047281698314e+02 8.374383944613499864e+01
6.925565441129382634e+03 1.155243094322166897e+01 3.767292026155762308e+00 1.352149898068290312e+01 4.024416629732203319e+02 8.288680975548960816e+01
6.196145920800185195e+03 1.122577776280888529e+01 3.357116254942092315e+00 1.268813772616057278e+01 4.290878027949823945e+02 7.860561391855280533e+01
