1.816709640086444644e-01 5.724781944234946351e+00 3.395682515355158859e+00 2.753971033153463033e+00 1.465649337478662346e+03 6.258056304114145405e+02
3.416655118459332385e+01 6.011913964944458399e+00 3.421260556022398092e+00 2.694995748589105844e+00 1.345790234868853076e+03 6.252841943423745761e+02
3.433570990716798832e+01 8.070697903445458010e+00 4.231710161044728302e+00 3.224206985231078626e+00 1.437387023175554759e+03 6.219453308770164313e+02
5.098693319677726521e+01 7.669740596148294287e+00 4.242695815186268149e+00 3.496681286929891552e+00 1.465566958928964596e+03 5.895616444999761825e+02
1.010779910203309555e+02 8.257418262115024277e+00 4.282806232455160789e+00 3.541810511798082484e+00 1.917481269254740823e+02 8.285387063566680865e+01
1.440386346953136467e+02 7.725308591995188934e+00 4.741831698413239593e+00 3.543867149843345388e+00 2.076251550579042373e+02 7.788840608830862777e+01
1.986360299669475467e+02 8.344163140770350040e+00 4.808707253311991003e+00 3.456958562244964117e+00 3.552379485742587235e+02 7.736239156457176591e+01
2.414957891353188870e+02 8.042498753066603001e+00 4.525918919922384376e+00 3.482749104591118972e+00 3.471757478765680389e+02 1.443452809831913157e+02
3.153501406188202623e+02 8.559200965209253553e+00 4.897653779882932490e+00 3.421185354734096684e+00 3.681457892771528009e+02 1.395164445201106105e+02
3.389531485655747360e+02 8.339975030350471386e+00 4.957694839349696458e+00 3.467156812481114958e+00 3.726028745216732432e+02 1.439226749659118809e+02
4.104781661051613355e+02 8.694635243887262277e+00 4.958813004502334643e+00 3.818913761033472909e+00 3.517571616954037950e+02 1.448647522624717112e+02
4.938632545110314140e+02 9.839668350208146563e+00 5.025477081469321483e+00 3.868893595126974283e+00 3.689120744968216172e+02 1.421652203382740538e+02
6.266437131841239534e+02 9.747122953677010315e+00 5.817687361999539064e+00 3.936608738221083925e+00 3.756714710024843384e+02 1.412900678272977473e+02
6.468573918045864275e+02 1.065945122495544339e+01 5.989481199093620312e+00 4.556877342559480404e+00 7.130578502904302240e+02 3.011897067801695584e+02
8.188933940140987033e+02 1.045017209530266200e+01 6.212578271506946415e+00 4.321209621851410887e+00 7.496618928315049288e+02 3.089106660627922452e+02
9.028585632576738362e+02 1.111009583161459346e+01 6.310572805731439416e+00 4.501314258165515447e+00 7.144887770993635741e+02 2.984991354204947243e+02
1.038648603099271668e+03 1.086046583254305453e+01 6.254056129436479594e+00 4.857009750678077609e+00 7.764386340498734853e+02 2.977290502452194119e+02
1.117102659543450727e+03 1.184212617282294389e+01 6.156762101989167846e+00 4.649585443757891845e+00 7.456147379327805993e+02 3.112565540048419734e+02
1.198602169068646845e+03 1.126098634983467228e+01 6.259598057247186098e+00 4.568050124568552306e+00 7.250379324088714839e+02 3.135408141374990691e+02
1.291319400825880393e+03 1.226527288721310782e+01 6.404908585502894880e+00 4.737329796607154364e+00 7.738702279387794079e+02 2.979409134951524152e+02
1.448962807693406376e+03 1.227830693098191972e+01 6.502015274743778050e+00 4.746219755701087450e+00 7.166700563172646525e+02 3.031965484531378365e+02
1.603565580235989501e+03 1.196454498081625140e+01 6.888326086544606319e+00 5.010776915347119775e+00 7.137267439738473058e+02 3.015062167162543005e+02
1.835155232022339078e+03 1.239196880499136277e+01 6.767907797657334967e+00 4.892127358131922676e+00 8.000714757337605079e+02 3.027705633483629413e+02
2.020829087655746662e+03 1.258381935942602858e+01 6.922865891561248652e+00 5.205672074045982534e+00 8.345429460155638708e+02 3.271175501475945566e+02
2.222013073860089207e+03 1.298195812154420103e+01 6.721251282572165309e+00 5.175772741594435011e+00 8.053862881234983888e+02 3.255675416943829532e+02
2.371189927377587992e+03 1.351737447339155551e+01 7.306190192361455615e+00 5.330433896800914617e+00 8.350005259014219519e+02 2.993889285481319575e+02
2.682273610124358584e+03 1.363635516989056917e+01 7.111865994666080049e+00 5.334356669251364202e+00 8.049137343800061899e+02 3.178820681901866010e+02
2.674766077798495644e+03 1.370321486747761064e+01 7.105184726361208902e+00 5.680867447388372682e+00 8.038036396084784201e+02 3.230010474017026922e+02
2.758982101073346257e+03 1.344241598027922180e+01 6.973079941123176972e+00 5.569415532441522210e+00 7.885778346194877031e+02 3.140647192811134119e+02
2.965043214615494435e+03 7.824904082228193225e+00 0.000000000000000000e+00 9.276180880003519036e+00 7.916251926911686496e+02 3.161245496471659635e+02
2.888502981619284583e+03 8.028981000488078834e+00 0.000000000000000000e+00 1.015523472441858566e+01 5.813085368356314575e+04 0.000000000000000000e+00
3.074515082094073023e+03 8.128985799858543970e+00 0.000000000000000000e+00 1.042697967265420367e+01 5.623958242290197086e+04 0.000000000000000000e+00
3.284426235395358617e+03 8.782537311357076604e+00 0.000000000000000000e+00 1.073299318040160166e+01 6.054257982002526842e+04 0.000000000000000000e+00
3.349288611738127202e+03 8.649956911359900857e+00 0.000000000000000000e+00 1.079587358119218621e+01 6.066736765924884821e+04 0.000000000000000000e+00
3.214061745516700284e+03 8.771084377581308544e+00 0.000000000000000000e+00 1.024211647452106355e+01 5.681272997015131841e+04 0.000000000000000000e+00
3.317599957977289705e+03 9.329095528012267380e+00 0.000000000000000000e+00 1.081417657584135661e+01 5.847901927458042337e+04 0.000000000000000000e+00
3.583596762909185600e+03 9.187196114841333028e+00 0.000000000000000000e+00 1.103927073989813401e+01 6.049106201138378674e+04 0.000000000000000000e+00
3.646799174500925801e+03 8.829658549528250688e+00 0.000000000000000000e+00 1.070279567335207105e+01 5.940591274964935292e+04 0.000000000000000000e+00
3.786434757811662166e+03 9.461164213240701670e+00 0.000000000000000000e+00 1.057887210332393479e+01 5.927046093662633939e+04 0.000000000000000000e+00
3.869354239511836113e+03 9.717376845423062903e+00 0.000000000000000000e+00 1.080027927344647232e+01 5.811069197788335441e+04 0.000000000000000000e+00
4.160446336097899803e+03 9.767265320084629110e+00 0.000000000000000000e+00 1.181420479996772244e+01 5.815141994322732353e+04 0.000000000000000000e+00
4.171584017739722185e+03 9.215931302761505961e+00 0.000000000000000000e+00 1.177007875253443281e+01 5.607497015427362203e+04 0.000000000000000000e+00
4.342505231511983766e+03 9.866792531672681221e+00 0.000000000000000000e+00 1.092272740813938725e+01 6.044035599064610869e+04 0.000000000000000000e+00
4.409820278222412526e+03 9.348623758859741173e+00 0.000000000000000000e+00 1.101413785399090273e+01 5.531975135299545218e+04 0.000000000000000000e+00
4.155030400153446863e+03 9.904654837149143631e+00 0.000000000000000000e+00 1.191438562126162459e+01 5.999549008740614954e+04 0.000000000000000000e+00
4.672847655268447852e+03 1.022765293512869178e+01 0.000000000000000000e+00 1.188261574818881883e+01 5.529951447047325928e+04 0.000000000000000000e+00
4.719659528873090494e+03 1.004848981641935524e+01 0.000000000000000000e+00 1.131454159368892931e+01 5.945810431570721994e+04 0.000000000000000000e+00
4.626911180573697493e+03 9.678863932626603273e+00 0.000000000000000000e+00 1.147044399599667308e+01 5.994074443596188212e+04 0.000000000000000000e+00
4.560719127997238502e+03 9.658700460972280410e+00 0.000000000000000000e+00 1.223279452529233602e+01 5.893686478706967318e+04 0.000000000000000000e+00
4.893056682821700633e+03 9.811526477689456627e+00 0.000000000000000000e+00 1.171646527145797201e+01 5.998882258249368897e+04 0.000000000000000000e+00
4.995884268188699025e+03 1.044783940635497643e+01 0.000000000000000000e+00 1.242849623968713502e+01 5.739812325693015737e+04 0.000000000000000000e+00
5.266854221315611539e+03 1.046985187022070640e+01 0.000000000000000000e+00 1.219010500940085251e+01 5.972000087306860951e+04 0.000000000000000000e+00
5.174267822880035055e+03 1.073529189295181929e+01 0.000000000000000000e+00 1.216460878607428420e+01 5.826501495616949251e+04 0.000000000000000000e+00
4.971806865179316446e+03 1.115090637359178771e+01 3.489638823872089013e+00 1.216591358562393310e+01 4.370860559339997735e+02 8.804064370713160770e+01
5.420770547456091663e+03 1.061556556741557600e+01 3.472381813909231951e+00 1.273624660629866590e+01 4.604663912031005566e+02 8.685791499267506310e+01
5.250751181687657663e+03 1.070626656533135268e+01 3.636055453561667150e+00 1.220887113990184503e+01 4.428034078765765003e+02 8.442259806049781901e+01
5.377416849632293633e+03 1.164406655708211957e+01 3.478631525729941387e+00 1.335255937799245807e+01 4.604787937044604860e+02 8.576686585731253842e+01
5.488522376838824130e+03 1.066305173031637565e+01 3.651289849163554369e+00 1.244364762490360121e+01 4.381977838573394024e+02 8.855395654454996190e+01
5.643504509305321335e+03 1.094611586635221734e+01 3.494785192199433954e+00 1.277874564077868236e+01 4.501798398365581875e+02 8.376986883815027340e+01
5.721928534672950263e+03 1.120619496194427001e+01 3.549887737018456502e+00 1.329052576089307003e+01 4.350924034262915256e+02 8.233525623032251417e+01
5.793925302144255511e+03 1.080195360115589054e+01 3.680473781462113791e+00 1.310416159228412702e+01 4.209639107638721498e+02 8.291450374139500923e+01
6.068334006668858819e+03 1.160643266757936054e+01 3.744765740064322834e+00 1.368270004453243516e+01 4.463300476705692290e+02 8.414866113451266472e+01
5.716968847512765933e+03 1.081675213669074687e+01 3.571755005482622813e+00 1.341576957757114208e+01 4.436966132267020271e+02 8.121786619480016611e+01
6.340106986132948805e+03 1.069205007983678080e+01 3.801345542967361713e+00 1.251000065224043389e+01 4.180476968305382570e+02 8.758058702847149846e+01
6.458066485651055700e+03 1.069796116033217714e+01 3.534834595211333141e+00 1.287774960668676272e+01 4.492915892728215113e+02 8.218954571723871538e+01
6.012754656737089135e+03 1.103874714910523025e+01 3.602942002074900785e+00 1.269452071469161325e+01 4.131488213777257670e+02 8.362143228890951718e+01
6.216510308070849533e+03 1.169145856827511665e+01 3.713163880812102136e+00 1.304390453145727236e+01 4.217096999102561199e+02 8.113770542350637527e+01
