-2.655285960347385510e-01 5.961590100693018535e+00 3.211137490740293643e+00 2.751101619338834681e+00 1.408862877348284883e+03 5.887825064959680503e+02
3.176975263217602929e+01 5.675191354772772812e+00 3.240351087288690923e+00 2.683801740533915403e+00 1.393274391116718107e+03 5.946966396167167659e+02
3.257482654370667063e+01 7.991203544217823307e+00 4.150226471882095147e+00 3.467020770180761158e+00 1.407728691449141252e+03 5.887821641995433311e+02
5.233592424446943880e+01 7.608549511244952157e+00 4.506288344597997764e+00 3.227653141655290270e+00 1.415058089319007195e+03 5.845778107080411701e+02
1.048471664791707525e+02 7.708852858707168743e+00 4.236669640747424914e+00 3.467463179540399842e+00 2.077420166737748559e+02 7.670107587749743061e+01
1.527444568100102060e+02 7.947790599089653796e+00 4.471905584886702201e+00 3.472387536652836282e+00 2.027637969584227164e+02 7.874394398543762463e+01
2.035960255682637978e+02 8.597935658105141599e+00 4.651738146967278276e+00 3.361490079695057087e+00 3.592420797777468806e+02 7.660873740038145741e+01
2.582776086177333354e+02 8.445241680151827524e+00 4.869929812805313674e+00 3.383100556835945572e+00 3.455753005240831044e+02 1.414092970991746370e+02
3.056539903878600626e+02 8.664379524384624887e+00 4.811879545420457482e+00 3.405867664217893775e+00 3.482061761130735249e+02 1.446449550528860470e+02
3.583764127371219388e+02 8.669981868553001902e+00 4.612624541166890246e+00 3.736474687253324767e+00 3.527837779033619654e+02 1.387092136208629540e+02
4.027981533924034920e+02 9.246252824275384086e+00 5.076386392648314150e+00 3.526089797902069556e+00 3.663316356233106035e+02 1.481050404935831750e+02
4.985939193082451197e+02 9.178401222166232998e+00 5.544396416280760853e+00 3.854137019224694871e+00 3.725713511224037120e+02 1.493879068654088087e+02
5.843261424518112790e+02 1.073245757395763356e+01 5.874379435405823635e+00 4.154304365485555373e+00 3.587262015805544024e+02 1.485037438543134840e+02
6.887916155053175089e+02 1.088728492403482484e+01 6.084081482684809750e+00 4.357461951806616440e+00 7.064937888222900710e+02 3.256741492151558077e+02
7.631618577450281009e+02 1.129687122619417750e+01 5.957421978129693763e+00 4.594958493414408984e+00 7.622437664792478245e+02 3.186723520565924446e+02
8.827516114601148729e+02 1.065391347266295696e+01 6.361241802298081005e+00 4.647877171449500189e+00 7.135307631610676253e+02 3.106445447073220976e+02
1.016153179321119524e+03 1.085688526145214183e+01 6.300385776620891498e+00 4.586239246949031845e+00 7.328280120109101290e+02 3.142350578419314502e+02
1.114826466756597711e+03 1.108783248709152147e+01 6.560476966912172969e+00 4.564136281477300550e+00 7.102896760732731991e+02 3.089662204279651974e+02
1.230504675758706298e+03 1.116840546601986084e+01 6.822495964808672042e+00 4.967682646787567435e+00 7.268742783364385787e+02 3.262819961587954367e+02
1.301831673053995701e+03 1.236900596453625489e+01 6.763916167668175383e+00 4.899305024063140834e+00 7.664284448341080633e+02 3.039487672462345813e+02
1.348899759284336369e+03 1.213839773071875250e+01 6.531715792178828472e+00 4.981933385765092481e+00 7.506670767079358484e+02 3.046113928206892183e+02
1.610034831235231877e+03 1.284695620390553827e+01 6.737781211145688509e+00 5.046889688603958035e+00 7.149616072674467659e+02 3.067843190474374069e+02
1.848606925872024703e+03 1.255301252331716277e+01 6.917992885142469461e+00 5.015659623218924779e+00 7.618891770229878375e+02 3.158152879899986942e+02
2.065928315372299494e+03 1.234497302375179828e+01 7.244700185462193076e+00 5.358757213680397591e+00 8.204490036048680395e+02 2.980837420837392528e+02
2.196791742642803001e+03 1.274712437613527705e+01 7.054465363098333164e+00 5.278942815421529211e+00 8.359519749716686192e+02 3.016036882990893560e+02
2.413985599940002430e+03 1.274673354471545927e+01 7.005283078116943507e+00 5.111869259797286347e+00 7.910834811290274047e+02 3.189510059637013342e+02
2.734121922989851555e+03 1.348918165327513385e+01 6.937622352742191190e+00 5.195832002511646230e+00 7.737026731986100003e+02 3.182706417280555229e+02
2.491764629608928317e+03 1.331619668878679974e+01 7.239138378356493320e+00 5.826508972721957669e+00 7.838385116954967771e+02 3.275433296410480466e+02
2.791670589878676765e+03 1.360158361800419868e+01 7.131295143786218205e+00 5.735479796061643043e+00 7.850695817111445649e+02 3.136864941827072926e+02
2.752830711075129784e+03 8.412292254365253186e+00 0.000000000000000000e+00 9.377165630861146184e+00 8.039292315900619315e+02 3.016936702536511916e+02
2.963176800679063035e+03 8.298011001972383838e+00 0.000000000000000000e+00 9.882162563988936554e+00 5.995842804408687516e+04 0.000000000000000000e+00
2.918390935389440529e+03 8.453384353165485976e+00 0.000000000000000000e+00 9.935679565789593326e+00 5.990400887967099698e+04 0.000000000000000000e+00
3.168873637760459587e+03 8.527614060842324761e+00 0.000000000000000000e+00 9.986459202423036530e+00 5.852056843875509367e+04 0.000000000000000000e+00
3.326748223846803739e+03 8.579176370657016548e+00 0.000000000000000000e+00 1.001808946963520164e+01 5.814008125849910721e+04 0.000000000000000000e+00
3.289803099866415323e+03 8.989370111584607415e+00 0.000000000000000000e+00 1.034279366560892122e+01 5.965218775960909261e+04 0.000000000000000000e+00
3.305962254265466981e+03 9.191729005874579528e+00 0.000000000000000000e+00 1.085876100132016475e+01 5.841185984752618970e+04 0.000000000000000000e+00
3.393269408957083215e+03 9.495911590723579820e+00 0.000000000000000000e+00 1.122950808099033004e+01 5.655360115535360819e+04 0.000000000000000000e+00
3.770915871970430544e+03 9.554860720898892268e+00 0.000000000000000000e+00 1.096224799353302970e+01 5.937959400427815126e+04 0.000000000000000000e+00
3.776603608407701813e+03 9.504170849125763709e+00 0.000000000000000000e+00 1.163602282010935873e+01 6.002277555109772948e+04 0.000000000000000000e+00
3.696841861218704707e+03 9.177191509394681646e+00 0.000000000000000000e+00 1.098238949331959091e+01 5.916369149585933337e+04 0.000000000000000000e+00
3.835486029083594985e+03 9.787354716703788426e+00 0.000000000000000000e+00 1.167724540883033946e+01 5.876841751239403675e+04 0.000000000000000000e+00
3.890161792100454022e+03 9.667803058838783770e+00 0.000000000000000000e+00 1.152587609710624150e+01 5.537911521202496806e+04 0.000000000000000000e+00
4.335250762291186220e+03 9.882587593093610678e+00 0.000000000000000000e+00 1.140176677000426864e+01 5.732640722643198387e+04 0.000000000000000000e+00
4.249546927073979532e+03 9.715652069553865289e+00 0.000000000000000000e+00 1.214351556127480514e+01 5.872911516476809629e+04 0.000000000000000000e+00
4.224773496827882809e+03 1.029470889604365524e+01 0.000000000000000000e+00 1.209856066507310857e+01 5.540651496650531772e+04 0.000000000000000000e+00
4.502941094056554903e+03 1.002264305778466991e+01 0.000000000000000000e+00 1.198880150121927102e+01 5.844713982094502717e+04 0.000000000000000000e+00
4.405211343302970818e+03 1.003397920184209902e+01 0.000000000000000000e+00 1.227527600563011489e+01 6.002853989033737162e+04 0.000000000000000000e+00
4.437983084861260977e+03 1.008147434958165434e+01 0.000000000000000000e+00 1.224325185632965329e+01 6.052615564106024976e+04 0.000000000000000000e+00
4.552302248512534788e+03 1.024985401996991108e+01 0.000000000000000000e+00 1.187241510122029808e+01 5.650603576890304976e+04 0.000000000000000000e+00
4.854924295247126793e+03 1.022188513909630103e+01 0.000000000000000000e+00 1.236000699311571793e+01 5.598671008325456205e+04 0.000000000000000000e+00
5.026137798314826796e+03 1.011893776049469018e+01 0.000000000000000000e+00 1.227552519329260150e+01 5.713196383222218719e+04 0.000000000000000000e+00
5.223836028663146863e+03 9.998037738788500661e+00 0.000000000000000000e+00 1.236326448632195074e+01 5.782647073056645604e+04 0.000000000000000000e+00
5.318616113478577972e+03 1.075986866024037525e+01 0.000000000000000000e+00 1.270463530248779094e+01 6.041768893547516927e+04 0.000000000000000000e+00
5.192624084953965394e+03 1.138601324076510402e+01 3.333928816571238851e+00 1.296978193745225205e+01 4.467104997231975290e+02 8.526998405470673958e+01
5.088054207263838180e+03 1.061222768881696332e+01 3.598827496982778928e+00 1.227604160079760121e+01 4.666225967931042646e+02 8.345332122007820885e+01
5.483392706482903122e+03 1.135620352931386989e+01 3.416644946029751662e+00 1.335586441357404652e+01 4.480110375609839934e+02 8.659025817981945750e+01
5.153062035347089477e+03 1.130858750669355928e+01 3.442497254017894193e+00 1.325246500981823772e+01 4.356878904119343474e+02 8.098297036343474531e+01
5.452293913354759752e+03 1.091910485634232231e+01 3.675740776161878998e+00 1.302914824866498122e+01 4.314483953688181259e+02 8.657861563875144384e+01
5.384215318707311781e+03 1.144330177761572287e+01 3.579229276355397005e+00 1.325976892047081712e+01 4.361295429269686679e+02 8.735192897967777981e+01
5.437203838329799510e+03 1.123450646009867526e+01 3.451993272622737585e+00 1.336168671985084089e+01 4.500852379117154669e+02 8.208315049448847844e+01
6.027770685840234364e+03 1.098291915506681704e+01 3.642227259709724940e+00 1.328242005856357899e+01 4.132686862032499562e+02 8.318429848352148781e+01
5.613500605643464041e+03 1.152475294008445239e+01 3.530522405000992681e+00 1.309716312382481362e+01 4.440552565648287668e+02 8.860347113062155699e+01
5.697474018796456221e+03 1.069763065911672051e+01 3.590056937947809779e+00 1.306768866422972586e+01 4.484639554894305888e+02 8.809232950586776667e+01
6.313356448397635177e+03 1.075029884824683535e+01 3.669013228201674082e+00 1.263910899032295099e+01 4.345422475633108093e+02 8.160895461080971813e+01
6.197673312329463442e+03 1.170375195364179355e+01 3.587865040388365401e+00 1.325699715842265292e+01 4.117651001297674043e+02 8.751353112716429905e+01
6.019583896863061454e+03 1.146441806079180736e+01 3.703844622115642693e+00 1.249211584473466452e+01 4.315832654569375677e+02 8.350548631296275914e+01
6.053102650260248993e+03 1.157497447940212254e+01 3.570725821785766474e+00 1.308022030733529562e+01 4.349365371085399374e+02 8.364416803467540262e+01
