4.139796478266754010e-01 5.612127644687903150e+00 3.240740822952888234e+00 2.888801100779261333e+00 1.343433894163171999e+03 6.243183439211876475e+02
3.171181234959404094e+01 6.032607012590537998e+00 3.396038088969235424e+00 2.811178266870670850e+00 1.411807924055858393e+03 6.058824948399409323e+02
3.424952292782928254e+01 7.452704709305209008e+00 4.522466693938617333e+00 3.297730938326861150e+00 1.414221809246380417e+03 5.745054384222574981e+02
5.079870653121751189e+01 8.159874151763677474e+00 4.293533090036078192e+00 3.225882130349358334e+00 1.433014381087150696e+03 5.882958772999138546e+02
9.965485170802941184e+01 8.212273245758172635e+00 4.415889487476402309e+00 3.212565406457940753e+00 2.064177653250789888e+02 7.655829949429096359e+01
1.574193377537553147e+02 8.434714281124833235e+00 4.651875459468580942e+00 3.458614582063836540e+00 1.939301193941271038e+02 7.655311379838525454e+01
1.952328364024569680e+02 8.508254101086945909e+00 4.546016246109470416e+00 3.352517987813450340e+00 3.620775115801378661e+02 7.909438657350071367e+01
2.461596142195642756e+02 8.806734852961355386e+00 4.505119888295205044e+00 3.428050629318387443e+00 3.537307408610385551e+02 1.403726561034104350e+02
2.943267768608433244e+02 8.644630662441487701e+00 4.823632390246151758e+00 3.471192955083042708e+00 3.599417448925657936e+02 1.480322062117125768e+02
3.358114168986700179e+02 8.778024507153480371e+00 4.794853330573736194e+00 3.458043085365279712e+00 3.424599000778757159e+02 1.394979865631722475e+02
3.928579729356999906e+02 8.598713412020250857e+00 4.715630341239352319e+00 3.587764327288395450e+00 3.615158213473397382e+02 1.492168707368957428e+02
5.179166257145101326e+02 9.500003183524771799e+00 5.205694741486265542e+00 3.742836852131989911e+00 3.585003068939375339e+02 1.471811504710692020e+02
5.997057386330590134e+02 1.070810464499479231e+01 5.901175831217144285e+00 4.029917942779169593e+00 3.464092008018635624e+02 1.482412193853562030e+02
6.452114547315331947e+02 1.113039534238408734e+01 6.094990255838924398e+00 4.495787797180094358e+00 7.035673658634510730e+02 3.043824666330305604e+02
8.310082260038223012e+02 1.067656760887961198e+01 5.923399506480724774e+00 4.308071440235603511e+00 7.536241400448226386e+02 3.062606491880272301e+02
8.702316849885977490e+02 1.075676988946771573e+01 6.081464093061986986e+00 4.409222348841150385e+00 7.195037163805262708e+02 3.074505549509377147e+02
9.677287447229090276e+02 1.103923095928842102e+01 6.677066325320357265e+00 4.803225609464404577e+00 7.233212988039883840e+02 2.995504435082920054e+02
1.077655774647935232e+03 1.184096097718941465e+01 6.735063311528583618e+00 4.623771332183331140e+00 7.382505977403960742e+02 2.979805720485396705e+02
1.233096437207075724e+03 1.134966436296441117e+01 6.321426557422165970e+00 4.530035713072233960e+00 7.165737209991798409e+02 2.978069551119507423e+02
1.247829701087990543e+03 1.227272885883841447e+01 6.372819629816091513e+00 4.700074150671345485e+00 7.557534806079838745e+02 3.273217108355922846e+02
1.438364420017928069e+03 1.175601748556370829e+01 6.845502719030870153e+00 4.876133332688887378e+00 7.070498331397852780e+02 3.156165878627211328e+02
1.588531919389884251e+03 1.230553480557093060e+01 6.599804145270733891e+00 4.885096474876220007e+00 7.495140360741874019e+02 3.016155742449806212e+02
1.779837786497459547e+03 1.228360402730016254e+01 7.012224970887706910e+00 5.352266635564970620e+00 7.650367912187570028e+02 3.203943772973579485e+02
2.050279500142630695e+03 1.307224142467116934e+01 7.061170954329220706e+00 5.036034159095928331e+00 8.114465674126115573e+02 3.026734276665577568e+02
2.302745645847576270e+03 1.352729532837543225e+01 7.369609161644120832e+00 5.207595537773713090e+00 8.199098527243395438e+02 3.004397136962226682e+02
2.210742257803279244e+03 1.256324581332883028e+01 6.779775466126737982e+00 5.115806051813477140e+00 8.041102970574572737e+02 3.164555326479562041e+02
2.648657992944720263e+03 1.359961906496964446e+01 6.876996495574159596e+00 5.410800637512938494e+00 7.832329695903505353e+02 3.147157226656806301e+02
2.615752749575423422e+03 1.345441023583248707e+01 7.648100070077361146e+00 5.558948814782583625e+00 8.272031898488168054e+02 3.051277908165477584e+02
3.013943321594914778e+03 1.427516453088458270e+01 7.470949927157735537e+00 5.912466456192434272e+00 7.932708285078033441e+02 3.046493857993897336e+02
3.036319094237651370e+03 8.418262489847187169e+00 0.000000000000000000e+00 1.012024173565111163e+01 7.751920358402695683e+02 3.217349249338685127e+02
3.027710713737133119e+03 8.123349723640821196e+00 0.000000000000000000e+00 1.034394950962260040e+01 5.842536549233372352e+04 0.000000000000000000e+00
3.058292035531364945e+03 7.957680848199965240e+00 0.000000000000000000e+00 1.020625512850861405e+01 5.736500499191812560e+04 0.000000000000000000e+00
3.324353902652330362e+03 8.861730155262963038e+00 0.000000000000000000e+00 1.028253807716740376e+01 6.017072854576311511e+04 0.000000000000000000e+00
3.265763188621255722e+03 8.973051053093344720e+00 0.000000000000000000e+00 1.012870372903376825e+01 5.569517431943172414e+04 0.000000000000000000e+00
3.412521343346230424e+03 8.794606647558223855e+00 0.000000000000000000e+00 1.089613421320748010e+01 5.787875271174970112e+04 0.000000000000000000e+00
3.310686185303498860e+03 9.186458379062090174e+00 0.000000000000000000e+00 1.113969803967267680e+01 5.761446414881364035e+04 0.000000000000000000e+00
3.584102023754893253e+03 9.151408265788688823e+00 0.000000000000000000e+00 1.120951203385790151e+01 5.650972471800424682e+04 0.000000000000000000e+00
3.521774834568767346e+03 8.762754256957856924e+00 0.000000000000000000e+00 1.088376343802134372e+01 5.759034397533544688e+04 0.000000000000000000e+00
3.712450728440200692e+03 9.305144001408617527e+00 0.000000000000000000e+00 1.136800389693711644e+01 5.800500089775292872e+04 0.000000000000000000e+00
4.037684978784526720e+03 9.575657688350165841e+00 0.000000000000000000e+00 1.099465488042222816e+01 5.954059086366579140e+04 0.000000000000000000e+00
3.946747260544321307e+03 9.818914316769099315e+00 0.000000000000000000e+00 1.131836382115307416e+01 6.024140047522875102e+04 0.000000000000000000e+00
3.956983883592371058e+03 9.577497533186528855e+00 0.000000000000000000e+00 1.189938038552503663e+01 6.038555906243195204e+04 0.000000000000000000e+00
4.234819047834545927e+03 1.008218791356524591e+01 0.000000000000000000e+00 1.136106994462634034e+01 5.871343485340164625e+04 0.000000000000000000e+00
4.170265949660019942e+03 1.014167314753082749e+01 0.000000000000000000e+00 1.135832917416946941e+01 6.039934870900665555e+04 0.000000000000000000e+00
4.190563302243359431e+03 1.014568645327488561e+01 0.000000000000000000e+00 1.216744333813259971e+01 5.816775963539521035e+04 0.000000000000000000e+00
4.632107375195837449e+03 9.603309403583404347e+00 0.000000000000000000e+00 1.189622415781647291e+01 5.603055013371122914e+04 0.000000000000000000e+00
4.633150670035376606e+03 1.004141853069150692e+01 0.000000000000000000e+00 1.145440378049294772e+01 5.579018870642812544e+04 0.000000000000000000e+00
4.502324828953398537e+03 1.047675984264086679e+01 0.000000000000000000e+00 1.216182437125181259e+01 5.678411647148580232e+04 0.000000000000000000e+00
4.788482379171405228e+03 1.046256673975955742e+01 0.000000000000000000e+00 1.146252818251151773e+01 5.588110763981487980e+04 0.000000000000000000e+00
4.787260383961976004e+03 9.959260253242613103e+00 0.000000000000000000e+00 1.232736197210634899e+01 5.579299231888075883e+04 0.000000000000000000e+00
4.985805947482262127e+03 9.975042927602306264e+00 0.000000000000000000e+00 1.261949169971779483e+01 5.802517192955544306e+04 0.000000000000000000e+00
4.907518039520782622e+03 1.066625782480796580e+01 0.000000000000000000e+00 1.218613393136622669e+01 5.544740957674032688e+04 0.000000000000000000e+00
5.013827019747029226e+03 1.037294220426697144e+01 0.000000000000000000e+00 1.190866537099293510e+01 5.629270632127441786e+04 0.000000000000000000e+00
5.147187416245855275e+03 1.106629837225188240e+01 3.587686605124720707e+00 1.259435924695970321e+01 4.555212377857673687e+02 8.745292566861388650e+01
5.101690879400226549e+03 1.139574415772902682e+01 3.580370567324028030e+00 1.244220861797697175e+01 4.502015412561116250e+02 8.152373704919081376e+01
5.410816130195057667e+03 1.091234272293062091e+01 3.685069811346764812e+00 1.313210625149000421e+01 4.228674760023307044e+02 8.503105351289708835e+01
5.367126295337890951e+03 1.105381130967872316e+01 3.721295418217649864e+00 1.299062275916735132e+01 4.352793287163602258e+02 8.156195960063183747e+01
5.628116900559627538e+03 1.150599364583748496e+01 3.440467238388211335e+00 1.334811809242112801e+01 4.197789166221074879e+02 8.588331716058620202e+01
5.304512109361309740e+03 1.070494539132426048e+01 3.741082615839820047e+00 1.252913365201120932e+01 4.305684717782289113e+02 8.282548211595263865e+01
5.470250444954873274e+03 1.153251904370231529e+01 3.435319280725447122e+00 1.310796660871208275e+01 4.429863085395138000e+02 8.400703721317779582e+01
5.837278757269515154e+03 1.145282392302564567e+01 3.727639664516076756e+00 1.311695935504668675e+01 4.427539248920263617e+02 8.709435310637063310e+01
5.945846743741439241e+03 1.147696878279185917e+01 3.517723458977782158e+00 1.309501535037310838e+01 4.508121311454216311e+02 8.425594060726864143e+01
6.034573331964101271e+03 1.132357505309680334e+01 3.487390514820589704e+00 1.343551673854057604e+01 4.393030844646713717e+02 8.658783161056332744e+01
6.000566641879734561e+03 1.179712344426530990e+01 3.538475314788239512e+00 1.344285468503889369e+01 4.244634885387810073e+02 8.176233235464211191e+01
6.310990358427264255e+03 1.075280327731430319e+01 3.630284516797366301e+00 1.351732652001566493e+01 4.344462322845845961e+02 8.165074420279323419e+01
6.558048835618312296e+03 1.129978929042440328e+01 3.839305379094750670e+00 1.308421243500886355e+01 4.388903656237595214e+02 8.852550495288660670e+01
6.446123786892552744e+03 1.087188972186119429e+01 3.848521886016639471e+00 1.291559228042914143e+01 4.269008026831728557e+02 8.335614078150112505e+01
