6.282211410180538191e-02 5.510612513876513852e+00 3.258695402058935819e+00 2.794628594279508160e+00 1.465216801510555342e+03 5.747309006339024791e+02
3.152861282252359842e+01 5.906143085716444752e+00 3.359461673401491044e+00 2.795395209373488843e+00 1.408692693301336931e+03 6.104095754267825669e+02
3.383262582743856228e+01 7.855787226419741032e+00 4.317547172801651456e+00 3.347783958427433593e+00 1.384948640338850055e+03 6.149066029063493488e+02
4.901965004518554281e+01 8.186756754751918663e+00 4.403343949798105506e+00 3.319044816828591316e+00 1.451263638262116956e+03 5.804565744572197445e+02
9.622331191381088900e+01 8.304644566117657334e+00 4.383197350152444827e+00 3.323742254947566366e+00 1.974930291409332597e+02 8.145752379706382840e+01
1.498101139479111907e+02 8.483358721324902874e+00 4.462343654448201136e+00 3.344589368337267388e+00 2.068343434281456723e+02 8.157635663017052252e+01
1.909871254874358897e+02 8.417719482938020192e+00 4.446331563943641818e+00 3.326073280816176148e+00 3.679596073130387595e+02 8.260592853995292728e+01
2.393379618228755135e+02 8.341915243911628863e+00 4.596342465158547164e+00 3.518029166982276301e+00 3.655824522409248516e+02 1.373725498254729018e+02
3.098956460192008535e+02 8.634166001408260627e+00 4.910011182844958633e+00 3.650188038819824676e+00 3.546565509177151512e+02 1.413740092119351743e+02
3.509914602598140050e+02 8.905603351627089381e+00 4.982424027500476527e+00 3.494565086008210919e+00 3.520772905028499622e+02 1.405202868705278263e+02
4.188117714732349555e+02 8.723227567931397530e+00 4.771736643515988696e+00 3.814626547046539695e+00 3.484558337172222195e+02 1.377148030315905771e+02
5.068311349001601798e+02 9.799808849021101054e+00 5.206482797827976405e+00 3.877598150250104680e+00 3.772555796049205696e+02 1.428993163086534821e+02
6.291620418647408997e+02 1.034591492016850012e+01 5.399821734278708263e+00 4.289027329900197749e+00 3.747054947697123453e+02 1.442126880292372277e+02
6.870616529150556744e+02 1.083761048744843514e+01 5.891844925802266708e+00 4.151655912151951178e+00 7.595080068698713376e+02 3.110069452473993010e+02
7.945773748475698994e+02 1.055382642064729559e+01 6.159430565023164661e+00 4.357455079215133864e+00 7.628531030612061841e+02 3.078432704703306513e+02
9.001135621478844087e+02 1.146563328176206120e+01 6.382480367301448076e+00 4.482649396825523880e+00 7.450817659869946965e+02 3.114014764020648158e+02
1.033175095935128638e+03 1.103848613798697897e+01 6.580975508944304053e+00 4.783634122151246615e+00 7.238687925242569463e+02 2.988738168495905256e+02
1.111626956000825658e+03 1.157886704836105096e+01 6.520289442953365544e+00 4.804088879870506368e+00 7.728955982855197817e+02 3.218842885825022790e+02
1.165602421524901274e+03 1.150178137603056605e+01 6.561676205003523776e+00 4.701782794201430526e+00 7.540933881690273211e+02 3.053202531653445249e+02
1.349139288369830865e+03 1.219249549363014751e+01 6.350094479651712476e+00 4.738956768437287081e+00 7.422103952096192643e+02 3.204974206196478690e+02
1.452771457579978232e+03 1.242783646141046638e+01 6.583674656459524321e+00 4.755281222895322735e+00 7.698256683217909995e+02 3.177611635807314201e+02
1.674270430354164773e+03 1.284670432137298413e+01 6.808129795204902912e+00 5.059232692575450052e+00 7.538767527399749042e+02 3.130106809704946613e+02
1.750488681554620825e+03 1.245002049657386323e+01 6.831793785784905815e+00 5.228068725979087894e+00 8.094200183670444630e+02 3.244864402060035218e+02
1.961330609336464022e+03 1.246274923584335426e+01 6.616726728555727632e+00 5.406674611324681301e+00 8.312183617471860089e+02 3.099002896341900737e+02
2.108566724876829994e+03 1.267255454272292603e+01 7.133502247358482151e+00 5.361161304967934527e+00 7.949671206779024715e+02 3.095507128892570563e+02
2.261711204508681931e+03 1.254187716114881646e+01 7.419160920480673660e+00 5.374056574160175792e+00 8.311512297348374432e+02 3.129090167879963360e+02
2.638473538769613242e+03 1.267676505561087730e+01 7.334227515532740327e+00 5.186628011493534807e+00 7.963631405793281601e+02 3.249751800369423336e+02
2.710508886247975170e+03 1.417584779974849774e+01 7.225673455136079504e+00 5.735980559551117075e+00 7.638157574797647840e+02 3.060833754989866975e+02
2.915537007845660355e+03 1.370228779462430957e+01 7.666722590185032438e+00 5.625266722081062376e+00 7.682452399702201546e+02 3.141091116619421655e+02
2.811223365473942522e+03 8.328169045363670975e+00 0.000000000000000000e+00 9.821473233791861546e+00 7.641127627956996093e+02 3.079654180530516783e+02
3.114352326940672810e+03 7.913816995227225704e+00 0.000000000000000000e+00 1.041884360183073532e+01 6.014455212509570265e+04 0.000000000000000000e+00
3.072907426254811071e+03 8.485329166483342789e+00 0.000000000000000000e+00 9.782114346694843476e+00 6.051463750036068086e+04 0.000000000000000000e+00
3.139962265010259216e+03 8.893211491147486214e+00 0.000000000000000000e+00 9.860801443477997807e+00 5.788159086933886283e+04 0.000000000000000000e+00
3.409203839189080554e+03 8.792026833015038179e+00 0.000000000000000000e+00 1.080710933672162533e+01 5.654207449001482746e+04 0.000000000000000000e+00
3.394079357527398315e+03 8.819543749861146864e+00 0.000000000000000000e+00 1.094180162592610372e+01 5.696860052367710159e+04 0.000000000000000000e+00
3.437236185349891912e+03 8.649780015939850131e+00 0.000000000000000000e+00 1.074535322800076464e+01 5.659664451734123577e+04 0.000000000000000000e+00
3.746012524438830496e+03 8.987228187359900033e+00 0.000000000000000000e+00 1.085154540505016385e+01 5.829282254798649228e+04 0.000000000000000000e+00
3.838405859433397836e+03 8.785171078392583155e+00 0.000000000000000000e+00 1.049611061457082783e+01 5.684487543422573799e+04 0.000000000000000000e+00
3.900056470065598205e+03 8.906593338986789732e+00 0.000000000000000000e+00 1.149895276583266579e+01 5.887115957361563051e+04 0.000000000000000000e+00
4.050402373002572403e+03 8.966060878728951522e+00 0.000000000000000000e+00 1.063343122795038909e+01 5.794144582033727784e+04 0.000000000000000000e+00
4.102012663407456785e+03 9.860174046395634662e+00 0.000000000000000000e+00 1.122933119091015186e+01 5.591994644789876475e+04 0.000000000000000000e+00
4.101327122783373852e+03 9.410069082199081336e+00 0.000000000000000000e+00 1.124154606506047926e+01 5.956408740868164750e+04 0.000000000000000000e+00
4.181039958148450751e+03 9.215578608082370948e+00 0.000000000000000000e+00 1.123299696348859555e+01 5.945077737304657057e+04 0.000000000000000000e+00
4.147270674992444583e+03 9.634456652052875825e+00 0.000000000000000000e+00 1.193355691211620417e+01 6.046599669400606945e+04 0.000000000000000000e+00
4.153939168009548666e+03 9.364134709932208978e+00 0.000000000000000000e+00 1.216187021314609851e+01 5.601874694180071674e+04 0.000000000000000000e+00
4.609141640885305605e+03 9.675061823395727956e+00 0.000000000000000000e+00 1.203353431493968628e+01 5.860761188946280163e+04 0.000000000000000000e+00
4.437859992596908342e+03 9.624265924162902053e+00 0.000000000000000000e+00 1.206568446859036747e+01 5.714708520626844256e+04 0.000000000000000000e+00
4.492770839223094299e+03 9.857961392323145944e+00 0.000000000000000000e+00 1.244928279528928350e+01 5.828518383581107628e+04 0.000000000000000000e+00
4.618098207691678908e+03 9.899374207805919923e+00 0.000000000000000000e+00 1.188134665125191347e+01 5.715083131179652264e+04 0.000000000000000000e+00
5.040719983589468939e+03 1.017628352966809224e+01 0.000000000000000000e+00 1.163302462233093770e+01 6.052867105972638819e+04 0.000000000000000000e+00
4.725427600160602196e+03 1.014069829619256602e+01 0.000000000000000000e+00 1.185763451392488932e+01 5.593658713748514856e+04 0.000000000000000000e+00
5.307934374649160418e+03 9.833025409911176240e+00 0.000000000000000000e+00 1.216160356262250630e+01 5.880616308610791748e+04 0.000000000000000000e+00
5.255570153930505512e+03 1.085373362193550051e+01 0.000000000000000000e+00 1.160220916222205645e+01 5.931191341022756387e+04 0.000000000000000000e+00
5.402145568928239300e+03 1.145226832241722015e+01 3.640429515583240683e+00 1.250141189187288582e+01 4.339765896467791890e+02 8.303416486912395555e+01
4.997131023047938470e+03 1.132433736599860907e+01 3.676804058442104228e+00 1.223719483141813669e+01 4.508389455420012268e+02 8.591426875743029257e+01
5.185633397910546591e+03 1.070654669456381924e+01 3.371020904964268983e+00 1.266180084265777595e+01 4.442555600782337137e+02 8.752268600602820925e+01
5.629684989953774675e+03 1.074503852688402361e+01 3.644046468162248420e+00 1.243339595109053697e+01 4.330415300067637645e+02 8.097326590770830990e+01
5.200775092659313486e+03 1.069246070751892397e+01 3.632080220249051195e+00 1.246498555567367461e+01 4.458133249218660694e+02 8.456786883152248890e+01
5.600916260361586865e+03 1.119314353027330711e+01 3.458624937223082618e+00 1.243861760515610904e+01 4.562600650553623609e+02 8.150370856081752891e+01
5.618725640363680213e+03 1.159353591952517348e+01 3.556615662720690629e+00 1.359967265324578989e+01 4.521586120366137038e+02 8.921744986473566996e+01
5.688526162452646531e+03 1.069199591935857541e+01 3.568326370375078049e+00 1.264922146234438394e+01 4.275469691997973314e+02 8.656706157257011114e+01
5.904720256246740973e+03 1.098924732537090954e+01 3.587223778494974535e+00 1.251242231957970930e+01 4.338616672470038225e+02 8.122165266948195494e+01
5.846837617755651991e+03 1.114565091859634016e+01 3.531278108052644971e+00 1.310848371594284423e+01 4.290981193376114788e+02 8.127164008618666458e+01
5.956401499073078412e+03 1.098168036820078441e+01 3.707081524794244132e+00 1.294217951915732101e+01 4.357440198370243252e+02 8.675399239765597770e+01
6.075270921187354361e+03 1.136462398430037801e+01 3.672310602503069177e+00 1.271705753143168494e+01 4.412570832116630299e+02 8.516600735352663776e+01
5.973596454520504267e+03 1.171223473893514111e+01 3.825298561352355797e+00 1.247582692504068902e+01 4.327302847937527872e+02 8.356964934355221430e+01
6.064025489497702438e+03 1.127291075864665437e+01 3.554503682378507445e+00 1.273334700719213863e+01 4.443664467694819677e+02 8.859928086359738586e+01
