3.342560668442045024e-01 5.921303455056039056e+00 3.392475408745320387e+00 2.911747180976005378e+00 1.424208631868084467e+03 6.249775388665927949e+02
3.108448190142201994e+01 5.710987060720692732e+00 3.510850555409966489e+00 2.824169406140326188e+00 1.332691350075337141e+03 5.812605530040034409e+02
3.214009542921341733e+01 7.624986402258691953e+00 4.239797641963174435e+00 3.371536569112270065e+00 1.354407943720942740e+03 5.936871813292427760e+02
5.177340727269097442e+01 7.951514264289569311e+00 4.369800335937102709e+00 3.187451449056550423e+00 1.469807955925508395e+03 6.240603146740531884e+02
1.003944464462899191e+02 8.283597690341425235e+00 4.575610768194217748e+00 3.281945817526682685e+00 1.935730891672986616e+02 8.395457881643046960e+01
1.463823014653983989e+02 8.081387907349732558e+00 4.595505155654429075e+00 3.465701668333431851e+00 1.911936339374222484e+02 7.875365559024309903e+01
1.981467279945318012e+02 7.904665878292411740e+00 4.614731004559156524e+00 3.407213994949509495e+00 3.702094582036777979e+02 8.201324227267663503e+01
2.456493395652458389e+02 8.444603926318521303e+00 4.523191157643487337e+00 3.578654841236627249e+00 3.659761160559016844e+02 1.387301549347114076e+02
2.854866004401849295e+02 8.456838964133599035e+00 4.678683937633235423e+00 3.658982631842984556e+00 3.642190687342883280e+02 1.498055594683272034e+02
3.493788289570167080e+02 9.177904385843358881e+00 4.800779574743303968e+00 3.470296987000403011e+00 3.439108491702463084e+02 1.475465954795216135e+02
3.932534288689972755e+02 8.645265627267786357e+00 5.030677178955578199e+00 3.622970380281739455e+00 3.687219662503486006e+02 1.465640421067590182e+02
5.113821941774430115e+02 9.389405398476585063e+00 5.060467396322564149e+00 3.871521525110278361e+00 3.612742022215039128e+02 1.379464315428467671e+02
6.277558128650570097e+02 1.019167082759105547e+01 5.536348350337746638e+00 3.982507975818642354e+00 3.528469280735740767e+02 1.416607389897447433e+02
6.640244909387090502e+02 1.032293497610555910e+01 5.791870972273557072e+00 4.317215308199370050e+00 7.649994256825350476e+02 3.190978566237554332e+02
8.173485075660385064e+02 1.100200691345824033e+01 6.252608658384839480e+00 4.266772093425990953e+00 7.355520470667469226e+02 3.147049105644371707e+02
8.814159710398294010e+02 1.118128204791100266e+01 6.018332086043669982e+00 4.359500470589400045e+00 7.603587479256084407e+02 3.085322960607118716e+02
9.733907165742332381e+02 1.171915765779876217e+01 6.217101123741729296e+00 4.574473850301438382e+00 7.370216234970743017e+02 3.249848031467547003e+02
1.127538108260721629e+03 1.173591277256321952e+01 6.586595272444861315e+00 4.624797350848821154e+00 7.167005728070574833e+02 3.039701874679255411e+02
1.174824132202819328e+03 1.139544777470858250e+01 6.768910569696106272e+00 4.748220572729521471e+00 7.639982946801180788e+02 3.181516743945441590e+02
1.336132064626018519e+03 1.137116586725014677e+01 6.659998376099536266e+00 4.930071280163275560e+00 7.363346327984592108e+02 3.164660309127092432e+02
1.424478853960613378e+03 1.247442591108181986e+01 6.644320454750395122e+00 4.652815233076249335e+00 7.253396842370198101e+02 3.074786526994209908e+02
1.587637455098722739e+03 1.266121865979821770e+01 6.781509821950153061e+00 5.024179070269804370e+00 7.504312829041369923e+02 3.040591538184182809e+02
1.861199622728417125e+03 1.211585551441431896e+01 6.675148349146629023e+00 5.125520744057085132e+00 8.396368102374101454e+02 3.182995369042810694e+02
1.969363936533512060e+03 1.302483230352734012e+01 7.060398272940265230e+00 5.020575225662548213e+00 8.373484337621789564e+02 3.103735413878663394e+02
2.287547714392154830e+03 1.264094036259108300e+01 6.796653135978744764e+00 5.316811804786192752e+00 7.693978879899354979e+02 3.019247310550128987e+02
2.409292425095810358e+03 1.272335428874061414e+01 6.949830383778420106e+00 5.287455021616223050e+00 8.094735307979101435e+02 3.226396742016752341e+02
2.515717299913614170e+03 1.343074723523743685e+01 7.349647889602685780e+00 5.221276525155739812e+00 8.066591725795301500e+02 3.271123658691562355e+02
2.532873642060641487e+03 1.410678856633108502e+01 7.565930080841757110e+00 5.498818443869583739e+00 8.085411481477397047e+02 3.127124477360636661e+02
2.960213308588557993e+03 1.415679809360634067e+01 7.480119868604496958e+00 5.631734391824382513e+00 7.709108942058569482e+02 3.178824254780120668e+02
2.906999223259743758e+03 7.805304904470543370e+00 0.000000000000000000e+00 9.453422154917419107e+00 8.362088513247012997e+02 3.050412956298004588e+02
2.904749999145074526e+03 8.037439806113763296e+00 0.000000000000000000e+00 9.785101443545242361e+00 5.860758313546103454e+04 0.000000000000000000e+00
3.084394073599691637e+03 8.017586625688835511e+00 0.000000000000000000e+00 1.042152060869131702e+01 5.557555304531168804e+04 0.000000000000000000e+00
3.257315475775071263e+03 8.524469633988681849e+00 0.000000000000000000e+00 1.050613651414311889e+01 5.959746052067753044e+04 0.000000000000000000e+00
3.322381253174015910e+03 8.638419285325714014e+00 0.000000000000000000e+00 1.054842481803473220e+01 5.658835596808454284e+04 0.000000000000000000e+00
3.284190284086558222e+03 9.124361102036241178e+00 0.000000000000000000e+00 1.022775309344131678e+01 5.794561275920652406e+04 0.000000000000000000e+00
3.573583742979092676e+03 9.278756575696279540e+00 0.000000000000000000e+00 1.053789872148639439e+01 5.523528775066553499e+04 0.000000000000000000e+00
3.681632447663939274e+03 9.068320226416773266e+00 0.000000000000000000e+00 1.051287829067550383e+01 5.753347898515214911e+04 0.000000000000000000e+00
3.782859335625201766e+03 9.369115792083405836e+00 0.000000000000000000e+00 1.050235857364004310e+01 5.768933940138019534e+04 0.000000000000000000e+00
3.658419350378117542e+03 9.182153857947298548e+00 0.000000000000000000e+00 1.134788373015430274e+01 5.771250829439821973e+04 0.000000000000000000e+00
3.974634350575378903e+03 9.539251854242690953e+00 0.000000000000000000e+00 1.073976375561935370e+01 5.544050411185919802e+04 0.000000000000000000e+00
4.052644309176131628e+03 9.121408061053781324e+00 0.000000000000000000e+00 1.142694634558058553e+01 5.558923896914080251e+04 0.000000000000000000e+00
3.935729539416543957e+03 9.616814459919241997e+00 0.000000000000000000e+00 1.183716649796228104e+01 5.645452979898852936e+04 0.000000000000000000e+00
4.060208491904482344e+03 9.827158300350170350e+00 0.000000000000000000e+00 1.175247044306485478e+01 5.883644797454442596e+04 0.000000000000000000e+00
4.431202837786032433e+03 9.999044593114536639e+00 0.000000000000000000e+00 1.129126650704585622e+01 5.725472677685924282e+04 0.000000000000000000e+00
4.414106391680841625e+03 1.009590603826381638e+01 0.000000000000000000e+00 1.159717571039975503e+01 5.801303650330593518e+04 0.000000000000000000e+00
4.371143857909036342e+03 9.927475245882568800e+00 0.000000000000000000e+00 1.200295432850163557e+01 5.801566703111596871e+04 0.000000000000000000e+00
4.606466518860692304e+03 1.019828048126000652e+01 0.000000000000000000e+00 1.141092302296736527e+01 6.041336214170579478e+04 0.000000000000000000e+00
4.833942810394341905e+03 1.015426194204017563e+01 0.000000000000000000e+00 1.217923921033539614e+01 5.754237563500944816e+04 0.000000000000000000e+00
4.944680614879990571e+03 9.626038250253218465e+00 0.000000000000000000e+00 1.168393459847303184e+01 5.617071447583885310e+04 0.000000000000000000e+00
4.975656390739962262e+03 9.948658833874292284e+00 0.000000000000000000e+00 1.181022285911880410e+01 6.057719197454316600e+04 0.000000000000000000e+00
4.791454466233600215e+03 1.032691642711764679e+01 0.000000000000000000e+00 1.264240755509182534e+01 5.793548439950621832e+04 0.000000000000000000e+00
5.290444019607348309e+03 1.079930613403412387e+01 0.000000000000000000e+00 1.165208976011157738e+01 5.622233010895075859e+04 0.000000000000000000e+00
5.273102042795972920e+03 9.945382292073700725e+00 0.000000000000000000e+00 1.208548623023632729e+01 5.826994855787378037e+04 0.000000000000000000e+00
5.275478010354637263e+03 1.154316049312133963e+01 3.408750224062476519e+00 1.231721447526576796e+01 4.325185512628435731e+02 8.309336541088568140e+01
5.128994046149578935e+03 1.109354709451388388e+01 3.403876584544425210e+00 1.308488718352835534e+01 4.412424448018353473e+02 8.318265468138609720e+01
5.112343638040549195e+03 1.134325422597856559e+01 3.596935271599181583e+00 1.315331791094608249e+01 4.613263184157907517e+02 8.889117573866283806e+01
5.164723056051368076e+03 1.066687872492621914e+01 3.617642890714356074e+00 1.274275819450522107e+01 4.360049794159770045e+02 8.695719725297837499e+01
5.380128116747959211e+03 1.094866660618115617e+01 3.623885004622155126e+00 1.344851310910415165e+01 4.269695826627574320e+02 8.564839024565912950e+01
5.472472039364802185e+03 1.105776829443084530e+01 3.721263167798079419e+00 1.312301834212276574e+01 4.278068970382666407e+02 8.780970383621101405e+01
5.622443825139897854e+03 1.075098962453956908e+01 3.534700308520311030e+00 1.252154157490964437e+01 4.388788213769965409e+02 8.665859287527020172e+01
6.035797712491168568e+03 1.172003178236193577e+01 3.643454771067487385e+00 1.287255219803969730e+01 4.441275531601248758e+02 8.575074960728564122e+01
6.016080037756714773e+03 1.122848559528474333e+01 3.600163868252405752e+00 1.243298105039116308e+01 4.526581165269411713e+02 8.884510742726409660e+01
5.977182247517589531e+03 1.106058809914884300e+01 3.759424721738223063e+00 1.352309020621613733e+01 4.169252670457456702e+02 8.869250744430402733e+01
5.964098636288504167e+03 1.169718096250995920e+01 3.730442781520244999e+00 1.306476622406812105e+01 4.357194825718365223e+02 8.622109558642196703e+01
6.017931662701972527e+03 1.171313093882080736e+01 3.744226307181458324e+00 1.356814510530884377e+01 4.109938288614309840e+02 8.720592423053145126e+01
6.446566858722504548e+03 1.072350349612387177e+01 3.707651607631020418e+00 1.248266298473109259e+01 4.371191517733686851e+02 8.513813502215433004e+01
6.280643088992837875e+03 1.102767614949620878e+01 3.493041019519241619e+00 1.291715140426293473e+01 4.503144504978471332e+02 8.381431496418775851e+01
