-4.236588056095625943e-01 5.899301964538724796e+00 3.284622055401046126e+00 2.888276616792319285e+00 1.464724667295123481e+03 6.247537781907702765e+02
3.495636552917482476e+01 6.071330960090612905e+00 3.422498810012447379e+00 2.705984032992424293e+00 1.366547946395683084e+03 6.080320259436358583e+02
3.436205389223164985e+01 7.712479253507639854e+00 4.231108763462183120e+00 3.450122501764066207e+00 1.353783711655565412e+03 6.040675317618814688e+02
4.750127723234892585e+01 7.498631509891749758e+00 4.538838272723358713e+00 3.397170292298928640e+00 1.445030413202154023e+03 6.090791607924400068e+02
1.040405559793266548e+02 8.017129089165081268e+00 4.423309188386286728e+00 3.261345559677149009e+00 2.024329516935721642e+02 7.934492255063409516e+01
1.425111715269831620e+02 7.833800754109996767e+00 4.559604727295793580e+00 3.541031447203453197e+00 1.930788175094232315e+02 8.327637706501364789e+01
2.092593497171401964e+02 7.891435139772911889e+00 4.720967714675597726e+00 3.527928883036992147e+00 3.517528499849306627e+02 7.654044791920442492e+01
2.585891146424899603e+02 8.520522940816327662e+00 4.498870761718359645e+00 3.634783712668685496e+00 3.420568650815499723e+02 1.436436848677731462e+02
2.969631091265457030e+02 8.748543256995397144e+00 4.659797049663691126e+00 3.628876354514522173e+00 3.660641592916529703e+02 1.400956971903810881e+02
3.398146387815734215e+02 8.565771071152136429e+00 4.847388786459536192e+00 3.523743985866615969e+00 3.689910214157485484e+02 1.375406816437930502e+02
4.151044392298457524e+02 8.938412373903696917e+00 4.898391211506214482e+00 3.546057015249003630e+00 3.749553871803712468e+02 1.459814527899043526e+02
4.828047497782732762e+02 9.617177391058172375e+00 5.164755192814331153e+00 3.974148107938450636e+00 3.476198663143375711e+02 1.474180563380252806e+02
6.046868698063320835e+02 1.075892603162813188e+01 5.599111034708342594e+00 3.966204066741840784e+00 3.742500781831805057e+02 1.373459540192956752e+02
6.504344398346215712e+02 1.130408459185929182e+01 6.000097400475194576e+00 4.206924090408682204e+00 7.725998639180268128e+02 3.191571569730690499e+02
7.786612090026623036e+02 1.091094734549284517e+01 6.053301850465908629e+00 4.495352806279463209e+00 7.430604908175897663e+02 3.218288794030960389e+02
8.676959855393213275e+02 1.134755541576412696e+01 6.260743841442488744e+00 4.713297762329785812e+00 7.465926350889805008e+02 3.042450903349887312e+02
9.809339649481307788e+02 1.100109892921269683e+01 6.309017246875137097e+00 4.866773549614396899e+00 7.260304464409277898e+02 3.219584323460637165e+02
1.113000081230129354e+03 1.181867343358177536e+01 6.210997113211002230e+00 4.521737461741387243e+00 7.734121002450912101e+02 3.070486139523514453e+02
1.147742405064565446e+03 1.206684082259192969e+01 6.406782021198123900e+00 4.571930748336142436e+00 7.613491476971838665e+02 3.181726871794033400e+02
1.332103989276788980e+03 1.139480153131098206e+01 6.843469995051790988e+00 4.852319747290317231e+00 7.390574071523540169e+02 3.198892724129109411e+02
1.353417388303104190e+03 1.215941356025803444e+01 6.839408822858687564e+00 4.939043667906084067e+00 7.370767448861238336e+02 3.069222293292476706e+02
1.631334016809016475e+03 1.259895567269938965e+01 6.414469120515431833e+00 5.121162542783903149e+00 7.732801933234243279e+02 3.144163559265529670e+02
1.863331344102822868e+03 1.269143232391109954e+01 6.875040216505305501e+00 5.348166605994494560e+00 7.766787352330977683e+02 3.065529685388331131e+02
1.932240782868563429e+03 1.255761511379746409e+01 7.107729618775557867e+00 5.309939381159509253e+00 7.881820955583986006e+02 2.989410903666130253e+02
2.154381881615732709e+03 1.331127167542182477e+01 6.926788160774898451e+00 5.566412384003581515e+00 8.317827059844482847e+02 3.206058887750705821e+02
2.240735604135083577e+03 1.346135338614810095e+01 6.975514366853806436e+00 5.589320475242486097e+00 8.019550130169481008e+02 3.056779105815112416e+02
2.683028590004919806e+03 1.334854402702983656e+01 7.388040824042465538e+00 5.487395137949495627e+00 7.730101913571394334e+02 3.255258359286468135e+02
2.708351690333443457e+03 1.390511276769464466e+01 7.105857634530603484e+00 5.423210068332138256e+00 8.100036833206420397e+02 3.254704948869002124e+02
2.969943782285897214e+03 1.369006492569271138e+01 7.689442647608587755e+00 5.719474880907070791e+00 7.996658338658354523e+02 3.238065637423976568e+02
2.758100944163752501e+03 7.985020440741863013e+00 0.000000000000000000e+00 9.907242339257187780e+00 7.681592593792527168e+02 3.035852594704927583e+02
2.853923834859521776e+03 7.934331556108695338e+00 0.000000000000000000e+00 9.962517485176261900e+00 5.900960327432276972e+04 0.000000000000000000e+00
2.987353491254264100e+03 8.039348060034523513e+00 0.000000000000000000e+00 1.058219508903021300e+01 5.797124609194205550e+04 0.000000000000000000e+00
3.057672125908448379e+03 8.272022381303518301e+00 0.000000000000000000e+00 1.079087271287800220e+01 5.633902327767855604e+04 0.000000000000000000e+00
3.123423795865339798e+03 8.832173251972115224e+00 0.000000000000000000e+00 1.012957896833323090e+01 6.012224643086595461e+04 0.000000000000000000e+00
3.470572903939480966e+03 8.853397023146936107e+00 0.000000000000000000e+00 1.026109732925478468e+01 6.008844690179081226e+04 0.000000000000000000e+00
3.538325584659488868e+03 9.276590967356259654e+00 0.000000000000000000e+00 1.114418345714357095e+01 5.642357708937717689e+04 0.000000000000000000e+00
3.534843888028251058e+03 9.282767459758179740e+00 0.000000000000000000e+00 1.095754666602617178e+01 5.662941242152795166e+04 0.000000000000000000e+00
3.661717206074882142e+03 8.879104839664737625e+00 0.000000000000000000e+00 1.049826827659998685e+01 5.752095828997090575e+04 0.000000000000000000e+00
3.906347286718666965e+03 9.397491734745955227e+00 0.000000000000000000e+00 1.071759147308661397e+01 5.590262374476079276e+04 0.000000000000000000e+00
4.060936442966212780e+03 9.479809131334352656e+00 0.000000000000000000e+00 1.163674831778380359e+01 5.517085929920428316e+04 0.000000000000000000e+00
4.019912689321528887e+03 9.346680879367454509e+00 0.000000000000000000e+00 1.114474847911812994e+01 5.943596105748260015e+04 0.000000000000000000e+00
3.871148237960923780e+03 9.607254646885467153e+00 0.000000000000000000e+00 1.148861419373799109e+01 5.997931853010392661e+04 0.000000000000000000e+00
4.268698017356121454e+03 9.952427886429303427e+00 0.000000000000000000e+00 1.110037305092318505e+01 5.499688010881338414e+04 0.000000000000000000e+00
4.466052493501377285e+03 9.449067951302543733e+00 0.000000000000000000e+00 1.141789029197655125e+01 5.924735564832519594e+04 0.000000000000000000e+00
4.185587091324737230e+03 9.870768896505458301e+00 0.000000000000000000e+00 1.176373144784301772e+01 5.809489770502997271e+04 0.000000000000000000e+00
4.533078207847272097e+03 9.852818136746694933e+00 0.000000000000000000e+00 1.150224542276991002e+01 5.904005711336946842e+04 0.000000000000000000e+00
4.619021566668292508e+03 9.952147664248506942e+00 0.000000000000000000e+00 1.191762722842726241e+01 5.539586515293941193e+04 0.000000000000000000e+00
4.790689698198616497e+03 1.012907282714753698e+01 0.000000000000000000e+00 1.213662024474289680e+01 6.039943108415177267e+04 0.000000000000000000e+00
4.716299549155876775e+03 1.044305357392751432e+01 0.000000000000000000e+00 1.149955761051833569e+01 5.848913761494860228e+04 0.000000000000000000e+00
5.079848547480018169e+03 1.064085193814829644e+01 0.000000000000000000e+00 1.251053795229036680e+01 5.680589617011260998e+04 0.000000000000000000e+00
4.991479622060505790e+03 1.070744855033704646e+01 0.000000000000000000e+00 1.159957196545033931e+01 5.907427814774135186e+04 0.000000000000000000e+00
4.874134714873179291e+03 1.055507470960468019e+01 0.000000000000000000e+00 1.219939615889721729e+01 5.794762363777733844e+04 0.000000000000000000e+00
5.140211307126769498e+03 1.061678566438073368e+01 0.000000000000000000e+00 1.158661964023113278e+01 5.497128750322655833e+04 0.000000000000000000e+00
5.022883736040140320e+03 1.079517335980219706e+01 3.462386452475079590e+00 1.219540783591440913e+01 4.526315824093241531e+02 8.150920502545747581e+01
5.108154097925236783e+03 1.156570450329603439e+01 3.605345767282396086e+00 1.314879238995593624e+01 4.483739929326220590e+02 8.336833457842958239e+01
5.408368221961721247e+03 1.053085721966917632e+01 3.708136423439911233e+00 1.333018910371452748e+01 4.524545679260987754e+02 8.474301036578675905e+01
5.585326163123457263e+03 1.151249188260017853e+01 3.647363090749937253e+00 1.223578207237478033e+01 4.459118697869069479e+02 8.659351535987289594e+01
5.599128794640577325e+03 1.108634466429245791e+01 3.717520668418244245e+00 1.279152933216810872e+01 4.505944226771641183e+02 8.894681149295651323e+01
5.448451129854283863e+03 1.098716142571178445e+01 3.430662371318870196e+00 1.326652392229795296e+01 4.192612321420418766e+02 8.108645998755268636e+01
5.850298521820760470e+03 1.086836556135632392e+01 3.764717479539434919e+00 1.335131553216826816e+01 4.160106858642367911e+02 8.417315131380546234e+01
5.512179635732397401e+03 1.069513839549422052e+01 3.792880646954793100e+00 1.236878836026434669e+01 4.167915213595277351e+02 8.208268750519293633e+01
5.954717026937874834e+03 1.097655276268050883e+01 3.771496201808753668e+00 1.328825624622293766e+01 4.265863518763016486e+02 8.543443194004839825e+01
6.226009614208814128e+03 1.092009281711468560e+01 3.670689796681239514e+00 1.330890927947837632e+01 4.381192121718491421e+02 8.734245583183835038e+01
6.058156450008542379e+03 1.089142775193430168e+01 3.537768623378608090e+00 1.315910455350316077e+01 4.464190702219681270e+02 8.452885004761297694e+01
5.947195452760328408e+03 1.142837078567779940e+01 3.797558182518970593e+00 1.334774639805545426e+01 4.303664389670200308e+02 8.366442031170511484e+01
6.369499673142243410e+03 1.096537505748787567e+01 3.625865166553995600e+00 1.258429186441396119e+01 4.222307052247446109e+02 8.366759547234819649e+01
6.086583120294557375e+03 1.072945173733580049e+01 3.520838332143646721e+00 1.339808967879789314e+01 4.145777532832840393e+02 8.673477666288901844e+01
