-7.140287302256342894e-02 5.743012454589817573e+00 3.292473752936138531e+00 2.801078686361631931e+00 1.450873407048289891e+03 5.769591455076603097e+02
3.325463395398244160e+01 6.045089890559935952e+00 3.358163227980603960e+00 2.856662625070240935e+00 1.365951680895109348e+03 5.750102517880119422e+02
3.406586586748395007e+01 8.095603969189223648e+00 4.242172950767362671e+00 3.233840418161783248e+00 1.374564136793149373e+03 5.743956080495920560e+02
5.216639622245600805e+01 8.181060469237063870e+00 4.435080455400064459e+00 3.438011820368868765e+00 1.467198165125807236e+03 6.065529484624552197e+02
1.040571242438040258e+02 7.710764418986475910e+00 4.468148865612570297e+00 3.543398161774319988e+00 2.028598329395181565e+02 8.002922168633108413e+01
1.496233338733074731e+02 7.855850630974972049e+00 4.615258999828420805e+00 3.585608222355086028e+00 1.911316337968937091e+02 8.285603479846099617e+01
2.063347986902283253e+02 8.394946586032546065e+00 4.528943745823564626e+00 3.612928722829543915e+00 3.438756103560284032e+02 7.798726288299815224e+01
2.572073966449197542e+02 8.249718658093900814e+00 4.753284519920210727e+00 3.535698953705683323e+00 3.527528401439875552e+02 1.403206378658577478e+02
2.925495756759256096e+02 8.423216663978609020e+00 4.820091922927537631e+00 3.673498832260501779e+00 3.758489545068709958e+02 1.435118359224532583e+02
3.614277609915062044e+02 8.412719918548082987e+00 4.644670606556260850e+00 3.685988492833601082e+00 3.473513842760367538e+02 1.466921752364166025e+02
3.971180311574355528e+02 8.847095320509595240e+00 4.914451429465557908e+00 3.716650409364287366e+00 3.766615726393619070e+02 1.482913490956115083e+02
5.227527950352839525e+02 9.978680706557062408e+00 5.213689805640096431e+00 3.846970775312691604e+00 3.565241706200497447e+02 1.419661393584137841e+02
6.089460365034216238e+02 9.961402505935879503e+00 5.675968896372986627e+00 4.141443138874826957e+00 3.779531820330961978e+02 1.417196129824956756e+02
6.485596665200694133e+02 1.118644359035329039e+01 6.092176997043520004e+00 4.467791431080680553e+00 7.724907201087015665e+02 3.177477690928216703e+02
7.739578693687579971e+02 1.096959020853762290e+01 6.363190432959495269e+00 4.320610067769443674e+00 7.484279940473238639e+02 3.208415500718489852e+02
8.755923247485413867e+02 1.088421586070087166e+01 6.416204149130566137e+00 4.770632832987937277e+00 7.745194579111108624e+02 3.184332875238761176e+02
1.048335388238622954e+03 1.164660924266369868e+01 6.476852387037547842e+00 4.497556120742148167e+00 7.427446232265357366e+02 2.987080131429428320e+02
1.059156595800285004e+03 1.109346488844301959e+01 6.550928178968234761e+00 4.553137155522129831e+00 7.526465372595713461e+02 2.989898565438454625e+02
1.221871367121661706e+03 1.174646824023139757e+01 6.418904947230767100e+00 4.926581586319445982e+00 7.092669293668197952e+02 3.026299813055582604e+02
1.308831303432055847e+03 1.144185466548743868e+01 6.466050050050720976e+00 4.636647781987499606e+00 7.233766313065764280e+02 3.165487581054543398e+02
1.335648410316516447e+03 1.162919655693201015e+01 6.714169511374334043e+00 5.075907946521876823e+00 7.116925026142891966e+02 3.233660225684450324e+02
1.595249922268943237e+03 1.275495184661938630e+01 6.592158989250535228e+00 5.118329820801134744e+00 7.287036806850051107e+02 3.093976671307838728e+02
1.799827823720176184e+03 1.268690675433402681e+01 6.743196182845453635e+00 5.269717010268127666e+00 7.821619342205453904e+02 3.127714630600410146e+02
1.908423217419259117e+03 1.320810606480029747e+01 6.718553814946939262e+00 5.196139749759506543e+00 7.882991982453853552e+02 3.049319332019432522e+02
2.302999084423198383e+03 1.313912493364238721e+01 6.737121807997243472e+00 5.488487782839187368e+00 8.129721965536168682e+02 3.001769250634313266e+02
2.320421476856257414e+03 1.319069712370905201e+01 7.263220332826045400e+00 5.158290653586142582e+00 7.974639690122744469e+02 3.065910713033663342e+02
2.636426786201496725e+03 1.280055207096132008e+01 6.825322441116807859e+00 5.506729233234177734e+00 7.649452958729808643e+02 3.113658900993074212e+02
2.686579559558917481e+03 1.317584402629441342e+01 7.223697877703768810e+00 5.296513893062267719e+00 8.300552588824539271e+02 3.130432293020988368e+02
2.764780780689278345e+03 1.377496440902801034e+01 7.442290326806103806e+00 5.540978728112825102e+00 8.170146863371517156e+02 2.984444366918687592e+02
2.798880611927642803e+03 8.200075664211556870e+00 0.000000000000000000e+00 9.259542279653107499e+00 7.974791034177836764e+02 3.034222007515398900e+02
2.850783106308135302e+03 8.603833210371700346e+00 0.000000000000000000e+00 9.962443815227915778e+00 6.018742058167477080e+04 0.000000000000000000e+00
3.195776270148095591e+03 8.722860507462071311e+00 0.000000000000000000e+00 1.066604327883548109e+01 5.606529712110952823e+04 0.000000000000000000e+00
3.097077650235061355e+03 8.490709038946830489e+00 0.000000000000000000e+00 1.036111129092308936e+01 5.534846532112744171e+04 0.000000000000000000e+00
3.246952113256262692e+03 8.849755855223055079e+00 0.000000000000000000e+00 1.067771276403494873e+01 6.066475069051196624e+04 0.000000000000000000e+00
3.501135181556176576e+03 9.183904396000578174e+00 0.000000000000000000e+00 1.026738190589674993e+01 5.529665895169321448e+04 0.000000000000000000e+00
3.527715352700549374e+03 9.244202028152855632e+00 0.000000000000000000e+00 1.105792573679836188e+01 5.501112064116894180e+04 0.000000000000000000e+00
3.733734510943201258e+03 9.437014604283998409e+00 0.000000000000000000e+00 1.113161243174268478e+01 5.610972801633957715e+04 0.000000000000000000e+00
3.842051160906911264e+03 8.762982414587705549e+00 0.000000000000000000e+00 1.100747127183718632e+01 5.617525646499360300e+04 0.000000000000000000e+00
3.619136660882160413e+03 9.451653262712017778e+00 0.000000000000000000e+00 1.145984765147371576e+01 5.668838599016452645e+04 0.000000000000000000e+00
4.035476028992913598e+03 8.966240468386475371e+00 0.000000000000000000e+00 1.112491225472571621e+01 5.691125542791121552e+04 0.000000000000000000e+00
4.060856612756932918e+03 9.781712402719417554e+00 0.000000000000000000e+00 1.107991259492650116e+01 5.726813315419837454e+04 0.000000000000000000e+00
3.901054103974690406e+03 9.696487276697771662e+00 0.000000000000000000e+00 1.125865996390817259e+01 5.716320291507773800e+04 0.000000000000000000e+00
4.253172209330768055e+03 9.716182752855337057e+00 0.000000000000000000e+00 1.169309079893179515e+01 5.500955385438669327e+04 0.000000000000000000e+00
4.327420480376035812e+03 9.506199342843901334e+00 0.000000000000000000e+00 1.212755193991983482e+01 5.648681079275815864e+04 0.000000000000000000e+00
4.269581784992547000e+03 9.638735551129014922e+00 0.000000000000000000e+00 1.178011015681511253e+01 5.931901667719507532e+04 0.000000000000000000e+00
4.634628428525427807e+03 9.736950891890545634e+00 0.000000000000000000e+00 1.205276369024771910e+01 5.927909672452152881e+04 0.000000000000000000e+00
4.657364367449112251e+03 1.032797789327211824e+01 0.000000000000000000e+00 1.196722253257450319e+01 5.769276294634649093e+04 0.000000000000000000e+00
4.877872912901441850e+03 9.845145085294127796e+00 0.000000000000000000e+00 1.158771202322561322e+01 5.913137373471330648e+04 0.000000000000000000e+00
4.651210283075191001e+03 1.040114864811156714e+01 0.000000000000000000e+00 1.231289629936482477e+01 5.919802504425466032e+04 0.000000000000000000e+00
4.850556089550690558e+03 1.066031190982931776e+01 0.000000000000000000e+00 1.190166408932163300e+01 5.737416643048493279e+04 0.000000000000000000e+00
4.993567258484646118e+03 1.053299413494965009e+01 0.000000000000000000e+00 1.166152476139451188e+01 5.870408305424410355e+04 0.000000000000000000e+00
4.905775397341672033e+03 1.032807674243739626e+01 0.000000000000000000e+00 1.159299114356993599e+01 5.843553062786092050e+04 0.000000000000000000e+00
5.175865572596650964e+03 1.058968962065676855e+01 0.000000000000000000e+00 1.225434755542102039e+01 6.069080460469215905e+04 0.000000000000000000e+00
5.227860241893222337e+03 1.119402669599721278e+01 3.351653872627414543e+00 1.262458032267196018e+01 4.393043602616789371e+02 8.216339614130143332e+01
5.406794635031057624e+03 1.156724135289290345e+01 3.374309649568759450e+00 1.304478454632034001e+01 4.567748293642536055e+02 8.247520158166236115e+01
5.428139527542130054e+03 1.152896791682880995e+01 3.546475126466505312e+00 1.248447636452944032e+01 4.471067607604395562e+02 8.093173199133086371e+01
5.191360161684265222e+03 1.076479977198632021e+01 3.538284205566960772e+00 1.295604848045763724e+01 4.347756108994479405e+02 8.159173916642004087e+01
5.678255247056101325e+03 1.072410475094682702e+01 3.500252630691718547e+00 1.340463302225261977e+01 4.339246741742563813e+02 8.906485189103332800e+01
5.768117289401602648e+03 1.072938342046690607e+01 3.620871458135272558e+00 1.291993696515437051e+01 4.311144508551653303e+02 8.418407632657476825e+01
5.467250020278298507e+03 1.173144714972485581e+01 3.744653184324960637e+00 1.304025974246073893e+01 4.486849454972264652e+02 8.133630825729080982e+01
5.498761914661079572e+03 1.155991633185941225e+01 3.503397993017055345e+00 1.338781400014530298e+01 4.160813680615344197e+02 8.104133234019138854e+01
5.661536388540237567e+03 1.101561412575065546e+01 3.748849183433160537e+00 1.340364663227168229e+01 4.375361567491754613e+02 8.829068502507939797e+01
6.010256331026173029e+03 1.109260608704784445e+01 3.718349323875193679e+00 1.366975412539836476e+01 4.188219770270086997e+02 8.375706068075552935e+01
6.332997081351969427e+03 1.113170883413308587e+01 3.534466172302649145e+00 1.259540348966019430e+01 4.283907760195926926e+02 8.899394370264256793e+01
6.029395447513951694e+03 1.149606755193542185e+01 3.790541420013282536e+00 1.245423505949925946e+01 4.354560991435361643e+02 8.274530398587384639e+01
6.095015459297490452e+03 1.148292906944115011e+01 3.803899871696160062e+00 1.287868351264112654e+01 4.430391694124149922e+02 8.096977241929258184e+01
6.115496642242859707e+03 1.177470968612848168e+01 3.842889845260514470e+00 1.373746571272136130e+01 4.324719991300269157e+02 8.332544680109798207e+01
