2.000000000000000111e-01 3.510531020850295558e+00
1.000000000000000056e-01 3.602531020850295640e+00
5.000000000000000278e-02 3.874531020850295882e+00
3.333333333333333287e-02 4.028531020850295796e+00
2.000000000000000042e-02 4.160531020850295469e+00
1.250000000000000069e-02 4.274531020850295349e+00
1.000000000000000021e-02 4.338531020850295405e+00
6.666666666666667095e-03 4.504531020850295775e+00
5.000000000000000104e-03 4.692531020850295498e+00
4.000000000000000083e-03 4.878531020850296329e+00
3.333333333333333547e-03 5.038531020850295583e+00
