-1.237259874590023179e-01 5.804209837839585440e+00 3.360823923125700663e+00 2.671017844320167534e+00 1.436579024216242715e+03 6.098336349442516848e+02
3.229623917962270241e+01 5.695417073220365722e+00 3.223128812960726286e+00 2.826015090279302644e+00 1.367727160089253175e+03 5.864135791976119663e+02
3.392604409738989801e+01 7.822365599017298443e+00 4.564842087651878266e+00 3.353461906962844186e+00 1.455277291483325371e+03 5.728124754902343057e+02
4.855438671905255887e+01 7.671466650155188916e+00 4.333492369849474279e+00 3.417237381887104686e+00 1.408297280478383300e+03 5.789861904757131015e+02
9.702598142096429967e+01 7.861833210474771683e+00 4.434503155494241788e+00 3.471863253396992643e+00 2.085774331030038695e+02 8.354448314444243806e+01
1.549559830039427766e+02 7.740250193300421522e+00 4.334898464030965570e+00 3.539206496329092122e+00 1.906026631915276823e+02 8.147385924491317155e+01
2.053561379407490790e+02 8.521542627814641335e+00 4.417663096458658956e+00 3.342563578640799449e+00 3.467552091759082487e+02 7.977950387833448076e+01
2.551800057766300540e+02 8.072640953739236735e+00 4.671366476263346890e+00 3.466738870524737059e+00 3.653851412286289246e+02 1.376802834259062251e+02
3.104071952355065491e+02 8.780134609927170430e+00 4.781221741279503945e+00 3.539203061824329311e+00 3.704916413383405711e+02 1.400197590526119029e+02
3.339491865094815353e+02 9.162949549702259944e+00 5.006431427306467619e+00 3.610037253570797411e+00 3.663612071395479575e+02 1.405392593838952280e+02
3.960840438203058511e+02 9.284051922872244234e+00 4.811072682562858915e+00 3.624136881804288723e+00 3.489051799585969320e+02 1.398767157712396454e+02
5.046130518760180621e+02 9.518759219387632697e+00 5.262485303237490086e+00 3.685522407891589580e+00 3.448350407724771003e+02 1.416998848643954432e+02
5.769311146254824507e+02 1.059916171933609164e+01 5.546620601583351906e+00 4.007137006178119520e+00 3.448121644448652319e+02 1.393106748705768894e+02
6.417001886756206659e+02 1.068157900241664393e+01 6.267790514812326741e+00 4.394554665033473029e+00 7.748458341156876941e+02 3.161802480596866758e+02
7.707414694817588270e+02 1.079863849612218729e+01 6.377292288064213999e+00 4.637550647188316333e+00 7.738900581975955220e+02 3.253183665877346584e+02
8.992462191630318102e+02 1.164576021077357559e+01 6.259546402991431613e+00 4.515975651593078233e+00 7.070288763115730717e+02 3.247846026401654171e+02
1.042694048164602691e+03 1.139193537886514207e+01 6.245161351466056665e+00 4.660602450206778435e+00 7.621089954654580652e+02 2.965544707333345968e+02
1.098344018970582283e+03 1.160202692198475916e+01 6.599627424536492093e+00 4.585824367277210101e+00 7.708887210467514706e+02 3.145894391325823563e+02
1.228278413581441100e+03 1.192942011647047096e+01 6.398698425731151218e+00 4.594897076374193645e+00 7.243375395422859810e+02 3.158781303320697589e+02
1.238028265925121332e+03 1.183021437585735747e+01 6.458198168014371632e+00 4.796360909415524176e+00 7.445866382519778881e+02 3.015486269472464755e+02
1.422229210683689644e+03 1.190235512278545649e+01 6.437727312949786729e+00 4.813292594799953861e+00 7.515473576491210679e+02 2.983898309569541993e+02
1.536036058676755601e+03 1.214778908202688790e+01 6.657473985076274303e+00 4.787887625845794304e+00 7.653757741956370637e+02 3.072247620027773678e+02
1.808905134167458527e+03 1.293261520611241266e+01 6.763370103007972922e+00 5.082049747216061064e+00 7.650522966538788978e+02 3.046124409604752259e+02
2.069692502943687941e+03 1.285132809539851273e+01 6.606039041014001967e+00 5.379746078118573749e+00 7.933487457938645093e+02 2.986555864192913532e+02
2.219591399250009999e+03 1.326631208564402264e+01 6.815808923414521381e+00 5.077535407326410954e+00 8.196337195987815676e+02 2.997924530639649561e+02
2.278221200972107908e+03 1.344449663659487904e+01 7.215995888375126732e+00 5.610018538976546232e+00 7.785028825673272195e+02 3.207021940327908283e+02
2.500613955679350966e+03 1.343645922957434813e+01 6.994045736256825130e+00 5.583606641861185160e+00 8.011133108261248026e+02 3.149466388317098904e+02
2.718026725630841611e+03 1.392793416160751185e+01 7.073344223876508963e+00 5.392660085377395163e+00 8.017613208872268160e+02 2.994684119948303760e+02
3.008231401277852910e+03 1.388166932938396414e+01 6.971599596848108149e+00 5.594925029770874580e+00 7.713041610071361447e+02 2.981250769733619563e+02
2.770217723458163618e+03 8.206254307268114445e+00 0.000000000000000000e+00 9.310368781539095195e+00 8.033710052956135996e+02 3.141711392775142713e+02
3.035117199090435861e+03 8.333881813433754004e+00 0.000000000000000000e+00 1.022256608799665933e+01 5.562312607705324626e+04 0.000000000000000000e+00
3.032098826555278265e+03 8.734000888932843765e+00 0.000000000000000000e+00 1.030139354970807908e+01 6.050618587269647105e+04 0.000000000000000000e+00
3.163678231854508795e+03 8.105914237179177917e+00 0.000000000000000000e+00 1.066004104466403568e+01 5.884660625202177471e+04 0.000000000000000000e+00
3.200599852966608523e+03 8.296693166302254951e+00 0.000000000000000000e+00 1.097958908372978648e+01 5.770940377542717033e+04 0.000000000000000000e+00
3.323282464689952576e+03 9.067864180237368288e+00 0.000000000000000000e+00 1.050023110456801945e+01 5.713619523557089997e+04 0.000000000000000000e+00
3.598449709031368911e+03 8.970757274601790954e+00 0.000000000000000000e+00 1.069925168966411633e+01 5.790087569433606404e+04 0.000000000000000000e+00
3.495539137306718203e+03 9.430850964911842382e+00 0.000000000000000000e+00 1.091312388298634239e+01 5.927335738413665240e+04 0.000000000000000000e+00
3.611024475538744809e+03 9.609852316793164206e+00 0.000000000000000000e+00 1.052641824426094530e+01 5.916151107077617053e+04 0.000000000000000000e+00
3.934547546576956393e+03 9.264674869067933471e+00 0.000000000000000000e+00 1.108038831083902842e+01 5.636100673250851833e+04 0.000000000000000000e+00
3.745760492012983832e+03 9.489150009634791161e+00 0.000000000000000000e+00 1.095803946184847710e+01 5.969252683759031788e+04 0.000000000000000000e+00
4.004411730221293510e+03 9.766350445801382563e+00 0.000000000000000000e+00 1.092196160304702346e+01 5.543236007652214175e+04 0.000000000000000000e+00
4.242423975217988300e+03 9.822528539214925303e+00 0.000000000000000000e+00 1.177120184312352791e+01 6.060900622297858354e+04 0.000000000000000000e+00
4.018729406517829830e+03 9.588293180194673582e+00 0.000000000000000000e+00 1.161833077213602650e+01 5.728431940629983001e+04 0.000000000000000000e+00
4.138369895565310799e+03 9.506823539062434492e+00 0.000000000000000000e+00 1.175045081007447045e+01 5.953630703070104209e+04 0.000000000000000000e+00
4.378727378271343696e+03 9.851447769895873563e+00 0.000000000000000000e+00 1.154871556676854283e+01 5.674800576361593266e+04 0.000000000000000000e+00
4.357022732047024874e+03 1.000448620825788026e+01 0.000000000000000000e+00 1.194686472166720748e+01 5.957326766372945713e+04 0.000000000000000000e+00
4.361338852303307249e+03 1.027819292191122891e+01 0.000000000000000000e+00 1.195702734426658687e+01 5.624730945510065794e+04 0.000000000000000000e+00
4.704519091656264209e+03 1.034523600256068576e+01 0.000000000000000000e+00 1.139308649188030387e+01 5.615991650447398570e+04 0.000000000000000000e+00
4.565977229461324896e+03 9.986329521054221559e+00 0.000000000000000000e+00 1.234100623354628468e+01 5.606487334853270295e+04 0.000000000000000000e+00
5.067440438985438959e+03 1.006756167884032926e+01 0.000000000000000000e+00 1.207138534224471549e+01 5.555794845918346255e+04 0.000000000000000000e+00
5.147538689030573551e+03 9.984303459243072609e+00 0.000000000000000000e+00 1.220979405693859299e+01 5.697338233240034606e+04 0.000000000000000000e+00
5.012870951369884096e+03 1.018552118344063295e+01 0.000000000000000000e+00 1.228459311637506879e+01 5.858656263554120960e+04 0.000000000000000000e+00
5.330862891879476592e+03 1.062647034968641258e+01 0.000000000000000000e+00 1.191554080848007757e+01 5.827653297592869058e+04 0.000000000000000000e+00
5.328316780186784854e+03 1.127118015364086823e+01 3.545488907167450687e+00 1.309367244886946757e+01 4.290599247250525536e+02 8.371054773467355403e+01
4.923753086893702857e+03 1.144072375290243926e+01 3.449404071823122475e+00 1.223675855745594276e+01 4.269299982266320512e+02 8.733356380162273069e+01
5.320645848596874202e+03 1.146372422607985975e+01 3.681694874389330963e+00 1.301723231367973987e+01 4.270346120885797632e+02 8.839193957688247849e+01
5.364002131912930054e+03 1.165492676970712971e+01 3.402445922967929359e+00 1.281847842063461762e+01 4.271860463130288963e+02 8.736485598636755867e+01
5.295055965964009374e+03 1.059099983385268118e+01 3.573751979897155096e+00 1.239347082448587756e+01 4.471890450369217547e+02 8.356691132935269195e+01
5.328340661798834844e+03 1.133888493690126431e+01 3.644705097631308011e+00 1.282665669346507542e+01 4.455552634394251754e+02 8.716211470731887800e+01
5.700479585371916983e+03 1.132405164712111478e+01 3.742768941256023663e+00 1.336260749028989103e+01 4.409055523509094883e+02 8.595697522881192754e+01
5.822433081547541406e+03 1.157117532883063227e+01 3.732107099457876220e+00 1.361682643704775941e+01 4.133905947728065939e+02 8.431285294073772718e+01
5.887515190003769931e+03 1.104595693566181147e+01 3.591236062472658475e+00 1.300374512884879863e+01 4.459176443705190991e+02 8.312829296418921388e+01
5.935062723781631576e+03 1.124761090525538165e+01 3.781931935200616657e+00 1.261686678243419024e+01 4.130716445909246772e+02 8.075036668137317974e+01
5.936894504399950165e+03 1.166458520064715643e+01 3.812682658784523504e+00 1.321022586044418112e+01 4.431861894579956243e+02 8.301342880229047694e+01
6.140710278825899877e+03 1.076999066770886770e+01 3.801631703890081759e+00 1.328458820502225812e+01 4.412871244934848960e+02 8.522068335726312682e+01
6.435168461064038638e+03 1.172374190071028188e+01 3.507698057994137919e+00 1.366156698588403451e+01 4.288228345769452403e+02 8.209071394251932929e+01
6.501634154605520052e+03 1.150914432230521101e+01 3.651935685715410163e+00 1.300551539882931884e+01 4.259921957189663999e+02 8.757230317761852234e+01
