-3.468694421671435490e-01 5.899265784345733898e+00 3.210848396472715915e+00 2.738231152772125032e+00 1.383686220963468941e+03 6.268594807248152847e+02
3.454256081910070719e+01 5.660398147438263194e+00 3.267292709812694707e+00 2.730770571229424792e+00 1.425319621366722686e+03 5.827254452488540437e+02
3.495633575317307873e+01 7.594778506813067764e+00 4.167959614824262360e+00 3.416122176368204588e+00 1.402808908858496579e+03 5.823864129154757165e+02
4.974918629600729503e+01 7.779082342733165234e+00 4.445755798599733133e+00 3.233404592621518692e+00 1.439736774482855253e+03 5.783010190930931458e+02
1.034537089287434668e+02 7.702120118680217509e+00 4.582532736859306510e+00 3.214540394053782890e+00 2.071018755306077139e+02 7.902243686451586768e+01
1.518705437962382803e+02 7.768796218043874546e+00 4.616875550037714326e+00 3.257408209173328295e+00 2.021201072848601257e+02 7.787169139795017259e+01
1.955451439032338499e+02 8.076017037071729021e+00 4.590031427742515824e+00 3.592772516250238635e+00 3.502421623263335277e+02 8.143476442579432728e+01
2.455076140250583592e+02 8.698109529841048015e+00 4.530743003362845300e+00 3.430957768887273218e+00 3.770281770689991845e+02 1.488722621501699734e+02
2.972369039797258665e+02 8.256202543629745705e+00 4.668327150517035840e+00 3.476438271101752076e+00 3.435479513569800929e+02 1.491624316938132893e+02
3.648613119386396875e+02 8.946122931008718027e+00 5.046737697611357376e+00 3.694529358509157202e+00 3.678058045812471164e+02 1.475638056481191427e+02
4.036506128092925110e+02 8.635231514836021915e+00 5.189122026072575444e+00 3.669018674657936963e+00 3.656436167864342792e+02 1.420831068401324160e+02
5.081881265389515647e+02 9.675084588130795638e+00 5.073931848172896331e+00 3.668596059555989441e+00 3.573748762310630127e+02 1.445897150553230404e+02
6.145860589697571186e+02 1.037443015735918728e+01 5.657112598082363775e+00 4.283340855000068004e+00 3.655047537247522200e+02 1.452877712890045245e+02
6.644266385480050303e+02 1.049248148262957869e+01 6.286292579339700204e+00 4.173101942023944133e+00 7.409351222507641523e+02 3.026561283552258601e+02
8.098538854589785387e+02 1.099160993191816615e+01 6.242210243816919579e+00 4.657227311062333897e+00 7.064419827894716946e+02 3.173342073120442706e+02
9.150630236553328132e+02 1.098695911015926008e+01 6.065195239664994631e+00 4.423009856352342339e+00 7.208691801988833276e+02 3.096345373344432801e+02
9.872389100481022979e+02 1.093257460090827315e+01 6.279877184617859598e+00 4.737990177909028766e+00 7.613012332039801322e+02 3.170458650205800382e+02
1.129026923626616281e+03 1.179208505181644107e+01 6.232194006098236372e+00 4.715862289545506236e+00 7.158385238705486699e+02 3.041921278485310154e+02
1.253404236669884085e+03 1.226930439455356492e+01 6.784285930235609108e+00 4.694401018831258376e+00 7.084360314340052582e+02 3.077963289804666829e+02
1.303599277546575195e+03 1.209173813109617335e+01 6.827303964692191585e+00 4.849384027553344190e+00 7.696365875586858465e+02 3.100275943413723212e+02
1.330681686766336497e+03 1.258641633978959007e+01 6.505558712831982504e+00 4.649740321064980364e+00 7.733183423116944368e+02 3.151915988482636521e+02
1.519971647047367924e+03 1.276489287674590756e+01 6.706943969095775948e+00 4.818270391814865050e+00 7.231771992704651666e+02 3.046743203145435928e+02
1.776904971707210052e+03 1.194847470683588497e+01 7.026361917302448745e+00 5.250463443982386735e+00 7.878612686722385661e+02 3.162050642555710738e+02
2.090071761262369819e+03 1.279181939403564883e+01 6.895196955323199539e+00 5.250180930609784191e+00 8.386464533694205556e+02 3.066382197873822975e+02
2.098048921968092600e+03 1.259645917734572329e+01 7.262705831030328518e+00 5.465951784597452345e+00 8.050143291823259233e+02 3.140161102904453401e+02
2.206939150341463574e+03 1.263465597978030353e+01 6.854071154099025343e+00 5.543758338753615789e+00 8.300229868281531935e+02 3.229942417795336951e+02
2.726929861946979145e+03 1.265749680204907612e+01 6.834609280844256674e+00 5.403563425819426058e+00 8.358174484812325318e+02 3.161758862219091952e+02
2.703039410089262674e+03 1.321532000502615745e+01 7.105344307459773745e+00 5.658293324086528742e+00 8.391228572131782357e+02 3.269781965913852559e+02
3.040382753162121389e+03 1.425979674282390874e+01 7.415417494099926010e+00 5.789890510012350333e+00 8.086536866474741601e+02 3.069932400957200684e+02
2.849386474020501282e+03 8.309164797932091062e+00 0.000000000000000000e+00 9.384735346265859590e+00 8.226716745006092424e+02 3.179992673834917127e+02
2.952312844155490893e+03 8.231005632709296194e+00 0.000000000000000000e+00 9.820294083358001913e+00 5.623585788469932595e+04 0.000000000000000000e+00
2.984575067794191000e+03 8.595248849798570845e+00 0.000000000000000000e+00 1.041478757308198411e+01 5.749426926598976570e+04 0.000000000000000000e+00
3.012619742263539138e+03 8.846337245819675843e+00 0.000000000000000000e+00 1.032904729335335681e+01 5.822951502748927305e+04 0.000000000000000000e+00
3.236317212675543487e+03 8.885009219902681110e+00 0.000000000000000000e+00 1.036575618052252423e+01 5.825768292987315363e+04 0.000000000000000000e+00
3.343419248793447423e+03 8.733529374865318218e+00 0.000000000000000000e+00 1.073979896288293290e+01 5.800594433274729090e+04 0.000000000000000000e+00
3.418091756415276450e+03 9.023871883889968970e+00 0.000000000000000000e+00 1.072124793152572586e+01 5.964255318833897763e+04 0.000000000000000000e+00
3.541758897878316020e+03 9.454697701189058279e+00 0.000000000000000000e+00 1.071890118769401745e+01 5.946472689852833719e+04 0.000000000000000000e+00
3.680093569093330188e+03 8.864822694037782114e+00 0.000000000000000000e+00 1.104183008184192616e+01 5.933546007569379435e+04 0.000000000000000000e+00
3.603686913857281525e+03 9.511186065984826854e+00 0.000000000000000000e+00 1.054604678636339266e+01 5.917032159729744308e+04 0.000000000000000000e+00
3.933298480938188732e+03 9.555785728344348584e+00 0.000000000000000000e+00 1.153094748774186762e+01 5.888329775010071899e+04 0.000000000000000000e+00
3.964849768603077337e+03 9.718879018594742902e+00 0.000000000000000000e+00 1.180847716058470098e+01 5.852778159686420258e+04 0.000000000000000000e+00
4.107680821460309744e+03 9.737122720557961131e+00 0.000000000000000000e+00 1.146271937280946673e+01 5.660268120372162957e+04 0.000000000000000000e+00
3.963158951110645376e+03 9.322155940218017633e+00 0.000000000000000000e+00 1.156600552663378956e+01 5.645542789195491787e+04 0.000000000000000000e+00
4.312467631968483147e+03 1.009169116892393347e+01 0.000000000000000000e+00 1.139625738285691980e+01 5.886201109019741125e+04 0.000000000000000000e+00
4.316452909562426612e+03 9.502048526345214796e+00 0.000000000000000000e+00 1.181192624927431289e+01 6.012718035664374474e+04 0.000000000000000000e+00
4.409728435011167676e+03 1.012199079491907483e+01 0.000000000000000000e+00 1.158950597725838705e+01 5.701762760449358757e+04 0.000000000000000000e+00
4.463853288251972117e+03 1.029353803615961382e+01 0.000000000000000000e+00 1.133153656075716320e+01 5.706916077606957697e+04 0.000000000000000000e+00
4.621765433107649187e+03 1.001507873086247180e+01 0.000000000000000000e+00 1.230770234504386273e+01 5.626845789409932331e+04 0.000000000000000000e+00
4.883966254213146385e+03 1.039374728700194161e+01 0.000000000000000000e+00 1.241168361783694074e+01 5.654013216923647997e+04 0.000000000000000000e+00
5.060040007146503740e+03 1.052519043503514240e+01 0.000000000000000000e+00 1.239473795154546920e+01 5.717459748888542526e+04 0.000000000000000000e+00
4.850129589759242663e+03 9.872554422820631004e+00 0.000000000000000000e+00 1.224428743265090880e+01 5.754451449831451464e+04 0.000000000000000000e+00
4.935350402661138105e+03 9.953332635452515120e+00 0.000000000000000000e+00 1.215204115258611672e+01 5.556220917037178151e+04 0.000000000000000000e+00
5.146226415048484341e+03 1.052737026790587826e+01 0.000000000000000000e+00 1.251570879001716996e+01 5.921725885102519533e+04 0.000000000000000000e+00
5.271148758424921652e+03 1.155865358086899697e+01 3.473698536404742132e+00 1.312553337632408379e+01 4.542377877845826788e+02 8.369050263288583835e+01
5.247356362632178389e+03 1.077082235536743582e+01 3.504815989303450507e+00 1.284737243451281863e+01 4.469535367553506831e+02 8.630319141601587773e+01
5.445310899283045728e+03 1.090244179222671050e+01 3.419536002551771592e+00 1.323743494484963890e+01 4.516869454424747801e+02 8.870563729597878933e+01
5.446483866055166800e+03 1.118195960938552780e+01 3.411497984584552778e+00 1.273007716047375659e+01 4.507733576800542892e+02 8.867968388056409879e+01
5.278136211164216547e+03 1.160952601663675843e+01 3.652388522708100105e+00 1.260900483400331318e+01 4.285806796091776505e+02 8.104534739069335103e+01
5.396107552980471155e+03 1.090739791166419437e+01 3.613621847616395488e+00 1.282936198100784431e+01 4.372987809523528426e+02 8.379740924434433680e+01
5.467576550068046345e+03 1.079610382842130356e+01 3.518243919013009258e+00 1.241990527802500210e+01 4.384041922237476001e+02 8.712084381367071728e+01
5.991066750374364346e+03 1.114440105960460947e+01 3.613827182485025880e+00 1.341353507949917478e+01 4.403174927042463764e+02 8.524026331426230740e+01
6.042044465948404650e+03 1.150574488867165535e+01 3.658509402374541253e+00 1.267430379868415358e+01 4.219699572087732804e+02 8.728194470545103911e+01
6.014630347925580281e+03 1.102463233296046496e+01 3.744084593781131343e+00 1.246680384465475910e+01 4.326989245173268159e+02 8.759348995809631333e+01
6.145069922492993101e+03 1.104797819896915279e+01 3.762902828304136804e+00 1.338844781275005147e+01 4.366446536771953220e+02 8.623084579840885056e+01
6.273870035364194337e+03 1.097644839854497434e+01 3.618107366769918620e+00 1.242651194215986798e+01 4.463164675022090364e+02 8.459229626874555663e+01
6.335633346987399818e+03 1.168265939189818248e+01 3.638086342860568756e+00 1.294930922468067003e+01 4.202455026669897507e+02 8.553473784633598598e+01
6.392732122265859289e+03 1.159076433329012445e+01 3.527067095653761530e+00 1.342807627971389905e+01 4.401329749182142450e+02 8.315580419090632347e+01
