3.115319904289898245e-01 5.821890534307329723e+00 3.322981691696555107e+00 2.775696088580016152e+00 1.362607400797515993e+03 6.009579332991236242e+02
3.410083584650779898e+01 5.851861293230984806e+00 3.511695992745452077e+00 2.926301647198971345e+00 1.348527271863541500e+03 5.829046346000261565e+02
3.303238922281553869e+01 7.617739559072078670e+00 4.265584908128902342e+00 3.290892602061829653e+00 1.446098671361245124e+03 5.973350863363730241e+02
5.164776821714161059e+01 7.844915163426621874e+00 4.553616042125685048e+00 3.392033191218128074e+00 1.386668479399170110e+03 5.927698089260197776e+02
1.031562971070786432e+02 8.297331897815448443e+00 4.317052773735078119e+00 3.330533571294197248e+00 1.977078052198046123e+02 8.021106947584841862e+01
1.521912142768241267e+02 8.495569653960503231e+00 4.607907189257328895e+00 3.394188127606647232e+00 1.957807814823734986e+02 8.226396138043143935e+01
1.917519267726413545e+02 8.577402740091322642e+00 4.734559235782673348e+00 3.544071043446924918e+00 3.529699407788120880e+02 8.257272934857788016e+01
2.581211492725867060e+02 8.330406105647798043e+00 4.832758547971526042e+00 3.599664686466933272e+00 3.447474872912519572e+02 1.376522471283167590e+02
3.043453262021766932e+02 8.392626407452022264e+00 4.897029201510052054e+00 3.478707963237100298e+00 3.531596908350734338e+02 1.480095180865290843e+02
3.551480320426508115e+02 8.974351896679763740e+00 4.825878874892955750e+00 3.482134318354489722e+00 3.634543986768073296e+02 1.481182280179883435e+02
4.118030162022994887e+02 9.400719333195747041e+00 4.900656985208195593e+00 3.558543057413777522e+00 3.756585064192554455e+02 1.440824109663388128e+02
5.147847287446219298e+02 9.243021539224322680e+00 5.107831789699055491e+00 3.931722191359842355e+00 3.769372313442289055e+02 1.371952145049290834e+02
6.108995869521857003e+02 1.059152807602831992e+01 5.864894665647857330e+00 4.022991523912388345e+00 3.688894666930671065e+02 1.446527710697454836e+02
6.947789390857826675e+02 1.035065254327921025e+01 6.264664706474136757e+00 4.387696166426247935e+00 7.642348669521093143e+02 3.153936222928269331e+02
8.071016387995130117e+02 1.076837955146191561e+01 6.305335929289796582e+00 4.612169777571206275e+00 7.193806874719657571e+02 3.270900710841180512e+02
8.615549675363313327e+02 1.114556878831082720e+01 6.407397762823174858e+00 4.499054078495205999e+00 7.674064482349872378e+02 3.010839957562184281e+02
9.776182051927039538e+02 1.190160842643581063e+01 6.085410876006351444e+00 4.425461992774700093e+00 7.343460547363301885e+02 3.117059096393907680e+02
1.044520982476729841e+03 1.114615111305169570e+01 6.257736853096736773e+00 4.933101327168840200e+00 7.116556149063777639e+02 3.099995517618819463e+02
1.238879724808846959e+03 1.217426771759824611e+01 6.304250402555417132e+00 4.553194703882370575e+00 7.377777592412270451e+02 3.150993014061780286e+02
1.318234763283408256e+03 1.213114250903922553e+01 6.443208567043113177e+00 5.030192356808457887e+00 7.592497639082315573e+02 3.234001155828663059e+02
1.337044104685950515e+03 1.139728568188784230e+01 6.763715045121162284e+00 4.692413218047860823e+00 7.424168503528295560e+02 3.176751042626634671e+02
1.558592859213524662e+03 1.222883324830833196e+01 6.521639594243003657e+00 5.049610440384836529e+00 7.564847027030119762e+02 3.199919773522610740e+02
1.772372664530386373e+03 1.305610035588396123e+01 6.621921681153641437e+00 5.115945312398703315e+00 7.876864682314662787e+02 3.133302561332497476e+02
1.990132690820323887e+03 1.270084905333450465e+01 6.888742843956275230e+00 5.175333707081062329e+00 8.205083868342640017e+02 3.113971294015497051e+02
2.228579505709819387e+03 1.342785887465635142e+01 6.703808299970638984e+00 5.201174473612331539e+00 7.650864935981657027e+02 3.249475316140091650e+02
2.223023467471688946e+03 1.311337538169226491e+01 7.160353994601208250e+00 5.111525643820303166e+00 8.393312713549385080e+02 3.251593703471029926e+02
2.599924212330489354e+03 1.367339256873674636e+01 6.963251617303112262e+00 5.374645435102959112e+00 7.615018345203661738e+02 3.216967715813066206e+02
2.727976095208120569e+03 1.298050264586119873e+01 7.201811812857644490e+00 5.378831302646688073e+00 7.993560858542987262e+02 3.254333348949958804e+02
2.856160813726911329e+03 1.302344036182398845e+01 7.680939824111241876e+00 5.906029811296575005e+00 7.866142660916431169e+02 3.246621408130990858e+02
3.015521136226804174e+03 8.286351528804500433e+00 0.000000000000000000e+00 9.882263587491113555e+00 8.090371622517816377e+02 3.209909455866983876e+02
3.094472837031316431e+03 8.456024614357360747e+00 0.000000000000000000e+00 1.021625118099992413e+01 5.963300786951450573e+04 0.000000000000000000e+00
3.090520582564001870e+03 8.523550181591192043e+00 0.000000000000000000e+00 9.881780440707322200e+00 5.872083221960339870e+04 0.000000000000000000e+00
3.182543630863937778e+03 8.709885860366247456e+00 0.000000000000000000e+00 1.071048155766073506e+01 5.901709742747942073e+04 0.000000000000000000e+00
3.433363289073476608e+03 8.514509226513920837e+00 0.000000000000000000e+00 1.035940215288451327e+01 6.020342488967014651e+04 0.000000000000000000e+00
3.284052716576160947e+03 8.694655067987556052e+00 0.000000000000000000e+00 1.036566281312913418e+01 5.963227043224461522e+04 0.000000000000000000e+00
3.303741095061143369e+03 8.967104833419124787e+00 0.000000000000000000e+00 1.117719990773988670e+01 5.915847338706753362e+04 0.000000000000000000e+00
3.443827510010507012e+03 9.443768684627873000e+00 0.000000000000000000e+00 1.061683547854051213e+01 5.864416909764021693e+04 0.000000000000000000e+00
3.559864793511508651e+03 8.821994709387301015e+00 0.000000000000000000e+00 1.043472571255181869e+01 5.648022970318166335e+04 0.000000000000000000e+00
3.805450012937915290e+03 9.419272761752830903e+00 0.000000000000000000e+00 1.054814915647795992e+01 5.781191092798982572e+04 0.000000000000000000e+00
3.778373641377964304e+03 9.285831572437400538e+00 0.000000000000000000e+00 1.090091858813402759e+01 5.802561446221601364e+04 0.000000000000000000e+00
4.134305469397470006e+03 9.010679735407681079e+00 0.000000000000000000e+00 1.098317910975553247e+01 5.995500733739899442e+04 0.000000000000000000e+00
4.029932361853205293e+03 9.264134690147075801e+00 0.000000000000000000e+00 1.179615484727208141e+01 5.804606837973728398e+04 0.000000000000000000e+00
4.315250035859938180e+03 9.424639605245513252e+00 0.000000000000000000e+00 1.115552844187516079e+01 6.037295527487300569e+04 0.000000000000000000e+00
4.160136977219742221e+03 1.004562346388528482e+01 0.000000000000000000e+00 1.129787709573901822e+01 5.932361758854481013e+04 0.000000000000000000e+00
4.262231238287367887e+03 9.343251576243854828e+00 0.000000000000000000e+00 1.207272415727281079e+01 5.654196773728409607e+04 0.000000000000000000e+00
4.635413567977968341e+03 9.867415828258399912e+00 0.000000000000000000e+00 1.124896177249219598e+01 5.547121915820136928e+04 0.000000000000000000e+00
4.716386481129316962e+03 1.032562913139419791e+01 0.000000000000000000e+00 1.217010044412226932e+01 5.966839558451843914e+04 0.000000000000000000e+00
4.801113350448618803e+03 9.994814913242146659e+00 0.000000000000000000e+00 1.208681307044134456e+01 5.698084776562608022e+04 0.000000000000000000e+00
4.910575057448592815e+03 9.756697929542365699e+00 0.000000000000000000e+00 1.196488877664722494e+01 5.860124232737493003e+04 0.000000000000000000e+00
5.094886209161661100e+03 1.052196232281546351e+01 0.000000000000000000e+00 1.189393303135437030e+01 5.970194555371161550e+04 0.000000000000000000e+00
5.108234398091844923e+03 1.038239769378085775e+01 0.000000000000000000e+00 1.215983495978598583e+01 5.747751632334309397e+04 0.000000000000000000e+00
5.257295962456547386e+03 1.075429924073463717e+01 0.000000000000000000e+00 1.224130890148665074e+01 6.013270334338422253e+04 0.000000000000000000e+00
5.335018333445477765e+03 1.031764951459967961e+01 0.000000000000000000e+00 1.231567527078315649e+01 5.707629145305830025e+04 0.000000000000000000e+00
5.282822728133707642e+03 1.122314694534509982e+01 3.346719848624531313e+00 1.315604507145193480e+01 4.534473414394796578e+02 8.147834166761701624e+01
5.210491693030642637e+03 1.086279555506364858e+01 3.609017356483027239e+00 1.223588729022674926e+01 4.549769672572266472e+02 8.731354302726163041e+01
5.422685505354312227e+03 1.087578564560746130e+01 3.607204068264592056e+00 1.258595015683657969e+01 4.646088546213667883e+02 8.528029400774568103e+01
5.154429768956734733e+03 1.103941864392047378e+01 3.576934079054623794e+00 1.281175141850938637e+01 4.440203338889395468e+02 8.098648569638935157e+01
5.358207943203730792e+03 1.164903002593866788e+01 3.580685219089591698e+00 1.241461493835844188e+01 4.463418041898623869e+02 8.163767818527109910e+01
5.591563311559974863e+03 1.074379441810407876e+01 3.776112311342307848e+00 1.318696048235023888e+01 4.391900012363680617e+02 8.284462142869848833e+01
5.920999303780512491e+03 1.072906545938203138e+01 3.481349456806476894e+00 1.239206293370442502e+01 4.390749154116424506e+02 8.212102073823318449e+01
5.702990737857539898e+03 1.148049877007465014e+01 3.499110794640353017e+00 1.314667247889931012e+01 4.273197570993552290e+02 8.675353085852444224e+01
6.081199544136865370e+03 1.140121261558197041e+01 3.764560018556032173e+00 1.354713188156944703e+01 4.513716476049515336e+02 8.404445974268887198e+01
6.009524478862057549e+03 1.178832976309199587e+01 3.712663236491901664e+00 1.251635901654215210e+01 4.324141879984158550e+02 8.528638810731499120e+01
5.986660193792571590e+03 1.132719330289035042e+01 3.726894406273660199e+00 1.325688224891242939e+01 4.321208684334999930e+02 8.089786205809134856e+01
6.190209111602895064e+03 1.110649705120524722e+01 3.544249687359971812e+00 1.254946223454649967e+01 4.136063999697634586e+02 8.120964786608060137e+01
6.422757725452895102e+03 1.077596283870264671e+01 3.769243536776800685e+00 1.311164597756165406e+01 4.484181850910230196e+02 8.692951558391166600e+01
6.547564540141598627e+03 1.126667808915707703e+01 3.556058397443677244e+00 1.301963337935252341e+01 4.500780179448801732e+02 8.859348356136018765e+01
