4.057152727799518965e-01 5.793616543918778561e+00 3.227250386698611084e+00 2.911345537564999475e+00 1.419636172475057492e+03 5.908993460368245678e+02
3.161927898271789417e+01 5.687045654022854890e+00 3.383300480397833709e+00 2.783759326791194422e+00 1.360899979649990883e+03 5.866074706631868594e+02
3.087841613218197168e+01 7.798604026111895848e+00 4.471977324886612593e+00 3.229054720515345256e+00 1.348006745270874944e+03 6.117523082000980139e+02
4.949229865264070582e+01 7.446907438056079798e+00 4.580708680479914641e+00 3.401349570536653211e+00 1.466635610021545517e+03 5.909036141830735005e+02
1.030232772464209745e+02 7.598736601759471299e+00 4.548030904188204104e+00 3.260510977433833890e+00 1.903087583075205771e+02 8.140067831333398374e+01
1.441897165811195975e+02 8.062208935150684042e+00 4.451405745713475248e+00 3.542995442004940987e+00 2.080628545941040386e+02 7.774384597206564251e+01
1.994153846421732226e+02 7.927264777613417301e+00 4.616089832301897289e+00 3.593080530556028496e+00 3.518451769098472823e+02 7.623191490987306906e+01
2.436188081486406816e+02 8.606310167609214190e+00 4.521069620547723211e+00 3.610544202491381416e+00 3.735283015836076856e+02 1.377210048180258468e+02
3.046767638808241827e+02 8.324759263585621127e+00 4.694689573885410638e+00 3.659367985466610573e+00 3.535953657237143375e+02 1.388645742839100592e+02
3.475505685719043640e+02 8.693242065343838476e+00 4.692866091541119111e+00 3.466476761628173531e+00 3.614477955507252886e+02 1.391763364746313414e+02
3.992812570891623523e+02 9.063884818972315571e+00 4.873578927943304606e+00 3.775616663329748768e+00 3.558181645129556614e+02 1.401391580232082390e+02
5.167148947477111278e+02 1.000554914702792253e+01 5.058105387287601395e+00 3.808267080617747880e+00 3.494514692344727678e+02 1.451009828729844742e+02
6.030924943195512924e+02 1.074922735641521143e+01 5.679910190586308083e+00 4.187145109257190079e+00 3.490866721300382096e+02 1.444510267193077198e+02
6.511552141020871431e+02 1.028732413475668395e+01 6.280687243959441446e+00 4.310103945523315438e+00 7.185437786073626967e+02 3.274060170106700411e+02
8.045579814087251407e+02 1.085101156847761139e+01 6.232656646483590634e+00 4.462086148374275751e+00 7.038944789762171013e+02 3.013832422615241740e+02
9.363391552397717987e+02 1.151636573958975518e+01 6.540494492485086298e+00 4.677675535866931966e+00 7.349185064387605735e+02 3.244113405035765254e+02
1.044839623606909299e+03 1.096094382040162962e+01 6.241408826442263802e+00 4.871189337694413979e+00 7.104944364587356631e+02 3.029993360319847397e+02
1.058620142608998322e+03 1.160442172478446210e+01 6.728777801121382574e+00 4.705152969250616657e+00 7.519900168542766323e+02 2.998559431662743009e+02
1.196896978000108220e+03 1.228504326797298241e+01 6.311096735731536178e+00 4.751976725268200141e+00 7.485680801080567335e+02 3.072729637782430814e+02
1.240464860393132540e+03 1.215213055882486337e+01 6.477634674050521291e+00 4.810570636309781989e+00 7.295919767831326226e+02 3.061581622673712673e+02
1.369858140096788929e+03 1.241064678987970815e+01 6.934961207223328650e+00 4.918316758424705171e+00 7.078823300924990463e+02 3.050130129649587616e+02
1.608200000561055731e+03 1.172463669276954690e+01 6.621134518066563501e+00 4.905499402879902604e+00 7.051452753093375350e+02 3.140808905829015316e+02
1.738185196145648888e+03 1.221871628923349640e+01 7.162876039653049531e+00 5.182003566336206291e+00 8.392563727160452345e+02 3.125437287997789895e+02
1.925161286797238745e+03 1.325208711912153525e+01 6.958190589064774834e+00 4.962122919347719652e+00 8.319396452941331290e+02 2.994979548062976278e+02
2.166539905229329179e+03 1.311334429563754966e+01 6.669227557986877386e+00 5.272312073489139550e+00 7.721909220718416691e+02 3.073429824840989681e+02
2.413246259206640389e+03 1.333381454670621835e+01 6.956816245766515472e+00 5.215125146023514624e+00 8.065668670450641002e+02 3.128971333006455779e+02
2.672662241900671688e+03 1.297132145892621402e+01 7.229819126770324900e+00 5.303320523034152245e+00 7.893630102828766439e+02 3.086232787605586623e+02
2.475115288656982557e+03 1.372592958689105735e+01 7.069777014691591255e+00 5.738198447833567251e+00 8.285992283510538527e+02 3.242136530083682828e+02
3.027174599710543134e+03 1.317791402990179961e+01 7.250934951912687332e+00 5.664527471567684991e+00 8.167944636503298170e+02 3.030328735539859508e+02
2.789813135851430616e+03 8.178102362882167853e+00 0.000000000000000000e+00 1.017357491298627004e+01 7.954354360687952976e+02 3.088592393462468522e+02
3.118412406252376968e+03 8.353953478046376446e+00 0.000000000000000000e+00 1.018026053476118875e+01 5.883616195663629333e+04 0.000000000000000000e+00
3.164521464471287345e+03 8.760317093130769450e+00 0.000000000000000000e+00 9.799556692198612140e+00 5.528358378352348518e+04 0.000000000000000000e+00
3.275106813748211607e+03 8.295705743210021410e+00 0.000000000000000000e+00 1.080958344616261968e+01 5.734763158340899827e+04 0.000000000000000000e+00
3.192766946530012319e+03 8.983196030339010818e+00 0.000000000000000000e+00 1.061954563512722061e+01 5.897796756706129963e+04 0.000000000000000000e+00
3.487446844680308914e+03 8.393145271354971015e+00 0.000000000000000000e+00 1.055535849316845898e+01 6.001825267566215916e+04 0.000000000000000000e+00
3.346105679765212244e+03 8.608758915328412087e+00 0.000000000000000000e+00 1.044686258288630576e+01 6.061961933852113725e+04 0.000000000000000000e+00
3.513337656774217066e+03 9.300219541865519801e+00 0.000000000000000000e+00 1.074519095691546156e+01 5.674211912818509154e+04 0.000000000000000000e+00
3.661518360440945344e+03 8.955419077450208931e+00 0.000000000000000000e+00 1.078758790091346498e+01 5.599586307523545111e+04 0.000000000000000000e+00
3.832562605248329874e+03 9.259726167311034928e+00 0.000000000000000000e+00 1.090778394672581086e+01 5.983752587570683681e+04 0.000000000000000000e+00
4.010832587320793664e+03 9.818977925412868402e+00 0.000000000000000000e+00 1.174833699147443689e+01 5.538960872996899707e+04 0.000000000000000000e+00
3.908677434496684327e+03 9.799895418821067850e+00 0.000000000000000000e+00 1.114801949899698563e+01 5.773634265025469358e+04 0.000000000000000000e+00
4.260290626133230944e+03 1.002730456037784812e+01 0.000000000000000000e+00 1.133386351641818734e+01 5.973747538586980954e+04 0.000000000000000000e+00
4.203061570624163323e+03 9.243995172202444266e+00 0.000000000000000000e+00 1.158727966903414419e+01 5.943416590515862481e+04 0.000000000000000000e+00
4.190080359589436739e+03 9.851378340731404393e+00 0.000000000000000000e+00 1.122910353372567727e+01 5.728877186907426221e+04 0.000000000000000000e+00
4.291068027596019419e+03 1.023061915432654168e+01 0.000000000000000000e+00 1.119862751559439751e+01 5.547869228006382764e+04 0.000000000000000000e+00
4.445910098859677419e+03 9.880925760621014575e+00 0.000000000000000000e+00 1.222151720137145503e+01 5.650115628007132909e+04 0.000000000000000000e+00
4.493215735362296982e+03 1.044328173919201497e+01 0.000000000000000000e+00 1.139519487551052279e+01 5.683744514924963732e+04 0.000000000000000000e+00
4.612691971669984923e+03 1.005152382784792664e+01 0.000000000000000000e+00 1.208101695465275505e+01 5.926033366439968086e+04 0.000000000000000000e+00
4.560105625934946147e+03 1.035739644786331759e+01 0.000000000000000000e+00 1.184604795126971233e+01 6.064839275898203050e+04 0.000000000000000000e+00
5.019456451443146761e+03 1.020317014458588645e+01 0.000000000000000000e+00 1.213992790972332614e+01 5.656624005274203228e+04 0.000000000000000000e+00
4.760122082602273622e+03 1.002170098192286574e+01 0.000000000000000000e+00 1.201355724146341153e+01 5.833587481985252816e+04 0.000000000000000000e+00
4.817443133256918372e+03 1.082489930325203886e+01 0.000000000000000000e+00 1.183338744322997549e+01 5.660836492940348398e+04 0.000000000000000000e+00
5.178432917701553379e+03 1.082000695518130229e+01 0.000000000000000000e+00 1.157327657234314167e+01 5.571425034495638101e+04 0.000000000000000000e+00
4.958125317265845297e+03 1.086248042747985565e+01 3.467294285386802954e+00 1.219646882177867653e+01 4.533750187700312040e+02 8.078720936094167371e+01
5.357564621132948560e+03 1.100479805320424909e+01 3.608710388950127523e+00 1.294905892654797341e+01 4.606613016533886480e+02 8.673594083322313963e+01
5.492847903338551077e+03 1.143277595027745086e+01 3.406885901725593246e+00 1.257180609991360321e+01 4.382559713098602288e+02 8.530035394045293629e+01
5.610065740862008170e+03 1.099934001013691720e+01 3.477761186334850763e+00 1.276531903073990470e+01 4.593833361525930741e+02 8.904837279236497238e+01
5.736565392870134929e+03 1.112230646533866718e+01 3.664564056092568300e+00 1.253627319272285590e+01 4.579213244224153527e+02 8.119693094454474647e+01
5.815256062258534257e+03 1.080159430793628594e+01 3.744638190230979102e+00 1.279747011878269625e+01 4.268438569801840572e+02 8.818880148495043159e+01
5.645153003152329802e+03 1.152509929582845949e+01 3.537077686067485072e+00 1.362934042588829442e+01 4.189326382759824696e+02 8.193269161334160344e+01
5.596633142394697643e+03 1.122960387244541813e+01 3.531339912921088064e+00 1.309032806483017630e+01 4.457069334710660655e+02 8.788213397987705378e+01
5.784038766904365730e+03 1.109094245234088660e+01 3.812555734495617799e+00 1.270962259115739634e+01 4.355903791191755090e+02 8.344993687873285637e+01
6.115715571248058041e+03 1.171967623663125835e+01 3.479052870886291338e+00 1.340629245078911325e+01 4.425799200082656739e+02 8.695253659193365081e+01
5.786181459148608155e+03 1.125304933047262068e+01 3.644239100960959821e+00 1.312644439670914487e+01 4.437505347518657004e+02 8.804052175674368641e+01
6.083573185944998841e+03 1.128529545217096697e+01 3.845564599757727020e+00 1.339414060025706732e+01 4.250787763262547401e+02 8.835182757666493103e+01
5.958118622704342670e+03 1.161276034014978364e+01 3.709377138322231815e+00 1.295080782523203311e+01 4.253914677321305362e+02 8.406331300560529485e+01
6.532402112331614262e+03 1.127863406120682299e+01 3.630754064714531104e+00 1.330396426368809415e+01 4.100518620214561452e+02 8.107564538520765041e+01
