3.491299468815289853e-01 6.088961802181834138e+00 3.256341833303039390e+00 2.814823315000938742e+00 1.356820973107300688e+03 6.180121764224664958e+02
3.133738617651167857e+01 6.088542149651556379e+00 3.326268553832664399e+00 2.938042847111651312e+00 1.451911928089264393e+03 5.835674804583931063e+02
3.498703762221001057e+01 7.393660254214797334e+00 4.535625072675350644e+00 3.391414492828750848e+00 1.393914025836603741e+03 6.282608344133863056e+02
4.828675025356466932e+01 7.975148112756253127e+00 4.582434009499347205e+00 3.286624042416674829e+00 1.388876502428955064e+03 5.775114352917706810e+02
1.030934885837341568e+02 7.776309550802191772e+00 4.548914372002262674e+00 3.501756646808537710e+00 2.097605305668391225e+02 7.873488461881366618e+01
1.540241960867309672e+02 7.986232329339626013e+00 4.710210898488475628e+00 3.328580216624308807e+00 1.909269192690112504e+02 7.780669790839468192e+01
1.922187432533585252e+02 8.400196572268967543e+00 4.764027514828955923e+00 3.424863028805627874e+00 3.730737562372581237e+02 7.631570991897822864e+01
2.626207810726703542e+02 8.337101879672882632e+00 4.524244316591206072e+00 3.661068888873634020e+00 3.557162076378934898e+02 1.384434117626673242e+02
2.905479122280499951e+02 8.784692007261369895e+00 4.750259461619459778e+00 3.446318828089767194e+00 3.752560809754624529e+02 1.374840634695328845e+02
3.512042315242654240e+02 8.763768227963824486e+00 4.872856823745842725e+00 3.415903955513795331e+00 3.561915145311808715e+02 1.475555970870132398e+02
4.146225250012943206e+02 8.977770981723443455e+00 4.754131351055867150e+00 3.465462074476579613e+00 3.688035111168335334e+02 1.432320055219598203e+02
4.840743344308758083e+02 9.619171558631075314e+00 5.184574255430479006e+00 3.701876351906421725e+00 3.541647972433548830e+02 1.405145066625895822e+02
6.108445945184374750e+02 1.024053386686877687e+01 5.406856392471658168e+00 3.967505763531824936e+00 3.509703773852502309e+02 1.433590559628780170e+02
6.565382763242949977e+02 1.037230197580393742e+01 6.212156472311987088e+00 4.376690955454464849e+00 7.500153235269425522e+02 3.173784495074060032e+02
7.857118119465105792e+02 1.080759918663993346e+01 6.337167369275246820e+00 4.255742243070596231e+00 7.140500596838729734e+02 3.111429998833058335e+02
8.916633866713684711e+02 1.072204302750964722e+01 6.418657782123935895e+00 4.358548593819320693e+00 7.209331029584207045e+02 3.051998170452571912e+02
1.013800887793633819e+03 1.140223860878315776e+01 6.517692768810269044e+00 4.465565900180126668e+00 7.653851232140435741e+02 3.208989513947063870e+02
1.142384430400776637e+03 1.157713445200617208e+01 6.120175965695461073e+00 4.498097456114532378e+00 7.524087131815169869e+02 3.022102830317845701e+02
1.143145369348672148e+03 1.214741092863550165e+01 6.454127422899391675e+00 4.771117576680684813e+00 7.349406862169585111e+02 3.006950325254261429e+02
1.306620803273144929e+03 1.187292610432244899e+01 6.358404770295414288e+00 4.886647960735419183e+00 7.453494256995655860e+02 3.015911311304067794e+02
1.354099185856331360e+03 1.231733879890388117e+01 6.539179822284488353e+00 5.047027278477607126e+00 7.668424435007590318e+02 3.120537365766001585e+02
1.521346533523603512e+03 1.251773724876201577e+01 6.661013595860943326e+00 4.912754383835046035e+00 7.101364879385345148e+02 3.156052921323527016e+02
1.716246192848944247e+03 1.274483910141348630e+01 6.868489642978659937e+00 5.001116190238519721e+00 7.802948783426836599e+02 3.036640896152570122e+02
1.934843908219720106e+03 1.226581693366737724e+01 6.770991517962422712e+00 5.151689403115212507e+00 7.754888444212454033e+02 3.134448017176429744e+02
2.162658144685553452e+03 1.313560455154618900e+01 7.116072800607378568e+00 5.427098555239306066e+00 8.095541660450840027e+02 3.211439624336593397e+02
2.392005388555542140e+03 1.328936265519842763e+01 6.761440594141583382e+00 5.355119023722259897e+00 7.995228321513079663e+02 2.987843875100510331e+02
2.623639761196804102e+03 1.342484372186411434e+01 6.799379524672797714e+00 5.166956645732827980e+00 8.394859534844622431e+02 2.974091401601390317e+02
2.714901737455095372e+03 1.341231171191735783e+01 7.336774636602370059e+00 5.733543855948676438e+00 7.706795781103722902e+02 3.231699644596022836e+02
2.991512765524175393e+03 1.322011917947994242e+01 7.185295055823333499e+00 5.905727588898062486e+00 7.660927753983769435e+02 3.116536694003170851e+02
2.999245586619545065e+03 8.363414415811961433e+00 0.000000000000000000e+00 9.257427574417381066e+00 7.622576883134025820e+02 3.055395131516008291e+02
3.084230855743622669e+03 8.169839655636327080e+00 0.000000000000000000e+00 1.002128390518635648e+01 5.548437639662806760e+04 0.000000000000000000e+00
3.205952848167109096e+03 8.359387752702685859e+00 0.000000000000000000e+00 1.025012788515764584e+01 5.716979312400709023e+04 0.000000000000000000e+00
3.190694704023475424e+03 8.275833799495448062e+00 0.000000000000000000e+00 1.054998904543240279e+01 6.030731574764952529e+04 0.000000000000000000e+00
3.379933129606385592e+03 8.903726784061412047e+00 0.000000000000000000e+00 1.070391539216003984e+01 5.859783809612564801e+04 0.000000000000000000e+00
3.425851968931985084e+03 8.809581362751432110e+00 0.000000000000000000e+00 1.084040446507557931e+01 5.557220694360129710e+04 0.000000000000000000e+00
3.533902209549860345e+03 9.366580213956973822e+00 0.000000000000000000e+00 1.112752976114557413e+01 5.782555011302797357e+04 0.000000000000000000e+00
3.680869991783105888e+03 8.797840101833003246e+00 0.000000000000000000e+00 1.072005645742627244e+01 5.960709060066034726e+04 0.000000000000000000e+00
3.821226562643727448e+03 9.231815374751873193e+00 0.000000000000000000e+00 1.092713332911130841e+01 5.619301028216991836e+04 0.000000000000000000e+00
3.665321944018667637e+03 9.162337310326670092e+00 0.000000000000000000e+00 1.126535024043477584e+01 5.688886670858036086e+04 0.000000000000000000e+00
3.723779435751051096e+03 9.459555510459685124e+00 0.000000000000000000e+00 1.091585126299614927e+01 6.020306158506000793e+04 0.000000000000000000e+00
4.027639255775594847e+03 9.481348708231028155e+00 0.000000000000000000e+00 1.131198756571867037e+01 5.579450413116889104e+04 0.000000000000000000e+00
3.985196781009213737e+03 9.481616348198782518e+00 0.000000000000000000e+00 1.176522928760762099e+01 5.806470080575293105e+04 0.000000000000000000e+00
4.241381388900444108e+03 9.646271578707402483e+00 0.000000000000000000e+00 1.126004145612061791e+01 5.909807734084180993e+04 0.000000000000000000e+00
4.155584659860006468e+03 9.947692017270876264e+00 0.000000000000000000e+00 1.147231270121069002e+01 5.715791091224976844e+04 0.000000000000000000e+00
4.169105105088801793e+03 9.948646079133837361e+00 0.000000000000000000e+00 1.175574744558504925e+01 5.742518019594230282e+04 0.000000000000000000e+00
4.322040000455467634e+03 1.036873394964280060e+01 0.000000000000000000e+00 1.126770818179599409e+01 5.672971675113274978e+04 0.000000000000000000e+00
4.673906543172896818e+03 9.529323980613900957e+00 0.000000000000000000e+00 1.154968101584091933e+01 5.763185314843828382e+04 0.000000000000000000e+00
4.767399416482436209e+03 1.036376890954349861e+01 0.000000000000000000e+00 1.144586768141514632e+01 5.631404214332171250e+04 0.000000000000000000e+00
4.578032370419326980e+03 1.000905317982105025e+01 0.000000000000000000e+00 1.235377109403824747e+01 5.992851404543224635e+04 0.000000000000000000e+00
4.712374343027201576e+03 1.045126654356533002e+01 0.000000000000000000e+00 1.173913855296979136e+01 6.025771944585757592e+04 0.000000000000000000e+00
5.120171938336730818e+03 1.020808506213308675e+01 0.000000000000000000e+00 1.231759155902115843e+01 5.534762755971299339e+04 0.000000000000000000e+00
5.106052902819285919e+03 1.002036737362511865e+01 0.000000000000000000e+00 1.226376671726312750e+01 5.784046858194263768e+04 0.000000000000000000e+00
5.316200796109439580e+03 1.021786197974094179e+01 0.000000000000000000e+00 1.231869385333369138e+01 5.830124809847365395e+04 0.000000000000000000e+00
5.260534275119851372e+03 1.147892862225107535e+01 3.516014141616365052e+00 1.322507319034338558e+01 4.652348652076066742e+02 8.787109606024280595e+01
5.338939953181222336e+03 1.132494513247554835e+01 3.618917369303282783e+00 1.231911745267967717e+01 4.248987788856906604e+02 8.090265606781636620e+01
5.466889542082726621e+03 1.067065517958042520e+01 3.415988160699765075e+00 1.318626342160998988e+01 4.599045162876313384e+02 8.430279899593841719e+01
5.344772685948839353e+03 1.081162564491104128e+01 3.687562355236343237e+00 1.349780197805737281e+01 4.368065653039972176e+02 8.565554171508080117e+01
5.543514502531624203e+03 1.085448631530806729e+01 3.428433184310991422e+00 1.355339111125078233e+01 4.184986973525291774e+02 8.189308060478764162e+01
5.831281542882926260e+03 1.129126167595774177e+01 3.747626421178768208e+00 1.271616377210334825e+01 4.181984900219321162e+02 8.204178303646035886e+01
5.648079803262754467e+03 1.080347628363444024e+01 3.782348286628943512e+00 1.268074659093176493e+01 4.342848935748706936e+02 8.907819440999134031e+01
5.500147652868798104e+03 1.111800375651552031e+01 3.471869226960886401e+00 1.356105730486238770e+01 4.514751555357415214e+02 8.624399178385684195e+01
5.874418928267054980e+03 1.100565873560612751e+01 3.549531569153523858e+00 1.291843069901500307e+01 4.531119898109855626e+02 8.181208655989620127e+01
5.952330716881708213e+03 1.166568420214796831e+01 3.753825621915914734e+00 1.315259823920921534e+01 4.462675141778757961e+02 8.294147543803660483e+01
6.203390335826446972e+03 1.103609103689246140e+01 3.776658064197704334e+00 1.310755628480064772e+01 4.253012004688357592e+02 8.713514092521295140e+01
6.275964596408055513e+03 1.100950160967271430e+01 3.648087729349831942e+00 1.248104916632316552e+01 4.508423328445996390e+02 8.524287506499777578e+01
6.403701403402492360e+03 1.096806254227377053e+01 3.586351667161920442e+00 1.299678439951961018e+01 4.148353646207163479e+02 8.294380903578844766e+01
6.083300354770992271e+03 1.150346400692539994e+01 3.725457480090740958e+00 1.348309672457172326e+01 4.295974560064744878e+02 8.240275908312449360e+01
