6.775773432446903222e-01 5.928582068275837891e+00 3.297078990291469669e+00 3.078987330354949759e+00 1.305905384753524004e+03 6.290544772486953207e+02
3.196263125756779289e+01 6.297853345741532216e+00 3.326125917059909121e+00 2.858372908122790879e+00 1.530043346739478238e+03 5.934013080030434821e+02
2.792782129972243865e+01 7.784870634793696453e+00 4.231747825130433682e+00 3.623130515252999118e+00 1.501742493692596781e+03 6.530881161814932057e+02
4.196178199284277355e+01 7.819906321468304888e+00 4.512466795972572164e+00 3.525548995922759055e+00 1.332715053435038044e+03 6.541053744788273434e+02
9.220886415284985560e+01 7.257992415825686550e+00 4.816393584334036859e+00 3.347490323238678123e+00 2.060476658267615448e+02 7.365411155231433327e+01
1.513476683422658766e+02 7.527117083828212429e+00 4.863946208437190499e+00 3.355515462115617797e+00 2.156867250966709264e+02 8.508830594278698811e+01
2.325584159010149961e+02 8.774557500781556385e+00 4.444492717261947057e+00 3.816277394420510838e+00 3.913532998671047949e+02 8.532011869326943554e+01
2.690592340989614968e+02 7.762602175722756570e+00 4.338850019873521369e+00 3.719623066589087035e+00 3.605100914017494347e+02 1.337253021325828968e+02
3.273694158981423925e+02 8.827059143513924511e+00 4.487563078654845938e+00 3.268664719987699030e+00 3.291196021192970420e+02 1.287927855470283873e+02
3.125372438813372469e+02 9.400180064677947200e+00 4.952830005659146551e+00 3.633909952816593680e+00 3.458039507027447712e+02 1.368120379621747134e+02
4.556127849032607742e+02 9.392415512729488825e+00 5.166949937725545894e+00 3.498612623254386822e+00 3.553352094905005742e+02 1.556840242978490778e+02
5.729987096599252254e+02 9.448915240083584521e+00 5.000081868017791642e+00 4.027730151149315319e+00 3.360900357698806715e+02 1.562869769362359023e+02
6.085493542236075655e+02 1.037753325750311895e+01 5.211461105297368945e+00 4.302303407872146046e+00 3.491221909830070445e+02 1.295917274935692376e+02
6.467298508021328871e+02 1.029019410736278317e+01 6.289537789162340964e+00 4.417242949989457657e+00 8.013017847987639470e+02 3.307957338660216351e+02
8.304239139136684571e+02 1.197820027011382038e+01 6.568947371976012306e+00 4.030900239593014689e+00 6.763685828578677501e+02 2.887287689813833254e+02
7.279838053849489370e+02 1.096856919201083791e+01 6.253787689774371827e+00 4.575388022435463498e+00 6.690179996554459194e+02 3.398001329810741140e+02
9.085280085092828131e+02 1.192839929778895680e+01 5.815871174646764175e+00 4.429053731518842518e+00 8.080998947945926147e+02 3.300389653379255037e+02
1.022508539461941950e+03 1.050615445837853024e+01 6.181945734693144345e+00 5.174686144039088553e+00 7.926649440148677286e+02 3.233007123229601802e+02
1.194478086559898657e+03 1.104816093290142653e+01 7.086930354086731221e+00 4.710659322278782035e+00 6.728790292826624864e+02 3.394219330639783720e+02
1.125105061954872099e+03 1.248946597550337501e+01 5.991177665437011690e+00 4.794372251775175897e+00 7.922642181485909987e+02 2.843180805672544693e+02
1.658806401062077384e+03 1.194916838557299243e+01 6.205696089133326154e+00 5.289111285322517730e+00 8.126504012544189663e+02 2.921939669085937226e+02
1.469905106743865872e+03 1.186142759726788043e+01 6.736249827415408120e+00 4.815155166054435831e+00 6.964307133625717370e+02 2.865548177310352003e+02
1.486223843508913205e+03 1.206799321961022642e+01 7.019978004403441219e+00 5.101495492940167686e+00 7.484691848263537395e+02 2.913440783823691049e+02
2.160306336143262342e+03 1.317099002260046881e+01 6.323506724699164749e+00 5.556787417065678802e+00 7.945172775878718312e+02 3.422187558183571241e+02
2.598712234680575875e+03 1.208030344870275741e+01 6.601793476256501592e+00 5.228843570575870459e+00 8.532570998407414891e+02 3.318235982254340684e+02
2.682360579101070925e+03 1.272517479476041480e+01 7.354194992372930173e+00 4.851499031638464743e+00 7.321739289537858895e+02 3.406828015678680117e+02
2.374641021687003558e+03 1.365862730097869893e+01 7.135774401001408584e+00 5.879162087672396453e+00 8.161567770711693584e+02 3.061426446733809144e+02
2.701748798692142827e+03 1.264865710643254815e+01 8.015374355745827017e+00 5.700456667681858214e+00 7.801180588996838878e+02 3.139478790805683275e+02
2.655214488619991243e+03 1.395789236047236948e+01 7.438246491150064088e+00 5.765481926725680495e+00 8.614090593034710537e+02 2.889724493619607415e+02
3.192863415516593705e+03 7.538813971226423050e+00 0.000000000000000000e+00 1.057437410459490756e+01 7.880509454096289801e+02 2.907402762091998056e+02
3.023315270026428152e+03 8.270730722964236392e+00 0.000000000000000000e+00 1.095547630914907344e+01 5.710075078525247955e+04 0.000000000000000000e+00
2.897579703573261668e+03 8.460132253053963325e+00 0.000000000000000000e+00 9.516632332577287912e+00 5.614374697916674631e+04 0.000000000000000000e+00
2.614207007643789439e+03 8.286874348089652287e+00 0.000000000000000000e+00 1.133501795343446084e+01 6.131345726857389673e+04 0.000000000000000000e+00
3.712193164490604886e+03 8.939331918836479929e+00 0.000000000000000000e+00 1.147045193529971741e+01 5.235397429380870017e+04 0.000000000000000000e+00
3.347522574626109417e+03 9.574032702940206363e+00 0.000000000000000000e+00 1.054564024582424153e+01 5.692373588246623694e+04 0.000000000000000000e+00
3.656368055616466791e+03 8.171400852013485760e+00 0.000000000000000000e+00 1.099791936257220293e+01 5.495164137656059029e+04 0.000000000000000000e+00
3.787685636026957127e+03 9.395125784885591358e+00 0.000000000000000000e+00 1.062945051525149154e+01 5.252166676883368200e+04 0.000000000000000000e+00
3.449043716985502215e+03 9.365686793897666007e+00 0.000000000000000000e+00 1.082385732401015410e+01 6.189673644111847534e+04 0.000000000000000000e+00
3.944116094444578266e+03 8.552573891034406017e+00 0.000000000000000000e+00 1.194547132997565875e+01 5.656871643347663485e+04 0.000000000000000000e+00
3.844487461888468260e+03 8.545336502025049796e+00 0.000000000000000000e+00 1.027889300056370736e+01 5.510930663180700503e+04 0.000000000000000000e+00
3.808874288737966253e+03 9.917203014751207135e+00 0.000000000000000000e+00 1.052429404035169291e+01 6.073281874184351182e+04 0.000000000000000000e+00
3.891861135028247190e+03 9.877766735844975443e+00 0.000000000000000000e+00 1.026788423850907783e+01 5.462097123079116864e+04 0.000000000000000000e+00
3.896430115430691330e+03 9.822471056581887794e+00 0.000000000000000000e+00 1.187976673079188394e+01 6.048713370976239094e+04 0.000000000000000000e+00
4.819480197708612650e+03 9.005811430056715139e+00 0.000000000000000000e+00 1.213189067450442415e+01 6.104453130618053547e+04 0.000000000000000000e+00
3.678373154673421141e+03 1.064311050681421911e+01 0.000000000000000000e+00 1.127292324558764669e+01 5.575627328713812312e+04 0.000000000000000000e+00
4.545349371277395221e+03 1.087050072270753986e+01 0.000000000000000000e+00 1.073130087899705920e+01 6.048373576820799644e+04 0.000000000000000000e+00
5.038158490683647869e+03 9.158993652238807570e+00 0.000000000000000000e+00 1.206515659730704826e+01 6.074493715840027289e+04 0.000000000000000000e+00
5.347416599077330829e+03 9.229048778673755393e+00 0.000000000000000000e+00 1.294459699263279262e+01 6.229981472222983575e+04 0.000000000000000000e+00
4.557870754717419914e+03 9.112964965799845274e+00 0.000000000000000000e+00 1.116983110151575431e+01 6.142483387416783080e+04 0.000000000000000000e+00
5.543924366546958481e+03 9.954110615948110308e+00 0.000000000000000000e+00 1.171497658719341040e+01 5.948544051079217024e+04 0.000000000000000000e+00
4.814307202526264518e+03 1.053409977146556997e+01 0.000000000000000000e+00 1.132573205724669130e+01 5.669716696738931932e+04 0.000000000000000000e+00
5.683851348673610119e+03 1.021344238513046143e+01 0.000000000000000000e+00 1.165306169506925826e+01 5.408749751006752922e+04 0.000000000000000000e+00
5.259204463487115390e+03 1.091457915132748546e+01 0.000000000000000000e+00 1.280731322665084981e+01 5.392232350907556975e+04 0.000000000000000000e+00
4.540862461129644544e+03 1.116043215745816397e+01 3.325149112162081533e+00 1.378872316056240521e+01 4.629605909305689693e+02 7.848557841374653776e+01
5.541641601455996351e+03 1.183966701029022062e+01 3.238299141613270038e+00 1.401660411958312125e+01 4.542733157312722483e+02 8.873784649981287487e+01
4.655830424342788319e+03 1.030866952788593416e+01 3.204218334213770003e+00 1.265814210026642783e+01 4.144798160250064143e+02 8.725998871932239354e+01
5.774692108500941686e+03 1.095648901276797638e+01 3.578689186975948733e+00 1.387894050363626697e+01 4.101907743518842153e+02 8.332409733788996675e+01
4.404302545907728927e+03 1.033057008844114399e+01 3.854373165623354858e+00 1.385786442786401729e+01 4.505742848858223510e+02 8.490589938507537227e+01
4.559505979276588732e+03 1.073161797370443438e+01 3.957462093454989116e+00 1.297146504298920000e+01 3.954894098890995338e+02 9.223100956017295005e+01
5.898710832805511018e+03 1.042788708792793884e+01 3.534723729486018318e+00 1.202713053312557889e+01 4.347358754940579502e+02 8.675877448765524491e+01
5.691025515026059111e+03 1.147421349794191592e+01 3.271113656093250999e+00 1.246482901050740821e+01 4.307667970884950250e+02 8.113670946612539581e+01
6.807317349115730394e+03 1.048332004432532472e+01 3.583167281769220391e+00 1.180573816328925041e+01 4.358037639690640503e+02 8.624375930622180420e+01
6.621849342479669758e+03 1.157832730607739435e+01 3.665096522203470819e+00 1.355044273496097951e+01 3.934716741865606764e+02 8.125580697518027762e+01
6.231719704682185693e+03 1.216288006829727308e+01 3.987734704863687085e+00 1.310940545483377839e+01 4.688090000100914381e+02 8.658368855899097127e+01
5.487061988243443011e+03 1.099798365543191991e+01 3.344375875495773975e+00 1.346748566916130230e+01 4.551352491738328467e+02 8.068353414165720494e+01
5.829108865429643629e+03 1.031452293564008293e+01 4.033641671160649977e+00 1.345558896955122918e+01 4.242482856191447240e+02 7.821616427750407752e+01
6.202529782043765408e+03 1.146177508393534872e+01 3.792793090584607452e+00 1.375641455643305022e+01 4.683178120644345199e+02 7.958494665551610581e+01
