-4.836374992685658070e-01 5.811259761028023441e+00 3.400256581394764943e+00 2.784575327187501337e+00 1.410814767235385716e+03 6.137658901720708400e+02
3.425563700498816644e+01 6.048707671847313172e+00 3.353221868524267180e+00 2.862083833462801152e+00 1.344251880361660596e+03 5.866666228487342778e+02
3.114791640699165498e+01 7.745757472452787340e+00 4.555977836409757842e+00 3.311667506284627027e+00 1.410172131778839685e+03 5.834012029168895879e+02
5.254089699903500588e+01 7.745141889970916793e+00 4.282289865802044737e+00 3.325846848290834323e+00 1.453220174148506885e+03 6.263365170041212195e+02
1.040108828743928200e+02 8.267392683681018539e+00 4.402023803475200836e+00 3.231865566244660926e+00 2.004612283773574291e+02 7.795883863055679797e+01
1.502658416227904752e+02 7.947912066061844527e+00 4.567826838640905329e+00 3.311901254572963804e+00 1.939094484687408624e+02 8.028778739120676278e+01
1.912676943422808051e+02 8.332440193976937692e+00 4.459347017848898531e+00 3.549756307879162076e+00 3.484522128420890112e+02 8.241124616118234769e+01
2.407131741716776503e+02 8.830956389114454907e+00 4.540042953589460417e+00 3.669988729422673845e+00 3.684801478868404274e+02 1.368454255031544164e+02
2.924350935324499687e+02 8.515555475829966525e+00 4.725654634929678188e+00 3.649056140800387649e+00 3.639271685855440523e+02 1.483057170074224587e+02
3.670931044410240247e+02 8.422272731931315093e+00 4.628485405433308664e+00 3.662058384828384305e+00 3.609741670624939047e+02 1.380679057280470374e+02
4.137571486382236685e+02 9.343441984261390942e+00 5.182376959502247971e+00 3.741903020325869189e+00 3.697770385123217807e+02 1.479049300159344114e+02
5.067672536165272845e+02 9.606011476067338961e+00 5.176120311528907614e+00 3.957676796868873748e+00 3.441972497521306877e+02 1.377383463134261774e+02
6.266244263927960674e+02 1.071505623763817994e+01 5.452505073248304690e+00 4.312345787847692513e+00 3.696388057368919249e+02 1.490027529575149572e+02
6.954350759198135847e+02 1.054542414924111604e+01 6.120404162298157758e+00 4.300163590198662789e+00 7.576544249217303104e+02 3.101331071688424004e+02
7.929688402461856640e+02 1.063980211381275609e+01 5.886982786502810150e+00 4.353692082135935060e+00 7.503671153287187963e+02 3.224419503026553002e+02
9.390843243479605462e+02 1.115789574286077013e+01 6.102947208489002406e+00 4.684998861620477406e+00 7.572757235024694182e+02 3.174835143580746148e+02
9.944994823345809891e+02 1.143973347535787610e+01 6.247663657400383208e+00 4.638077697769625196e+00 7.143192657070607083e+02 3.162783360124674914e+02
1.116564599702104942e+03 1.177381467109212743e+01 6.494542727991767350e+00 4.802432485650721894e+00 7.140307211795264948e+02 3.010218425560788660e+02
1.242207810182788990e+03 1.190311575937777988e+01 6.364728919707138388e+00 4.840846995697875244e+00 7.148023821758628173e+02 3.077939278499225111e+02
1.298963931904796937e+03 1.154056142504356153e+01 6.570000241810539876e+00 4.958143179226303765e+00 7.264879131043405778e+02 3.273174407641434982e+02
1.346015223274256869e+03 1.207803449927821227e+01 6.472184012244226459e+00 4.811705590025428414e+00 7.718629843006988267e+02 3.007151883090387514e+02
1.633610966607584487e+03 1.172694237568188314e+01 7.027156259951258477e+00 4.859280154896716830e+00 7.722256422590900229e+02 3.093612984015872485e+02
1.789572786758954408e+03 1.200241641374005930e+01 6.736622409581289439e+00 5.350635355171895924e+00 8.100013697902106742e+02 3.128999806658881084e+02
2.038515691235199483e+03 1.267568413559251894e+01 7.261596019931714885e+00 5.234516129309746191e+00 8.295033104917312130e+02 3.044994049603686221e+02
2.179329729604509339e+03 1.338344753121678643e+01 6.776070837953080073e+00 5.347907131417558801e+00 7.992731678661724573e+02 3.085642957774020374e+02
2.354516670448711920e+03 1.316213622655702586e+01 7.065303003889543021e+00 5.588483426879927052e+00 8.307588989994482063e+02 3.024356070374453793e+02
2.644655287414389932e+03 1.332455194426044542e+01 7.189012415912642062e+00 5.481911596631212191e+00 7.992798178900026187e+02 3.010384048492157376e+02
2.516911473751179528e+03 1.426540293896062117e+01 7.269334635319299132e+00 5.681602848254511784e+00 8.260333717308849373e+02 3.207177864255110649e+02
2.871760456015178079e+03 1.331019474997444618e+01 7.190984675555971428e+00 5.533267668147916929e+00 7.994541056827794137e+02 3.044430016290031062e+02
2.763878998361105005e+03 8.036165767098996326e+00 0.000000000000000000e+00 9.568343808332377520e+00 7.643069937853358624e+02 3.105125058920181687e+02
2.894621890232714577e+03 8.425688069947531389e+00 0.000000000000000000e+00 9.930074091342717679e+00 5.636961963124577596e+04 0.000000000000000000e+00
3.195065359579554297e+03 8.362223016631549655e+00 0.000000000000000000e+00 1.004886655386724748e+01 5.977318177876127447e+04 0.000000000000000000e+00
3.095452687108790542e+03 8.439561956109429275e+00 0.000000000000000000e+00 1.067280382805267713e+01 5.898908699436015741e+04 0.000000000000000000e+00
3.296466503301818193e+03 8.584372367131484438e+00 0.000000000000000000e+00 1.034138638651337061e+01 5.606035542349816387e+04 0.000000000000000000e+00
3.468809423306364351e+03 8.904666798491112090e+00 0.000000000000000000e+00 1.082110324872323837e+01 5.799106709031989885e+04 0.000000000000000000e+00
3.403368958230928456e+03 8.656888615438891321e+00 0.000000000000000000e+00 1.023247084122693984e+01 5.906921520637490175e+04 0.000000000000000000e+00
3.654964460696245624e+03 8.690366123287827094e+00 0.000000000000000000e+00 1.114887665416105555e+01 5.907739979243651760e+04 0.000000000000000000e+00
3.510176007319219480e+03 9.030317731991878816e+00 0.000000000000000000e+00 1.139659692586562123e+01 5.882004993186277716e+04 0.000000000000000000e+00
3.849722506067869745e+03 9.717859379698996491e+00 0.000000000000000000e+00 1.087783191269355854e+01 6.060879479743277625e+04 0.000000000000000000e+00
3.770557341063015883e+03 9.289251246975972265e+00 0.000000000000000000e+00 1.157085283749150051e+01 5.857161173623018112e+04 0.000000000000000000e+00
4.098602322842898502e+03 9.443968825884383023e+00 0.000000000000000000e+00 1.091705299295152720e+01 5.713984894835777959e+04 0.000000000000000000e+00
3.943537359129428296e+03 9.326180379829319023e+00 0.000000000000000000e+00 1.153802162017438526e+01 5.499061112705661799e+04 0.000000000000000000e+00
4.317528528093265777e+03 9.399569035192486766e+00 0.000000000000000000e+00 1.126411592609398582e+01 5.941191489043391630e+04 0.000000000000000000e+00
4.458938291064134319e+03 9.799776365113887167e+00 0.000000000000000000e+00 1.182737933290025012e+01 6.010266358244819276e+04 0.000000000000000000e+00
4.298984379858125976e+03 9.666564582224317803e+00 0.000000000000000000e+00 1.108348301042979323e+01 5.821950422318614437e+04 0.000000000000000000e+00
4.676668257164539682e+03 1.037707845304701060e+01 0.000000000000000000e+00 1.206990074036164806e+01 5.718144010644457012e+04 0.000000000000000000e+00
4.478464369534760408e+03 9.773419173281672201e+00 0.000000000000000000e+00 1.234903963692736362e+01 5.869878823780312086e+04 0.000000000000000000e+00
4.690464135604129297e+03 1.012484016159111988e+01 0.000000000000000000e+00 1.227933725859394443e+01 5.958748644804293144e+04 0.000000000000000000e+00
4.784423210912867034e+03 1.051284079596114651e+01 0.000000000000000000e+00 1.181991269933103261e+01 5.709672565165476408e+04 0.000000000000000000e+00
4.921236008748601307e+03 1.060256186343123019e+01 0.000000000000000000e+00 1.235324405264249137e+01 5.582884006112330826e+04 0.000000000000000000e+00
5.165294492744364106e+03 9.863256321262838355e+00 0.000000000000000000e+00 1.181341745159522105e+01 5.975743882652681350e+04 0.000000000000000000e+00
4.958144894240558642e+03 1.052637945513444606e+01 0.000000000000000000e+00 1.197467288535415975e+01 5.871756864911237790e+04 0.000000000000000000e+00
5.308462552425321519e+03 1.010119921072600668e+01 0.000000000000000000e+00 1.243031355922350656e+01 5.665873953131226153e+04 0.000000000000000000e+00
5.102879817684324735e+03 1.100583919512782494e+01 3.473927205890738001e+00 1.218671530087375388e+01 4.405919775106601719e+02 8.354657854675338058e+01
4.993589411022280729e+03 1.077044596373430885e+01 3.471817697569941075e+00 1.328363717189840720e+01 4.482548304211034633e+02 8.081312314813733622e+01
5.046419830373984951e+03 1.063377037047490781e+01 3.644492939383622954e+00 1.324314963589818817e+01 4.347734457902730014e+02 8.873649591761117961e+01
5.113022679337851514e+03 1.154520530547875801e+01 3.619516965051345014e+00 1.344045064961338554e+01 4.349145330971438739e+02 8.508939688127260581e+01
5.699646112903974426e+03 1.111911355356234310e+01 3.699521136038070868e+00 1.298641878303352115e+01 4.248095784049624513e+02 8.660820009653136253e+01
5.810200438844907694e+03 1.153952690498910272e+01 3.484098702115827617e+00 1.321620198087585862e+01 4.230091865236800004e+02 8.848659645251095185e+01
5.755918721285426727e+03 1.098378772061420605e+01 3.673668917311411430e+00 1.349514775279859258e+01 4.512810116420750433e+02 8.496626718965261205e+01
5.642254179959434623e+03 1.115447554758807236e+01 3.537552671234178714e+00 1.236258109327933852e+01 4.452611790957669200e+02 8.342131846177569798e+01
6.115606079656498878e+03 1.093954929718106683e+01 3.588759051102043074e+00 1.261459634887021508e+01 4.261579762939780380e+02 8.843976487479999093e+01
6.044396802300466334e+03 1.138406963986757248e+01 3.769991039609068562e+00 1.368474896948098696e+01 4.308081720130663825e+02 8.420293007946847297e+01
5.938378439465512201e+03 1.077718856632688471e+01 3.675341962445477506e+00 1.335832075007521524e+01 4.197058708380870939e+02 8.802610088725258208e+01
6.194530510563474309e+03 1.115450000891575755e+01 3.793516729181125591e+00 1.323072559352384481e+01 4.215499817327525420e+02 8.604885545991061235e+01
6.086511523291523190e+03 1.092532635213175318e+01 3.682230625825792192e+00 1.270091427477814783e+01 4.293563425277380929e+02 8.313689236167100205e+01
6.545554283714203848e+03 1.126701134944872607e+01 3.496918729762973133e+00 1.298732645959689691e+01 4.224952841471188663e+02 8.417562673175122256e+01
