3.739291460474182260e-01 5.628371787119949232e+00 3.476991830044330989e+00 2.710527045019897496e+00 1.414326441177246124e+03 6.119225395412084936e+02
3.294451188486910098e+01 5.515292882654148521e+00 3.253313263640418729e+00 2.794916670485519283e+00 1.333511119513395897e+03 5.888273572187142690e+02
3.127104269755297494e+01 7.748111037326895989e+00 4.358450552011283285e+00 3.411074309880626654e+00 1.452086956679319428e+03 6.085758937535709947e+02
5.155700572470981058e+01 7.920161677214827556e+00 4.249834509828181339e+00 3.497176708901444275e+00 1.407878209500113599e+03 5.756809212839731345e+02
1.003130504675888091e+02 7.718848399032326668e+00 4.251978455831712189e+00 3.316591615434404616e+00 2.026891157389940190e+02 8.110487340308296211e+01
1.465380028974469155e+02 8.164494845762501285e+00 4.356943200323231125e+00 3.390661158854753054e+00 1.945119157770976699e+02 7.962409659685877727e+01
1.940068997281297811e+02 8.108237148836986208e+00 4.639426668617129934e+00 3.369376708622094263e+00 3.712894137472977150e+02 8.161094871161147069e+01
2.587664846767992231e+02 8.126007614264187495e+00 4.880535552339097194e+00 3.423320702012643046e+00 3.608935839592189154e+02 1.450882096076295227e+02
3.036272736349315551e+02 8.871542221845652776e+00 4.548732287018253828e+00 3.542681566134584958e+00 3.452366081707479566e+02 1.383069221096910155e+02
3.535817028093493946e+02 9.172748126799284307e+00 4.794059881846372662e+00 3.611466905618949674e+00 3.699054333950666091e+02 1.402799881855245303e+02
4.246504602314491876e+02 8.596135295302890000e+00 5.063147798502233066e+00 3.714285846741359531e+00 3.553926345403008895e+02 1.406018325472530535e+02
5.029876656200632397e+02 9.404095731200520447e+00 5.522122066601778734e+00 3.881895215883898409e+00 3.547291514490884765e+02 1.460693085307826777e+02
6.147107306685924186e+02 9.873294452687787270e+00 5.378569461957113162e+00 4.241961111154075148e+00 3.577778989626816610e+02 1.459712807610319203e+02
6.875079536303610439e+02 1.056506951479342682e+01 6.204967668468572839e+00 4.168007287102295955e+00 7.187093355993717978e+02 3.196771068684243460e+02
7.613924611731046070e+02 1.081446193722346649e+01 6.351682784796251369e+00 4.283311294372750488e+00 7.253763463182133364e+02 3.164762013040907505e+02
9.225495108291889892e+02 1.116212516424471701e+01 5.996709111509137990e+00 4.739770969392782085e+00 7.093045186764081791e+02 3.048446986170527566e+02
9.697417462572894920e+02 1.179833194511488514e+01 6.591347653827937414e+00 4.816516197179127268e+00 7.515981003988173370e+02 3.198363946263759772e+02
1.141686176392690186e+03 1.128933404972139520e+01 6.693431262082450317e+00 4.610334746488990554e+00 7.461259825417180309e+02 3.235882593156610483e+02
1.241811122739534085e+03 1.145178841236054090e+01 6.476371443318519106e+00 5.002301398672478250e+00 7.116410042240805751e+02 3.266550017724994177e+02
1.342197016959948769e+03 1.242040576470594715e+01 6.666528725023426638e+00 4.620577490107576679e+00 7.677374960556078349e+02 3.156634125994216902e+02
1.374914463560903641e+03 1.154303655960145925e+01 6.418700315782367660e+00 4.652428775891941370e+00 7.724336825839801577e+02 3.247726668652953208e+02
1.534204756545065720e+03 1.285736717669097651e+01 6.985642270056422909e+00 4.944566768310471261e+00 7.098970070598197708e+02 3.083518607159645057e+02
1.782467570506048787e+03 1.281340636955066081e+01 6.747194993231238058e+00 4.845715075582647025e+00 7.714471748827844522e+02 3.190343979167911357e+02
2.078790845181502846e+03 1.248852438466602877e+01 7.242016109524784362e+00 5.284875615928150694e+00 8.067572366762176443e+02 2.984161209932322549e+02
2.252358276703512729e+03 1.286879221328838696e+01 7.345435922111904326e+00 5.227388664549732056e+00 7.813544260684801657e+02 3.240877507285493948e+02
2.302010345559559937e+03 1.291376996862766191e+01 6.795210747726564193e+00 5.391378182202733349e+00 8.268943298247348821e+02 3.232209824725610474e+02
2.684615367103672270e+03 1.387014641638261381e+01 7.125239079200919257e+00 5.604509299945338974e+00 8.051807251153420566e+02 3.148953645635303360e+02
2.559668280709973260e+03 1.414929873964954687e+01 7.373237407013618849e+00 5.295198204934082220e+00 8.321327057487749244e+02 3.255095134991021837e+02
3.018444089091193746e+03 1.435239314547530576e+01 7.054892471028029632e+00 5.578849513315718767e+00 7.754644977345591315e+02 3.104328384868824742e+02
2.961567714476106630e+03 7.741996890276634957e+00 0.000000000000000000e+00 9.400500198303383570e+00 8.332464453254033288e+02 3.254921910290042320e+02
2.868963445001096261e+03 8.547031148993227134e+00 0.000000000000000000e+00 9.877837451664323254e+00 5.606247619690636930e+04 0.000000000000000000e+00
2.927535795565320313e+03 8.739468851068609823e+00 0.000000000000000000e+00 1.051633693728095587e+01 5.620387237093557633e+04 0.000000000000000000e+00
3.100471271675080970e+03 8.321777931505025094e+00 0.000000000000000000e+00 9.823423414432426171e+00 5.748080791049807158e+04 0.000000000000000000e+00
3.139052746304442735e+03 9.035382117460734719e+00 0.000000000000000000e+00 1.083341958277419081e+01 5.560323557677423378e+04 0.000000000000000000e+00
3.210381425866027712e+03 8.496614112235857164e+00 0.000000000000000000e+00 1.081557135378309553e+01 5.963271773471486085e+04 0.000000000000000000e+00
3.429086025589216661e+03 8.646288322662844195e+00 0.000000000000000000e+00 1.108821551292089858e+01 5.650766937683076685e+04 0.000000000000000000e+00
3.701539827765709560e+03 8.684394679315412091e+00 0.000000000000000000e+00 1.077084890552747964e+01 5.905273858795745764e+04 0.000000000000000000e+00
3.829524897648595015e+03 9.441260383699543013e+00 0.000000000000000000e+00 1.109422360714123101e+01 5.677982397969762678e+04 0.000000000000000000e+00
3.945390520550926794e+03 8.866563467847887736e+00 0.000000000000000000e+00 1.078121573912033426e+01 5.663309717370958242e+04 0.000000000000000000e+00
3.733512389570999858e+03 9.240894405301162351e+00 0.000000000000000000e+00 1.125757738666570873e+01 6.015884447257136344e+04 0.000000000000000000e+00
4.030016109423418584e+03 9.363122193567955165e+00 0.000000000000000000e+00 1.106412777265719427e+01 5.602690927396278130e+04 0.000000000000000000e+00
4.018630686694331416e+03 9.872233917747713861e+00 0.000000000000000000e+00 1.105170756020521594e+01 5.754622875048833521e+04 0.000000000000000000e+00
4.330633989698371806e+03 1.013945091785407726e+01 0.000000000000000000e+00 1.191219019284843483e+01 5.637661012101679080e+04 0.000000000000000000e+00
4.402731478731463540e+03 9.869401229033130107e+00 0.000000000000000000e+00 1.188203683181309600e+01 5.530462611286064930e+04 0.000000000000000000e+00
4.336862526038225951e+03 9.509021033438632031e+00 0.000000000000000000e+00 1.112998293691576812e+01 5.761755207529637846e+04 0.000000000000000000e+00
4.320297314072926383e+03 9.426483845228680991e+00 0.000000000000000000e+00 1.142661496431151846e+01 6.070284061286940414e+04 0.000000000000000000e+00
4.704578725868152105e+03 9.552360546352925752e+00 0.000000000000000000e+00 1.184914222332259648e+01 5.758488417312849924e+04 0.000000000000000000e+00
4.742508603518731434e+03 9.607819523046678967e+00 0.000000000000000000e+00 1.162368234091620955e+01 5.686163518147567811e+04 0.000000000000000000e+00
4.872163648263403957e+03 1.002342929072282018e+01 0.000000000000000000e+00 1.232499908049835113e+01 5.699177382591202331e+04 0.000000000000000000e+00
4.979786065733674150e+03 1.050721251046330629e+01 0.000000000000000000e+00 1.188354400259008692e+01 5.552141356045407883e+04 0.000000000000000000e+00
4.964805041636267561e+03 9.809187551543653072e+00 0.000000000000000000e+00 1.264242600668114136e+01 5.596640556044386904e+04 0.000000000000000000e+00
5.307071586981643122e+03 1.060003154325228891e+01 0.000000000000000000e+00 1.182774470167950653e+01 5.818253403576466371e+04 0.000000000000000000e+00
4.960767404519531738e+03 1.048460157374272050e+01 0.000000000000000000e+00 1.227737647113027641e+01 5.808204008603507100e+04 0.000000000000000000e+00
5.370575864180122153e+03 1.096790226055757778e+01 3.452556949537786579e+00 1.309698621877563163e+01 4.276114662871226528e+02 8.894765332754715814e+01
5.055478875330409210e+03 1.151687002923385883e+01 3.600918853852235646e+00 1.261966077939286635e+01 4.265958319505315330e+02 8.300409152037705951e+01
5.068429119236599945e+03 1.059121660148527688e+01 3.474149471830940250e+00 1.341719095889385827e+01 4.327344591904233653e+02 8.122846597610563890e+01
5.218321939419143746e+03 1.149610114760661261e+01 3.622806145184706672e+00 1.298381263319130596e+01 4.354737340535169778e+02 8.333419388210185730e+01
5.330842740159649111e+03 1.110611737870955373e+01 3.726172320228472667e+00 1.322194204335089474e+01 4.263676641858641005e+02 8.440138281425186051e+01
5.759514926922411178e+03 1.144046799938920245e+01 3.648994903320387007e+00 1.322901994068233478e+01 4.346470442650161203e+02 8.850341832158777322e+01
5.499508887584261174e+03 1.070022987772444623e+01 3.598923048321845730e+00 1.359878798217138041e+01 4.308939869298648659e+02 8.306190352981776925e+01
5.799285657590497067e+03 1.066877070837112029e+01 3.716739149110550589e+00 1.290290214969454041e+01 4.541900010069253995e+02 8.773165168780283807e+01
5.772988382179478322e+03 1.100071404499562178e+01 3.529183863521473619e+00 1.293140496435927034e+01 4.140176745640117133e+02 8.681809316706305424e+01
6.023095145395906002e+03 1.112119146161778716e+01 3.797387648313914621e+00 1.257611578204771696e+01 4.140603784632941142e+02 8.858174297819344645e+01
6.267443522680617207e+03 1.097806647590978635e+01 3.686773052535337492e+00 1.371215128735743960e+01 4.426615379377854538e+02 8.909076649174200213e+01
6.168468837576305305e+03 1.125511470132565606e+01 3.589789167785944368e+00 1.317610026505502674e+01 4.281498492291811431e+02 8.318282506204268145e+01
5.976297354560530039e+03 1.148345810540501510e+01 3.661381165473356347e+00 1.325698064980629098e+01 4.447952954859169381e+02 8.799971061926513016e+01
6.252351886981191456e+03 1.112828082334493374e+01 3.772996548036841258e+00 1.253864982024088093e+01 4.135450059519723709e+02 8.924954968801999655e+01
