3.859377847808534989e-01 6.073953693214634519e+00 3.430462913573469219e+00 2.683019963119815277e+00 1.446663614492655825e+03 6.133682181430615401e+02
3.463599370040803649e+01 5.977339391219548048e+00 3.230349697207662629e+00 2.753525862738833485e+00 1.429541989398153873e+03 6.248112754331779115e+02
3.427955931964623915e+01 7.403148986846072255e+00 4.259648307099454634e+00 3.216511823455983077e+00 1.411713993304734458e+03 6.275392084737653704e+02
5.202997774471366199e+01 7.766170560534588319e+00 4.239545239759067385e+00 3.332992186220534503e+00 1.441575384059367025e+03 6.148603209917787353e+02
1.047116821587254663e+02 8.245766698231768999e+00 4.476989526704993061e+00 3.384708306861901939e+00 2.069199706965345626e+02 7.653099385244709651e+01
1.512840913472639386e+02 8.071445413655418122e+00 4.419258647897212455e+00 3.583677039422161759e+00 2.064558401205794667e+02 8.379657310066684772e+01
2.097122109357243858e+02 8.569398956885942553e+00 4.623691483534277502e+00 3.611488801096941703e+00 3.611789725878501258e+02 8.173157030543784174e+01
2.507157286784540702e+02 8.551657822230701811e+00 4.579307540194085924e+00 3.405880944485203177e+00 3.711113596413946425e+02 1.411995377981706099e+02
2.978938260345262279e+02 8.997608611957611302e+00 4.829880633003783785e+00 3.511922024567068590e+00 3.472542695072987726e+02 1.363036163466370567e+02
3.445497285771584188e+02 8.428883998259747656e+00 5.091838951331142837e+00 3.421972895299444595e+00 3.703009311556451735e+02 1.391772163866895653e+02
4.227162654596795619e+02 8.999461053472726846e+00 5.071768081953922369e+00 3.490438949056815066e+00 3.498265076783641803e+02 1.372738276090504428e+02
4.994324983641961921e+02 9.091442668866559274e+00 5.370596229844962544e+00 3.680889514990998812e+00 3.578731429155404840e+02 1.383642336306801042e+02
6.120744149870283763e+02 9.899800570958536383e+00 5.789016147145876978e+00 4.072486938973082893e+00 3.735296755029693259e+02 1.432558458231073644e+02
6.813649311785751479e+02 1.067065035668590234e+01 5.863115153890350761e+00 4.463465717305360236e+00 7.157262834009032986e+02 3.153259889071881048e+02
7.619642619524245220e+02 1.091684348233500756e+01 6.162952102217229999e+00 4.301392844812649940e+00 7.369709644735648908e+02 3.226588319020364679e+02
9.036285867535822263e+02 1.065676761969651309e+01 6.334166109705343217e+00 4.336991825548119905e+00 7.529737258383615881e+02 2.987086093502807103e+02
9.882639302642609209e+02 1.095795749861819779e+01 6.552864946022929793e+00 4.540260029232703332e+00 7.098028010967979071e+02 3.195496735309869791e+02
1.149242870427827484e+03 1.158067867339934054e+01 6.717455742371763350e+00 4.905560468710741695e+00 7.383960131332315768e+02 3.072611756135721066e+02
1.193103867758148454e+03 1.188334535844150963e+01 6.601794231015202463e+00 4.759186210339167999e+00 7.510695379789132176e+02 2.976526905744277656e+02
1.248277710891200059e+03 1.128211682569679120e+01 6.389029462241728297e+00 5.002841417660854439e+00 7.534478129148074004e+02 3.020134478177133701e+02
1.453793722605415951e+03 1.238054997747177843e+01 6.596019799629834424e+00 4.841110260051276093e+00 7.568909949383307776e+02 2.971582776345777575e+02
1.616634557795884803e+03 1.180993594989646844e+01 6.445692553327556418e+00 5.083641676210072013e+00 7.496505673963066556e+02 3.041782617998255773e+02
1.727994211342841027e+03 1.289104577001881324e+01 7.056557989663135189e+00 4.967367810939910200e+00 8.322121188088226518e+02 3.237848734295253621e+02
2.071615451125156596e+03 1.311663273747908143e+01 6.594918670777031089e+00 5.234560167503373940e+00 8.224358401614350669e+02 3.093692245104484755e+02
2.305624894104797932e+03 1.291325207628104543e+01 7.215641607907470778e+00 5.476492228950267993e+00 7.644361900412443447e+02 3.151029296908247375e+02
2.381597619979751926e+03 1.367920973134421914e+01 6.958854313811699832e+00 5.108205454277960023e+00 7.800986386628015907e+02 3.121260399619493455e+02
2.567188329850030641e+03 1.262904885193243132e+01 6.769642240845580972e+00 5.161796513048987123e+00 8.297493401773499500e+02 2.985196012296423760e+02
2.632555219619469426e+03 1.374849916494781787e+01 7.624816457433439609e+00 5.513127855586797743e+00 8.029471380305963066e+02 3.240996335155253973e+02
2.773492182053443685e+03 1.327342198556240227e+01 7.589118201140301778e+00 5.569608535099339619e+00 7.753960235620371577e+02 3.040332482674613175e+02
3.034931353143368142e+03 8.069339828953829397e+00 0.000000000000000000e+00 9.826468160705454480e+00 8.088542101017793584e+02 2.984651444840587828e+02
3.033405215877411592e+03 7.968184564225714084e+00 0.000000000000000000e+00 1.040367929416948733e+01 5.577162312300544727e+04 0.000000000000000000e+00
2.921862530611778311e+03 8.023173763444873430e+00 0.000000000000000000e+00 1.029004959225298066e+01 5.778592457785511215e+04 0.000000000000000000e+00
3.270464005898988489e+03 8.527015136799779071e+00 0.000000000000000000e+00 1.072950049113570969e+01 5.780468329443300900e+04 0.000000000000000000e+00
3.359796068903475771e+03 8.680160911758262543e+00 0.000000000000000000e+00 1.054404530394141482e+01 5.715011490279909776e+04 0.000000000000000000e+00
3.499473611015818733e+03 9.206869773397956536e+00 0.000000000000000000e+00 1.071832014862013338e+01 5.922993726287881873e+04 0.000000000000000000e+00
3.638652848692107455e+03 9.179393622844980172e+00 0.000000000000000000e+00 1.080332149696763544e+01 5.784322039291715191e+04 0.000000000000000000e+00
3.630843749964216840e+03 9.040974901049793289e+00 0.000000000000000000e+00 1.091308285461539285e+01 5.744493482318181486e+04 0.000000000000000000e+00
3.750826891094886832e+03 8.726491546291482493e+00 0.000000000000000000e+00 1.084657711494956800e+01 5.845726415398113750e+04 0.000000000000000000e+00
3.722232585754075444e+03 9.538661131390570702e+00 0.000000000000000000e+00 1.123015934485811052e+01 5.858927692467129236e+04 0.000000000000000000e+00
3.745769171611829279e+03 9.784824960838832908e+00 0.000000000000000000e+00 1.129538189324563113e+01 5.927720027293492603e+04 0.000000000000000000e+00
4.022176205474883773e+03 9.391430799465537049e+00 0.000000000000000000e+00 1.106860582391123771e+01 6.003835435984047217e+04 0.000000000000000000e+00
4.255252590493071693e+03 9.696833258525296984e+00 0.000000000000000000e+00 1.086978993651257852e+01 5.903777373804971285e+04 0.000000000000000000e+00
4.257924418635300754e+03 9.436175416555476758e+00 0.000000000000000000e+00 1.168265425818225189e+01 5.893023388953171525e+04 0.000000000000000000e+00
4.311774975818790153e+03 9.951119217341911849e+00 0.000000000000000000e+00 1.142409391193804602e+01 5.735714251206579502e+04 0.000000000000000000e+00
4.205922256570716854e+03 1.030609661087863493e+01 0.000000000000000000e+00 1.197507416575677119e+01 6.048148891314283537e+04 0.000000000000000000e+00
4.597586307849532204e+03 1.036854401400436743e+01 0.000000000000000000e+00 1.115337848341343729e+01 5.877369792300900735e+04 0.000000000000000000e+00
4.514667320651809860e+03 9.729464031112094347e+00 0.000000000000000000e+00 1.147586285339907874e+01 6.000645677016033733e+04 0.000000000000000000e+00
4.683099921153976538e+03 1.027887941237994518e+01 0.000000000000000000e+00 1.219697365801696520e+01 5.994238955273278407e+04 0.000000000000000000e+00
4.845159912465071102e+03 9.660035060789757821e+00 0.000000000000000000e+00 1.161469204813052336e+01 6.033859286286735733e+04 0.000000000000000000e+00
5.063548489794151465e+03 1.010860844341174669e+01 0.000000000000000000e+00 1.212411770648456333e+01 5.534757740739597648e+04 0.000000000000000000e+00
5.046901650842648451e+03 1.036455218619482821e+01 0.000000000000000000e+00 1.212340783721113979e+01 5.934883998916681594e+04 0.000000000000000000e+00
5.179323942802636338e+03 9.976968423135438968e+00 0.000000000000000000e+00 1.219433198467506152e+01 5.628273406364758557e+04 0.000000000000000000e+00
5.208895564315961565e+03 9.947035294960942409e+00 0.000000000000000000e+00 1.166119543201368813e+01 5.955268570672847272e+04 0.000000000000000000e+00
5.234770507399150119e+03 1.109302775979190336e+01 3.633217280192627907e+00 1.213035902988220549e+01 4.523043004326362393e+02 8.464459761833361995e+01
5.294685076520667280e+03 1.109224072949795037e+01 3.352074984438894401e+00 1.232613750387850438e+01 4.246124440005013980e+02 8.319792553329588713e+01
5.120713178090692963e+03 1.083311495258990043e+01 3.450128077275440575e+00 1.255947855558602022e+01 4.363601697601229148e+02 8.432284188426093863e+01
5.632464640582712491e+03 1.105276985383289023e+01 3.454295153303817756e+00 1.257185087553031266e+01 4.594677293755115670e+02 8.124316718669942361e+01
5.715244757679914073e+03 1.145043042529699129e+01 3.601842926728846539e+00 1.316742002888769925e+01 4.338661929944788085e+02 8.504100120559101583e+01
5.521712985847723758e+03 1.138262223542364993e+01 3.701499431066120227e+00 1.251833678223117197e+01 4.246612338461299601e+02 8.739701013621991876e+01
5.604553572293674733e+03 1.128989594235125615e+01 3.750963865122902696e+00 1.241547101306582768e+01 4.567630749397830527e+02 8.862099198951207768e+01
6.021251747486407112e+03 1.114421651221793574e+01 3.656882999076163543e+00 1.342861002506312218e+01 4.213989746299055810e+02 8.855750647681593080e+01
6.012847141026472855e+03 1.083046712667131928e+01 3.815854074721553690e+00 1.312769446909928739e+01 4.205087726073555245e+02 8.570285932573834486e+01
5.976726118513797701e+03 1.104848728694641835e+01 3.639226426943617199e+00 1.267412488912532709e+01 4.364741809007886673e+02 8.733026938799716277e+01
6.200559651843647771e+03 1.163790692276908700e+01 3.791045736174782466e+00 1.242417462424922903e+01 4.456363939150792248e+02 8.892677423781805146e+01
6.204696163082478051e+03 1.136967290009804721e+01 3.569007563362505575e+00 1.257230771505228084e+01 4.420655399012948692e+02 8.557184019257806540e+01
6.218077762114863617e+03 1.111593092857762066e+01 3.511646087433553998e+00 1.300957092255677949e+01 4.332022660096150162e+02 8.895978730271976076e+01
6.192474880475449027e+03 1.165508470607408142e+01 3.655263286409674350e+00 1.338711493447213741e+01 4.421415252827849258e+02 8.394562179529428647e+01
