2.000000000000000111e-01 3.501508834412222271e+00
1.000000000000000056e-01 3.585508834412222345e+00
5.000000000000000278e-02 3.915508834412222416e+00
3.333333333333333287e-02 4.141508834412222839e+00
2.000000000000000042e-02 4.221508834412222910e+00
1.250000000000000069e-02 4.257508834412222498e+00
1.000000000000000021e-02 4.303508834412222761e+00
6.666666666666667095e-03 4.471508834412222910e+00
5.000000000000000104e-03 4.665508834412221972e+00
4.000000000000000083e-03 4.845508834412222576e+00
3.333333333333333547e-03 5.001508834412222271e+00
