4.018990626307885616e-01 5.645136560349660826e+00 3.231324766068456977e+00 2.917476137687728510e+00 1.419203187530398964e+03 5.843757246405706383e+02
3.470122071546215636e+01 5.669904775231165317e+00 3.482295505870784069e+00 2.775700766069707726e+00 1.374230141361137385e+03 5.861099909832159938e+02
3.185501160572543711e+01 7.923976047500273623e+00 4.514284185215596601e+00 3.310248416751629286e+00 1.350014519709699925e+03 6.112945685171814603e+02
5.095449593375457198e+01 7.830733269495175897e+00 4.548951179772108055e+00 3.347992601236979837e+00 1.333953669630868717e+03 5.710542004303157455e+02
1.015083136381147852e+02 7.671066048908189217e+00 4.468617703260070684e+00 3.218380706374720290e+00 1.981181247929717131e+02 7.602657359315153940e+01
1.507698143353870250e+02 8.077841774727767543e+00 4.625090691937650433e+00 3.453088616188134008e+00 2.048956496475232996e+02 7.757903518282813593e+01
1.956463549452528241e+02 8.628241851767793236e+00 4.413218234734809009e+00 3.422194602317088385e+00 3.603697513185552452e+02 7.961942273621681920e+01
2.561582907557308317e+02 8.230299378919012199e+00 4.512455052210598616e+00 3.467094097640838424e+00 3.706357599370114713e+02 1.460427669648856863e+02
2.957292904223975825e+02 8.324706764099373046e+00 4.775929677453889965e+00 3.502146824368309819e+00 3.540466062406354695e+02 1.420359747671777200e+02
3.489419547478321419e+02 8.314777314149262466e+00 4.799316024716724804e+00 3.552487870706606543e+00 3.490015670800618182e+02 1.418774401188051684e+02
3.959991428098069264e+02 8.608246357936881310e+00 4.851182587623137366e+00 3.755970950197989211e+00 3.428470999463728504e+02 1.445742889803730975e+02
4.921527194100262932e+02 9.952147738375142438e+00 5.394030045812301388e+00 3.853314394138430465e+00 3.435650050496367385e+02 1.378968725102281212e+02
5.848293266480264947e+02 1.018195867622664430e+01 5.753604763838426450e+00 4.226852737670794724e+00 3.623438079574449375e+02 1.421401700685640890e+02
6.832856318404651574e+02 1.048378125635380442e+01 5.980844810137665668e+00 4.522433313597117532e+00 7.176689765994801746e+02 3.196127929186061465e+02
7.667727216917838859e+02 1.116629596646115630e+01 5.988093492951274577e+00 4.328531212030889641e+00 7.682267784524256058e+02 3.135891922951681750e+02
8.590827562880962205e+02 1.135090213959025007e+01 6.137209371790073753e+00 4.538854444152602419e+00 7.390002068174640044e+02 3.263862219995209557e+02
9.878055233533622186e+02 1.163564540516424017e+01 6.617526504452646563e+00 4.734334283360539963e+00 7.258729177279801661e+02 2.964731603769820367e+02
1.058849884489701253e+03 1.130333260045707178e+01 6.430345768172963439e+00 4.932578840682847243e+00 7.355341042082068270e+02 2.989897454364183886e+02
1.186134222851197592e+03 1.120149547774716581e+01 6.513286432373869950e+00 4.967946192005221029e+00 7.120197651309554203e+02 3.190779410178896001e+02
1.257137634478707696e+03 1.225063821539040454e+01 6.445479445257339179e+00 5.020707123710345776e+00 7.300235840048364935e+02 3.073145309450458171e+02
1.394438660943473906e+03 1.198674152011764171e+01 6.704761866543985427e+00 4.735110883217778621e+00 7.338332065858523947e+02 3.264291730659730320e+02
1.530966156154511737e+03 1.221843271275863962e+01 6.981110168542846495e+00 5.164148334427347997e+00 7.739914944642160890e+02 3.059607393119618450e+02
1.867248616643026253e+03 1.287947095287403165e+01 7.103589343025022984e+00 4.994961209193769847e+00 7.852042360544327266e+02 3.247370890369822405e+02
1.972657729689237385e+03 1.253179074929536974e+01 6.974545216597765496e+00 5.075748485203956051e+00 7.936710444081234073e+02 2.986132919183113472e+02
2.118633573110451835e+03 1.336931126776628886e+01 6.809125466434704066e+00 5.553746245438578200e+00 7.694106921493288382e+02 3.138106657358686675e+02
2.190409135170637455e+03 1.258009723474734720e+01 7.119978048397570980e+00 5.469698103674167200e+00 7.714041224823639595e+02 3.225851485443925526e+02
2.495773911853616937e+03 1.381535362334347639e+01 7.126833601659346762e+00 5.512595851156574689e+00 7.954839098069408010e+02 3.011182822733031799e+02
2.484253754532133371e+03 1.386842617736632199e+01 7.344010192611508003e+00 5.689308818184532157e+00 7.722821760924093724e+02 3.058319922440952041e+02
3.038623229074977189e+03 1.421729589150751671e+01 7.330345737427565567e+00 5.835926408146515421e+00 8.186120114836096491e+02 3.105028091163322870e+02
3.021212633575679320e+03 8.221301064948054460e+00 0.000000000000000000e+00 9.721232208414527065e+00 8.009219999212764378e+02 3.184079174164926371e+02
3.065030050996738282e+03 8.457870140919720114e+00 0.000000000000000000e+00 9.821640149358161764e+00 5.571156413852628611e+04 0.000000000000000000e+00
2.990068268516448370e+03 8.042919582922207766e+00 0.000000000000000000e+00 1.051705054348878754e+01 5.997332897055623471e+04 0.000000000000000000e+00
3.140492147106439461e+03 8.233661007774314200e+00 0.000000000000000000e+00 1.025216593399381182e+01 5.565040809243335389e+04 0.000000000000000000e+00
3.429760493058531210e+03 8.482373681029674373e+00 0.000000000000000000e+00 1.049205593046006690e+01 6.057302223772203433e+04 0.000000000000000000e+00
3.418455444405014532e+03 8.812669853542782761e+00 0.000000000000000000e+00 1.041525129384113946e+01 5.636636613674706314e+04 0.000000000000000000e+00
3.519999902396324615e+03 9.034450678518817668e+00 0.000000000000000000e+00 1.037444982943123328e+01 5.686802333558985993e+04 0.000000000000000000e+00
3.576789694118690477e+03 8.877474887290690120e+00 0.000000000000000000e+00 1.032854814250749520e+01 5.576304692046093987e+04 0.000000000000000000e+00
3.650927375588089944e+03 9.243590239688172616e+00 0.000000000000000000e+00 1.054753186935005793e+01 5.785559805623794091e+04 0.000000000000000000e+00
3.622567642772749423e+03 9.376893594842794499e+00 0.000000000000000000e+00 1.151164351027185617e+01 5.559161520107254910e+04 0.000000000000000000e+00
3.886952760006335666e+03 9.596627970804574304e+00 0.000000000000000000e+00 1.080926338470167991e+01 5.989228533458602033e+04 0.000000000000000000e+00
3.939902372321128951e+03 9.238522137076483176e+00 0.000000000000000000e+00 1.180957551860579002e+01 5.898201929544085579e+04 0.000000000000000000e+00
4.014501458964967696e+03 9.660960443468937342e+00 0.000000000000000000e+00 1.082199066972591339e+01 5.671971767658062890e+04 0.000000000000000000e+00
4.327199270237058954e+03 9.701398456757551969e+00 0.000000000000000000e+00 1.145370490434449096e+01 5.883458513383062382e+04 0.000000000000000000e+00
4.299864342295617462e+03 9.627248464994334398e+00 0.000000000000000000e+00 1.109548600203878621e+01 5.829170975217714295e+04 0.000000000000000000e+00
4.284421661688108543e+03 1.022907783908835277e+01 0.000000000000000000e+00 1.176894896232504095e+01 5.898976711179759150e+04 0.000000000000000000e+00
4.555429763061287304e+03 1.029174110835183420e+01 0.000000000000000000e+00 1.187521926534475369e+01 5.741816848806583585e+04 0.000000000000000000e+00
4.544914421688657058e+03 1.041037760696316106e+01 0.000000000000000000e+00 1.154707371873795374e+01 6.057700287152248347e+04 0.000000000000000000e+00
4.820399229602378909e+03 1.032461490117474057e+01 0.000000000000000000e+00 1.177285181412799453e+01 6.052068393512548937e+04 0.000000000000000000e+00
5.006612959915188185e+03 1.008825957080380853e+01 0.000000000000000000e+00 1.228808864871347240e+01 5.569839374475734803e+04 0.000000000000000000e+00
5.020028623279920794e+03 1.001586237845363847e+01 0.000000000000000000e+00 1.174398085999020580e+01 5.836187979484795505e+04 0.000000000000000000e+00
4.880743456094040994e+03 1.038541424922308742e+01 0.000000000000000000e+00 1.221421451595194796e+01 5.643615312494286627e+04 0.000000000000000000e+00
4.974646353472977353e+03 1.074750512367255872e+01 0.000000000000000000e+00 1.183478394611416107e+01 5.570573469320305594e+04 0.000000000000000000e+00
4.940235774968107762e+03 1.062581201897870642e+01 0.000000000000000000e+00 1.190467677860320705e+01 5.865676476254878071e+04 0.000000000000000000e+00
5.346056059583030219e+03 1.065073569351298310e+01 3.334360342993150983e+00 1.333214887572356311e+01 4.560121243561058009e+02 8.375259523230687364e+01
5.239060735516769455e+03 1.148358706716146926e+01 3.626943376131028796e+00 1.315538397455431507e+01 4.367330886871775419e+02 8.375841612633360000e+01
5.363625243090125878e+03 1.148396269582917029e+01 3.511809479688363655e+00 1.289973918361858196e+01 4.566058304677936235e+02 8.421654802480863111e+01
5.531428107410008124e+03 1.135973866815759692e+01 3.492971531328330048e+00 1.237433315393998612e+01 4.202319537872759270e+02 8.655757427540470417e+01
5.529457581539847524e+03 1.086578325634772391e+01 3.629130539873734129e+00 1.305432833775102885e+01 4.379424210369472235e+02 8.923032980665117009e+01
5.838649287612402077e+03 1.096177460080656907e+01 3.691576139029464354e+00 1.349225142527564536e+01 4.585114101727336902e+02 8.199581052340059273e+01
5.510155808346556114e+03 1.087894501793547875e+01 3.542846674301815213e+00 1.311151917745096895e+01 4.516157040398452978e+02 8.297626035768918484e+01
5.543216888356748314e+03 1.154148832034295502e+01 3.658467054437484212e+00 1.244482211949777728e+01 4.177615004866103732e+02 8.139155996718477581e+01
5.838896482402505171e+03 1.070617754246062070e+01 3.482641730339301578e+00 1.269523129207276391e+01 4.252291918799740529e+02 8.650366185120964246e+01
5.791719313697618418e+03 1.149039791787740405e+01 3.653338919691416553e+00 1.284413354199243784e+01 4.483101726286524809e+02 8.175137929721147145e+01
5.986031026529528390e+03 1.150810770776054781e+01 3.477202660627237485e+00 1.369282761548240224e+01 4.221422296771812057e+02 8.304078489993622725e+01
6.351312387071608100e+03 1.171117791658435614e+01 3.813484231770905009e+00 1.246085929162692452e+01 4.192018022869723382e+02 8.124056942285982075e+01
6.021473677456553560e+03 1.104659134685776323e+01 3.506367679596041675e+00 1.299903650359871676e+01 4.515943826602499485e+02 8.900620058626130060e+01
6.288909864102003667e+03 1.132392828047054145e+01 3.819266462069654366e+00 1.260137271479391252e+01 4.127616800366814118e+02 8.180998164882450396e+01
