2.000000000000000111e-01 3.049652501806758398e+00
1.000000000000000056e-01 3.119652501806758682e+00
5.000000000000000278e-02 3.421652501806758728e+00
3.333333333333333287e-02 3.787652501806758387e+00
2.000000000000000042e-02 4.015652501806759034e+00
1.250000000000000069e-02 4.085652501806758430e+00
1.000000000000000021e-02 4.109652501806758451e+00
6.666666666666667095e-03 4.177652501806758067e+00
5.000000000000000104e-03 4.291652501806758835e+00
4.000000000000000083e-03 4.447652501806758529e+00
3.333333333333333547e-03 4.615652501806758679e+00
