4.348424569906989001e-01 5.583151498753423425e+00 3.323984898225766926e+00 2.933437232516541648e+00 1.439603804325351348e+03 6.191027327030352581e+02
3.118383793736024501e+01 5.921399899169142778e+00 3.306278796437970957e+00 2.806269047155956819e+00 1.431500500738753772e+03 5.914206437038187687e+02
3.233146716398742626e+01 7.750706864568662091e+00 4.219937943600997166e+00 3.245563887095944455e+00 1.432635747262519089e+03 6.001222086122830888e+02
5.102756866034970074e+01 7.817174711569509604e+00 4.458466323864067604e+00 3.474767181509325731e+00 1.384925003746501261e+03 6.200008378410822161e+02
1.001564808152992185e+02 7.734148406097433259e+00 4.478892294375276251e+00 3.261950264260272903e+00 1.900161147922191276e+02 7.769167524919431855e+01
1.434441110638337875e+02 8.058543085367483982e+00 4.654277299703621473e+00 3.577260953702682933e+00 2.020725833916163765e+02 7.839521558421529335e+01
2.009709119185347674e+02 8.249088724680328610e+00 4.806436881354263946e+00 3.342150543514206706e+00 3.613102168585000413e+02 7.984850959440451845e+01
2.559258115000334897e+02 8.648951484076183860e+00 4.598664170295432285e+00 3.430705515872656264e+00 3.605670229184146365e+02 1.380776904101067828e+02
2.917960256046434893e+02 8.866336267676945937e+00 4.798348133143286454e+00 3.486406204660746688e+00 3.553240674981487928e+02 1.456352529646194114e+02
3.445785013113500668e+02 8.973230764818717731e+00 4.663297512384382060e+00 3.756913116269739561e+00 3.693307618595092663e+02 1.459327525803604431e+02
4.046248469539802386e+02 8.621474627429980941e+00 4.796926985119463360e+00 3.489036509927528229e+00 3.668461222270473741e+02 1.359696080161633631e+02
5.086340132337524551e+02 9.830917360840143004e+00 5.271902091468982476e+00 4.050098344111211723e+00 3.743345915823485370e+02 1.433280246449890853e+02
6.260652878237834784e+02 1.025118126836439991e+01 5.900883324268845875e+00 4.060280732495657574e+00 3.422616405074776367e+02 1.496777291924450992e+02
6.631828400091874300e+02 1.055066637655443529e+01 6.096618574928820422e+00 4.216424493140555008e+00 7.104864515747580072e+02 3.199427765114445492e+02
8.303826670315016827e+02 1.048957318684734652e+01 6.082535795475813245e+00 4.434097634128920440e+00 7.615713888273498924e+02 3.007209332748332713e+02
8.901507737172070165e+02 1.162040991839591619e+01 6.217814959847596690e+00 4.591490416536377239e+00 7.524565279695001436e+02 2.992816903169492662e+02
9.613508192071617486e+02 1.164562477588675371e+01 6.558634482708710856e+00 4.741674538146641638e+00 7.725804039252194571e+02 3.144338500395998608e+02
1.074844876322702703e+03 1.117573144129596052e+01 6.318100385949300346e+00 4.581431925303277808e+00 7.700008517127702135e+02 3.213860820179347115e+02
1.198932599920507300e+03 1.171527273484172582e+01 6.561511743455354484e+00 4.737954371556498678e+00 7.598205194411210641e+02 3.096963159379611739e+02
1.355609836672347456e+03 1.222166289938484596e+01 6.498977287427658567e+00 4.587260589421831014e+00 7.394340593654586655e+02 3.151122164502344276e+02
1.390176118230242764e+03 1.217665595079252583e+01 6.589440624727286533e+00 4.844335636561576841e+00 7.047191735411448690e+02 3.098236495031954405e+02
1.657408814803043242e+03 1.224153023857852851e+01 6.687979674061627300e+00 5.225257237624293616e+00 7.604136015925527090e+02 3.219359571809902150e+02
1.866080736439667135e+03 1.218802831249047536e+01 6.929281404892202012e+00 5.326037046482897885e+00 8.341420158005951180e+02 3.196396907433825731e+02
2.016922245465641709e+03 1.318437875003213833e+01 7.151981595574379291e+00 5.346659670286485699e+00 8.150071708864977609e+02 3.006987627697276935e+02
2.281927563289483260e+03 1.261795006744946512e+01 7.335684041799177990e+00 5.522865325400104553e+00 7.901796729140077105e+02 3.170128250720471215e+02
2.355821019270704255e+03 1.258676138613160411e+01 6.830550975764624333e+00 5.267654262379114272e+00 7.916165757850618547e+02 2.980294683717472140e+02
2.479193023328914933e+03 1.301345940663444800e+01 7.099577501217508413e+00 5.624621770110048047e+00 8.268262072458892362e+02 3.112184920712330154e+02
2.640868000998751995e+03 1.423477651619329798e+01 7.135037529693994074e+00 5.428418449680008528e+00 7.623179923306354340e+02 3.087896116544101801e+02
2.943340714859778018e+03 1.304207412108313946e+01 7.418086630512301660e+00 5.557580056667818624e+00 7.725860016915074766e+02 3.148375246357006176e+02
2.885475278702296237e+03 8.095707468655851002e+00 0.000000000000000000e+00 9.492746972258839122e+00 7.688277529778512189e+02 3.112288814051103714e+02
3.073048961637930915e+03 8.519386029598630117e+00 0.000000000000000000e+00 9.996769166069306323e+00 5.648379542210407089e+04 0.000000000000000000e+00
3.086971970699458325e+03 8.284032794406369860e+00 0.000000000000000000e+00 1.004795155237539284e+01 6.036303878547620116e+04 0.000000000000000000e+00
3.222748606649340218e+03 8.386761820576968063e+00 0.000000000000000000e+00 1.013448550155413663e+01 5.606524979065547086e+04 0.000000000000000000e+00
3.318718507570099518e+03 8.669015843447999359e+00 0.000000000000000000e+00 1.019133409048926353e+01 5.573192041166364652e+04 0.000000000000000000e+00
3.232658194915451986e+03 8.454031018971944533e+00 0.000000000000000000e+00 1.081870245092920868e+01 5.504114845233494998e+04 0.000000000000000000e+00
3.479402248209907157e+03 9.342029019546021829e+00 0.000000000000000000e+00 1.091797946992018709e+01 6.034430378063261742e+04 0.000000000000000000e+00
3.495435416375314162e+03 8.836056290916001643e+00 0.000000000000000000e+00 1.130481142435458430e+01 5.879643807659262529e+04 0.000000000000000000e+00
3.764488311381888707e+03 9.159601411734730192e+00 0.000000000000000000e+00 1.100237762238576877e+01 5.603642001162227098e+04 0.000000000000000000e+00
3.832431919274267329e+03 8.901588414131603955e+00 0.000000000000000000e+00 1.153369896204519840e+01 6.015153287467337941e+04 0.000000000000000000e+00
4.003815651175590119e+03 8.973572568598271459e+00 0.000000000000000000e+00 1.154216637987349081e+01 5.962931573359374306e+04 0.000000000000000000e+00
3.938257021259473731e+03 9.063716062506976812e+00 0.000000000000000000e+00 1.124135825579613090e+01 5.836485233116734889e+04 0.000000000000000000e+00
4.198808194948595883e+03 9.707995835602075019e+00 0.000000000000000000e+00 1.108317095484452786e+01 5.738181587862562446e+04 0.000000000000000000e+00
4.242779121830752956e+03 9.711694717481110573e+00 0.000000000000000000e+00 1.120832338917188942e+01 5.694075627506290766e+04 0.000000000000000000e+00
4.387158147700019981e+03 9.782354870431303695e+00 0.000000000000000000e+00 1.158756065169064975e+01 5.990636061864322983e+04 0.000000000000000000e+00
4.585331290006807649e+03 1.002972641361677830e+01 0.000000000000000000e+00 1.179133730366758392e+01 5.675314916461410758e+04 0.000000000000000000e+00
4.412909122878893868e+03 1.023649501916441906e+01 0.000000000000000000e+00 1.141274209923859395e+01 6.002913395583933743e+04 0.000000000000000000e+00
4.426460990546392168e+03 9.952431198322138073e+00 0.000000000000000000e+00 1.175571192775506901e+01 5.576553427126786119e+04 0.000000000000000000e+00
4.509102887013384134e+03 1.023339889383879786e+01 0.000000000000000000e+00 1.139330677226989685e+01 5.930496714600327687e+04 0.000000000000000000e+00
4.640218927251937203e+03 9.728197088954440019e+00 0.000000000000000000e+00 1.200258951600056889e+01 5.894392677609191014e+04 0.000000000000000000e+00
4.994130382705428929e+03 1.005847026153072399e+01 0.000000000000000000e+00 1.168404945603684553e+01 5.524010179724387854e+04 0.000000000000000000e+00
4.921085250248845114e+03 1.044083197830079257e+01 0.000000000000000000e+00 1.168274975007389926e+01 5.841614618178805540e+04 0.000000000000000000e+00
5.250844777532100125e+03 1.074678849994253049e+01 0.000000000000000000e+00 1.232601278233384967e+01 5.811954839188599726e+04 0.000000000000000000e+00
5.185546690537050381e+03 1.010064189750366381e+01 0.000000000000000000e+00 1.184373758182982961e+01 5.675406801762857503e+04 0.000000000000000000e+00
5.051391387367545576e+03 1.051012245003045287e+01 3.671850590405125736e+00 1.288380905711189328e+01 4.491618069918782794e+02 8.106240999158008265e+01
5.294027652279894028e+03 1.059451782960331201e+01 3.385425554220581112e+00 1.278194099878652423e+01 4.365556986439595448e+02 8.745034053947264852e+01
5.503816630084475946e+03 1.080852525244354645e+01 3.430651857606551225e+00 1.238866262134475704e+01 4.432905736807086328e+02 8.470693793282848105e+01
5.463137953974713128e+03 1.146331825390398684e+01 3.662705190701186275e+00 1.259291008457772953e+01 4.518652294716439997e+02 8.500184161156418838e+01
5.396829532488100085e+03 1.093768378103794703e+01 3.716732590070990216e+00 1.313954192528660947e+01 4.343042816515717846e+02 8.493911526331694972e+01
5.547968465346993980e+03 1.151102650650514114e+01 3.441021425926468869e+00 1.304730117394884026e+01 4.450318528803776985e+02 8.660512037901693816e+01
5.899347410755266537e+03 1.137389074654697652e+01 3.748667051927768501e+00 1.357018655073414948e+01 4.405873524633102534e+02 8.300101920658741506e+01
5.919147180248825862e+03 1.102835689268568586e+01 3.638167243537210993e+00 1.268301891906726375e+01 4.552237698731889850e+02 8.251104886630820090e+01
5.640443482600227071e+03 1.114402908966475181e+01 3.606317512963250760e+00 1.318077129660853508e+01 4.246608129299918346e+02 8.386520256716450206e+01
5.770641000909923605e+03 1.159389193099890747e+01 3.558125642441606118e+00 1.311265132117027044e+01 4.341500090966091534e+02 8.760461661164522695e+01
5.822461974443348481e+03 1.093362906394203726e+01 3.640896527926970716e+00 1.247583209422650796e+01 4.487204853525055910e+02 8.139289347324830715e+01
6.279286462807728640e+03 1.077944235160487274e+01 3.839765957253845396e+00 1.270413240694059986e+01 4.382885983345835825e+02 8.823628304972018555e+01
6.331981568799375054e+03 1.074652020354966808e+01 3.603356793439389083e+00 1.260384128577111973e+01 4.327129655980289726e+02 8.853144225362514419e+01
6.306291377601758541e+03 1.163290986907012226e+01 3.735730624790828625e+00 1.371526217369924616e+01 4.368002658772111317e+02 8.664795985343396012e+01
