-3.167418517738312955e-01 5.552568403099016336e+00 3.465083627099724950e+00 2.867881857475487184e+00 1.406905255807977710e+03 5.745168637322759650e+02
3.286823429997399870e+01 5.790886293960924469e+00 3.379823435425503231e+00 2.851019773851602324e+00 1.408216681586369077e+03 6.195566243128466795e+02
3.312016369861701293e+01 7.983394293123712515e+00 4.527759033430330149e+00 3.271628747735499942e+00 1.395852709481278453e+03 6.208951965178639512e+02
5.083728371045400252e+01 7.741615102613175203e+00 4.193142015697225666e+00 3.228165941134781391e+00 1.436592192785687985e+03 6.143895331702881322e+02
9.517514999655981001e+01 8.008004323541056735e+00 4.652624519147667392e+00 3.255158827546463129e+00 1.943458604023790883e+02 8.319864373485916076e+01
1.421583455760633967e+02 7.721858849342441822e+00 4.736573452210987689e+00 3.381601720225584806e+00 2.064745436185412188e+02 7.898986460241209784e+01
1.942977332904435457e+02 7.947178846403271990e+00 4.383103709655987501e+00 3.396839344793038062e+00 3.666250695488939755e+02 7.719533116224644687e+01
2.492190819534431512e+02 8.468992158715293428e+00 4.764661344647307395e+00 3.553047345324263695e+00 3.568563873699220608e+02 1.361631693982518811e+02
2.921873467898822128e+02 8.971088762652025039e+00 4.694690289029748165e+00 3.598820792918920652e+00 3.740636557310319290e+02 1.407764503382658461e+02
3.351598418702345157e+02 8.850131617710031762e+00 4.815092391051797094e+00 3.685334696966205303e+00 3.427852337426639338e+02 1.480219148670519758e+02
4.108738242142710533e+02 8.907325683818141826e+00 4.811407003268784344e+00 3.679902856981326131e+00 3.772388960737944217e+02 1.452004332278073377e+02
5.151209547261765920e+02 9.553290089739437718e+00 5.196272267914607390e+00 3.691556852701849856e+00 3.517057200134865411e+02 1.432503321982931084e+02
5.958555920217409039e+02 1.066604056803840272e+01 5.767033607952981811e+00 4.294092066787393414e+00 3.539924824099388729e+02 1.373306703975495111e+02
6.680994252228337018e+02 1.082567329776472498e+01 5.970489118661614469e+00 4.282587984300487705e+00 7.287040135161240642e+02 3.129958206204973408e+02
7.846026547468446779e+02 1.114075404006741543e+01 6.226306259936657206e+00 4.340213860389914302e+00 7.361345415696032433e+02 3.184315370338764524e+02
8.914821882663438828e+02 1.159447131543922183e+01 6.286350824368653001e+00 4.563384155330462377e+00 7.755856598111498670e+02 3.049026795077811585e+02
1.012258620906392252e+03 1.193490276926195293e+01 6.062183827146957249e+00 4.428093165873054460e+00 7.371527128641267836e+02 3.034497068246828348e+02
1.133655408012604084e+03 1.122690688433492845e+01 6.385672247199159379e+00 4.592807941757635071e+00 7.411201372375450092e+02 3.028028404677794470e+02
1.178907246438899165e+03 1.119486302092313323e+01 6.565184945146683049e+00 4.791361698650415946e+00 7.071460668026682015e+02 3.206646814886769334e+02
1.249157601431440753e+03 1.228624368489138519e+01 6.703096712890259212e+00 5.049720671315017562e+00 7.108864506589364964e+02 3.019769787037792526e+02
1.330623173888948941e+03 1.210181255479463935e+01 6.728256648520787309e+00 4.880980435092791225e+00 7.239407216355335777e+02 3.085958376611241079e+02
1.569432608624605791e+03 1.224068114799928786e+01 6.449984559579371890e+00 5.120484534528173981e+00 7.216909086626959606e+02 2.975131067830372444e+02
1.775568624495130962e+03 1.257295517164856768e+01 6.681425464477504406e+00 4.913563219507262048e+00 7.958817469496963213e+02 3.155455890461522586e+02
2.014915518058866837e+03 1.293103177430447914e+01 7.194047060364147761e+00 5.319899827026191019e+00 7.660534955679345330e+02 3.272405815445359849e+02
2.228933515104928119e+03 1.276272959778074068e+01 6.674004911575254440e+00 5.559135500071436198e+00 8.214460206471696893e+02 3.204462074113470180e+02
2.376328128145488336e+03 1.268358127786735245e+01 6.723673426171124845e+00 5.533483557289978094e+00 7.809507034471905627e+02 3.108220412073059720e+02
2.516782260847965517e+03 1.303113078798278046e+01 7.078522344720673765e+00 5.534473522743966534e+00 7.942008346521575959e+02 3.142347128637107971e+02
2.547010428092792154e+03 1.433101859304152192e+01 7.520670561959547307e+00 5.659992550524841626e+00 7.845277401689484122e+02 3.258919591613205853e+02
2.930041064350481065e+03 1.323465506720134144e+01 7.410782186967138863e+00 5.951223544865436921e+00 7.732687329154086910e+02 3.167797183882439072e+02
2.970984672273489650e+03 8.393163515499329819e+00 0.000000000000000000e+00 1.013268152168310543e+01 7.725358819478234409e+02 3.125588783275981086e+02
3.012596295937075865e+03 8.549915554782735683e+00 0.000000000000000000e+00 9.848800356193747163e+00 5.797034315242976299e+04 0.000000000000000000e+00
3.126366970338624014e+03 8.501479104239541229e+00 0.000000000000000000e+00 9.745998214025966888e+00 5.801039764409433701e+04 0.000000000000000000e+00
3.081629374788831228e+03 8.102126534807192471e+00 0.000000000000000000e+00 1.029916889612599107e+01 5.670448188992859650e+04 0.000000000000000000e+00
3.403292113030617656e+03 8.725219957138650173e+00 0.000000000000000000e+00 1.079410321972479636e+01 6.048195863145584735e+04 0.000000000000000000e+00
3.231256833081280092e+03 9.138437600658528837e+00 0.000000000000000000e+00 1.039803545668644347e+01 5.555180405317841360e+04 0.000000000000000000e+00
3.404747386381483011e+03 8.704918405913652180e+00 0.000000000000000000e+00 1.029494460677561740e+01 5.690376415929444920e+04 0.000000000000000000e+00
3.418302775025373194e+03 9.047095122426117797e+00 0.000000000000000000e+00 1.059419184772096578e+01 6.066399681396294181e+04 0.000000000000000000e+00
3.848639968587397561e+03 9.230704103771412150e+00 0.000000000000000000e+00 1.103892643688786279e+01 5.899570322921544721e+04 0.000000000000000000e+00
3.810407520766399102e+03 9.145373984664344036e+00 0.000000000000000000e+00 1.127819916379922738e+01 5.921430527589389385e+04 0.000000000000000000e+00
3.680632220546670851e+03 9.150005828275240560e+00 0.000000000000000000e+00 1.066228067396017920e+01 5.673465997888783750e+04 0.000000000000000000e+00
3.778035884450543108e+03 9.337689708238698927e+00 0.000000000000000000e+00 1.149499655614599192e+01 5.765081559578819724e+04 0.000000000000000000e+00
4.110095974779921562e+03 9.610582003795583361e+00 0.000000000000000000e+00 1.138822637713842489e+01 5.615926612477074377e+04 0.000000000000000000e+00
4.197331266015574329e+03 9.800650963292468987e+00 0.000000000000000000e+00 1.192310399629376327e+01 6.021191730016361544e+04 0.000000000000000000e+00
4.058111519531670638e+03 1.022547535383939987e+01 0.000000000000000000e+00 1.125259576989624577e+01 5.694143924147265352e+04 0.000000000000000000e+00
4.363132909419276984e+03 9.985694662107672315e+00 0.000000000000000000e+00 1.115977074183780182e+01 5.646461553584047215e+04 0.000000000000000000e+00
4.464387320329155045e+03 9.428270537616601388e+00 0.000000000000000000e+00 1.122456614408568853e+01 5.773456107890533167e+04 0.000000000000000000e+00
4.760357851738797763e+03 1.002731066484013489e+01 0.000000000000000000e+00 1.235504015077184370e+01 5.661737855812916678e+04 0.000000000000000000e+00
4.454628757959229006e+03 1.027036214948287807e+01 0.000000000000000000e+00 1.202379865203734965e+01 5.739188542409755610e+04 0.000000000000000000e+00
4.971644357526169188e+03 1.000483953126300563e+01 0.000000000000000000e+00 1.148085013518783448e+01 6.027124842116048239e+04 0.000000000000000000e+00
4.995241499734659556e+03 1.021860770848712896e+01 0.000000000000000000e+00 1.176054069432031568e+01 5.884503174407448387e+04 0.000000000000000000e+00
4.849964573396165179e+03 1.015932885419443110e+01 0.000000000000000000e+00 1.257269789200833188e+01 5.804117245721993095e+04 0.000000000000000000e+00
4.882758737444074541e+03 1.054248747351177329e+01 0.000000000000000000e+00 1.268615303747075274e+01 6.052193947254545492e+04 0.000000000000000000e+00
5.012810810840987870e+03 1.026106104209404535e+01 0.000000000000000000e+00 1.246325671515423927e+01 5.998699146405103238e+04 0.000000000000000000e+00
5.166799788549353252e+03 1.087142610006353749e+01 3.513835228347911066e+00 1.320584244788858896e+01 4.428422415597264603e+02 8.596861535884346495e+01
5.286788599500016062e+03 1.056007829143690024e+01 3.539276609083585434e+00 1.266843573382985610e+01 4.525087620339095906e+02 8.311085572534351229e+01
5.197685002648859154e+03 1.072001776699408815e+01 3.504888419935647370e+00 1.288031916179403780e+01 4.609451471083752949e+02 8.487572367110428218e+01
5.346445116910407705e+03 1.055948060694611712e+01 3.476119102419525930e+00 1.342520424436782633e+01 4.614650172798229733e+02 8.136622909171042295e+01
5.697046918642778110e+03 1.104138620690140726e+01 3.574777423435447687e+00 1.314836421528572785e+01 4.321807921451474499e+02 8.470276994495317524e+01
5.386607022287064865e+03 1.155218074448125165e+01 3.704022390965916678e+00 1.284269532715610573e+01 4.447898340480039110e+02 8.848658675164048759e+01
5.943665538504204051e+03 1.122149288521654498e+01 3.453397090338078179e+00 1.261788909858061736e+01 4.259646988185530176e+02 8.387325781858312723e+01
5.812901589308998155e+03 1.147912700874972280e+01 3.750181904006204103e+00 1.340058911547436793e+01 4.549777302859943688e+02 8.184168172540374542e+01
6.097777068028586655e+03 1.082363279473756457e+01 3.720386473270147043e+00 1.291535646256279968e+01 4.229729134113077862e+02 8.516224878718600166e+01
5.983566278111114116e+03 1.147066057809089479e+01 3.701802505636791363e+00 1.242058613697858682e+01 4.180493946884037086e+02 8.787959020153317624e+01
6.272809783599005641e+03 1.084481676118499394e+01 3.584070530834691848e+00 1.241642738500469001e+01 4.437387053550261271e+02 8.181266386597475559e+01
6.126753354510454301e+03 1.081568565989815767e+01 3.618092087726116901e+00 1.283417678866040035e+01 4.252367758404018900e+02 8.900316130510442747e+01
5.976393707996502599e+03 1.154890640622642728e+01 3.846839527162274397e+00 1.333782345410999071e+01 4.272364550791589863e+02 8.214128427495826656e+01
6.482880168396115550e+03 1.074744529609875521e+01 3.598823284598657857e+00 1.300546728395992346e+01 4.499284125052469676e+02 8.885032559330210233e+01
