9.397567499539427605e-02 5.917082729938265118e+00 3.394231208496574670e+00 2.661566790801237925e+00 1.365950367101234406e+03 6.093206560480890630e+02
3.277020168905227848e+01 5.720400351954125995e+00 3.495589487330744483e+00 2.721930870002861713e+00 1.361084712984498083e+03 6.225090803694760098e+02
3.364101597077515748e+01 7.618591995677483908e+00 4.212926955834222831e+00 3.215126652416778530e+00 1.419511763151269406e+03 5.958981913607378829e+02
5.113929134625796991e+01 8.032979811784436208e+00 4.273573845529551996e+00 3.483774985315550410e+00 1.351016845686319357e+03 6.187490374300084568e+02
9.891086083987111977e+01 8.225466777486563075e+00 4.556141715218601895e+00 3.390027072679403730e+00 1.950831852627135845e+02 7.664951387579064601e+01
1.507037829285908401e+02 8.058720829558000176e+00 4.403598993720741817e+00 3.298093173875096706e+00 2.089442281942846478e+02 8.164642724610941116e+01
1.967888647112526144e+02 8.527086609587014365e+00 4.788982381740221506e+00 3.621266478706101299e+00 3.428080269145709167e+02 8.033433945193979753e+01
2.472198945394702037e+02 8.494330195853807552e+00 4.733642021965907887e+00 3.640752783120067448e+00 3.613501470328357073e+02 1.398493540299467099e+02
2.869239024902548181e+02 8.403824289317133989e+00 4.756236208595700177e+00 3.528219943899599365e+00 3.509048288621627307e+02 1.418971885623326727e+02
3.609504222419927260e+02 9.005916995020113447e+00 4.785531362064189054e+00 3.746842202339479400e+00 3.702693623028731054e+02 1.470304670843156885e+02
4.147284305047494968e+02 9.055022327117477232e+00 4.742540648953728954e+00 3.497829258006118991e+00 3.534784402940254040e+02 1.388224060841373557e+02
5.104777074307613702e+02 9.172230268031656308e+00 5.297245104587332776e+00 3.785325995581549918e+00 3.538514391810238067e+02 1.475942023181604270e+02
6.282712671935915978e+02 1.056914267956917541e+01 5.907153868270040853e+00 4.002106385886003537e+00 3.487501143715195440e+02 1.448750176666439984e+02
6.916384484060084787e+02 1.082506935069302401e+01 5.774529933208716770e+00 4.546374580358441442e+00 7.600190677909395163e+02 3.112588572934763533e+02
8.076612417365873853e+02 1.149119857642997111e+01 6.083728329466162599e+00 4.509175120682225923e+00 7.359500034191655686e+02 3.255726486187164141e+02
8.665284801559051857e+02 1.150273145238116435e+01 6.033943693909158412e+00 4.410483537635336404e+00 7.079961264129340179e+02 3.126505618369940294e+02
1.010924074863584337e+03 1.102010522618963329e+01 6.052498029450214645e+00 4.711169145562332794e+00 7.671368401540618152e+02 3.024588984123622026e+02
1.140005399944766168e+03 1.129508912244972052e+01 6.165213164903379450e+00 4.519227897665047955e+00 7.149618025943303792e+02 3.072137850847652771e+02
1.140834912364884076e+03 1.204623510774691297e+01 6.359484668938441665e+00 4.548080681182720575e+00 7.728650221268974292e+02 2.966186925174820317e+02
1.263638130107698089e+03 1.132148354718150784e+01 6.434077800400854308e+00 4.930280481412365745e+00 7.571496593248591580e+02 3.230556758346926358e+02
1.417150250476099473e+03 1.234871537545877374e+01 6.486353957987164520e+00 4.880282006493899871e+00 7.737818894463219976e+02 3.038330040392339697e+02
1.582342297431428506e+03 1.184085816644468281e+01 6.435216887512256179e+00 5.177630264848160024e+00 7.293079844004934102e+02 2.996707106276568879e+02
1.776784164969091535e+03 1.190951175903883374e+01 6.864607810492353579e+00 4.920000906917919359e+00 8.107464057097256500e+02 3.247074988782951550e+02
2.077532650648181971e+03 1.342741445771792819e+01 7.205839960770069830e+00 5.288925004354405601e+00 8.198144376422545747e+02 3.015241288095747336e+02
2.259996094431007350e+03 1.249297996491648277e+01 7.275939601164385095e+00 5.164848989442622162e+00 7.879966412965782183e+02 3.195762116749166921e+02
2.394700683447595111e+03 1.319997650326448024e+01 7.165141281917067673e+00 5.501579895156096356e+00 8.015799157303099491e+02 3.011703795075457037e+02
2.522878226187257496e+03 1.385863419107712780e+01 7.203136018481237635e+00 5.237790197553881200e+00 7.918366083877182291e+02 3.087363705274304948e+02
2.475694803175322704e+03 1.392087866133292806e+01 7.414028586477884097e+00 5.834996841863521411e+00 8.164630996067230626e+02 3.171483111843034521e+02
2.908665883586035761e+03 1.386332117103000350e+01 7.517722898803648413e+00 5.567118256496200956e+00 7.771787452059786574e+02 3.090372013100911204e+02
2.805429044268092184e+03 8.146584034287206677e+00 0.000000000000000000e+00 9.954415063465297919e+00 8.301242687105366258e+02 3.232615750147019753e+02
2.945450236838226829e+03 8.115340148383568319e+00 0.000000000000000000e+00 1.012817991053522526e+01 6.037044721015795949e+04 0.000000000000000000e+00
3.160136411022357152e+03 8.686515940821013970e+00 0.000000000000000000e+00 1.017263367990305767e+01 5.494771829303777486e+04 0.000000000000000000e+00
3.019910702958966340e+03 8.652387230398186801e+00 0.000000000000000000e+00 1.051405600629372827e+01 5.519859291778731131e+04 0.000000000000000000e+00
3.188500800864631856e+03 8.859844878849617800e+00 0.000000000000000000e+00 1.000790051702295713e+01 5.973869318398595351e+04 0.000000000000000000e+00
3.351914643936263928e+03 8.865405653523735552e+00 0.000000000000000000e+00 1.059107265027234313e+01 5.988888818992808956e+04 0.000000000000000000e+00
3.561518330997470912e+03 8.684017590676027964e+00 0.000000000000000000e+00 1.115234051791893144e+01 5.735737217330464773e+04 0.000000000000000000e+00
3.597547266139737076e+03 9.352589032277785819e+00 0.000000000000000000e+00 1.131338497702537182e+01 5.559556686069337593e+04 0.000000000000000000e+00
3.737217902334426981e+03 8.914815948349881225e+00 0.000000000000000000e+00 1.102349677429594443e+01 5.682036787736084079e+04 0.000000000000000000e+00
3.846959023784563669e+03 8.835643701710083064e+00 0.000000000000000000e+00 1.161036808683472010e+01 5.591005653039908066e+04 0.000000000000000000e+00
3.861124922151293504e+03 9.144643337218488099e+00 0.000000000000000000e+00 1.101885969973623425e+01 5.743802107863486162e+04 0.000000000000000000e+00
3.807215806519413036e+03 9.520030985862174333e+00 0.000000000000000000e+00 1.120588220854007666e+01 6.041516098320613673e+04 0.000000000000000000e+00
3.968425011866412206e+03 9.195153647942641228e+00 0.000000000000000000e+00 1.112581841659488902e+01 5.793879767682062811e+04 0.000000000000000000e+00
4.065129925235883547e+03 9.330773763697363776e+00 0.000000000000000000e+00 1.182183083895577980e+01 5.576106411410222063e+04 0.000000000000000000e+00
4.443172021622096509e+03 9.501137379484992707e+00 0.000000000000000000e+00 1.167684241747148732e+01 5.773656959392084536e+04 0.000000000000000000e+00
4.461610860217373556e+03 9.440653430205591334e+00 0.000000000000000000e+00 1.206644623610241318e+01 5.839486761307789857e+04 0.000000000000000000e+00
4.634492314313608404e+03 9.647124548209912831e+00 0.000000000000000000e+00 1.122621081413773148e+01 5.658875991516782233e+04 0.000000000000000000e+00
4.721032602112269160e+03 1.007913920122629214e+01 0.000000000000000000e+00 1.166694105749233223e+01 5.804486752289863944e+04 0.000000000000000000e+00
4.654294036282204615e+03 1.025353406838683057e+01 0.000000000000000000e+00 1.157313615089394077e+01 5.516246670631387678e+04 0.000000000000000000e+00
4.675408217535931726e+03 1.018502003958404245e+01 0.000000000000000000e+00 1.229719910591540177e+01 5.576550453451919020e+04 0.000000000000000000e+00
5.043266691169714250e+03 1.029332045625731951e+01 0.000000000000000000e+00 1.233402836846644313e+01 5.798281297589794849e+04 0.000000000000000000e+00
4.825256210505970557e+03 1.066987080642904751e+01 0.000000000000000000e+00 1.202229328310521161e+01 5.937439036476083857e+04 0.000000000000000000e+00
5.172754547706721496e+03 1.046271301562467748e+01 0.000000000000000000e+00 1.163157443754037601e+01 5.966896867587969609e+04 0.000000000000000000e+00
5.172485831483409129e+03 1.082581384691417092e+01 0.000000000000000000e+00 1.195584910521776578e+01 5.572068221760699817e+04 0.000000000000000000e+00
5.277060082801091085e+03 1.123287420888707722e+01 3.396585107416271399e+00 1.254741243853038668e+01 4.584483615467731283e+02 8.872691482041804534e+01
5.130849262380609616e+03 1.097027825311286087e+01 3.359611473541077142e+00 1.290583548836528394e+01 4.263813010413338702e+02 8.766457876097875612e+01
5.112615689819705040e+03 1.117846094560957937e+01 3.529983798299196174e+00 1.255151045918641550e+01 4.419346252004953044e+02 8.106329766877730947e+01
5.424167664891883760e+03 1.055343108637928928e+01 3.553561635813506925e+00 1.292548083273769777e+01 4.266659894778053967e+02 8.819834844954222319e+01
5.220909369304964457e+03 1.096932728041454652e+01 3.401037516634006774e+00 1.295616578043289557e+01 4.266754038712059582e+02 8.502729946689274243e+01
5.373955383524736135e+03 1.063522874145836461e+01 3.648052461198351359e+00 1.247943158583879963e+01 4.162662381407890848e+02 8.366039753074413454e+01
5.708273394741681841e+03 1.110726597735942356e+01 3.756859813566753470e+00 1.255339260622151976e+01 4.294177659015014683e+02 8.319972933591709818e+01
5.990205087636365533e+03 1.164781185334882885e+01 3.655570763229537334e+00 1.349813278961561558e+01 4.364158080324698972e+02 8.694012405780664210e+01
6.006826737373107790e+03 1.071648350327800614e+01 3.496629319775678368e+00 1.343380227218581879e+01 4.126414468170590339e+02 8.864350584887044704e+01
6.071851600653788410e+03 1.149093729909213124e+01 3.615550218003153571e+00 1.279686962342310785e+01 4.224007439399150030e+02 8.238028251451002859e+01
6.359747281086212752e+03 1.123701873400440299e+01 3.770599084719995275e+00 1.312270897083003440e+01 4.304305214428093791e+02 8.814811619439521451e+01
6.334733204920554272e+03 1.097441208044933347e+01 3.666088415517725352e+00 1.289374095117936214e+01 4.290108747608916246e+02 8.098537171595745576e+01
6.313460504043203400e+03 1.174332046375402072e+01 3.729474175607013997e+00 1.269536259920581145e+01 4.471423777867792069e+02 8.650569279077760143e+01
6.284009185080223688e+03 1.151223516539629976e+01 3.602965694410270370e+00 1.331802669551361085e+01 4.352320008827197171e+02 8.333224110995577405e+01
