-4.614136539122674074e-01 6.067214504592360669e+00 3.332910668264187581e+00 2.727393865680359575e+00 1.414647361960595845e+03 6.151504882870708570e+02
3.412900036477726928e+01 5.818870682037460718e+00 3.235430368530472833e+00 2.675705626747160615e+00 1.364337236650325622e+03 5.829475534974078528e+02
3.480748030043943686e+01 8.022576079023405526e+00 4.448023157508678160e+00 3.302585240109740194e+00 1.378869517528578854e+03 6.037061889480946775e+02
5.048699870611346086e+01 7.800317251352652193e+00 4.407746211728095886e+00 3.252450772344273489e+00 1.338901423472628721e+03 5.853995321440802400e+02
1.009174671876538838e+02 8.227201405568614234e+00 4.316273002110471602e+00 3.546721831481633558e+00 1.936180765312741414e+02 8.112757397139768045e+01
1.444981909321219575e+02 8.333190825515217171e+00 4.481253917811669041e+00 3.510967221840695096e+00 1.991365968912729443e+02 7.649108969183274098e+01
1.929318995278115381e+02 7.979169105676710672e+00 4.780791451687048443e+00 3.510137129935147815e+00 3.666655701978815500e+02 7.938153249048667703e+01
2.551576917354733780e+02 8.119780412344173470e+00 4.811848752164154419e+00 3.571352195187345480e+00 3.618529251179770085e+02 1.445147064704225102e+02
2.924224483685914038e+02 8.890543650136645937e+00 4.645235594687498804e+00 3.616140001572503593e+00 3.674081456812382953e+02 1.411643220036437185e+02
3.480482585410682645e+02 8.928454549776494886e+00 4.713647435037035649e+00 3.447343880447526043e+00 3.426231128904572643e+02 1.422724356645751129e+02
4.147282902741836779e+02 8.813714409015533491e+00 5.078047887011885919e+00 3.693703526124965997e+00 3.547420565809424033e+02 1.424655473039133824e+02
5.217253792994177957e+02 9.290883392607394597e+00 5.251977053722463928e+00 3.919997748729576958e+00 3.693221794851638720e+02 1.413238417741283683e+02
5.726744407828344947e+02 1.033688804081847934e+01 5.937794022102210079e+00 3.940699204993782789e+00 3.588437330573765394e+02 1.407373070086529765e+02
6.677084134541371441e+02 1.037250667226762957e+01 5.930778765458477153e+00 4.184007190954554645e+00 7.418774043485599350e+02 3.137730633658737247e+02
7.643520506716115506e+02 1.118623570753258534e+01 6.165310468206321559e+00 4.378391974009695709e+00 7.219178921057280149e+02 3.099771002830269708e+02
8.773650243646545732e+02 1.147188862436986234e+01 6.191343045934969425e+00 4.697928888211712284e+00 7.158692555663507164e+02 3.031628475497220734e+02
9.752407101037549637e+02 1.181338082083367169e+01 6.051617481749549832e+00 4.847631478886207823e+00 7.080079028549547502e+02 3.113312088910656144e+02
1.155033771712847283e+03 1.140199468184539988e+01 6.114251518372880945e+00 4.847614283856414019e+00 7.129898373268341629e+02 2.984717430973104797e+02
1.166494147806400406e+03 1.184751197569115355e+01 6.660871947027485973e+00 4.676572512277997085e+00 7.167673831579502348e+02 3.264325525020129817e+02
1.340834036931671335e+03 1.187156820605832763e+01 6.730840571228480229e+00 5.050973519833227954e+00 7.575950294499496067e+02 3.191986077494352685e+02
1.372335190439996495e+03 1.173393549266600644e+01 6.401481812544331795e+00 4.894240750598935819e+00 7.174046182995069785e+02 3.114429569812183445e+02
1.577031868740409209e+03 1.186590555603188335e+01 6.427296650654342969e+00 5.081163589097741351e+00 7.095798398403646843e+02 3.222748260486854406e+02
1.874731812751057760e+03 1.220994105644125760e+01 6.964953533947480402e+00 4.994896559202421038e+00 7.610782239051544593e+02 3.266992599463673059e+02
1.936634168715635724e+03 1.301147876529578262e+01 6.649727255762305056e+00 5.132737577990908129e+00 7.993498819792702079e+02 3.078057300942097640e+02
2.178861271755923553e+03 1.275357142738378613e+01 7.277451060653580051e+00 5.540773558415845734e+00 7.617311308674228485e+02 3.004752711487834631e+02
2.319363489888815820e+03 1.273415534351280520e+01 7.402577535574867085e+00 5.556883519210090050e+00 7.936372169878853811e+02 3.221453144863426701e+02
2.514382945388652843e+03 1.380240163019287536e+01 6.946508510838087957e+00 5.353839270263903494e+00 8.221945722266608527e+02 3.275205833040407697e+02
2.596806743773145172e+03 1.419032276878277798e+01 7.151122436987000341e+00 5.365510532728723803e+00 8.201751053694414395e+02 3.226522863566268597e+02
2.999855591406420444e+03 1.384685227482956904e+01 7.428819728506470987e+00 5.915654320286248158e+00 7.997750396446099330e+02 3.241301909953496079e+02
2.985108542022097026e+03 7.831911024570884727e+00 0.000000000000000000e+00 1.013843161118303904e+01 8.294173606903207201e+02 3.253584058996913200e+02
2.933252005496149650e+03 8.253599789561251399e+00 0.000000000000000000e+00 1.034727687920757511e+01 5.873183597796572576e+04 0.000000000000000000e+00
2.969038105341282517e+03 8.641309332375110230e+00 0.000000000000000000e+00 1.020832038610349102e+01 5.850212386657201569e+04 0.000000000000000000e+00
3.189129506126299930e+03 8.601020471318202354e+00 0.000000000000000000e+00 1.023815911196118300e+01 5.868842183119327092e+04 0.000000000000000000e+00
3.272055475962830315e+03 8.517518941007457656e+00 0.000000000000000000e+00 1.069477561635389051e+01 5.574503262905718293e+04 0.000000000000000000e+00
3.373261149134763400e+03 8.701976550934643839e+00 0.000000000000000000e+00 1.027976815957391032e+01 6.009251624171707954e+04 0.000000000000000000e+00
3.525528985036482027e+03 8.955589279791169588e+00 0.000000000000000000e+00 1.057783888490332735e+01 5.678866785042437550e+04 0.000000000000000000e+00
3.735825194938405730e+03 8.880574008894107862e+00 0.000000000000000000e+00 1.137607354591208342e+01 6.063702256859520276e+04 0.000000000000000000e+00
3.567098615991381848e+03 9.284795987411602169e+00 0.000000000000000000e+00 1.115289639258577381e+01 5.678753934478176234e+04 0.000000000000000000e+00
3.702683315585259606e+03 8.881140082886506804e+00 0.000000000000000000e+00 1.104604297257490941e+01 5.954047125494618376e+04 0.000000000000000000e+00
3.882178860308087678e+03 9.287186375825346119e+00 0.000000000000000000e+00 1.121854954197819687e+01 5.526551567121288099e+04 0.000000000000000000e+00
4.077243661187201724e+03 9.242989020618121998e+00 0.000000000000000000e+00 1.117164143665138099e+01 5.787519835916037846e+04 0.000000000000000000e+00
4.017765993681210148e+03 1.003913197639682764e+01 0.000000000000000000e+00 1.167678989735543915e+01 5.556502433950847626e+04 0.000000000000000000e+00
4.000382266749986229e+03 9.827076013441731206e+00 0.000000000000000000e+00 1.121715558758338283e+01 5.631848946005969628e+04 0.000000000000000000e+00
4.096131210658668351e+03 9.774620049103928565e+00 0.000000000000000000e+00 1.167256589702968483e+01 5.784477974753023591e+04 0.000000000000000000e+00
4.290848686869550875e+03 9.539567950228567739e+00 0.000000000000000000e+00 1.171450393155934933e+01 5.922936783228565764e+04 0.000000000000000000e+00
4.495529614419387144e+03 1.040730722458112467e+01 0.000000000000000000e+00 1.116668192928125869e+01 5.521348345017933025e+04 0.000000000000000000e+00
4.695158166604834150e+03 9.857524247427146946e+00 0.000000000000000000e+00 1.211442599769462625e+01 5.761199881267494493e+04 0.000000000000000000e+00
4.586829524981491886e+03 1.054373037020121728e+01 0.000000000000000000e+00 1.216473041611243211e+01 5.585456458384726284e+04 0.000000000000000000e+00
4.889656843560069319e+03 1.001407155621360445e+01 0.000000000000000000e+00 1.176634957756902011e+01 5.880171181636433175e+04 0.000000000000000000e+00
4.879500501235406773e+03 1.066149862560230410e+01 0.000000000000000000e+00 1.169113541166116121e+01 5.898385658373065235e+04 0.000000000000000000e+00
4.915355546466871601e+03 9.955225091268914639e+00 0.000000000000000000e+00 1.152484601428320588e+01 5.797714065439213300e+04 0.000000000000000000e+00
5.281313598476712286e+03 9.981038294194830129e+00 0.000000000000000000e+00 1.230722131227306626e+01 5.769361624198876234e+04 0.000000000000000000e+00
5.386238857475456825e+03 1.079587014914996601e+01 0.000000000000000000e+00 1.180811100303043482e+01 5.504228921919553250e+04 0.000000000000000000e+00
4.978250423046781179e+03 1.093701050719552725e+01 3.508922103908257206e+00 1.217983137962247930e+01 4.474668356448065083e+02 8.882379509033985698e+01
5.356161432338304621e+03 1.097607511037893779e+01 3.468204958822878048e+00 1.248470048147187939e+01 4.591205160311855025e+02 8.258277492682898924e+01
5.102062964004358037e+03 1.154133840644688647e+01 3.522866128263975050e+00 1.335782199840099516e+01 4.644141686312052002e+02 8.483362785977213605e+01
5.347864146907721079e+03 1.144790444469164648e+01 3.725997822663125625e+00 1.318578645477750655e+01 4.292709156513927269e+02 8.177147925088384284e+01
5.290013705987703361e+03 1.155708863602461101e+01 3.565181116619135615e+00 1.298961882829834025e+01 4.473107010643221315e+02 8.409179308089983351e+01
5.837942456355683134e+03 1.093616693644915649e+01 3.714290074617944359e+00 1.301340979405001974e+01 4.463081528456880278e+02 8.782563360694270216e+01
5.830839276058934047e+03 1.146242633129950228e+01 3.467411820239207021e+00 1.343127869641135419e+01 4.170692175973602502e+02 8.396666679074797912e+01
5.666652521755491762e+03 1.168617775776086631e+01 3.791710829399429272e+00 1.301091756688627576e+01 4.504578828375305761e+02 8.680613718334427631e+01
6.042686415889063937e+03 1.152338330579174119e+01 3.487987610891416068e+00 1.292457013649262976e+01 4.164126442860164161e+02 8.903657548314978953e+01
6.219539559537814966e+03 1.086349117115920748e+01 3.686648577775681890e+00 1.345864537309066655e+01 4.261340456703264294e+02 8.105570510524970018e+01
5.841263370647335250e+03 1.095351801683828086e+01 3.690583199575354190e+00 1.290327631310748480e+01 4.453604152183326050e+02 8.433384357420770527e+01
6.118423471635826900e+03 1.130990547587468065e+01 3.598013709382938075e+00 1.300366844359849239e+01 4.515292457871815373e+02 8.780681378116365465e+01
6.368995535944682160e+03 1.162571955787031186e+01 3.710263098522319059e+00 1.364309732911712914e+01 4.264895817716466695e+02 8.222448510282396228e+01
6.447493977594621356e+03 1.072638189980141554e+01 3.561971494982928199e+00 1.347388440010246669e+01 4.454252772053435478e+02 8.154537997592463228e+01
