2.569148420331371918e-01 5.650147275640622802e+00 3.401696349167268707e+00 2.856323878079034984e+00 1.467031210018557658e+03 6.151124604519654895e+02
3.210484197462095324e+01 6.026070552220105014e+00 3.244420173447603251e+00 2.763062358100879745e+00 1.428247470401596047e+03 6.136901169212464993e+02
3.215062195441726089e+01 8.140077619705893497e+00 4.509175010768217362e+00 3.228651655275964316e+00 1.371287352193575089e+03 6.284952475302252424e+02
4.702861374032799802e+01 8.068481755053561244e+00 4.555235664968077636e+00 3.203639224313616918e+00 1.391454224038232951e+03 5.928718929078021347e+02
9.665971756152632111e+01 7.807307308306953963e+00 4.584069545436815218e+00 3.389092282168874259e+00 2.067447842982927853e+02 7.748297420394787594e+01
1.479246786100184181e+02 7.746900795798103090e+00 4.708042624639125151e+00 3.519136989507472002e+00 1.942033356808200324e+02 7.899976054586717567e+01
2.076889677573074096e+02 8.151103892753647884e+00 4.691716681364912489e+00 3.609380448981500678e+00 3.525115904426093607e+02 8.089941282622564245e+01
2.471863980745378626e+02 8.228085190354619272e+00 4.818987636988454781e+00 3.549102877214305618e+00 3.607357315489769576e+02 1.374741869232833551e+02
3.125920225910435875e+02 8.871245423517944317e+00 4.576964565453474520e+00 3.580656344061980079e+00 3.722665075481062900e+02 1.433188865666732283e+02
3.508757502378282993e+02 8.864751110310342241e+00 5.015472112383068115e+00 3.713468573293146058e+00 3.761003395514086947e+02 1.422135962767708861e+02
3.962030484326036230e+02 9.323652730462743676e+00 4.851167412886176145e+00 3.685597450639072736e+00 3.676631406067358512e+02 1.372268192266548965e+02
5.130216371632594701e+02 9.359257710955255050e+00 5.257018203159739222e+00 4.018902648653821075e+00 3.449680797711287710e+02 1.494187260524269050e+02
6.248513911809313868e+02 1.013995978493254846e+01 5.782239114334098318e+00 4.199330824237231141e+00 3.583400903851635917e+02 1.472721394092617402e+02
6.498522740427782765e+02 1.120311795682241574e+01 6.147337448147011330e+00 4.363611045776770503e+00 7.407984113736448535e+02 3.162089323150155451e+02
8.056757988631615035e+02 1.115931241221573345e+01 6.235514100696543771e+00 4.243200449217176207e+00 7.345569528508964368e+02 3.237648996798760663e+02
8.816989266967498224e+02 1.093059027756000745e+01 6.474898162209987262e+00 4.390415976425165567e+00 7.190870380695189397e+02 3.116335335153422079e+02
9.694092587285140326e+02 1.171583345188168757e+01 6.212379995526218224e+00 4.865403559711120707e+00 7.656837602694272391e+02 3.035582113776195570e+02
1.110587701495082229e+03 1.193174306302788246e+01 6.708724510685883935e+00 4.764230359061714104e+00 7.629279572920592045e+02 3.266380202843073448e+02
1.214010992074162687e+03 1.145903752601829773e+01 6.297862532695601701e+00 4.789566778797514246e+00 7.479742155443495903e+02 3.245911169402393739e+02
1.256112758944122788e+03 1.231300397369970945e+01 6.799470729774606426e+00 4.886650362602119380e+00 7.739729543071954367e+02 3.003569627706636993e+02
1.394585899716329095e+03 1.231523753725080894e+01 6.290068102391134452e+00 4.737512697753268220e+00 7.750741351905893453e+02 3.055093441694714897e+02
1.607663543269981801e+03 1.213219877283065884e+01 7.019088823064764782e+00 5.100734036014154427e+00 7.681700744848556042e+02 3.068374346689952858e+02
1.780262612105203971e+03 1.306058530095591586e+01 6.974595803314723952e+00 5.162534558890803815e+00 7.723668393266483463e+02 3.232697881971320726e+02
1.947317701600386727e+03 1.286885502984293517e+01 6.864922197993358566e+00 5.141532576228313722e+00 8.159389292013049726e+02 3.136732974602604713e+02
2.101509955691595678e+03 1.305994680246077522e+01 6.785336371380142673e+00 5.538301368057653384e+00 7.903655971526389976e+02 3.028272559656637668e+02
2.372487280989813826e+03 1.373457061873595286e+01 7.155934649168817607e+00 5.518258188684671772e+00 7.651142053988877478e+02 3.135062841858546676e+02
2.625310966879240823e+03 1.386645777043634276e+01 7.175232103523793370e+00 5.451075879424681858e+00 8.374058162376252312e+02 3.080697983031058698e+02
2.712522681694851144e+03 1.320737712071319514e+01 7.288139913591349384e+00 5.346718529504154382e+00 8.248018700250476058e+02 3.026551996123674826e+02
2.820598475074038106e+03 1.393071695651338260e+01 7.215024145575813286e+00 5.457189228499347955e+00 7.679781770230357552e+02 3.184485983281145423e+02
2.824742090472189830e+03 7.856853446302042521e+00 0.000000000000000000e+00 9.752177784580206676e+00 7.929944670827561595e+02 3.161647129654936066e+02
2.856730940429512430e+03 7.977753263931629313e+00 0.000000000000000000e+00 1.018358611702864280e+01 5.502499950454973441e+04 0.000000000000000000e+00
2.982616067317686429e+03 8.753068244576844847e+00 0.000000000000000000e+00 1.008223424220220465e+01 5.671134603863827215e+04 0.000000000000000000e+00
3.320816458877959121e+03 8.930765898381389789e+00 0.000000000000000000e+00 9.869406027854184416e+00 5.880002249925680371e+04 0.000000000000000000e+00
3.185283209270332918e+03 8.681644213410351085e+00 0.000000000000000000e+00 1.067656453927238580e+01 5.661961750928067340e+04 0.000000000000000000e+00
3.214146670913200069e+03 8.825068110002408872e+00 0.000000000000000000e+00 1.056387759455939879e+01 5.850670595112298179e+04 0.000000000000000000e+00
3.355321804088260251e+03 9.253254506909412314e+00 0.000000000000000000e+00 1.119587729850233515e+01 6.019316571737969207e+04 0.000000000000000000e+00
3.538976015689262113e+03 9.463326545024436598e+00 0.000000000000000000e+00 1.071345116665223074e+01 5.665947110163071193e+04 0.000000000000000000e+00
3.560371659923639982e+03 9.437181939237351713e+00 0.000000000000000000e+00 1.139162583080700664e+01 5.813612317789094232e+04 0.000000000000000000e+00
3.761770391127585299e+03 9.160863592987409376e+00 0.000000000000000000e+00 1.079838045637338695e+01 5.799422634332282905e+04 0.000000000000000000e+00
3.705418972262273655e+03 8.949479868033545671e+00 0.000000000000000000e+00 1.140559644171725751e+01 5.751872883508654922e+04 0.000000000000000000e+00
3.847096672042493537e+03 9.582078194190087217e+00 0.000000000000000000e+00 1.136740933070414705e+01 5.840099345750951034e+04 0.000000000000000000e+00
4.247399725834126912e+03 9.245984991108967321e+00 0.000000000000000000e+00 1.090289348534163061e+01 6.056560726120267645e+04 0.000000000000000000e+00
4.242855201203657089e+03 1.008679467638092753e+01 0.000000000000000000e+00 1.124202222812269802e+01 5.608420562805504596e+04 0.000000000000000000e+00
4.391801439246422888e+03 9.766334748442524472e+00 0.000000000000000000e+00 1.206310571180530467e+01 5.962719233751954744e+04 0.000000000000000000e+00
4.173601122035579465e+03 9.584321727222302911e+00 0.000000000000000000e+00 1.122015339880020868e+01 5.800888198704814567e+04 0.000000000000000000e+00
4.445481676674464325e+03 9.847475982342039913e+00 0.000000000000000000e+00 1.127396029074314932e+01 6.065820134804180270e+04 0.000000000000000000e+00
4.383154986616304996e+03 9.732471187153228342e+00 0.000000000000000000e+00 1.186496793828613505e+01 5.596710733933863958e+04 0.000000000000000000e+00
4.812593100236100327e+03 9.597632919510720839e+00 0.000000000000000000e+00 1.172669310800292486e+01 5.615275377102793573e+04 0.000000000000000000e+00
4.941607143750122304e+03 1.011511584591034030e+01 0.000000000000000000e+00 1.150420497230429540e+01 6.053153920290894166e+04 0.000000000000000000e+00
5.040406391489186717e+03 1.046831055118399689e+01 0.000000000000000000e+00 1.233152996698755999e+01 5.992088867360428412e+04 0.000000000000000000e+00
4.927532876081537324e+03 1.020137265651958636e+01 0.000000000000000000e+00 1.267152764951010191e+01 5.777129175980885339e+04 0.000000000000000000e+00
5.177977100251981028e+03 9.945496513869075628e+00 0.000000000000000000e+00 1.166303930428484392e+01 5.590206139441977575e+04 0.000000000000000000e+00
5.326067970434930430e+03 1.044621114593613953e+01 0.000000000000000000e+00 1.264113254761608474e+01 5.941915210257391300e+04 0.000000000000000000e+00
4.928866373080889389e+03 1.083071574838124640e+01 3.370371758385099170e+00 1.221756326111908564e+01 4.237343981172931535e+02 8.598435244488760532e+01
4.994493256335226761e+03 1.115605355614460237e+01 3.487358297034449883e+00 1.283138344668148179e+01 4.291066202331118120e+02 8.117685546898911753e+01
5.466360260433595613e+03 1.098133407179336629e+01 3.426346449040969855e+00 1.317447579564536753e+01 4.425093318590962781e+02 8.131830880396297800e+01
5.156132295767937649e+03 1.095468593554040382e+01 3.510030994627566514e+00 1.344310166027795539e+01 4.574094644760830306e+02 8.834328768623836936e+01
5.290348442917485954e+03 1.146506293906367624e+01 3.635950271647827137e+00 1.258052237522522532e+01 4.331637582545802729e+02 8.838549147845506582e+01
5.478824044960882929e+03 1.108088994256926441e+01 3.731641731828713393e+00 1.338469803454088769e+01 4.451163666516552553e+02 8.253649627818417400e+01
5.826995429292212066e+03 1.161622895779524356e+01 3.647243266336797962e+00 1.332971953520443975e+01 4.500444954905771056e+02 8.668377453483931561e+01
5.815311261037092663e+03 1.144758067407087765e+01 3.548759916075149512e+00 1.303538873082750094e+01 4.519507513621893509e+02 8.085634825719090202e+01
6.108795579995428852e+03 1.104459443936529972e+01 3.680655494445220999e+00 1.353144406359122165e+01 4.516670894258685962e+02 8.148319995013532946e+01
6.161661803882765525e+03 1.089011732697980683e+01 3.831451772452772797e+00 1.328557090816199704e+01 4.363374741505807037e+02 8.478668966849620858e+01
6.067543665784725818e+03 1.082299511201898312e+01 3.825207811051398288e+00 1.315636380970213359e+01 4.291584383253111810e+02 8.707729663952231647e+01
6.125554362703855077e+03 1.130634429231825955e+01 3.668729194975439700e+00 1.262171156137958228e+01 4.247207420383466570e+02 8.578332020099747979e+01
6.052961280362520483e+03 1.107048149027436601e+01 3.659390621469104321e+00 1.319223479354567630e+01 4.307668665204770377e+02 8.796233431905218936e+01
6.643618612444298378e+03 1.074460299062729085e+01 3.734627020356096949e+00 1.244520917692852535e+01 4.499536668657146379e+02 8.562783915025261194e+01
