3.842929544867346170e-01 6.072334920254821355e+00 3.367342208282290361e+00 2.774155539826781869e+00 1.410835130396747900e+03 6.003657295073088562e+02
3.263103394904789667e+01 5.970547586077272761e+00 3.437624475879746289e+00 2.807058512650564719e+00 1.417000929003180090e+03 5.719810495479971451e+02
3.475659585960048048e+01 7.604243037015164575e+00 4.374019746452605162e+00 3.424083132735090462e+00 1.390497672427039106e+03 5.745967649064753004e+02
4.722777041521893437e+01 7.839619307361218148e+00 4.562275072781356577e+00 3.418652626807801909e+00 1.370357425278873279e+03 5.751326856347390049e+02
1.016232717545237847e+02 7.706249359161019719e+00 4.569994721314966313e+00 3.484695067453960959e+00 1.925049010687890814e+02 7.943238959202307115e+01
1.464202900088515946e+02 7.770718250035198338e+00 4.391083739418163212e+00 3.403368889765675753e+00 1.941515370538799914e+02 7.648532572704947086e+01
1.951619981558950769e+02 8.247610821588576613e+00 4.658250380973916194e+00 3.430579589871514568e+00 3.667542747218508907e+02 7.996507144016753443e+01
2.516395105704942239e+02 8.056963196939005201e+00 4.710333987943914558e+00 3.637437812750428545e+00 3.503325457188047380e+02 1.414012717816174245e+02
3.094394203316921903e+02 8.700005017944832275e+00 4.946150537102899314e+00 3.421612079829909447e+00 3.548615884045173630e+02 1.382662154278369258e+02
3.671096530049080684e+02 8.358407815657828976e+00 5.012873872932514629e+00 3.660387692513296543e+00 3.595648255234199837e+02 1.388890538314837215e+02
3.988301786750741371e+02 8.571922777189806553e+00 4.837570287262482616e+00 3.482013918671640784e+00 3.438069287050732328e+02 1.388185657320190671e+02
4.949195078904722322e+02 9.743285109332845195e+00 5.350028742251534020e+00 3.698321595127313621e+00 3.633086695906176828e+02 1.431857211497771800e+02
6.298724007335847546e+02 1.044745681236743806e+01 5.436975786588205573e+00 4.174975148175244399e+00 3.690864828779260165e+02 1.451335677183875532e+02
6.549698246769640946e+02 1.078569268337178144e+01 5.726286600143992267e+00 4.503094080942188882e+00 7.128971635354040473e+02 3.077489854906235678e+02
7.871705844383121757e+02 1.101352734027664049e+01 5.957153583340938141e+00 4.322388736462401404e+00 7.440030194623648185e+02 3.188103511812094553e+02
8.755984032065821339e+02 1.141928885255554960e+01 6.277301668670600243e+00 4.624007638270819065e+00 7.263022896579859662e+02 3.135535306434290419e+02
9.986233363009342838e+02 1.194164236924571831e+01 6.267698455085632503e+00 4.759163253177184139e+00 7.588177590405286992e+02 3.163359657344040556e+02
1.082722945792732844e+03 1.114144304840362310e+01 6.187481543174265575e+00 4.910809616835839719e+00 7.065337358919201733e+02 3.021452333089376339e+02
1.255383675302583924e+03 1.124385933924761183e+01 6.244086112244267461e+00 4.874186322266690574e+00 7.472640761973194685e+02 3.107301874120180400e+02
1.239119111748012756e+03 1.234955438075983025e+01 6.523091765343587589e+00 5.022779347995271593e+00 7.084165891554970358e+02 3.040590810813799294e+02
1.360652123212192919e+03 1.232650972318694826e+01 6.854551286200555538e+00 5.003778055774923850e+00 7.650469640664117605e+02 2.983521596309100232e+02
1.559218323720598846e+03 1.186457207831542071e+01 6.858702485626610112e+00 5.075514298605238395e+00 7.707704257465046567e+02 3.043736110934491421e+02
1.828182731293728466e+03 1.261595762581520930e+01 6.922615293817888649e+00 5.287764291054510402e+00 7.635776138207573922e+02 3.252149219220034411e+02
2.063080851243384132e+03 1.266705596529125799e+01 6.817493355383151155e+00 5.033316191364941794e+00 8.223788299526439687e+02 3.112960923976751246e+02
2.144429040079610786e+03 1.286359818384445930e+01 6.681306871713621476e+00 5.345100292109043139e+00 8.216200961754800574e+02 3.134026709141900824e+02
2.226315356086118754e+03 1.354091942300664364e+01 7.075774655744447195e+00 5.259794559005066539e+00 8.003678835416319544e+02 3.095290510523538501e+02
2.671611280282343159e+03 1.333959772238071473e+01 6.753773514867551953e+00 5.438278720799280208e+00 7.680085112778257326e+02 3.055402071579420635e+02
2.637772943323877371e+03 1.314604352862302328e+01 7.438275201874201770e+00 5.660107617019294324e+00 7.731440289701117763e+02 3.221308027286203242e+02
2.923085365219637424e+03 1.340685659876088209e+01 7.018378871302881628e+00 5.778164994109180164e+00 7.735966970338747615e+02 2.978341871563699215e+02
2.777973890309478065e+03 8.415854102900821587e+00 0.000000000000000000e+00 9.694630899854287165e+00 7.697576309997534736e+02 3.115198873186321293e+02
3.077267125802374721e+03 8.522233621074702725e+00 0.000000000000000000e+00 1.020371343388385199e+01 5.608161834374486352e+04 0.000000000000000000e+00
3.190211214286012364e+03 8.618899008531283101e+00 0.000000000000000000e+00 1.035931269520685127e+01 5.652345608304878260e+04 0.000000000000000000e+00
3.261962095671697625e+03 8.361097819095821393e+00 0.000000000000000000e+00 9.834185071763142716e+00 5.631589943833371217e+04 0.000000000000000000e+00
3.110001431909630810e+03 8.254641736228654381e+00 0.000000000000000000e+00 1.080498047874221079e+01 5.951052114228454593e+04 0.000000000000000000e+00
3.329902373753983738e+03 8.540668627191939422e+00 0.000000000000000000e+00 1.112736995041732690e+01 5.722763222124169988e+04 0.000000000000000000e+00
3.420600403209409251e+03 8.709442638880503296e+00 0.000000000000000000e+00 1.124952143729329102e+01 5.685367459752280411e+04 0.000000000000000000e+00
3.646092377066647714e+03 8.849534491259493763e+00 0.000000000000000000e+00 1.103131537980550370e+01 6.026185759191319812e+04 0.000000000000000000e+00
3.718556574555866518e+03 9.300694805595981052e+00 0.000000000000000000e+00 1.067459118856081268e+01 5.944966340831430716e+04 0.000000000000000000e+00
3.743639077251219078e+03 9.422698145596914543e+00 0.000000000000000000e+00 1.121599133359948830e+01 5.742967958264839399e+04 0.000000000000000000e+00
3.848100579882285274e+03 9.102654234701654801e+00 0.000000000000000000e+00 1.069492263958447253e+01 5.620890933144967858e+04 0.000000000000000000e+00
3.797270655667021401e+03 9.849174190381491556e+00 0.000000000000000000e+00 1.164028398196587943e+01 5.723855246450316190e+04 0.000000000000000000e+00
4.250124705407052716e+03 9.688357875527882968e+00 0.000000000000000000e+00 1.093704541793700713e+01 6.041973113295682560e+04 0.000000000000000000e+00
4.167266213807041822e+03 1.013326733923091005e+01 0.000000000000000000e+00 1.124725493389232689e+01 5.668041634710557992e+04 0.000000000000000000e+00
4.481690548914004466e+03 9.846407140462547503e+00 0.000000000000000000e+00 1.205858894677290749e+01 6.053531215097091626e+04 0.000000000000000000e+00
4.263619008989500799e+03 9.899395249138205344e+00 0.000000000000000000e+00 1.110247841797369261e+01 5.579275610990923451e+04 0.000000000000000000e+00
4.584973641220538411e+03 9.683712370918510004e+00 0.000000000000000000e+00 1.143861381534173560e+01 5.750861337202888535e+04 0.000000000000000000e+00
4.625010834607288416e+03 9.828828531427427961e+00 0.000000000000000000e+00 1.226899331228444368e+01 6.011614332883404131e+04 0.000000000000000000e+00
4.745567891763889747e+03 9.597450120861937606e+00 0.000000000000000000e+00 1.193518370446783905e+01 5.958499786336824036e+04 0.000000000000000000e+00
4.919982879834201412e+03 1.009067243019309501e+01 0.000000000000000000e+00 1.162266132175924049e+01 5.626575383954276185e+04 0.000000000000000000e+00
4.887202351173632451e+03 9.890583758554797100e+00 0.000000000000000000e+00 1.189862614562641951e+01 5.668160459858033573e+04 0.000000000000000000e+00
4.925203755014332273e+03 1.042837031609643716e+01 0.000000000000000000e+00 1.219567650065800990e+01 5.950013458120693394e+04 0.000000000000000000e+00
5.304110783412261299e+03 1.047725344256408597e+01 0.000000000000000000e+00 1.197549552324205280e+01 5.637193056196661200e+04 0.000000000000000000e+00
5.322811701109814749e+03 1.025552044366346749e+01 0.000000000000000000e+00 1.236430066383163151e+01 5.914305726255037735e+04 0.000000000000000000e+00
5.126501869653965514e+03 1.102616245959809049e+01 3.459226378568217353e+00 1.227713679068177122e+01 4.452705159135485928e+02 8.290724558556274815e+01
5.329440904692441109e+03 1.087120400006190657e+01 3.476198911483503018e+00 1.326336933733696277e+01 4.636685855890123094e+02 8.835330240389133394e+01
5.383523705645020527e+03 1.075649383078588883e+01 3.650060488934509184e+00 1.271187530904474450e+01 4.364622903140148082e+02 8.568795604455353043e+01
5.207511473470784040e+03 1.055315152545859902e+01 3.392637533621486678e+00 1.289703022774848584e+01 4.363311682055372671e+02 8.202293566779489709e+01
5.255096963345619770e+03 1.167969067792778581e+01 3.569699257494550526e+00 1.279140933255486168e+01 4.306742182232205778e+02 8.578234179237085755e+01
5.570673472905550625e+03 1.101463659275565377e+01 3.470945912067013417e+00 1.309477952808691192e+01 4.495459568775806929e+02 8.287034385675865167e+01
5.901002723118465838e+03 1.080852872190681602e+01 3.700094096358888862e+00 1.266016522185006288e+01 4.234695946982045598e+02 8.165779111002329671e+01
5.795896439402039505e+03 1.152486352245357182e+01 3.503675746286420978e+00 1.357676917202451250e+01 4.411277436882643315e+02 8.724492892478436090e+01
5.699301178254969273e+03 1.149902842282230608e+01 3.644672210824361880e+00 1.265396662175748155e+01 4.433401798614711993e+02 8.563823125514944934e+01
6.045839313987346031e+03 1.115045525333012932e+01 3.520953755011416941e+00 1.308925638844778483e+01 4.394087285463365333e+02 8.741449197541263061e+01
5.979462294865848889e+03 1.126666599070147434e+01 3.796292546863107908e+00 1.327844332990963494e+01 4.448379300646100205e+02 8.475606769333722923e+01
6.052531528459840047e+03 1.125118947003819869e+01 3.567476937517556124e+00 1.266022224846789968e+01 4.434876864686839895e+02 8.904301783099786860e+01
6.299882157692625697e+03 1.142040590058196869e+01 3.786331853882911158e+00 1.271586181199957188e+01 4.355817427368738208e+02 8.097103331056494824e+01
6.325374198767523922e+03 1.128304042587199163e+01 3.740705235502367110e+00 1.310184186884930746e+01 4.312466014075741896e+02 8.260054753335622024e+01
