1.444072893960350878e+00 5.607886499262990654e+00 3.229362518583808406e+00 2.896628743638745895e+00 1.365297158385206785e+03 5.761949787839862438e+02
2.590866138057748103e+01 6.345005199915418892e+00 3.550994765948770837e+00 3.054721541717244193e+00 1.313117654292437237e+03 5.511418512415961004e+02
2.542413006057934766e+01 7.943944771033308427e+00 3.953352258150683252e+00 3.426126336311755782e+00 1.501645391849823227e+03 5.559319164894174037e+02
4.928780199643976800e+01 7.312386478647679766e+00 4.544547795644040988e+00 3.614987723867405300e+00 1.448624224161216716e+03 5.403892619327607463e+02
9.345881390925700316e+01 8.568973017696682959e+00 4.286216636300803629e+00 3.662874375836519203e+00 2.094975340463372788e+02 7.365450007418954215e+01
1.746087868256810793e+02 7.935379634918140468e+00 4.930515718634840283e+00 3.320717397473702981e+00 2.080439613885903896e+02 7.548236755214396965e+01
2.014663325206388720e+02 7.950363759764321969e+00 4.624667506117044802e+00 3.606219833820889065e+00 3.508165832823198116e+02 8.606194837500730443e+01
2.832300214048345879e+02 8.517603652626885236e+00 4.873621927512989949e+00 3.553746625490661337e+00 3.804734171441477883e+02 1.564211367587070640e+02
3.355049181641912810e+02 8.649784474340878049e+00 4.465365722680113336e+00 3.750897677923984652e+00 3.314893795270876353e+02 1.556869674450115042e+02
3.281353033205477345e+02 8.270162391412299030e+00 4.826499620108018362e+00 3.592697477872626610e+00 3.416290687490071605e+02 1.366084141364584355e+02
4.907672930961607562e+02 9.424288796499915577e+00 5.014809867997044535e+00 3.359970236624290063e+00 3.243017758785337037e+02 1.341627730576346949e+02
4.314475841380667021e+02 8.949960576450001426e+00 5.743771630500244640e+00 3.920535423355630655e+00 3.538438844965015733e+02 1.368378819628770202e+02
5.355397156677958037e+02 1.087373468070734361e+01 5.743948951836485683e+00 4.227500689628123531e+00 3.886476622281825826e+02 1.395712674185054993e+02
6.520710191402102964e+02 1.128446311589415885e+01 6.526141003874766255e+00 4.098122214040762934e+00 7.686238675453716951e+02 3.034813122907994511e+02
7.370836748379487062e+02 9.926479223319972789e+00 5.743089062594852301e+00 4.545182145029608378e+00 7.739660737319433110e+02 2.898714096735324688e+02
1.051085736976694761e+03 1.110092340851851844e+01 5.639703181536384058e+00 4.592464428195306425e+00 7.596511033444621717e+02 3.022724023524434642e+02
1.049977380627462708e+03 1.196362842184461073e+01 6.068850509742271804e+00 4.812692202570981514e+00 7.198215833243507404e+02 3.186001679756269027e+02
1.242838724896987060e+03 1.082483634658263938e+01 6.531408903742411454e+00 4.582372418103619616e+00 7.406964141391811154e+02 2.910261113832463025e+02
1.360110920651548668e+03 1.181544865014445378e+01 6.104592770787467870e+00 4.310681987738878895e+00 7.221028468724388176e+02 3.039911734457805892e+02
1.533986069560600072e+03 1.239115727776705711e+01 6.730825877632804044e+00 5.036790414108465619e+00 7.257596534727189237e+02 3.277384756778909605e+02
1.223339606632076766e+03 1.123540438072510383e+01 6.282683064879615031e+00 4.673567078860755508e+00 7.155540767846086965e+02 2.854461655919795930e+02
1.497211939118361443e+03 1.244086373537526491e+01 6.721956180655440427e+00 5.325589253850749216e+00 7.118206645339760144e+02 2.901604664335640109e+02
1.867977377769428131e+03 1.275693361689350880e+01 6.182152655053200441e+00 5.100542992993718272e+00 8.257840707203898774e+02 3.167463103519519905e+02
2.236925164364871762e+03 1.155455982135581472e+01 6.599934241865573981e+00 5.645100940473658291e+00 7.282367689311993217e+02 3.157760474795965706e+02
1.982326429787769712e+03 1.253672469112646048e+01 6.592053048663473191e+00 4.967019603737063527e+00 7.276155436147336104e+02 3.207576552458733090e+02
1.963023427973878370e+03 1.218668805779844888e+01 7.654645654812003208e+00 5.354214841969161753e+00 7.812785221335574306e+02 2.830393649950509598e+02
2.449660262274963770e+03 1.435623047598469704e+01 7.692601476839339369e+00 5.522828379474728600e+00 8.681199623033036232e+02 3.148570685761262666e+02
2.632727475688987852e+03 1.486733429062465817e+01 7.474908154649309466e+00 5.390893440596271624e+00 7.811218411329093669e+02 3.429470653236269868e+02
2.833748048117300186e+03 1.341878377674243517e+01 6.798261480273766644e+00 5.335167705119164161e+00 8.428819137812969302e+02 2.930362271043892406e+02
2.367558406376021139e+03 8.613194293704697913e+00 0.000000000000000000e+00 1.060509953374818437e+01 8.031285981834796530e+02 3.307246925889351132e+02
2.905754697545959061e+03 8.872270338192654648e+00 0.000000000000000000e+00 9.327607437051282702e+00 6.313803142682858743e+04 0.000000000000000000e+00
3.441990951322401543e+03 8.090982796840597402e+00 0.000000000000000000e+00 9.268401621581922711e+00 6.131579585825980757e+04 0.000000000000000000e+00
3.396978678867408689e+03 7.765560817370148250e+00 0.000000000000000000e+00 1.087076077128525498e+01 5.268482271728922206e+04 0.000000000000000000e+00
3.007850004466637074e+03 8.973083759110185298e+00 0.000000000000000000e+00 1.092406864840697800e+01 5.308456693147448823e+04 0.000000000000000000e+00
2.700059533301252486e+03 9.471585424470607251e+00 0.000000000000000000e+00 1.011491308724299643e+01 5.206144803241711634e+04 0.000000000000000000e+00
3.526930907171607032e+03 8.348738370250506691e+00 0.000000000000000000e+00 9.810024677730025289e+00 5.316299321757797588e+04 0.000000000000000000e+00
2.867369808809758979e+03 9.881738691310113509e+00 0.000000000000000000e+00 1.022654427102213859e+01 5.873632791502441250e+04 0.000000000000000000e+00
3.910594207811821889e+03 9.426976708779120528e+00 0.000000000000000000e+00 1.182504614631612405e+01 5.928747380635496665e+04 0.000000000000000000e+00
4.064568008912577625e+03 8.479961595381947603e+00 0.000000000000000000e+00 1.183393457171964691e+01 6.069074364689894719e+04 0.000000000000000000e+00
3.452912682705411044e+03 9.003728552066515789e+00 0.000000000000000000e+00 1.160408218759642374e+01 6.181021790817654983e+04 0.000000000000000000e+00
3.377566271966908971e+03 9.479549492890315676e+00 0.000000000000000000e+00 1.072693231935329550e+01 5.237761115730493475e+04 0.000000000000000000e+00
3.586405927455864457e+03 9.524370173249900873e+00 0.000000000000000000e+00 1.251827047836235351e+01 5.670638081907710148e+04 0.000000000000000000e+00
3.756646457154014570e+03 1.056066389269840045e+01 0.000000000000000000e+00 1.205236458030560165e+01 6.253990644245707517e+04 0.000000000000000000e+00
3.909696149529368085e+03 1.016969468092492868e+01 0.000000000000000000e+00 1.186864764960402496e+01 5.511004415326632443e+04 0.000000000000000000e+00
4.032126071926541499e+03 9.764398975732571984e+00 0.000000000000000000e+00 1.114465667222288126e+01 5.698878111527515284e+04 0.000000000000000000e+00
5.237815162897863047e+03 1.050047919931667018e+01 0.000000000000000000e+00 1.259592520827680850e+01 6.006012918768366217e+04 0.000000000000000000e+00
4.965319966285415830e+03 9.155786462197227138e+00 0.000000000000000000e+00 1.230539978286570602e+01 5.292276214274358063e+04 0.000000000000000000e+00
4.295527929166373724e+03 9.684316203663613010e+00 0.000000000000000000e+00 1.228010073657632972e+01 5.658915686705587723e+04 0.000000000000000000e+00
3.940403640038340200e+03 1.105452581475172558e+01 0.000000000000000000e+00 1.161612837465188797e+01 5.239587038818409928e+04 0.000000000000000000e+00
3.937023984577404462e+03 1.033475412376835756e+01 0.000000000000000000e+00 1.304152155618974263e+01 5.938030580431791168e+04 0.000000000000000000e+00
5.101251062987857040e+03 1.057468513018930167e+01 0.000000000000000000e+00 1.205389657088967681e+01 5.388753955344511633e+04 0.000000000000000000e+00
5.451891538806834433e+03 9.326196353208155543e+00 0.000000000000000000e+00 1.265405861367406537e+01 6.198986129740645993e+04 0.000000000000000000e+00
4.779816161360163278e+03 1.019252664041145451e+01 0.000000000000000000e+00 1.331653735478748146e+01 5.643626380243337917e+04 0.000000000000000000e+00
5.793736560132650084e+03 1.079217992494770861e+01 3.826755835289167962e+00 1.160219513427701976e+01 4.343700143777242602e+02 8.985182746932660791e+01
4.723872828463318911e+03 1.179359965050243275e+01 3.208087594114279462e+00 1.210855567493650398e+01 4.515652528022299066e+02 7.974416907383034925e+01
4.443182769301295593e+03 1.134823466467796926e+01 3.778419297941759236e+00 1.393507309832271268e+01 4.742775502670517085e+02 8.313659446463698544e+01
5.491384857015164016e+03 1.127981782098928498e+01 3.583999967598690883e+00 1.351316245986224907e+01 4.701377600229507152e+02 7.779798975782360060e+01
5.514069759194417202e+03 1.102219149726166059e+01 3.249303934674423466e+00 1.232316453667839617e+01 4.709457708098358353e+02 8.011436167067157044e+01
5.116488688727900808e+03 1.133246605781191363e+01 3.365288359341776392e+00 1.260701440649251559e+01 4.796784961616128271e+02 9.036762423754650797e+01
4.857244144692482223e+03 1.219739814607727268e+01 3.743235564743678356e+00 1.234056957200520444e+01 4.007812052673443759e+02 9.290398714849955297e+01
4.827957804580113589e+03 1.113975100810662511e+01 3.907048974268576114e+00 1.222609917348982300e+01 4.506795115567455241e+02 9.079786479229105112e+01
6.962193366456957847e+03 1.225105039328174428e+01 3.537801723116780650e+00 1.247517668713502736e+01 3.975751227818604434e+02 9.201347560823306537e+01
6.360317635291035003e+03 1.212914231867397952e+01 3.527628807553378820e+00 1.400782038121291251e+01 3.935250024594890306e+02 8.828542060018082793e+01
6.668861150615206498e+03 1.118327110331298613e+01 3.551660023098104357e+00 1.181765725624691221e+01 4.598336416843446273e+02 8.081080354876674221e+01
6.678524205011872255e+03 1.086316056757610049e+01 3.858397125184882537e+00 1.227309391943161287e+01 4.711978343664323461e+02 8.304234016974976385e+01
5.667187608585717498e+03 1.106753658143141728e+01 3.868339371087088363e+00 1.199270092881739025e+01 4.357631327100101544e+02 8.312953720610639152e+01
5.884715669519675430e+03 1.049739154707582323e+01 3.372666782423158427e+00 1.262253608930680926e+01 4.579060048823646412e+02 7.965889072582515951e+01
