-2.768031382727231815e-02 5.882322989274686442e+00 3.184664701239609652e+00 2.665095462782316460e+00 1.338523662696225983e+03 5.804301885531982634e+02
3.130789265518308895e+01 5.710268802832517920e+00 3.450797300449521821e+00 2.768634429294959176e+00 1.435717026164913705e+03 6.102206450930661958e+02
3.212458922274482376e+01 8.067100675528166676e+00 4.396847209535916789e+00 3.267737973496133375e+00 1.415158742820209227e+03 6.213833055649561175e+02
5.182275621590813586e+01 8.115930180512771486e+00 4.422685177281645785e+00 3.384801262120856524e+00 1.387509381027700783e+03 5.730368095122233854e+02
9.475145634832658459e+01 8.256910484564581765e+00 4.385905892467607536e+00 3.265222240599786385e+00 1.918174988940533865e+02 8.347742666329148165e+01
1.512685330079106620e+02 7.734129441002251859e+00 4.728695316212735200e+00 3.375632605784844475e+00 2.032866424210243110e+02 7.976551701157879393e+01
2.095789083436420697e+02 8.375632944689469284e+00 4.392863629751325050e+00 3.318415295520793951e+00 3.641253038256103309e+02 7.625685430822220212e+01
2.573267349945456317e+02 8.574947194575274878e+00 4.453443420675426978e+00 3.409774922503861383e+00 3.738956582970348563e+02 1.492645562243471886e+02
3.112515924975440953e+02 8.931779483938781183e+00 4.849559008836604512e+00 3.393147681851008901e+00 3.525947186456269264e+02 1.421491538739654459e+02
3.569549202035624376e+02 8.412299922812779940e+00 4.628308326390690119e+00 3.667556908877619204e+00 3.545579161744359453e+02 1.369465696059013453e+02
4.019026531431858871e+02 8.834303198817259783e+00 5.067109620571244477e+00 3.482616862082172471e+00 3.779007021460093370e+02 1.493968348506746224e+02
4.988871609521641517e+02 9.796562026405599255e+00 5.150070386227896257e+00 3.689333169226404863e+00 3.539101078596183925e+02 1.485473571021486521e+02
5.766603139097697976e+02 1.038442717226491574e+01 5.664134681874774202e+00 4.235651792001841720e+00 3.614697801418960807e+02 1.415295826339093708e+02
6.591598883260489856e+02 1.028018892064182488e+01 5.974927080015311809e+00 4.487430489857785254e+00 7.497700285726580205e+02 3.099121175797816932e+02
8.235848848869658241e+02 1.110854978333786214e+01 6.172557396240801353e+00 4.630743521179222277e+00 7.262373988169358654e+02 3.062551799893482212e+02
8.654219400434327554e+02 1.092249386575736558e+01 5.971800809829145074e+00 4.545530026078449914e+00 7.137164789957308813e+02 3.255551384822447858e+02
1.039373674656251296e+03 1.179379966974230243e+01 6.324973292667864122e+00 4.674367976477887154e+00 7.174774699571164547e+02 3.206654493816769218e+02
1.051348905831131106e+03 1.134764034371313102e+01 6.564274079349883273e+00 4.503764921561334234e+00 7.371590956835024144e+02 3.005277945057715669e+02
1.164583962160437750e+03 1.136540201987047993e+01 6.688656213534915018e+00 4.977937314435431304e+00 7.673500648658704222e+02 2.997438915349673039e+02
1.328242015870961268e+03 1.218569557608181597e+01 6.311373536762205028e+00 4.870605447195168303e+00 7.430083566734957685e+02 3.013289271489907151e+02
1.457971801901187519e+03 1.236309126411850201e+01 6.629801520286302541e+00 5.100665024075356158e+00 7.126891559298984475e+02 3.134973451687700958e+02
1.561844467507619356e+03 1.205087847385344091e+01 6.909662680311619454e+00 4.812500723830888560e+00 7.136494572750513044e+02 3.049103920920796327e+02
1.772423818550685837e+03 1.207541773588133260e+01 6.751867605646786785e+00 5.109597521805852693e+00 7.994643402974022592e+02 3.182861529179187414e+02
1.979764638202388142e+03 1.323716523362859121e+01 6.761336178175014311e+00 5.279775030787585699e+00 8.314894364905181874e+02 3.143743238498103665e+02
2.150409394365547541e+03 1.347531102888851073e+01 7.078944826400227264e+00 5.516826751980651977e+00 7.892186970789333600e+02 3.267112760673505818e+02
2.240447332955498950e+03 1.275281178724676678e+01 7.168738316462178517e+00 5.158206909961482900e+00 8.387858788671097727e+02 3.097541440506473123e+02
2.553694483628967646e+03 1.276159222269854077e+01 6.894093172658076973e+00 5.215734313085529372e+00 8.119490180770671941e+02 3.036756390195553763e+02
2.496003945270071654e+03 1.347124610517018084e+01 7.017210822589474262e+00 5.628478020182957842e+00 8.060953864607197374e+02 3.089718885463967126e+02
2.858424721723220046e+03 1.343099014760370657e+01 7.539162736736124693e+00 5.882388127199522643e+00 8.034621576375087670e+02 3.247591356768098194e+02
3.030208440539385720e+03 8.344546586501525809e+00 0.000000000000000000e+00 9.641202729286009188e+00 8.266913567777040726e+02 3.043557699488408730e+02
3.038504025613603062e+03 8.252230521229400040e+00 0.000000000000000000e+00 1.013726346997244576e+01 6.035846936544283380e+04 0.000000000000000000e+00
2.974815974148503301e+03 8.436334946950061919e+00 0.000000000000000000e+00 1.031562260362616534e+01 5.884496856435575319e+04 0.000000000000000000e+00
3.307428041794569253e+03 8.807569937510473679e+00 0.000000000000000000e+00 1.057039946595003244e+01 5.698465309476560651e+04 0.000000000000000000e+00
3.409409511804307385e+03 8.563614265343691301e+00 0.000000000000000000e+00 1.061926771307228634e+01 5.690041135836351168e+04 0.000000000000000000e+00
3.220924847922658500e+03 9.013748871451110034e+00 0.000000000000000000e+00 1.010372980010969002e+01 5.613148086163889820e+04 0.000000000000000000e+00
3.529273318834100792e+03 9.031435843690850618e+00 0.000000000000000000e+00 1.078019004272821135e+01 5.533595521991766873e+04 0.000000000000000000e+00
3.726179151994912900e+03 9.378318433141984656e+00 0.000000000000000000e+00 1.070682048772872896e+01 5.504891665563500283e+04 0.000000000000000000e+00
3.778918081180943318e+03 9.601237151939002956e+00 0.000000000000000000e+00 1.069906004913481290e+01 5.620566010077837564e+04 0.000000000000000000e+00
3.862107694668309250e+03 9.341975420495778337e+00 0.000000000000000000e+00 1.135161289416293506e+01 5.605481364215975191e+04 0.000000000000000000e+00
3.991667049625725667e+03 9.132296986209611944e+00 0.000000000000000000e+00 1.131208377353802774e+01 5.901523708356038696e+04 0.000000000000000000e+00
4.030264169384661727e+03 9.402788466415811897e+00 0.000000000000000000e+00 1.092615869686521535e+01 5.959539465379971080e+04 0.000000000000000000e+00
4.022242696924578013e+03 9.164394577864708680e+00 0.000000000000000000e+00 1.101369520084454301e+01 5.887175441195346502e+04 0.000000000000000000e+00
4.146313528076755574e+03 9.355085257276048338e+00 0.000000000000000000e+00 1.170083777339747932e+01 5.797427437542424013e+04 0.000000000000000000e+00
4.150538248793061939e+03 9.349382699895601334e+00 0.000000000000000000e+00 1.199244281238618370e+01 5.559620114453048882e+04 0.000000000000000000e+00
4.514741441725478580e+03 9.561671462122603771e+00 0.000000000000000000e+00 1.135615458706560688e+01 5.745801108051600022e+04 0.000000000000000000e+00
4.323123052037929483e+03 1.039041730703307032e+01 0.000000000000000000e+00 1.132968616584630084e+01 5.676268657352300943e+04 0.000000000000000000e+00
4.435551190115553254e+03 1.038687333446417149e+01 0.000000000000000000e+00 1.229726126718689549e+01 5.805604791273076262e+04 0.000000000000000000e+00
4.579010682710782930e+03 1.050957892613948985e+01 0.000000000000000000e+00 1.240606498707797734e+01 5.632948021767575847e+04 0.000000000000000000e+00
4.930149421004261058e+03 1.061978906227286501e+01 0.000000000000000000e+00 1.202721103401891334e+01 5.583977693627856206e+04 0.000000000000000000e+00
5.093859155730793645e+03 1.015374529629424849e+01 0.000000000000000000e+00 1.240074110902967597e+01 5.666976360880691936e+04 0.000000000000000000e+00
5.043931189622750935e+03 1.014055772466865335e+01 0.000000000000000000e+00 1.254733016798533285e+01 6.049093860574142309e+04 0.000000000000000000e+00
4.906612488380932518e+03 1.012675122758012769e+01 0.000000000000000000e+00 1.219692332389729827e+01 5.865241021183352859e+04 0.000000000000000000e+00
4.971680339357394587e+03 9.966435962155461681e+00 0.000000000000000000e+00 1.200156131173068630e+01 5.698140431137238193e+04 0.000000000000000000e+00
4.942530224893250306e+03 1.112153706194170688e+01 3.483726769821464231e+00 1.255746521974828589e+01 4.406213337228687124e+02 8.317884554890441962e+01
5.403784424815647071e+03 1.086296864102793869e+01 3.565765153380769270e+00 1.332591683044953790e+01 4.299480126253419598e+02 8.077674018927734778e+01
5.329416683960577757e+03 1.090689374555467239e+01 3.421616015988151904e+00 1.256938668040380769e+01 4.305043958745309283e+02 8.726754016599873864e+01
5.519168990490866236e+03 1.074790155778680933e+01 3.661338438674125229e+00 1.341301432835974161e+01 4.318576886329986451e+02 8.796245525379421792e+01
5.607239633546787445e+03 1.142661945674418078e+01 3.683159235821089617e+00 1.249799971092761375e+01 4.206850467145773109e+02 8.864173491414790362e+01
5.698230469596179319e+03 1.075612195092251078e+01 3.427621575549006483e+00 1.285525304085991394e+01 4.317001495409309655e+02 8.357879639166422692e+01
5.922334652779465614e+03 1.134636661471648367e+01 3.546135487920081264e+00 1.298823852276538204e+01 4.151643166587350606e+02 8.234971507869735774e+01
5.529083875051087489e+03 1.096054507641160569e+01 3.642190075940735294e+00 1.256171814913488838e+01 4.174603356818860220e+02 8.587340384625359491e+01
6.073993811881174224e+03 1.127358723649648198e+01 3.653787917871093249e+00 1.249415003505085053e+01 4.199736100081085510e+02 8.706857192685090752e+01
5.868226002674514348e+03 1.096912402221019178e+01 3.772077894981211710e+00 1.323058343950766336e+01 4.338073269391519489e+02 8.500060268363731097e+01
6.312689853664331167e+03 1.126330492374036396e+01 3.802261848445346093e+00 1.268382731157409538e+01 4.336304829577049418e+02 8.793067737384680527e+01
6.313845471677556816e+03 1.159250257111661675e+01 3.747902468689487065e+00 1.272264253239218235e+01 4.282865172900051789e+02 8.474885329676790491e+01
6.535550926090214489e+03 1.174504032810119547e+01 3.744410524659874007e+00 1.263506814319183924e+01 4.381886515856437541e+02 8.680965930682522469e+01
6.625679857504926076e+03 1.109804710889854817e+01 3.574405817424768372e+00 1.331669446341215846e+01 4.361130174139325391e+02 8.174469515056718194e+01
