-2.282248215763412746e-01 5.602020194186161817e+00 3.406399980271971994e+00 2.783026070199782431e+00 1.442321109881839675e+03 6.208151989721006885e+02
3.417433152960202847e+01 5.805365471504974728e+00 3.214893870549516919e+00 2.752780251495139829e+00 1.351408766848782989e+03 5.759774092536830494e+02
3.133848212149974799e+01 7.569145005067364096e+00 4.154576752564662634e+00 3.390258002977962981e+00 1.401955231042949436e+03 5.730917190237759087e+02
4.761783281328380468e+01 8.054273703844382126e+00 4.311450014246509532e+00 3.232703578723363780e+00 1.373205320073744133e+03 6.091102756022158928e+02
1.007336570788204995e+02 8.251164404840189093e+00 4.367245656692084310e+00 3.344708873561610396e+00 2.032596167278212533e+02 7.671111876953165165e+01
1.542286066091641885e+02 8.154290014932243480e+00 4.646021383752957590e+00 3.294294761779974934e+00 2.096639799437698457e+02 7.877008931227385347e+01
1.957602607458877912e+02 8.578642296623367969e+00 4.829423353598978785e+00 3.514992298391226733e+00 3.579205488000909554e+02 8.065249511043852237e+01
2.495666605818093160e+02 8.337198502817198431e+00 4.849028716019304852e+00 3.669860619260683521e+00 3.767069944803384374e+02 1.497418456783294403e+02
2.850781050184878609e+02 8.212742042138325260e+00 4.995922823080045205e+00 3.467541877467060552e+00 3.627216052415851664e+02 1.494062207397709301e+02
3.447352933379909246e+02 8.890603876552775731e+00 4.700034952679760458e+00 3.552956364580087456e+00 3.705610551540467554e+02 1.443732663369255818e+02
3.924613225342126270e+02 9.005302633109732113e+00 5.018115808159413938e+00 3.539808634608467841e+00 3.424220012527575250e+02 1.444504975874297088e+02
5.088891939699821592e+02 9.665180481566725490e+00 5.340900907724567936e+00 4.021080605723026835e+00 3.777660814716280697e+02 1.488840977272513726e+02
5.890904908391338495e+02 1.068052950322004868e+01 5.713220389519706011e+00 4.275289487691214418e+00 3.683712397109990775e+02 1.471517742865335663e+02
6.592556476431490182e+02 1.044429037362565360e+01 6.003503738772707266e+00 4.517889137577542513e+00 7.264778590423372862e+02 3.068705486582368280e+02
7.859148764060826124e+02 1.149881709156822573e+01 6.337772500397712783e+00 4.676634049969322859e+00 7.055284219547538669e+02 3.131866684349440675e+02
8.980055616124915332e+02 1.156638376032472060e+01 6.181902330164794179e+00 4.632580399050054254e+00 7.320688443586642506e+02 3.094505678378704943e+02
9.736492028084970798e+02 1.114965421730728856e+01 6.303367372919561618e+00 4.748384214024047978e+00 7.593904808476322614e+02 3.205696466743578412e+02
1.087631771428994398e+03 1.199289427662119856e+01 6.377075882022968933e+00 4.618054398769175783e+00 7.392741429253976548e+02 3.039744687249560684e+02
1.152533102717939528e+03 1.148981863296023320e+01 6.382877714045707584e+00 4.904666590747594590e+00 7.515280959855354013e+02 3.191759070739075241e+02
1.340655965747435403e+03 1.187084691292474581e+01 6.398802394030687068e+00 4.902039767590207653e+00 7.066864461608420243e+02 3.025591663983100830e+02
1.352406940756999802e+03 1.214177696050297151e+01 6.889612321176667997e+00 5.092470200376707723e+00 7.422675982543423743e+02 3.249398989356302536e+02
1.565240291760472473e+03 1.219129906375465033e+01 6.728555930088607973e+00 4.750872353398666093e+00 7.558472632900492272e+02 3.172431060640874421e+02
1.709763784073686111e+03 1.307223780863381002e+01 6.986070187489791472e+00 5.350711619458150992e+00 8.079167705824476116e+02 3.043795394168592452e+02
2.002905855975476470e+03 1.338066303729019424e+01 6.929194275176115525e+00 5.011324792794642491e+00 8.349974201118204746e+02 3.155480825817762138e+02
2.171345317014583543e+03 1.327577762393687877e+01 7.273669634367494474e+00 5.052813098697512828e+00 8.092477040826056509e+02 3.215021912898110372e+02
2.314811853779286139e+03 1.309542024660007087e+01 7.413622582001479167e+00 5.225328301670694842e+00 8.295702150006105740e+02 3.003368500846640359e+02
2.571845611994279807e+03 1.329392241995110524e+01 7.155359650912269665e+00 5.155321404348638836e+00 8.183197610617728515e+02 3.248642094320932188e+02
2.688038246628400429e+03 1.381255569339787748e+01 7.243833176347658664e+00 5.763391421580122298e+00 8.165152627953455067e+02 3.249526619601045923e+02
2.981272912899764378e+03 1.422367293425945967e+01 7.652289454119678425e+00 5.864357409970309298e+00 8.315797256830201150e+02 3.033375881570972865e+02
2.925551716101322199e+03 8.013240363805506306e+00 0.000000000000000000e+00 9.513695204645758352e+00 7.916943181854968543e+02 3.042191305642464840e+02
2.861352978820021690e+03 8.298753411374052646e+00 0.000000000000000000e+00 1.023989521976226769e+01 5.923826201107554516e+04 0.000000000000000000e+00
2.994942637114828358e+03 8.002244866249395017e+00 0.000000000000000000e+00 9.948086288584891079e+00 5.992881257900464698e+04 0.000000000000000000e+00
3.183859389942047073e+03 8.263984714404333687e+00 0.000000000000000000e+00 1.069040510072372285e+01 5.785555611256964039e+04 0.000000000000000000e+00
3.210519511364552272e+03 8.793740141637105268e+00 0.000000000000000000e+00 1.078367814767171851e+01 5.571189991974100121e+04 0.000000000000000000e+00
3.324689409445546971e+03 8.893879271402747477e+00 0.000000000000000000e+00 1.062914308027203347e+01 6.055289912046104291e+04 0.000000000000000000e+00
3.460943999348968646e+03 8.831989310932252479e+00 0.000000000000000000e+00 1.102690036040474197e+01 5.595683015672681358e+04 0.000000000000000000e+00
3.697334866102690285e+03 9.124086173150731227e+00 0.000000000000000000e+00 1.045080122181949989e+01 5.983756922441501229e+04 0.000000000000000000e+00
3.773373669104485998e+03 9.390577385215848949e+00 0.000000000000000000e+00 1.073229111354552501e+01 6.018664716107894492e+04 0.000000000000000000e+00
3.758108619013295993e+03 9.121276193520985842e+00 0.000000000000000000e+00 1.095865606412886706e+01 5.740422385141791892e+04 0.000000000000000000e+00
3.694596339083871499e+03 9.612803011593578972e+00 0.000000000000000000e+00 1.095342141356112009e+01 5.735277468882330868e+04 0.000000000000000000e+00
3.913339785094221497e+03 9.821203565979088168e+00 0.000000000000000000e+00 1.165522522442698161e+01 5.939092180448124418e+04 0.000000000000000000e+00
4.009059451815981902e+03 9.488942387333388240e+00 0.000000000000000000e+00 1.162294828662000690e+01 5.605709279961047287e+04 0.000000000000000000e+00
4.369893443828254931e+03 9.721520845482013229e+00 0.000000000000000000e+00 1.164044326903868232e+01 5.498978929474580946e+04 0.000000000000000000e+00
4.060011877980546160e+03 9.339424119365942190e+00 0.000000000000000000e+00 1.166868680180392737e+01 5.686273165263229021e+04 0.000000000000000000e+00
4.307475651710273269e+03 9.646515257692900747e+00 0.000000000000000000e+00 1.220077165131516139e+01 5.907127509399742848e+04 0.000000000000000000e+00
4.408424248910654569e+03 9.696047269461866236e+00 0.000000000000000000e+00 1.131287097912740514e+01 5.589389562697959627e+04 0.000000000000000000e+00
4.634008881916421160e+03 9.747561984465813012e+00 0.000000000000000000e+00 1.222067116799014919e+01 5.804054961695944075e+04 0.000000000000000000e+00
4.851292476038156565e+03 1.020038093881171903e+01 0.000000000000000000e+00 1.181938706143670892e+01 5.871841138043945102e+04 0.000000000000000000e+00
4.980980275239284310e+03 1.053858837298090378e+01 0.000000000000000000e+00 1.180832029476577461e+01 5.622860868633017526e+04 0.000000000000000000e+00
4.830959794388408227e+03 1.031040240733662117e+01 0.000000000000000000e+00 1.194608118947645004e+01 5.941152788642983069e+04 0.000000000000000000e+00
4.785319352978574898e+03 1.001821130245677693e+01 0.000000000000000000e+00 1.189675726796105515e+01 5.949431876603946876e+04 0.000000000000000000e+00
4.938325493490483495e+03 1.068241666637829645e+01 0.000000000000000000e+00 1.187552398954990629e+01 5.496263096970479819e+04 0.000000000000000000e+00
5.152284749939736685e+03 1.000808194879970259e+01 0.000000000000000000e+00 1.268035279011690264e+01 5.675145801563152781e+04 0.000000000000000000e+00
5.325914367059059259e+03 1.110997987793366981e+01 3.457675886620656058e+00 1.253258086955806583e+01 4.355839909857289740e+02 8.240954261589283192e+01
5.179594241713321026e+03 1.054263776617912995e+01 3.338683660579646162e+00 1.236524275918941029e+01 4.326748310165183966e+02 8.513962259172645020e+01
5.052695110181496602e+03 1.108250856858875899e+01 3.439352424229475513e+00 1.285665326194451019e+01 4.392680601628468366e+02 8.143629862490311666e+01
5.549336929310163214e+03 1.151645231165881533e+01 3.718935351122951705e+00 1.303946035019126448e+01 4.526445367621797118e+02 8.638601368988264539e+01
5.642654135390534066e+03 1.111150645655290781e+01 3.526049336490471919e+00 1.229832253926552177e+01 4.474994826398664145e+02 8.304800469204808167e+01
5.455365864750941910e+03 1.146622672545776567e+01 3.422503773264382154e+00 1.341043922466363902e+01 4.372790505335146349e+02 8.804992889226990371e+01
5.494842108487955556e+03 1.069450003735068044e+01 3.524549566974972237e+00 1.262272985144855042e+01 4.363069946303541542e+02 8.236427737136985172e+01
5.508265626891135071e+03 1.106189645612662886e+01 3.622776076369980114e+00 1.334144065758286679e+01 4.168412402288294061e+02 8.890481641968565896e+01
5.829319962083038263e+03 1.090520874336257862e+01 3.530472168673459255e+00 1.261865671452203586e+01 4.389073223273642270e+02 8.495887053166009650e+01
5.802936675782301791e+03 1.119950292308095108e+01 3.690927838568033081e+00 1.266034545023130953e+01 4.465456721098498178e+02 8.325608707894441807e+01
6.175831862211931366e+03 1.085404508878442265e+01 3.559151941339137259e+00 1.301123155358720318e+01 4.502052753863603130e+02 8.265036022728219223e+01
6.041850877044013032e+03 1.170054318174725161e+01 3.542359649565622437e+00 1.305506171577711427e+01 4.490431112659582027e+02 8.882215375357249343e+01
6.580167205069791635e+03 1.140004292375484596e+01 3.755943021510136148e+00 1.257890948611453830e+01 4.367321242160530801e+02 8.908112670755923546e+01
6.526151378617197224e+03 1.178996897586892345e+01 3.820208144644120285e+00 1.295736782431233536e+01 4.262411237189329540e+02 8.292721656536457431e+01
