2.772191803409268518e-01 5.962775688439688082e+00 3.431026246086962495e+00 2.695959645929216553e+00 1.340250304565644228e+03 6.139672377985089042e+02
3.218808316273670300e+01 5.835493524278937194e+00 3.444634776578573199e+00 2.856057236024802659e+00 1.414405101972184184e+03 5.955560289726182646e+02
3.325841968322554010e+01 7.930487428477714928e+00 4.165397899050125474e+00 3.406746611726072071e+00 1.434726012486288937e+03 5.735277299128002824e+02
5.189242677842504747e+01 8.168988499976226336e+00 4.483818891758225789e+00 3.417880185716408725e+00 1.332253141125416732e+03 5.799470908851345712e+02
9.815224157030050378e+01 8.332245719019653052e+00 4.449816140113177276e+00 3.331153942232388143e+00 2.057819677320685230e+02 7.681378690700677225e+01
1.537901064535881517e+02 7.976688338038103510e+00 4.432314222818434679e+00 3.444565454415940753e+00 1.991758708197993712e+02 8.260634587176144805e+01
1.978875352722953664e+02 8.413017067426848072e+00 4.375266339812305283e+00 3.436940907745684282e+00 3.769256970526265036e+02 8.366544318688463022e+01
2.411253965335633609e+02 8.175352252804220399e+00 4.767891585867795712e+00 3.629004221594382074e+00 3.755759955874998468e+02 1.467036831211924834e+02
3.041531479869321970e+02 8.367003313869160408e+00 4.690700939692702853e+00 3.566946299958487554e+00 3.476580608074453380e+02 1.468314438688763062e+02
3.414523281651341335e+02 8.710276973893728680e+00 5.085906044381624191e+00 3.656173248031820311e+00 3.519058652951103454e+02 1.402830180223058392e+02
4.111544980185090026e+02 8.760045179237753388e+00 4.732605532500219425e+00 3.808897352414120974e+00 3.777036551844017822e+02 1.395725066695913767e+02
4.751164194483498591e+02 9.645917435350572333e+00 5.052230846108790807e+00 3.893574869862802768e+00 3.688357690924321446e+02 1.467727783854834911e+02
5.850411334915927455e+02 9.825452435400372053e+00 5.765389092755799361e+00 4.205893966973115461e+00 3.463203517027540101e+02 1.434742033596708666e+02
6.984222414356544277e+02 1.085759657125549538e+01 5.868284121417536525e+00 4.499360610724382425e+00 7.139945496610977216e+02 3.129566819695880895e+02
7.983650612136657401e+02 1.067044967700661751e+01 5.828812735754095975e+00 4.280051934505721078e+00 7.294159792726883325e+02 3.242503146105226506e+02
9.359767515098518516e+02 1.153785297300039048e+01 6.115705618385820053e+00 4.679186091301378525e+00 7.585433739982031511e+02 3.120075192519632310e+02
9.928980935158430157e+02 1.097959816204289574e+01 6.505988956859233951e+00 4.736587061492039119e+00 7.653126896853879089e+02 3.052146189894822328e+02
1.118657314219180307e+03 1.169189958567417698e+01 6.165802120601624914e+00 4.912966111075052211e+00 7.545343786475327761e+02 2.967470923941703518e+02
1.196038345585085153e+03 1.173103970349120218e+01 6.504580132570164430e+00 4.579226052656879098e+00 7.391635382366363274e+02 3.050902631112774088e+02
1.355931782172163594e+03 1.182595757018932403e+01 6.272764521872862709e+00 4.804000094154369016e+00 7.275013653885420126e+02 2.998139559731044415e+02
1.335474595371540545e+03 1.241715269528907228e+01 6.533623748826260069e+00 5.059121688363639180e+00 7.707326010692562477e+02 2.990036887008766939e+02
1.541747593926766513e+03 1.180215899944832891e+01 6.947337410754540699e+00 5.045308268543220898e+00 7.360401588241016952e+02 3.021255008461417901e+02
1.777522203119629012e+03 1.292226776008176969e+01 6.954961783999751290e+00 4.932804072006562457e+00 7.853000054779388392e+02 3.212272622415931664e+02
1.947398392922371158e+03 1.220532578200640828e+01 7.150483605571263723e+00 5.327163861181253957e+00 7.655611864061969527e+02 3.108757731679643825e+02
2.112997013956249702e+03 1.325758606945700180e+01 6.721391307370294221e+00 5.092217630176125276e+00 7.933610731500090196e+02 3.134726211313922022e+02
2.224951166893891696e+03 1.300749094538914363e+01 7.135763699170021290e+00 5.196167343122097826e+00 7.824285290241974735e+02 3.048981067993336183e+02
2.626727443394220245e+03 1.375842063619793443e+01 7.022468850888905934e+00 5.384900984878642660e+00 8.272330447911757574e+02 3.169689144401864951e+02
2.477886827854127205e+03 1.410537932223073909e+01 7.214832585032013412e+00 5.597575399086333725e+00 8.121517719025796396e+02 3.185333859826405387e+02
2.951776230930273869e+03 1.347301518535317300e+01 7.170254611091471553e+00 5.711829932311593971e+00 7.747400250806575741e+02 3.027407969325846580e+02
2.856108220716253072e+03 8.278808342128673559e+00 0.000000000000000000e+00 9.727962599335794991e+00 8.079708591592279845e+02 3.055792691507423342e+02
2.868731631114095308e+03 8.212417774015685623e+00 0.000000000000000000e+00 9.577008216319081058e+00 5.991273436807735561e+04 0.000000000000000000e+00
3.034675739216821057e+03 7.961239751617657845e+00 0.000000000000000000e+00 1.011422231427668272e+01 5.748316503002944955e+04 0.000000000000000000e+00
3.204012211658886372e+03 8.195621347712215510e+00 0.000000000000000000e+00 1.038623374097223362e+01 5.853314753084750555e+04 0.000000000000000000e+00
3.371931999402742349e+03 8.863941872630816121e+00 0.000000000000000000e+00 1.001411826258463300e+01 5.689978927014493820e+04 0.000000000000000000e+00
3.309366398566862699e+03 9.028063264037882618e+00 0.000000000000000000e+00 1.059448637931597403e+01 5.576030194394327555e+04 0.000000000000000000e+00
3.483828052205056338e+03 8.848016134687785694e+00 0.000000000000000000e+00 1.076762025529502509e+01 5.929107700526016561e+04 0.000000000000000000e+00
3.741549777460613768e+03 8.674250575129327956e+00 0.000000000000000000e+00 1.046636545091512360e+01 5.632064210418590665e+04 0.000000000000000000e+00
3.738413708271215910e+03 8.975175501958668534e+00 0.000000000000000000e+00 1.094860561659638698e+01 5.987724038916246354e+04 0.000000000000000000e+00
3.609162630621653534e+03 8.973297237797062564e+00 0.000000000000000000e+00 1.144069888013669889e+01 5.746654368394608173e+04 0.000000000000000000e+00
4.037813164394790419e+03 9.388221916620320684e+00 0.000000000000000000e+00 1.129619595123912923e+01 6.009366972948539478e+04 0.000000000000000000e+00
4.010175475764735438e+03 9.200803727372219853e+00 0.000000000000000000e+00 1.162603625533637697e+01 5.560287251708907570e+04 0.000000000000000000e+00
4.254432115543630971e+03 9.191542446767959618e+00 0.000000000000000000e+00 1.133767762212115926e+01 5.581032371515443083e+04 0.000000000000000000e+00
3.982027265680377241e+03 9.322187816212663236e+00 0.000000000000000000e+00 1.150480684293367872e+01 6.014340489430498565e+04 0.000000000000000000e+00
4.289300475092280067e+03 9.534930667147284211e+00 0.000000000000000000e+00 1.203228834930892788e+01 5.639781366429304762e+04 0.000000000000000000e+00
4.546548565768879598e+03 9.581825882138250705e+00 0.000000000000000000e+00 1.138059411387375519e+01 6.006920019354233955e+04 0.000000000000000000e+00
4.448661148732775473e+03 9.889680292372945658e+00 0.000000000000000000e+00 1.188031934885126084e+01 6.036368906527343643e+04 0.000000000000000000e+00
4.393275570536984560e+03 9.560795234463590475e+00 0.000000000000000000e+00 1.123288031456853631e+01 5.924342992253178090e+04 0.000000000000000000e+00
4.505392739733347298e+03 9.975202666641260763e+00 0.000000000000000000e+00 1.152747692360019904e+01 5.512507543412330415e+04 0.000000000000000000e+00
4.965338458555838770e+03 1.024811612602220379e+01 0.000000000000000000e+00 1.169875191495582101e+01 5.532639244154027983e+04 0.000000000000000000e+00
5.112310518636896632e+03 1.044718490010145651e+01 0.000000000000000000e+00 1.227123429294996981e+01 5.747903320199480368e+04 0.000000000000000000e+00
5.184004623513444130e+03 1.013902609492414086e+01 0.000000000000000000e+00 1.199267797676361447e+01 5.633358937378082192e+04 0.000000000000000000e+00
5.098968162882993056e+03 1.040710912208144379e+01 0.000000000000000000e+00 1.262334196891649718e+01 5.558614174901099614e+04 0.000000000000000000e+00
5.204489194066773052e+03 1.056878563534797522e+01 0.000000000000000000e+00 1.240082338417869146e+01 5.863752341071158298e+04 0.000000000000000000e+00
5.355037805573515470e+03 1.126935749153883215e+01 3.363549542533475822e+00 1.236362093050998467e+01 4.318235736516338079e+02 8.092039283886100520e+01
5.150229052374349521e+03 1.119206930054924420e+01 3.660707703766660881e+00 1.253960600824806626e+01 4.231533407694451512e+02 8.866998060339631138e+01
5.136745495785218736e+03 1.060808279798449405e+01 3.675575275545088783e+00 1.221841132064516700e+01 4.406385964385103193e+02 8.194018137200663432e+01
5.613780938919284381e+03 1.088517660516290952e+01 3.625613106664819174e+00 1.273471882161578073e+01 4.183582912154479914e+02 8.211657416174098501e+01
5.402987722037643834e+03 1.158071677772846009e+01 3.578050676555051268e+00 1.284882718103528987e+01 4.334337917582152500e+02 8.104010508133364965e+01
5.802503722565606950e+03 1.115251008218575457e+01 3.570342203786458057e+00 1.326228872475935106e+01 4.377824484630246502e+02 8.249906579441964993e+01
5.738888026777028244e+03 1.092663508238319281e+01 3.651779633608135178e+00 1.352562587034813113e+01 4.418606977438489025e+02 8.421446763391999468e+01
5.781373851187555374e+03 1.074387088899330855e+01 3.788529313169832324e+00 1.260223890928645574e+01 4.235248991541339478e+02 8.714941032839143986e+01
5.750921209319524678e+03 1.125610888591420888e+01 3.663077451005384066e+00 1.241808722033809786e+01 4.538873790928055882e+02 8.193998448188555983e+01
5.801590126357977169e+03 1.101318991179232221e+01 3.702447184955629300e+00 1.252695238516541565e+01 4.317991367010810109e+02 8.215328018941276866e+01
5.825848221930735235e+03 1.161533077287100291e+01 3.529215421577349687e+00 1.288870097623458477e+01 4.535006476536801756e+02 8.243017957442330612e+01
6.275690503796611665e+03 1.174183117150595379e+01 3.626163719068327573e+00 1.325182881459014617e+01 4.479883250332343323e+02 8.640192183068202780e+01
6.087275793974958106e+03 1.126644995171157326e+01 3.842869747199435082e+00 1.350341467714645916e+01 4.438688265878832908e+02 8.858316680022052481e+01
6.365048993186241205e+03 1.163976212328033277e+01 3.784404703791961477e+00 1.334253790256735606e+01 4.481630384586943592e+02 8.744729610934184905e+01
