-4.272756809378849274e-01 5.696391576868245821e+00 3.222966779930339865e+00 2.923090787571784421e+00 1.399378101606348082e+03 6.243006181674143136e+02
3.451898402263167043e+01 5.614501911375614718e+00 3.198578108084598970e+00 2.936030440739988201e+00 1.381176030704131790e+03 6.134857739209296597e+02
3.355179418680479841e+01 7.607989222931280437e+00 4.457072116350528468e+00 3.245841622175424934e+00 1.431093711207108981e+03 5.988566463052712834e+02
4.953472795491312297e+01 8.105450560988291642e+00 4.295323994081249097e+00 3.446114155642012733e+00 1.406289525002398705e+03 5.720419526779265880e+02
9.989386318410200261e+01 7.905860885879512523e+00 4.456079360999927630e+00 3.542643105911340573e+00 2.094125504613209898e+02 8.025338470610262220e+01
1.471946785108351321e+02 7.873042176269561487e+00 4.456316990397393596e+00 3.342509212932022855e+00 2.033759067025837339e+02 8.270366829341523385e+01
2.064144934753392420e+02 8.295543769458140204e+00 4.758297640049882204e+00 3.474233267259484670e+00 3.426975267296560332e+02 7.633015920682436217e+01
2.538123710799477522e+02 8.617062672487380226e+00 4.700309270440296672e+00 3.546079936528802712e+00 3.722911592891715031e+02 1.404253293630826818e+02
3.032182115459163469e+02 8.371405035688191276e+00 4.659036694783688759e+00 3.684591860513460215e+00 3.513036231133493175e+02 1.480179171084906500e+02
3.617319539118879561e+02 8.571911348414605669e+00 4.796165960902091463e+00 3.515973285921496050e+00 3.708257965832631839e+02 1.378607014926643330e+02
4.212401940455231966e+02 9.308816063414353081e+00 5.035341149885259604e+00 3.533825010104544528e+00 3.491296505991559798e+02 1.471058814003469308e+02
5.068464120584530974e+02 9.479705852214118877e+00 5.508235344094138952e+00 3.864926491864699720e+00 3.624786771293178163e+02 1.387180464931869039e+02
6.110113877821904680e+02 1.013729301975000574e+01 5.706318997851730579e+00 4.239080879002517399e+00 3.494940111561741674e+02 1.377767364600380517e+02
6.499585520294933758e+02 1.118468846734730171e+01 5.829724989574802230e+00 4.332499875730912109e+00 7.464372443022000425e+02 2.991586842349688027e+02
8.010768757839456384e+02 1.086356263376342746e+01 6.197732290838746216e+00 4.469639973303303648e+00 7.200326693140888210e+02 3.055963310320904611e+02
8.934221321496620476e+02 1.066140002892938554e+01 6.153166758123781221e+00 4.493282799291661078e+00 7.539139412949169810e+02 3.002077716347678233e+02
1.026843676238369653e+03 1.121191836376480921e+01 6.113878564897898826e+00 4.839394617687946543e+00 7.123170802623060354e+02 3.236153762483310175e+02
1.139027907151151794e+03 1.149224330717471609e+01 6.151331746148998469e+00 4.608498973469243865e+00 7.680872737397111223e+02 2.969139791387343053e+02
1.230461271133564196e+03 1.123848545943178934e+01 6.729948783437048832e+00 4.811085155769689869e+00 7.040456428083446099e+02 3.229115583713049205e+02
1.346510362555325855e+03 1.154671195184974408e+01 6.760449207601846311e+00 4.746612776309818926e+00 7.084164867166027761e+02 2.970867640415044661e+02
1.442095599424217198e+03 1.228194583744096846e+01 6.392113505139493945e+00 4.836083066880381587e+00 7.090360519170900488e+02 3.174328977025988365e+02
1.616174371058449196e+03 1.183422886286654752e+01 6.835392114780352024e+00 5.121769075721872788e+00 7.082444042456256739e+02 2.980213875134721206e+02
1.865393616060733848e+03 1.231507659501866492e+01 7.110199698070609919e+00 5.104740750729034104e+00 8.381911012159971506e+02 3.226576277221327587e+02
1.899861691218869964e+03 1.301593002082112882e+01 6.819666860708077927e+00 5.039685184767289883e+00 7.975068243123881757e+02 3.003130331143441936e+02
2.242406519225828561e+03 1.280912126348709634e+01 7.329358627162932294e+00 5.128485090770597665e+00 7.991894303355726379e+02 3.074461715093069074e+02
2.206349020794741136e+03 1.295412935108522667e+01 6.756266919129816806e+00 5.117633391501643203e+00 8.003669122365408839e+02 3.042094503298179120e+02
2.639306035913757114e+03 1.313658510841573523e+01 7.255227750581405566e+00 5.647158949140402839e+00 8.195693354637749053e+02 3.140540338401260669e+02
2.722718920448940025e+03 1.377532696398203527e+01 7.281260696068454052e+00 5.829396009978610849e+00 8.149884105799042118e+02 3.233498620221426449e+02
2.833092533837084375e+03 1.374080797552059963e+01 7.670298820281520769e+00 5.683687124871246610e+00 7.770297256656563150e+02 3.041866739013950678e+02
2.792107488413302235e+03 8.010434775813108033e+00 0.000000000000000000e+00 1.006092344750035750e+01 7.638069451413873594e+02 3.112007270186318806e+02
2.995476479293386092e+03 7.998362820079139901e+00 0.000000000000000000e+00 9.723754132859244947e+00 5.567567654737771954e+04 0.000000000000000000e+00
2.974255970353791781e+03 8.598673709073429094e+00 0.000000000000000000e+00 9.917480460510159190e+00 5.803663669906043651e+04 0.000000000000000000e+00
3.059426466710757268e+03 8.743867058221312050e+00 0.000000000000000000e+00 1.003465920467632166e+01 5.718677123479726288e+04 0.000000000000000000e+00
3.167202893603352550e+03 8.864254396110725409e+00 0.000000000000000000e+00 1.081681779809605182e+01 5.966759959866233112e+04 0.000000000000000000e+00
3.474530234453946377e+03 9.016296208457855954e+00 0.000000000000000000e+00 1.063142596331213241e+01 5.694943275424059539e+04 0.000000000000000000e+00
3.595443423987270762e+03 8.875255025661937580e+00 0.000000000000000000e+00 1.107553506679612987e+01 5.585404316397901130e+04 0.000000000000000000e+00
3.584207993952813467e+03 8.934250645401874635e+00 0.000000000000000000e+00 1.032753326117675385e+01 5.788344301555421407e+04 0.000000000000000000e+00
3.581474932658320540e+03 9.591313436434194983e+00 0.000000000000000000e+00 1.106154925288404556e+01 5.650920017071771144e+04 0.000000000000000000e+00
3.758474846299323417e+03 9.414115062445530313e+00 0.000000000000000000e+00 1.123617019223915392e+01 5.605269246562501939e+04 0.000000000000000000e+00
3.776631287864097430e+03 9.622873513899772746e+00 0.000000000000000000e+00 1.127608507191988352e+01 6.062402995879925584e+04 0.000000000000000000e+00
4.045790082201648602e+03 9.476948343547052289e+00 0.000000000000000000e+00 1.116975821976748051e+01 5.939466767398343654e+04 0.000000000000000000e+00
3.993699411171282009e+03 9.194081789668784310e+00 0.000000000000000000e+00 1.180100907886654937e+01 5.933683629229888174e+04 0.000000000000000000e+00
4.337756828036907791e+03 9.992392058858769133e+00 0.000000000000000000e+00 1.202026863881593677e+01 5.695014331109956402e+04 0.000000000000000000e+00
4.122342351358708584e+03 9.864537467578761820e+00 0.000000000000000000e+00 1.150201600916979672e+01 5.744868212813084392e+04 0.000000000000000000e+00
4.483409635918642380e+03 9.889465786179442830e+00 0.000000000000000000e+00 1.174290682670599928e+01 5.995584940903952520e+04 0.000000000000000000e+00
4.330095148961537234e+03 9.550756189525783313e+00 0.000000000000000000e+00 1.143225112809255073e+01 5.499778747281500546e+04 0.000000000000000000e+00
4.734635479104041224e+03 1.037878795900811291e+01 0.000000000000000000e+00 1.177379914515065806e+01 6.059051874844966369e+04 0.000000000000000000e+00
4.503633820806898257e+03 9.653842581955542457e+00 0.000000000000000000e+00 1.219585825125578182e+01 5.636347640798620705e+04 0.000000000000000000e+00
4.865541826444440630e+03 9.770999289065926519e+00 0.000000000000000000e+00 1.221929837422867315e+01 5.824482879383305408e+04 0.000000000000000000e+00
4.915170735060816696e+03 9.730649041702191582e+00 0.000000000000000000e+00 1.163145921831422847e+01 5.675715503752426594e+04 0.000000000000000000e+00
4.886474654592102524e+03 1.051159723154540693e+01 0.000000000000000000e+00 1.220749577911162298e+01 5.865845143731399003e+04 0.000000000000000000e+00
5.035800852500036854e+03 1.038705442875941287e+01 0.000000000000000000e+00 1.168518033411178969e+01 5.872053878514543612e+04 0.000000000000000000e+00
5.230181808264238498e+03 1.011707980228358750e+01 0.000000000000000000e+00 1.167345778953874991e+01 5.897590324313913152e+04 0.000000000000000000e+00
4.949821829418053312e+03 1.138172570636336367e+01 3.396199755797922215e+00 1.277833365792745468e+01 4.439966727224342549e+02 8.854736774454195825e+01
5.390261302448066090e+03 1.059945160842277012e+01 3.447768499624092708e+00 1.331987231577424780e+01 4.428362428089785112e+02 8.176279289634504721e+01
5.038193505653152897e+03 1.162502972703337889e+01 3.601208790925776615e+00 1.326082318685848271e+01 4.463501126264725940e+02 8.425726109868428182e+01
5.398054839831643221e+03 1.072675187759699611e+01 3.518819695440508877e+00 1.326821662407751745e+01 4.279856054359073028e+02 8.445240284825048604e+01
5.701291424347164138e+03 1.109706056651842943e+01 3.562482382887774968e+00 1.342458773675237005e+01 4.415923985360816459e+02 8.242135074727137578e+01
5.551619792420388876e+03 1.076719816821916531e+01 3.719552761329255386e+00 1.327157694613672767e+01 4.473481304394059634e+02 8.744837124080996205e+01
5.415284224657702907e+03 1.171012641762116857e+01 3.444400293293059523e+00 1.289692072524012545e+01 4.454645885907843876e+02 8.868935584984367893e+01
5.730149310393175256e+03 1.067530218371480721e+01 3.615753925199989727e+00 1.346572139069188800e+01 4.326891719648779144e+02 8.603418779676952965e+01
6.003436971215540325e+03 1.177114347384081050e+01 3.649907003727225874e+00 1.246732072170720684e+01 4.248155972081817140e+02 8.907608003938328523e+01
6.149553636415133042e+03 1.074426419070423577e+01 3.476910496822269270e+00 1.288871154124511698e+01 4.318782333437462739e+02 8.139018336480253879e+01
5.850684471639462572e+03 1.142818769404147972e+01 3.664052361854677642e+00 1.268785455804711582e+01 4.384351183360935238e+02 8.252076744542904407e+01
6.373307226554298722e+03 1.122192150846024106e+01 3.647689711702246207e+00 1.334438183670612688e+01 4.237682092337695963e+02 8.211925631193486197e+01
6.293403011831300319e+03 1.145314807578610861e+01 3.835322879356787062e+00 1.352969998949350661e+01 4.474458407572012675e+02 8.767072335576270348e+01
6.501574962365390093e+03 1.176792276230418111e+01 3.635754767677584098e+00 1.264929105087459504e+01 4.285504854431560489e+02 8.452018980287419936e+01
