4.167336026916046432e-02 5.755599975134265023e+00 3.210476603407559804e+00 2.703455249114327330e+00 1.443531331796485119e+03 5.884328470119938856e+02
3.446343526363964571e+01 5.735102622494197888e+00 3.197160521904572228e+00 2.661367305578725695e+00 1.379699270934564538e+03 6.036011682844458619e+02
3.447899510590720240e+01 7.664097225294677962e+00 4.235453182168970265e+00 3.274881670386722732e+00 1.342669390375112016e+03 6.288098482387267723e+02
4.950029657893207258e+01 7.427654332074855148e+00 4.509084439966152935e+00 3.418789620353804182e+00 1.385413387144784110e+03 6.124956855695038485e+02
1.011207560681225885e+02 8.145941601550358513e+00 4.321701866886299648e+00 3.223139569926200210e+00 2.015713553217268839e+02 7.757046547504077694e+01
1.494595178040403312e+02 8.270674238635457698e+00 4.483080880991946238e+00 3.448109904187596886e+00 1.927911420934460409e+02 7.668928833503733244e+01
1.951054136105093448e+02 8.566970044369574211e+00 4.461973493374594035e+00 3.309917548020913980e+00 3.645505789579112843e+02 8.214929433538175374e+01
2.516261190198518420e+02 8.569317908564929809e+00 4.858581445794603049e+00 3.681379017619056615e+00 3.582218999889618658e+02 1.448951242147521725e+02
3.144248592805032558e+02 8.906626307350622440e+00 4.965690448810597957e+00 3.584509930793872368e+00 3.759608086959348725e+02 1.441599570119111604e+02
3.523939458642190061e+02 8.885407750817734041e+00 5.010735738329374911e+00 3.556959349191037401e+00 3.529788538738530406e+02 1.395900242850877362e+02
4.333651113773933616e+02 8.620925813488504730e+00 4.759648211301744425e+00 3.640041478459769220e+00 3.558812947270385507e+02 1.435875174638358942e+02
4.984748304054475057e+02 9.591472654733548708e+00 5.520332014656979425e+00 3.679567526356324780e+00 3.492207256710915999e+02 1.463687177576548777e+02
6.157077528089471343e+02 1.069006053226393504e+01 5.836528297417848954e+00 4.152085753650351485e+00 3.576944753417765810e+02 1.360743220157293649e+02
6.492020977736773375e+02 1.029819038608378889e+01 6.257232086621089096e+00 4.534874670695048238e+00 7.269064595299604434e+02 3.009840686376118697e+02
8.239021969898132056e+02 1.110390676507544327e+01 6.179848262928973490e+00 4.308465303180554429e+00 7.203613213449752948e+02 3.238806661389795636e+02
9.056151317431828147e+02 1.154488961239860245e+01 6.488858344691264435e+00 4.620491752556056042e+00 7.674793774565264357e+02 3.040867749215009894e+02
9.987850426458172706e+02 1.117599104076748695e+01 6.439023341626627150e+00 4.539556670116415837e+00 7.067681698210271861e+02 3.146762531043148670e+02
1.082411272767666333e+03 1.190210820112815071e+01 6.677423559559432675e+00 4.695376273280006174e+00 7.092086179075222390e+02 3.136121120273587053e+02
1.230897732162980446e+03 1.115546870706596927e+01 6.298151113326981410e+00 4.974411956375146104e+00 7.752789487792463206e+02 3.196107305437739114e+02
1.297476905022932669e+03 1.205166200150762279e+01 6.692112693749999508e+00 4.683787372545051397e+00 7.589697327286608015e+02 3.211552982928348570e+02
1.398772239353605300e+03 1.143674157524565693e+01 6.782378520840678604e+00 4.831745314832088134e+00 7.412822342588566471e+02 3.062143168562396340e+02
1.571448076875527022e+03 1.236226668420326114e+01 6.692714124897847228e+00 5.051432875413952139e+00 7.569294623561324897e+02 3.059961790214920256e+02
1.871338623593484726e+03 1.217060572370640337e+01 6.809383659681566670e+00 5.172767220681125266e+00 8.269589595320215949e+02 3.021100961595301442e+02
2.028475448783675120e+03 1.232568567998719367e+01 7.124262003013789979e+00 5.074093684064386878e+00 8.131322082017397861e+02 3.160451414100531906e+02
2.115728846089664785e+03 1.363404258331315688e+01 7.225713783649206690e+00 5.446519222537278715e+00 8.177129005695494470e+02 3.240346815098496904e+02
2.361434982982799738e+03 1.314911590575529488e+01 6.812572931961837774e+00 5.438481166685789958e+00 8.339994037874880632e+02 3.004840554367186769e+02
2.675763194199255395e+03 1.265409310603950743e+01 7.220681023979287794e+00 5.536819349856376249e+00 8.011672065944865153e+02 3.117233035638406022e+02
2.593368116290373564e+03 1.393510405535168140e+01 7.364890913173629983e+00 5.519628335176855138e+00 8.394640942067737797e+02 3.149977967739145583e+02
2.810435118123174107e+03 1.411524425129038640e+01 7.404894438567738213e+00 5.822299404628097363e+00 8.374158072222201099e+02 3.081834382932499921e+02
2.919680833133116721e+03 8.327113104991337167e+00 0.000000000000000000e+00 9.359490612349659955e+00 7.768419996196615784e+02 3.167567792523704497e+02
2.979734504965686028e+03 8.387084751979278607e+00 0.000000000000000000e+00 1.036431951443125143e+01 5.765863787605192920e+04 0.000000000000000000e+00
2.933725804893080749e+03 8.645635976779630028e+00 0.000000000000000000e+00 9.674152049550132304e+00 5.983357927716296399e+04 0.000000000000000000e+00
3.224192524710215821e+03 8.878575160599563532e+00 0.000000000000000000e+00 1.052066513929820779e+01 5.529207609827429405e+04 0.000000000000000000e+00
3.252599504883721693e+03 8.961551348906956704e+00 0.000000000000000000e+00 1.094690864075342418e+01 5.530884435982967989e+04 0.000000000000000000e+00
3.336876008377173548e+03 8.447179642513207298e+00 0.000000000000000000e+00 1.025571836249385882e+01 5.596189287289673666e+04 0.000000000000000000e+00
3.613375817625611489e+03 9.206817921399403915e+00 0.000000000000000000e+00 1.065592417278852011e+01 6.025905993537516042e+04 0.000000000000000000e+00
3.403225998502291077e+03 9.072213791850147757e+00 0.000000000000000000e+00 1.106814052291756845e+01 5.703556778251106152e+04 0.000000000000000000e+00
3.538871053742406275e+03 9.474953720835662452e+00 0.000000000000000000e+00 1.115179646647765210e+01 5.583870412047196442e+04 0.000000000000000000e+00
3.862086723210572472e+03 8.872897582590759669e+00 0.000000000000000000e+00 1.144888208827907938e+01 5.852805094832149189e+04 0.000000000000000000e+00
3.690688111045879850e+03 9.040590200675607591e+00 0.000000000000000000e+00 1.134520323947677412e+01 5.969011694322894618e+04 0.000000000000000000e+00
3.786224036775020068e+03 9.200493835556976308e+00 0.000000000000000000e+00 1.132192182943768799e+01 5.790341213453610544e+04 0.000000000000000000e+00
4.220089810586630847e+03 1.002436704606816420e+01 0.000000000000000000e+00 1.171633077249736132e+01 5.862925901823250751e+04 0.000000000000000000e+00
4.325483949332216071e+03 1.009234229423511842e+01 0.000000000000000000e+00 1.167597958485950471e+01 5.626137800972106925e+04 0.000000000000000000e+00
4.204659260423981323e+03 9.560212545197042999e+00 0.000000000000000000e+00 1.133106990950949466e+01 5.676491891450621188e+04 0.000000000000000000e+00
4.214760199412596194e+03 9.647790581310472291e+00 0.000000000000000000e+00 1.120367916591342095e+01 5.777215549093625305e+04 0.000000000000000000e+00
4.352407504292227713e+03 1.039299516800243062e+01 0.000000000000000000e+00 1.222059968383140927e+01 5.708254581295653043e+04 0.000000000000000000e+00
4.549044364049440446e+03 9.814576987686113085e+00 0.000000000000000000e+00 1.130504678070389701e+01 5.887150237618344545e+04 0.000000000000000000e+00
4.615976733894828612e+03 9.891819453850452248e+00 0.000000000000000000e+00 1.135313615048699809e+01 5.683052527084497706e+04 0.000000000000000000e+00
4.648904120974581929e+03 1.055388022101772094e+01 0.000000000000000000e+00 1.135706391455203246e+01 5.502060389590982959e+04 0.000000000000000000e+00
4.735576528070367203e+03 1.062735715137506709e+01 0.000000000000000000e+00 1.163814037256787515e+01 5.983922819677130610e+04 0.000000000000000000e+00
4.913460917673418408e+03 1.012560804915048607e+01 0.000000000000000000e+00 1.248837235805028278e+01 5.570631787750406511e+04 0.000000000000000000e+00
4.914399137238460753e+03 1.030711005755937038e+01 0.000000000000000000e+00 1.221420121741024367e+01 5.795750949479977862e+04 0.000000000000000000e+00
5.136117347491846886e+03 1.068941712071470995e+01 0.000000000000000000e+00 1.180631632191407476e+01 5.596755812862925814e+04 0.000000000000000000e+00
5.235301149395520042e+03 1.072653550427204650e+01 3.624978848955488164e+00 1.243650420257870159e+01 4.524145055200505681e+02 8.216380229395345225e+01
5.122639080955767895e+03 1.109040177655021253e+01 3.354751373689247806e+00 1.217029994934754811e+01 4.524696017813071762e+02 8.159774805068924763e+01
5.489441127284616414e+03 1.097706208437693398e+01 3.680669782134087686e+00 1.345311774058968624e+01 4.330251188098600323e+02 8.747952355601339036e+01
5.498124928287378680e+03 1.055399829484351848e+01 3.644959930766106471e+00 1.302694398195719039e+01 4.509274910776106253e+02 8.689291998320173604e+01
5.461192345458113778e+03 1.133548187523357065e+01 3.649850628696620358e+00 1.339083220453808920e+01 4.583503497315426785e+02 8.075779078334866767e+01
5.765546827146541546e+03 1.161817991016787666e+01 3.775232479400242092e+00 1.241115545109201967e+01 4.388323223746548365e+02 8.598418130085603650e+01
5.492549327171885125e+03 1.086914693825252343e+01 3.457329874503572764e+00 1.327920510799130049e+01 4.185583495941074830e+02 8.102379120618209640e+01
5.941694643039010771e+03 1.078464163750516924e+01 3.494683109371278018e+00 1.300055653153513013e+01 4.338013888717184159e+02 8.406807528442558919e+01
5.898443820624717773e+03 1.075051039814677623e+01 3.664442615910621370e+00 1.330432181772395239e+01 4.175635232854189667e+02 8.745519333164800457e+01
5.748292635931440600e+03 1.070894723808903493e+01 3.602403896995116650e+00 1.364180640911449238e+01 4.372252403616970469e+02 8.172484002290103433e+01
5.778271368020415139e+03 1.160030817584907048e+01 3.488235276700125009e+00 1.284674546401208950e+01 4.380348979598850292e+02 8.328706882728074845e+01
5.938600378981356698e+03 1.105099883954231466e+01 3.577671078213790601e+00 1.331528294848759941e+01 4.141980930202409468e+02 8.721833010249936535e+01
6.364633670001329847e+03 1.116928065331889464e+01 3.734066112592858921e+00 1.370743987010262721e+01 4.483813528593674960e+02 8.658486755821398617e+01
6.128349566570513161e+03 1.083366564263005216e+01 3.564855074656961609e+00 1.266985001842086689e+01 4.275632526998823550e+02 8.324041201487588637e+01
