-9.770601317689797671e-02 5.700224293512749618e+00 3.208828064207898123e+00 2.815476632118838030e+00 1.333405725740055459e+03 6.021174843596672872e+02
3.330839185151503301e+01 5.907031813100907414e+00 3.502906762702781229e+00 2.826341522856293587e+00 1.347585209906376122e+03 6.241290274014874058e+02
3.355921514795041816e+01 8.101983857611029904e+00 4.353948772367679965e+00 3.340712677963512345e+00 1.379005496414621803e+03 5.915597332622629665e+02
4.997286715834724191e+01 8.160741808097375483e+00 4.383643405924392056e+00 3.329203834560856112e+00 1.435613277953595116e+03 6.075088535697041152e+02
9.885409879628761587e+01 7.833312886664081987e+00 4.604357230874627227e+00 3.344592823344434418e+00 2.063741370123953516e+02 8.033498709582138986e+01
1.578952332881989662e+02 8.333933579230057731e+00 4.303203688844885022e+00 3.530673986234670103e+00 1.993430252804716645e+02 8.128427996589026350e+01
1.935984782068009338e+02 8.456082119473576242e+00 4.389556241989284402e+00 3.441657008375390348e+00 3.737319755157435566e+02 7.628296781514178804e+01
2.615890082829104131e+02 8.085273116741690913e+00 4.489893498784593540e+00 3.552788714078988441e+00 3.629955727228149840e+02 1.417916228164451695e+02
2.852987602015307971e+02 8.935968786234774086e+00 4.894600650903620398e+00 3.518953743652073918e+00 3.613078275917200699e+02 1.359195313707966193e+02
3.408915762292275531e+02 9.133947742816111770e+00 4.829053953584607761e+00 3.606079070647723039e+00 3.760882585364876149e+02 1.381859033494741311e+02
3.940603237021851442e+02 9.099544248328134799e+00 5.038288957166468407e+00 3.608016676812206835e+00 3.531546726514343959e+02 1.379739132546143310e+02
4.774655055997040449e+02 9.732239652651829331e+00 5.376515646280044969e+00 3.909430140477688997e+00 3.450261846998026840e+02 1.418021146713813891e+02
5.891680308066148655e+02 9.775135131366750940e+00 5.613568710751541069e+00 4.105814237580744930e+00 3.543127026999109717e+02 1.451788720786568376e+02
6.524559438465082621e+02 1.098916764981074579e+01 5.775590142230049295e+00 4.397090178673656702e+00 7.181623408763068710e+02 3.205629230848720113e+02
8.210263453327766001e+02 1.150996387449285763e+01 6.353564163380659657e+00 4.610495896095440749e+00 7.205576857319106239e+02 3.173160671109217219e+02
8.672926841792152572e+02 1.084994973904066029e+01 6.265334500000943940e+00 4.637245177966156540e+00 7.060109767322186372e+02 3.202002124533416918e+02
9.628242419037633226e+02 1.157598929830138168e+01 6.377278537011697779e+00 4.445855924054217034e+00 7.166686102139537979e+02 3.101245424059144966e+02
1.105283103595882267e+03 1.162202993075986512e+01 6.175711112911145939e+00 4.703653464046473331e+00 7.566941556546704533e+02 3.265737290102666179e+02
1.225440855475040507e+03 1.169481996636003807e+01 6.717796523175324275e+00 4.797214433398736766e+00 7.756469871514131000e+02 3.274080211334592718e+02
1.353318989443713235e+03 1.143053674793454633e+01 6.565622622132574193e+00 4.849806514339197960e+00 7.194511870658199086e+02 3.188682917179673950e+02
1.332661328971002376e+03 1.146657228869356615e+01 6.524001705680790408e+00 5.040041937468892286e+00 7.245600726872055475e+02 3.137129641922218184e+02
1.578031207464311137e+03 1.261007710200763121e+01 6.752339340850396887e+00 4.853043568387428230e+00 7.581502131495813046e+02 3.179764242174944684e+02
1.877531990214941516e+03 1.292849475606601928e+01 6.578728387411818090e+00 5.199683305991648297e+00 7.710923471061219061e+02 3.126013615819849747e+02
2.032799026398492515e+03 1.254571042582137430e+01 6.592395161158159489e+00 5.265634565781194709e+00 8.044534860046730955e+02 3.225870073304326979e+02
2.274764952879067096e+03 1.300531326565693035e+01 7.157118698398842405e+00 5.365611244968604865e+00 8.353507360868640035e+02 3.106881898606966388e+02
2.184872578378077378e+03 1.329152536373715243e+01 7.081437016910880899e+00 5.482237579376270098e+00 7.658898985122698377e+02 2.970398982775846548e+02
2.668831374968086038e+03 1.356923357824868859e+01 6.831178879240311197e+00 5.607086263816679406e+00 8.225670470815366571e+02 3.162928558435517630e+02
2.534882333010902585e+03 1.326600376625370181e+01 7.389287442248911653e+00 5.697095162996176576e+00 8.022792031311585106e+02 3.273278861565984243e+02
2.937162079837092733e+03 1.321592211542976081e+01 7.634846719430171014e+00 5.496001510314273197e+00 8.150059497143615772e+02 3.030360936160927849e+02
2.769821971038300035e+03 7.943587574220613234e+00 0.000000000000000000e+00 9.263058432568886502e+00 7.996914245809909971e+02 3.088178542828312061e+02
3.036704727211973022e+03 7.938937438072983355e+00 0.000000000000000000e+00 9.768997579162354228e+00 5.591575906519762793e+04 0.000000000000000000e+00
3.135967021029525768e+03 8.479507177276946805e+00 0.000000000000000000e+00 1.030848284335720777e+01 5.748760702547424444e+04 0.000000000000000000e+00
3.124978864916932707e+03 8.103424046321345386e+00 0.000000000000000000e+00 1.041603199459509987e+01 5.831575338028906117e+04 0.000000000000000000e+00
3.183604245235249891e+03 8.968125181624078124e+00 0.000000000000000000e+00 1.006113593124651828e+01 5.789351641811434092e+04 0.000000000000000000e+00
3.376114610765881480e+03 9.011426694217927746e+00 0.000000000000000000e+00 1.033989113805996674e+01 5.702740700429010758e+04 0.000000000000000000e+00
3.578034961061184731e+03 8.983228846462116834e+00 0.000000000000000000e+00 1.126485507048712975e+01 5.882220535193828255e+04 0.000000000000000000e+00
3.414171493650395405e+03 9.501781703047988970e+00 0.000000000000000000e+00 1.119950218086225924e+01 6.049788010131030751e+04 0.000000000000000000e+00
3.672851846091182779e+03 9.279112129524296648e+00 0.000000000000000000e+00 1.127010448284344335e+01 5.804670724791603425e+04 0.000000000000000000e+00
3.774688895635329118e+03 9.639022776064420484e+00 0.000000000000000000e+00 1.119971236948175353e+01 5.773654704910680448e+04 0.000000000000000000e+00
3.987481141188071888e+03 9.376794508826824526e+00 0.000000000000000000e+00 1.138445334761304828e+01 5.615975364663181244e+04 0.000000000000000000e+00
3.778341142919711729e+03 9.228099531474157402e+00 0.000000000000000000e+00 1.113959811889558082e+01 5.662945279421285522e+04 0.000000000000000000e+00
4.263530982809612397e+03 9.928205941742444196e+00 0.000000000000000000e+00 1.119448935473367612e+01 5.568837282365723513e+04 0.000000000000000000e+00
4.125316642362419771e+03 9.765609028958490256e+00 0.000000000000000000e+00 1.191789036229069865e+01 5.656836431294406066e+04 0.000000000000000000e+00
4.351446119117627859e+03 9.488746404913085186e+00 0.000000000000000000e+00 1.199369687657138073e+01 5.863849456246731279e+04 0.000000000000000000e+00
4.277062488630502230e+03 9.512436615211598223e+00 0.000000000000000000e+00 1.151708526247631603e+01 6.020409659578578430e+04 0.000000000000000000e+00
4.612302958668406063e+03 9.851034774909571468e+00 0.000000000000000000e+00 1.211083710502124156e+01 5.495218494894235482e+04 0.000000000000000000e+00
4.714699435803625420e+03 1.040631859114833802e+01 0.000000000000000000e+00 1.170480833145371946e+01 5.784164309675489494e+04 0.000000000000000000e+00
4.579533063002865674e+03 1.006325985097518227e+01 0.000000000000000000e+00 1.244528288210887546e+01 5.609126884567145316e+04 0.000000000000000000e+00
4.789192743077629530e+03 1.000434692520692259e+01 0.000000000000000000e+00 1.142309583946324025e+01 5.929792148299027031e+04 0.000000000000000000e+00
4.914650261747063269e+03 1.037785855464949947e+01 0.000000000000000000e+00 1.180271091434347497e+01 5.845204680485342396e+04 0.000000000000000000e+00
5.064452970492855457e+03 1.056673423919348309e+01 0.000000000000000000e+00 1.231035227080267802e+01 5.896605766724808200e+04 0.000000000000000000e+00
5.030635983728127030e+03 1.011895878348127731e+01 0.000000000000000000e+00 1.206113557162200856e+01 5.747302187383847922e+04 0.000000000000000000e+00
5.136136468594586404e+03 1.038109691328122430e+01 0.000000000000000000e+00 1.200327464092768714e+01 5.890007893441228953e+04 0.000000000000000000e+00
4.899102324660567319e+03 1.052215667427185686e+01 3.530085384063563758e+00 1.331458604810790902e+01 4.472677983422947250e+02 8.699940002776025949e+01
5.322184226155110082e+03 1.077840849893481767e+01 3.580003229242131102e+00 1.273220751767404302e+01 4.613158380059629735e+02 8.569777684175073773e+01
5.100260325312481655e+03 1.115227380796385148e+01 3.498955747649802994e+00 1.300608616131875195e+01 4.541618289275682514e+02 8.572352261762713965e+01
5.105187308609720276e+03 1.154279005052163320e+01 3.411895449030543315e+00 1.302750935358607443e+01 4.570524434453349159e+02 8.806615653931467591e+01
5.692357137309862992e+03 1.075288977485571706e+01 3.573769330760999008e+00 1.227514917754255919e+01 4.542503203510938192e+02 8.800251234965564606e+01
5.734225858816535947e+03 1.114468859838740933e+01 3.453380041862155636e+00 1.232620817193603280e+01 4.536105690888848585e+02 8.434107013310611478e+01
5.548445027277438385e+03 1.106475702442055109e+01 3.488762373871863609e+00 1.250896263190091773e+01 4.240044689260836321e+02 8.652381419424571618e+01
5.550149613838908408e+03 1.065926932498135571e+01 3.513996391531972296e+00 1.306713096840116961e+01 4.486322622528752504e+02 8.801256730782316140e+01
5.847271579075718364e+03 1.124864044345005887e+01 3.596219695215107315e+00 1.279813662322439072e+01 4.122846160962653244e+02 8.376963218067889727e+01
6.178333001599883573e+03 1.179297243498729841e+01 3.557210660962829341e+00 1.340299933308273950e+01 4.236026631425917230e+02 8.371593196341041221e+01
6.229978129750949847e+03 1.171604676830604497e+01 3.494139387789864326e+00 1.264329331019307112e+01 4.221209915552785219e+02 8.887289958740815621e+01
6.008129287064339223e+03 1.094436678268893459e+01 3.570161170744047929e+00 1.287994267930213610e+01 4.219679421334340645e+02 8.825477179284423812e+01
6.140945379907801907e+03 1.132074798728745790e+01 3.755732756081171519e+00 1.349556357370547843e+01 4.161985069005859259e+02 8.427835575570880167e+01
6.126651887349257777e+03 1.137810881465124169e+01 3.625414315221740846e+00 1.286554513306382574e+01 4.286365769404471848e+02 8.511199178003943189e+01
