-2.828486651284827236e-01 5.908533566653655811e+00 3.258476990822857466e+00 2.825449170587313485e+00 1.365758227344031866e+03 6.287635274778760959e+02
3.163457448810964578e+01 5.637984524022789934e+00 3.292091900973919572e+00 2.929357063244702353e+00 1.359048778603434812e+03 6.078866455642880737e+02
3.200947755291073094e+01 7.935334781595187792e+00 4.410891149809491374e+00 3.321392708124677018e+00 1.352585552801205949e+03 6.026745060526587849e+02
5.185245362260252477e+01 7.425134934913516283e+00 4.578203072872750745e+00 3.344343625615955773e+00 1.368226455956230666e+03 5.858573017496678403e+02
1.006281242347228471e+02 7.621364524660736883e+00 4.463942255960423822e+00 3.360669360761253444e+00 2.071426306579778327e+02 7.946560101085603378e+01
1.475881210571461111e+02 7.835175745048786666e+00 4.317908932783423026e+00 3.440068511080839997e+00 2.023176282382134445e+02 8.141390588842324405e+01
1.899802490728541500e+02 8.532500434801050915e+00 4.397714700054915937e+00 3.498824515798846235e+00 3.607410579961882036e+02 8.172334912905051851e+01
2.462179603886946495e+02 8.496917975976828075e+00 4.494185064415466613e+00 3.670393875086807700e+00 3.655984103589186702e+02 1.427187398693836258e+02
3.089793820272593052e+02 8.389333483767524413e+00 4.676474450596265875e+00 3.477755168398805274e+00 3.716579247081713220e+02 1.376630923982810373e+02
3.358301054922674780e+02 9.131822058169012379e+00 4.789736052222177243e+00 3.539664523719929345e+00 3.551955897598462002e+02 1.447292565133621451e+02
4.211158684472267737e+02 8.538098171371482081e+00 4.856588581225098622e+00 3.597094204379625459e+00 3.585961345509409171e+02 1.358504004846891746e+02
4.960001495079249594e+02 9.564928063252221335e+00 5.411986655678291847e+00 3.692109637762718055e+00 3.630920754835137814e+02 1.442988982818856698e+02
5.742946359425171750e+02 1.018055018304452908e+01 5.410192665324638384e+00 4.177070467999805636e+00 3.606355158388035989e+02 1.423058453522685340e+02
6.443392819980789454e+02 1.099600073888707108e+01 6.079941917989932776e+00 4.261951602028032582e+00 7.414069559280928843e+02 3.059049461909503407e+02
7.956961700710118066e+02 1.054907821670007806e+01 5.937218820617450987e+00 4.608300135713829349e+00 7.035883985083578409e+02 3.072956335872422642e+02
9.301884982862785591e+02 1.107858286793102565e+01 6.262496248472299243e+00 4.575399592304181695e+00 7.214823525568045852e+02 3.066140408959235515e+02
1.005196289885771193e+03 1.133060902312657525e+01 6.614707534463018845e+00 4.604802949905010045e+00 7.697529551643635841e+02 3.123366409093445668e+02
1.047877489866434644e+03 1.129168788943148805e+01 6.423884165751310604e+00 4.866140918114204794e+00 7.568492539652021378e+02 3.262414966126540321e+02
1.216299142852845989e+03 1.176014026935304635e+01 6.739327544987570917e+00 4.739948277370439556e+00 7.766848426911566321e+02 3.164040707450121772e+02
1.313322983539725783e+03 1.135592145984918311e+01 6.659261400863426772e+00 4.738242544123609790e+00 7.329106444595630592e+02 3.178135351070617389e+02
1.362421239602404967e+03 1.155069260932825514e+01 6.629718709899616869e+00 4.822706797461703054e+00 7.154484445749124006e+02 3.039847437049951395e+02
1.658123103319708889e+03 1.250884064247583893e+01 6.455991732775923531e+00 5.187987171285966426e+00 7.382674807049769470e+02 3.047123989822882209e+02
1.756956868007497405e+03 1.293170584383287114e+01 7.006339841010544411e+00 5.054016546714048985e+00 8.243616114690256609e+02 2.981034510696625262e+02
2.086180534153117151e+03 1.301981036617133647e+01 7.166392253680902158e+00 5.425490350120548477e+00 8.214563144201786145e+02 3.095098882639323961e+02
2.133687243563412721e+03 1.274100237898277221e+01 7.041169949949219742e+00 5.172034950400898445e+00 8.113064726605749684e+02 3.135716232320621657e+02
2.320094719962247382e+03 1.271144436959196611e+01 7.069611207960690535e+00 5.526384963048637466e+00 8.084358492928096211e+02 3.111198755048411044e+02
2.553666340722738369e+03 1.320506544028951446e+01 7.037286914481625466e+00 5.433213258176630589e+00 8.231220648762395058e+02 3.144973373033466260e+02
2.543910403247306022e+03 1.426014734817178820e+01 7.548870902882590883e+00 5.657288492519958467e+00 7.722654074474726258e+02 3.149891864813593543e+02
3.002330883323155831e+03 1.392771031284028460e+01 7.227946246970784472e+00 5.638362141676402040e+00 8.113804386620399782e+02 3.049464085977435843e+02
2.906204838839681543e+03 8.307454726988014571e+00 0.000000000000000000e+00 9.884066635851043614e+00 7.777204185742897380e+02 2.967577128602104040e+02
2.919518342765979469e+03 7.896143098601173804e+00 0.000000000000000000e+00 9.627393691898472383e+00 5.769107507179367531e+04 0.000000000000000000e+00
3.090587355423103418e+03 8.423213174015101501e+00 0.000000000000000000e+00 1.027919911598592684e+01 5.798453720353483368e+04 0.000000000000000000e+00
3.123634104084334012e+03 8.185793038231839347e+00 0.000000000000000000e+00 1.056976443422127510e+01 5.715169860740839067e+04 0.000000000000000000e+00
3.371169780242476918e+03 8.713417546612735265e+00 0.000000000000000000e+00 1.016507617326892010e+01 5.955163795256771846e+04 0.000000000000000000e+00
3.230694818774094529e+03 8.819423792668958484e+00 0.000000000000000000e+00 1.045375755733327594e+01 5.845385801088394510e+04 0.000000000000000000e+00
3.334868380454404360e+03 8.512388187091538327e+00 0.000000000000000000e+00 1.084038969019673537e+01 5.625980657355151925e+04 0.000000000000000000e+00
3.540619578863826973e+03 8.681107147296939885e+00 0.000000000000000000e+00 1.065959312557998118e+01 5.803357756022076501e+04 0.000000000000000000e+00
3.612068644036652131e+03 8.971257969915397368e+00 0.000000000000000000e+00 1.042872605442335754e+01 5.707012740392427077e+04 0.000000000000000000e+00
3.905138608315814054e+03 9.679638625377684491e+00 0.000000000000000000e+00 1.158722976453469400e+01 5.558856882473847509e+04 0.000000000000000000e+00
3.847537850149678889e+03 9.500020347003207632e+00 0.000000000000000000e+00 1.143487539480615567e+01 5.805567541186659946e+04 0.000000000000000000e+00
3.848228730490056932e+03 9.015096483458844290e+00 0.000000000000000000e+00 1.138030017309900366e+01 5.513800413058967388e+04 0.000000000000000000e+00
4.179898919169378132e+03 9.431164456747239910e+00 0.000000000000000000e+00 1.160711801977205582e+01 5.783175515800463472e+04 0.000000000000000000e+00
4.007913016021354906e+03 9.415234570517426960e+00 0.000000000000000000e+00 1.182721522909593581e+01 6.057117452584126295e+04 0.000000000000000000e+00
4.475430476214998635e+03 9.690484326491809242e+00 0.000000000000000000e+00 1.136640985811615145e+01 5.596613847411810275e+04 0.000000000000000000e+00
4.263278915088963004e+03 9.424504823081228722e+00 0.000000000000000000e+00 1.145867677630425341e+01 5.552298811949900119e+04 0.000000000000000000e+00
4.289217688301812814e+03 9.498559389934305486e+00 0.000000000000000000e+00 1.173313825787114517e+01 5.663754851650212368e+04 0.000000000000000000e+00
4.556454013508452590e+03 9.866349106395116308e+00 0.000000000000000000e+00 1.122223264251807073e+01 5.560452297868106689e+04 0.000000000000000000e+00
4.456256373349015121e+03 1.033482573626776713e+01 0.000000000000000000e+00 1.146070728945642969e+01 5.655865422797432984e+04 0.000000000000000000e+00
4.942104055355401215e+03 1.040055764058810439e+01 0.000000000000000000e+00 1.154091517984948645e+01 5.892452270042061718e+04 0.000000000000000000e+00
4.748912047217973850e+03 1.010943379563769362e+01 0.000000000000000000e+00 1.151567597523580666e+01 5.758955045438514207e+04 0.000000000000000000e+00
4.974380052751052972e+03 9.891501928316408510e+00 0.000000000000000000e+00 1.216260883879421151e+01 5.501935513799091859e+04 0.000000000000000000e+00
5.267766296284493365e+03 1.064750858078095241e+01 0.000000000000000000e+00 1.233219787837084702e+01 5.987864100095481263e+04 0.000000000000000000e+00
5.269275342756972350e+03 1.077647007188031125e+01 0.000000000000000000e+00 1.240335430998786848e+01 5.717798969668812060e+04 0.000000000000000000e+00
4.931190806958396934e+03 1.122061171457775863e+01 3.475908980716119867e+00 1.282638126265572787e+01 4.602636957872003904e+02 8.720207917475521242e+01
4.964312700267962100e+03 1.106689386513054707e+01 3.642856697812671296e+00 1.264460141464061849e+01 4.458426158592439492e+02 8.630278636395316028e+01
5.015753827581301266e+03 1.052064672693059855e+01 3.660972455935344705e+00 1.341758899875366673e+01 4.291098880095450454e+02 8.525286274229490857e+01
5.457360094122829651e+03 1.082203361627428961e+01 3.383820356714204891e+00 1.343283403324991632e+01 4.359145180000164714e+02 8.415363671062404194e+01
5.375898624750855561e+03 1.164378738567984151e+01 3.552782430720533569e+00 1.311712427446344797e+01 4.384630275369152628e+02 8.711046780621377650e+01
5.657942054059536531e+03 1.070642484324507393e+01 3.469399510017718846e+00 1.277139120307086451e+01 4.268277747781719427e+02 8.892766154804297685e+01
5.595369392610021350e+03 1.083088538712037163e+01 3.684708278561878103e+00 1.323128623432654649e+01 4.287458083554232644e+02 8.755270966427156054e+01
5.671800126056917179e+03 1.117721365505474473e+01 3.487642518495639887e+00 1.338388819311202305e+01 4.509551862271374603e+02 8.296041256113285556e+01
5.800532043718651039e+03 1.068964948530266135e+01 3.552134648048976384e+00 1.302783794575566567e+01 4.508294253731357344e+02 8.757342387370906067e+01
5.835182585494118939e+03 1.097458343101237332e+01 3.484820040840584277e+00 1.347717192180857104e+01 4.349297094041609171e+02 8.242801305270126022e+01
6.182760840449876923e+03 1.117406060070141294e+01 3.478167389679144517e+00 1.336998865181224438e+01 4.370341709070041247e+02 8.257398188688104312e+01
5.984598969798637881e+03 1.111314123590767977e+01 3.501919977231028103e+00 1.337511273558412306e+01 4.235902204152158674e+02 8.843008368241542883e+01
6.401555524199488900e+03 1.174457403807828904e+01 3.719652298123516498e+00 1.249755680847608197e+01 4.232803367700873878e+02 8.878061452383261098e+01
6.363383973234252153e+03 1.150146196722745273e+01 3.520652165315958371e+00 1.304674810324863365e+01 4.143787184718320304e+02 8.759845485791132091e+01
