1.373460309503027332e-02 5.634822020705446910e+00 3.227031073753632739e+00 2.697027832924066448e+00 1.410232548235858076e+03 6.097362557955118518e+02
3.088745501242007663e+01 5.598100544850887594e+00 3.185150251778905428e+00 2.905086979779143430e+00 1.380258917900560618e+03 5.749242655106213533e+02
3.197705263570159673e+01 7.738538406141172388e+00 4.518721315271234218e+00 3.269505825456796799e+00 1.432580883514493280e+03 5.942898510487883641e+02
4.745937446123889458e+01 7.435520647307657605e+00 4.266649175591676446e+00 3.301723783561040459e+00 1.459174336229609708e+03 5.708763447063331569e+02
1.049902584646578845e+02 7.649419289457956239e+00 4.294674667424709824e+00 3.404722058363217396e+00 2.094235241116720658e+02 7.703830424380180375e+01
1.447981293628670585e+02 7.730916691451058753e+00 4.545849270056923963e+00 3.385190995320458196e+00 1.961391117115303473e+02 7.922607276456994896e+01
2.040664085650986124e+02 8.225020522939615830e+00 4.410762348063734350e+00 3.346800403491913212e+00 3.625203477227510120e+02 7.715045199809942744e+01
2.442899868867445434e+02 8.770390493191113634e+00 4.624177480069703527e+00 3.458372945348631156e+00 3.422506805076885144e+02 1.470932862100638090e+02
2.943671287719864722e+02 8.748511876039220425e+00 4.540911127457938790e+00 3.385893883030837159e+00 3.477061456950605134e+02 1.410067034547592186e+02
3.337865039343594162e+02 9.134412581884793880e+00 4.658641959585874126e+00 3.488248957736296951e+00 3.595823885853878323e+02 1.474411299359399550e+02
4.227375926821417806e+02 8.811377905294307311e+00 4.920015033740396504e+00 3.517325444688811587e+00 3.472921913609943090e+02 1.460832739717051254e+02
5.188169331088848821e+02 9.268223941549159406e+00 5.494545447689320739e+00 3.936296056785404840e+00 3.677220312161143738e+02 1.461950554309182166e+02
6.154633472687338553e+02 9.759314713523185247e+00 5.726938020674714913e+00 3.922045694737672061e+00 3.649243447850798248e+02 1.489704540073417434e+02
6.614322484387760142e+02 1.080329114100261023e+01 5.970854500312554158e+00 4.310916991965756395e+00 7.251981425284568559e+02 3.056544678254834935e+02
8.318038124233180497e+02 1.107481200372857089e+01 5.922684207483079888e+00 4.565883937067476417e+00 7.703839749491833118e+02 3.059889602441366492e+02
9.209367368250830168e+02 1.082934242560236626e+01 6.533463244678457293e+00 4.636218203308868802e+00 7.339772932428721788e+02 3.243228823118505488e+02
1.006773145849894604e+03 1.098607397098209226e+01 6.200660578056663930e+00 4.858713984202659653e+00 7.065785972590920210e+02 2.967964088860472884e+02
1.142046786045326826e+03 1.170690367613833871e+01 6.138917190142525016e+00 4.477310099864269866e+00 7.316977688732821434e+02 3.271108929969708470e+02
1.159433773314055998e+03 1.225533005117407015e+01 6.786165164926034166e+00 4.819337624385549468e+00 7.202472600052078633e+02 3.141853921312908824e+02
1.263273161142174104e+03 1.154454412638437510e+01 6.494017149257218513e+00 4.877414447045967272e+00 7.725152617336884759e+02 3.249844365273708604e+02
1.387258334688841842e+03 1.235905186162321101e+01 6.452181509568639228e+00 4.770167354065044663e+00 7.165460743021041026e+02 3.122136229394752718e+02
1.605544470518359276e+03 1.168058907420599724e+01 6.505219426208635802e+00 4.828488295873712310e+00 7.484144884492503706e+02 3.261846221815037552e+02
1.813341399492598612e+03 1.302032805667568205e+01 6.660439691764980630e+00 4.881761886963019492e+00 7.795900328218589266e+02 3.098981939434628430e+02
1.930334313478752620e+03 1.305520218609327721e+01 6.589187234254286984e+00 5.047944906691045119e+00 8.307434905024850877e+02 3.011594671377891927e+02
2.175856496781891110e+03 1.316013646734267795e+01 6.829229704650824573e+00 5.557528271089941185e+00 8.208987076932046421e+02 3.188395654084707758e+02
2.325434042705338470e+03 1.294910060549578468e+01 7.388190947551128041e+00 5.501935394751566122e+00 8.380479698852560659e+02 3.034603004238380777e+02
2.579600480663543294e+03 1.361824828075788218e+01 6.974901110528982429e+00 5.148460101192234184e+00 7.953650558208690882e+02 3.243163793261148840e+02
2.594154426428715851e+03 1.384615061923073576e+01 7.190782869886353623e+00 5.676286325813443057e+00 8.068729725484288338e+02 3.254981933459097263e+02
2.814122815314052787e+03 1.328620862492850918e+01 6.969991438828800234e+00 5.831521610718553461e+00 7.830941376052795704e+02 3.068078420064484249e+02
2.844262395144343827e+03 8.009198252112302185e+00 0.000000000000000000e+00 9.413887735979225013e+00 8.265413038586558514e+02 3.151328303872234642e+02
2.852565549064516745e+03 8.348615302849536235e+00 0.000000000000000000e+00 1.038365728025623724e+01 5.748738781266260776e+04 0.000000000000000000e+00
2.992532616905723444e+03 8.178122694226983569e+00 0.000000000000000000e+00 1.046164954077420006e+01 5.598935874590292224e+04 0.000000000000000000e+00
3.255751460834154841e+03 8.892947748828611054e+00 0.000000000000000000e+00 1.003492957067973101e+01 5.522823081166136399e+04 0.000000000000000000e+00
3.364636331195847106e+03 8.304075008210984876e+00 0.000000000000000000e+00 1.068615388009329692e+01 5.725622599731219088e+04 0.000000000000000000e+00
3.258139867314312141e+03 8.542144568616164335e+00 0.000000000000000000e+00 1.029321965914934900e+01 5.524978168898435979e+04 0.000000000000000000e+00
3.455358982164690588e+03 9.209200912331651168e+00 0.000000000000000000e+00 1.042682147801778747e+01 5.510818826182166231e+04 0.000000000000000000e+00
3.589964385917948221e+03 9.054781119003273204e+00 0.000000000000000000e+00 1.066276644876830915e+01 5.638359313098352868e+04 0.000000000000000000e+00
3.700749539413498951e+03 8.826178489238261093e+00 0.000000000000000000e+00 1.062891591788125645e+01 5.820673849822058401e+04 0.000000000000000000e+00
3.938374483908093680e+03 8.848829034323971499e+00 0.000000000000000000e+00 1.070998508539454619e+01 6.000298572795208020e+04 0.000000000000000000e+00
3.693062001412970858e+03 9.177622481362964990e+00 0.000000000000000000e+00 1.124614842576865215e+01 5.985626664181511296e+04 0.000000000000000000e+00
3.904434427319270071e+03 9.408703743831370758e+00 0.000000000000000000e+00 1.170191333546494405e+01 5.586861971837333840e+04 0.000000000000000000e+00
4.060843361535768963e+03 9.654404616820366769e+00 0.000000000000000000e+00 1.153430910120099107e+01 5.981063338898053917e+04 0.000000000000000000e+00
4.164933788708357497e+03 9.821860268518486592e+00 0.000000000000000000e+00 1.107732105598237560e+01 5.997171824232734070e+04 0.000000000000000000e+00
4.370463619112027118e+03 1.017901792536442684e+01 0.000000000000000000e+00 1.188064227440337817e+01 6.040658485915321944e+04 0.000000000000000000e+00
4.575667633844242118e+03 9.978560113845979629e+00 0.000000000000000000e+00 1.138660444093628143e+01 5.703991370661601104e+04 0.000000000000000000e+00
4.660720366857356566e+03 9.828007324052384419e+00 0.000000000000000000e+00 1.215740482614124218e+01 5.838791842735152022e+04 0.000000000000000000e+00
4.424887540312686724e+03 9.599413766148908067e+00 0.000000000000000000e+00 1.213039877778567543e+01 5.881788374662378919e+04 0.000000000000000000e+00
4.735997221820053710e+03 1.049090127371237635e+01 0.000000000000000000e+00 1.236497468185496018e+01 5.538946910219328856e+04 0.000000000000000000e+00
4.622474382447175230e+03 1.056493122429199261e+01 0.000000000000000000e+00 1.155435953627013212e+01 5.565821036887374794e+04 0.000000000000000000e+00
5.021485607104753399e+03 9.970666540984627346e+00 0.000000000000000000e+00 1.239653161568923423e+01 5.983464705881386908e+04 0.000000000000000000e+00
4.863596483758505201e+03 1.049370198926161457e+01 0.000000000000000000e+00 1.201330128821051701e+01 5.515280259553332144e+04 0.000000000000000000e+00
4.937910121468717080e+03 1.055865163793532346e+01 0.000000000000000000e+00 1.229799009879533500e+01 5.790854804555208102e+04 0.000000000000000000e+00
5.126466279684209439e+03 1.055140864485951546e+01 0.000000000000000000e+00 1.181357161670226574e+01 5.788551791875171330e+04 0.000000000000000000e+00
5.153986800544331345e+03 1.124824017022445943e+01 3.610295779165381358e+00 1.320488685392370876e+01 4.514182649648511187e+02 8.748281590904154825e+01
5.366884669359063992e+03 1.065380014365688233e+01 3.544811521935975485e+00 1.298073308397654024e+01 4.621917528803006121e+02 8.120584992616593922e+01
5.095264492246802547e+03 1.109672546217684008e+01 3.522837965583980324e+00 1.329985513661750396e+01 4.214461365374000934e+02 8.908418888731314667e+01
5.276102224904838295e+03 1.141501081992112177e+01 3.520608014525386409e+00 1.260330824769602387e+01 4.381294317590572973e+02 8.084195133240915254e+01
5.421587022530407012e+03 1.148206101611208219e+01 3.627476163437439283e+00 1.335386572019548446e+01 4.333245791629562405e+02 8.898633187158360158e+01
5.334362750898378181e+03 1.148637009469081427e+01 3.521247058473505387e+00 1.258588321532991827e+01 4.557250156692458063e+02 8.385464473852078982e+01
5.713716318083230362e+03 1.079771794875747659e+01 3.738737335310490018e+00 1.314695923812846168e+01 4.514921376110762026e+02 8.517007710923468267e+01
5.893945269538680805e+03 1.117152087564559260e+01 3.630946410208215624e+00 1.364567570543762365e+01 4.317919598511870163e+02 8.734310595021838708e+01
5.974542562735640786e+03 1.084482536495844407e+01 3.671165018543374625e+00 1.289334014756252600e+01 4.539670312179097209e+02 8.617844877565831041e+01
5.977149146714670678e+03 1.085089976148212898e+01 3.757264875645088598e+00 1.309425783340275906e+01 4.487344083158393460e+02 8.335813804954092632e+01
6.163662558832057584e+03 1.149566782234904494e+01 3.572918376883266411e+00 1.311452658666544657e+01 4.307162210659157040e+02 8.899574205109077241e+01
5.980334998622102830e+03 1.134122847920311550e+01 3.541400134870715366e+00 1.310705933666145029e+01 4.260568009655333412e+02 8.520564800105749725e+01
6.223405432728125561e+03 1.092635170684635604e+01 3.591360395083067925e+00 1.312840699687628465e+01 4.334632751830282018e+02 8.464992475064845223e+01
6.346186922245691676e+03 1.163739301457596476e+01 3.728830106794685850e+00 1.254680529546640066e+01 4.327945085116942323e+02 8.202024082868341281e+01
