5.702265668548422983e-02 5.585689329295836281e+00 3.327354398657389911e+00 2.830226657410546132e+00 1.340011241958151004e+03 5.723254208859954133e+02
3.085798954994989174e+01 5.871245177436981599e+00 3.280871097209409282e+00 2.716803277186001786e+00 1.389205458322967843e+03 6.042570369581791283e+02
3.263999066873088140e+01 7.402458155457411593e+00 4.183933417044688241e+00 3.201643737974289472e+00 1.456395760026077369e+03 5.944390848700178367e+02
5.074873545428089017e+01 7.782119358071252435e+00 4.351913694542688837e+00 3.380774995337578748e+00 1.457462188662748758e+03 6.129159206147510304e+02
1.032425926458301149e+02 7.688190006027229906e+00 4.360365881922033005e+00 3.303855346578759900e+00 2.084995793123513579e+02 7.718006297320917497e+01
1.475159636590506977e+02 7.825435614627743952e+00 4.333117707954706077e+00 3.541455755529419491e+00 2.007238708923467243e+02 7.653726788148644289e+01
1.988086596228477845e+02 8.013264340743321057e+00 4.448552597724733992e+00 3.484276221818348063e+00 3.482448574599673634e+02 8.026608048775052850e+01
2.574834618689032482e+02 8.576568368689558852e+00 4.772752012924819986e+00 3.500214480886480128e+00 3.734037770706819401e+02 1.435971921587300812e+02
3.147080314148169577e+02 8.726397221052327069e+00 4.962278163568798028e+00 3.404527722954006741e+00 3.579561190095457164e+02 1.445172498006259900e+02
3.487494879924585121e+02 8.873991232752572955e+00 4.762771734406612723e+00 3.716629221945068728e+00 3.722248007707948432e+02 1.410939237758442459e+02
4.066113536306846754e+02 8.936244085248349123e+00 5.180309106413768738e+00 3.471840267051625961e+00 3.469787545956721715e+02 1.429614740893674991e+02
4.980617265763023056e+02 9.938827817201397963e+00 5.221143181317321691e+00 3.779768783495733864e+00 3.503861391716062030e+02 1.407341611906931860e+02
5.771287552073875986e+02 1.052224349733590891e+01 5.677428914477313349e+00 4.203578692290808938e+00 3.473056948919322053e+02 1.479421989586760446e+02
6.618017126982839500e+02 1.067217842305563025e+01 5.699425672285709510e+00 4.202697402767531898e+00 7.483409425923069875e+02 3.105757609662602476e+02
7.971509888532484638e+02 1.144238550262973853e+01 6.046962208843127407e+00 4.664302398439407860e+00 7.256620665862277519e+02 3.014149737728741911e+02
9.173286526005786072e+02 1.116819974167858476e+01 6.158252752458689194e+00 4.575018968199759506e+00 7.329950053110633235e+02 3.152082912457433963e+02
1.015961531685999148e+03 1.096668299382896983e+01 6.150192967023138557e+00 4.604198378047165363e+00 7.387416393859722348e+02 3.153211170900098068e+02
1.076757070152737242e+03 1.160812630194199002e+01 6.269473852468438579e+00 4.653648289507341218e+00 7.184842071656059943e+02 2.978152075436486825e+02
1.186028437809068237e+03 1.186407508034868208e+01 6.655617294846788212e+00 4.616666634923734414e+00 7.663257268595284586e+02 3.041743930133787330e+02
1.363928562108254027e+03 1.242306868345006343e+01 6.592900799671916445e+00 4.836705729119396224e+00 7.713306625188984071e+02 3.250124367689884934e+02
1.452482662920171379e+03 1.154078207748813867e+01 6.448009620554825183e+00 4.665449820067173903e+00 7.174707840873609257e+02 2.985276222531503549e+02
1.659887051133311388e+03 1.232854289284779092e+01 6.603968012347098515e+00 4.893622166297274312e+00 7.596306445436009653e+02 3.112903989148253459e+02
1.843236568800037503e+03 1.232906256503428288e+01 6.644335289522652843e+00 4.886024619595779939e+00 8.327403826184428226e+02 3.155694785707385677e+02
2.032386804072852783e+03 1.315556427193950206e+01 6.816793579023840977e+00 4.984136147357828506e+00 7.608794400690959492e+02 3.138974758809407604e+02
2.255282038301318153e+03 1.303976663301351557e+01 6.968419962339488904e+00 5.450909763666332175e+00 7.780283725540595015e+02 3.176335245367564539e+02
2.289237852437217498e+03 1.346204148935600919e+01 6.735457139889025946e+00 5.231788674054632438e+00 8.111975788347708658e+02 3.009831245175312802e+02
2.699237239708536436e+03 1.368549597166460075e+01 7.310874314494667736e+00 5.334113440670997797e+00 7.733825485652052976e+02 2.969189245666128159e+02
2.606802414425267671e+03 1.413601324703616058e+01 6.988220723999931216e+00 5.712938691392828616e+00 7.694099523552890787e+02 3.194701788913014298e+02
2.921917516154574059e+03 1.353527494723383384e+01 7.130012856270563582e+00 5.629189586549903979e+00 8.067598596756017741e+02 3.077010894816950213e+02
2.754436633124053060e+03 8.060124291604232383e+00 0.000000000000000000e+00 9.500220069802415068e+00 8.061479968932025031e+02 3.049149567013204774e+02
2.978830559605713461e+03 8.172915073051205681e+00 0.000000000000000000e+00 1.046010127610426821e+01 5.702057111669832375e+04 0.000000000000000000e+00
3.114292402053624755e+03 8.393992688689463577e+00 0.000000000000000000e+00 1.029162821272115735e+01 5.752290036700422206e+04 0.000000000000000000e+00
3.079537734473174623e+03 8.564899427867171511e+00 0.000000000000000000e+00 1.037935096759517073e+01 5.668665524046077917e+04 0.000000000000000000e+00
3.274929168782591660e+03 8.295896642379329222e+00 0.000000000000000000e+00 1.052239204645717763e+01 5.537833212109774468e+04 0.000000000000000000e+00
3.325173502026449114e+03 8.850768774081126722e+00 0.000000000000000000e+00 1.068385937336908853e+01 5.638892266915187793e+04 0.000000000000000000e+00
3.637329944310260544e+03 9.112525402072758851e+00 0.000000000000000000e+00 1.066611636938020702e+01 6.019780632471029094e+04 0.000000000000000000e+00
3.523957594754494949e+03 8.879887228990011039e+00 0.000000000000000000e+00 1.041897329728083221e+01 5.677895141045001219e+04 0.000000000000000000e+00
3.829158240949607716e+03 8.814541571975677670e+00 0.000000000000000000e+00 1.085841667755861373e+01 6.027047385906350246e+04 0.000000000000000000e+00
3.852464571883879216e+03 9.079530023250441673e+00 0.000000000000000000e+00 1.135572412251593200e+01 5.994986357296595816e+04 0.000000000000000000e+00
3.717331425040920749e+03 9.656243994043084200e+00 0.000000000000000000e+00 1.101545384830933116e+01 5.702644550112961588e+04 0.000000000000000000e+00
3.898399201727749187e+03 9.591815180261665574e+00 0.000000000000000000e+00 1.091412156107734965e+01 5.904630352598640457e+04 0.000000000000000000e+00
4.066333083091035405e+03 9.899284506355433777e+00 0.000000000000000000e+00 1.175608679702719961e+01 5.930852535763847845e+04 0.000000000000000000e+00
4.005366198006169270e+03 9.633825226364248095e+00 0.000000000000000000e+00 1.186042101597297105e+01 5.884499672188266413e+04 0.000000000000000000e+00
4.215955235115671712e+03 1.001559895154835544e+01 0.000000000000000000e+00 1.143180356315444790e+01 5.786334732551726484e+04 0.000000000000000000e+00
4.364377869250915865e+03 9.680490868098749146e+00 0.000000000000000000e+00 1.173784201082532341e+01 6.015434663427958731e+04 0.000000000000000000e+00
4.589296108240589092e+03 9.931495730794688725e+00 0.000000000000000000e+00 1.161596934963880834e+01 6.004128059068179573e+04 0.000000000000000000e+00
4.673223473091915366e+03 1.040899142783296227e+01 0.000000000000000000e+00 1.196132915907187133e+01 5.831314551289801602e+04 0.000000000000000000e+00
4.651351390670498404e+03 1.018849703428881170e+01 0.000000000000000000e+00 1.184500035173884669e+01 5.575957934792900778e+04 0.000000000000000000e+00
4.572302443397806201e+03 1.018392614380088368e+01 0.000000000000000000e+00 1.246434662650461611e+01 5.602048682885098242e+04 0.000000000000000000e+00
4.691357514148709924e+03 1.028312897183608499e+01 0.000000000000000000e+00 1.188451099540351841e+01 5.626849736737679632e+04 0.000000000000000000e+00
4.796125819348031655e+03 1.065102353714992134e+01 0.000000000000000000e+00 1.221666755791496328e+01 5.905513991044941940e+04 0.000000000000000000e+00
4.820145081609197405e+03 1.005675156490572597e+01 0.000000000000000000e+00 1.209606675243587048e+01 5.778155733799008885e+04 0.000000000000000000e+00
5.104414372439281578e+03 1.070358597670538536e+01 0.000000000000000000e+00 1.254447111054240871e+01 5.601717808719697496e+04 0.000000000000000000e+00
5.038858123566647009e+03 1.111788287350964310e+01 3.490773303288739360e+00 1.222259925002159697e+01 4.375317271485255333e+02 8.897190662135922423e+01
5.203083804856509232e+03 1.088137227953976272e+01 3.453378351078193909e+00 1.303254554456284708e+01 4.600029474798351430e+02 8.850113229064211851e+01
5.464656736167364215e+03 1.131146989225709376e+01 3.526728158553490644e+00 1.235727290672580203e+01 4.501746332293749333e+02 8.889548336069266554e+01
5.172436153015613854e+03 1.138736616675181246e+01 3.723711221127792736e+00 1.310551553147103476e+01 4.581837792251016026e+02 8.902143549167033143e+01
5.408238734754349935e+03 1.063761782419263469e+01 3.612463602753412495e+00 1.233778612155140131e+01 4.533180141785666137e+02 8.191139339917383211e+01
5.412476876956097840e+03 1.128184435822374887e+01 3.693085602411896318e+00 1.247911022475466147e+01 4.396532408785201937e+02 8.208412822446665302e+01
5.900983366878541347e+03 1.094067860328033426e+01 3.681640448503934238e+00 1.292952573590054755e+01 4.433405147900264751e+02 8.803035409044956339e+01
5.502862978429649957e+03 1.097938253513746076e+01 3.778904744430887419e+00 1.267889974735074077e+01 4.283859465171389047e+02 8.849251997186398455e+01
5.699337084066920397e+03 1.105070400492854077e+01 3.795138633260473515e+00 1.330972882757726694e+01 4.406643122112046171e+02 8.796677209219765814e+01
6.196922861854369330e+03 1.141096761259698944e+01 3.743522641795073103e+00 1.280445593077359057e+01 4.501896306594230168e+02 8.903821511514300369e+01
5.851322430084205735e+03 1.070223295335525826e+01 3.784114078342954102e+00 1.351018159295626120e+01 4.125470546310814939e+02 8.640213759958506046e+01
5.905547647387053075e+03 1.174935913656261022e+01 3.689711490778500469e+00 1.261877829564381592e+01 4.476522542552448272e+02 8.165567244765900057e+01
6.528066654778551310e+03 1.116072852337554977e+01 3.624895362725510495e+00 1.246008220944889544e+01 4.352727697463378149e+02 8.535254456750058694e+01
6.591462346986028024e+03 1.079047424439936975e+01 3.679722221911084556e+00 1.297455867142386055e+01 4.142897095504102936e+02 8.316505122340043954e+01
