1.756248518741715392e-01 5.565605346501314443e+00 3.270738031630544995e+00 2.885625236200626276e+00 1.433274795550392810e+03 5.706926346843371221e+02
3.268045484331369011e+01 5.996995052636608925e+00 3.235576972589709221e+00 2.826655075605474465e+00 1.428218220750450882e+03 6.088706451967776729e+02
3.341485190057822763e+01 7.571601308951188436e+00 4.282836610625337492e+00 3.292499381029566408e+00 1.352336288290651964e+03 5.805574235463210471e+02
4.835887470904847873e+01 7.998865639128227123e+00 4.196377447027617613e+00 3.225813440530171938e+00 1.338706279109641173e+03 6.117189800645977584e+02
1.019080361081222605e+02 7.756564695367678119e+00 4.382547030638471952e+00 3.280352943379897468e+00 2.040471775151651457e+02 7.988278991406632201e+01
1.549505577668918477e+02 8.265366921372931941e+00 4.676145791071451896e+00 3.469081543796996847e+00 2.005681466616446755e+02 7.885054440089477623e+01
2.047741008561137903e+02 8.062264882126038756e+00 4.463249773405406629e+00 3.543391041466734670e+00 3.693649194185916826e+02 8.331648065067646769e+01
2.417507057921263538e+02 8.232438568470794138e+00 4.736917871618709697e+00 3.549281762868732315e+00 3.463667649786245875e+02 1.404879411280910233e+02
2.848250532326550797e+02 8.519808607349920848e+00 4.523764388320749674e+00 3.486598187240811608e+00 3.481369508833284954e+02 1.394765875177016312e+02
3.352194663962957861e+02 9.171677085619595715e+00 4.656939697268225764e+00 3.541837512163391377e+00 3.658565131323877608e+02 1.413642459670539608e+02
3.993690222108892272e+02 9.339136651725860716e+00 4.815597502550510001e+00 3.661388906413550526e+00 3.616565481672618603e+02 1.404238664234777048e+02
5.104774806897024746e+02 9.222439245513896822e+00 5.221124961522404462e+00 3.923789498242513663e+00 3.727863651012938249e+02 1.437000979833057386e+02
5.992727711850583319e+02 1.061345077634976697e+01 5.455837874443009383e+00 4.120176425724740632e+00 3.744747241640620246e+02 1.415832032554780255e+02
6.716019893998272892e+02 1.047076164004664633e+01 5.965775404668661075e+00 4.281352526989336660e+00 7.207336880123883702e+02 3.212102033913711239e+02
7.948488834462949626e+02 1.053933016676544554e+01 6.422060732325222787e+00 4.542554191221555904e+00 7.391035239520962250e+02 3.042936971772764991e+02
9.072953661937200422e+02 1.081174714010854387e+01 6.350481748375969460e+00 4.680250558089054991e+00 7.415717440164513619e+02 3.263937829472684484e+02
9.945434357038338931e+02 1.109271016395957332e+01 6.174681209652525204e+00 4.683854931412747113e+00 7.718721493686655322e+02 3.047821105284651821e+02
1.105356644778603595e+03 1.174741893948996641e+01 6.607726199368354258e+00 4.638317866843864934e+00 7.146289531107181574e+02 3.113227909714821067e+02
1.201368943357749458e+03 1.219274725866664255e+01 6.819982012895343004e+00 4.730530511601468646e+00 7.218506994860936175e+02 3.186779239857678476e+02
1.302476869227688667e+03 1.238520905874135458e+01 6.649596879957714535e+00 4.755310338762940958e+00 7.388527613568419383e+02 3.236635155183059283e+02
1.452190222601645246e+03 1.253090235603088765e+01 6.927618555871175587e+00 4.824045624321833259e+00 7.327736649304662251e+02 3.216279382993866989e+02
1.679474408888326934e+03 1.260309000058706097e+01 6.924809478207770042e+00 5.232228754554258288e+00 7.407970961992820094e+02 3.265026700498199830e+02
1.842627953506302219e+03 1.210757280642982181e+01 6.596796283522613713e+00 5.233021384765589978e+00 8.050128599822551223e+02 3.147764880074819303e+02
2.088145571404024395e+03 1.331442664985120317e+01 6.794333595357501032e+00 5.185546648334252495e+00 7.702307344153590520e+02 3.065720816438726501e+02
2.091681329030534471e+03 1.306029785534587617e+01 7.306480308352063524e+00 5.051820647248771223e+00 7.895365749047186910e+02 2.966447180982747227e+02
2.351705876799388079e+03 1.260857006889872878e+01 7.269490030726196039e+00 5.275012844740375684e+00 7.990511271770824351e+02 3.135965074538978001e+02
2.711147352815030899e+03 1.287897476559602872e+01 6.882026598337456669e+00 5.150390221557416659e+00 7.643085440770560126e+02 2.980675589714106195e+02
2.485013535456194404e+03 1.348813190473660306e+01 7.206787179376615171e+00 5.401040665063550961e+00 8.178303461379344981e+02 3.120605990432031831e+02
2.964670334310748331e+03 1.320349358513022331e+01 7.210165608636588175e+00 5.859357806450577577e+00 8.166026057698610430e+02 3.083131121838264903e+02
2.803074176834982609e+03 8.458616790810719266e+00 0.000000000000000000e+00 9.436996718065618239e+00 7.765622354869539095e+02 3.032435840264245144e+02
3.097436285253739698e+03 8.031762904886029730e+00 0.000000000000000000e+00 1.012004117064927122e+01 5.777929192920084461e+04 0.000000000000000000e+00
2.959571372044917553e+03 8.375098622964904038e+00 0.000000000000000000e+00 9.829642286329052681e+00 5.680393812665346195e+04 0.000000000000000000e+00
3.228698941413312696e+03 8.484759282442851713e+00 0.000000000000000000e+00 1.063519749645036683e+01 5.584624346961268020e+04 0.000000000000000000e+00
3.341419177176879657e+03 8.899050461425543901e+00 0.000000000000000000e+00 1.036986850635648594e+01 6.046104546040237619e+04 0.000000000000000000e+00
3.243437037546513238e+03 9.028169756643809052e+00 0.000000000000000000e+00 1.038735808186647525e+01 5.932686694188461115e+04 0.000000000000000000e+00
3.420526669571775074e+03 8.977354952665358212e+00 0.000000000000000000e+00 1.113750939129785422e+01 6.043311173974290432e+04 0.000000000000000000e+00
3.672422207588492711e+03 9.040607557088348400e+00 0.000000000000000000e+00 1.111977728605011784e+01 6.048610413295582111e+04 0.000000000000000000e+00
3.692403517416995783e+03 9.580441582578146154e+00 0.000000000000000000e+00 1.098154657751240570e+01 5.571033712266976363e+04 0.000000000000000000e+00
3.772875393740036998e+03 9.322101477369169942e+00 0.000000000000000000e+00 1.110389653044602021e+01 5.799258400521752628e+04 0.000000000000000000e+00
3.955744598007679997e+03 9.507357939826261983e+00 0.000000000000000000e+00 1.077506951192871121e+01 5.900274954985121440e+04 0.000000000000000000e+00
3.800151712777894318e+03 9.394997167803998295e+00 0.000000000000000000e+00 1.148736073157519755e+01 5.955076440516136790e+04 0.000000000000000000e+00
4.108742532580126863e+03 9.333091751725833163e+00 0.000000000000000000e+00 1.173034605729399260e+01 5.538152958666314953e+04 0.000000000000000000e+00
4.083533351825351474e+03 9.510876108685156538e+00 0.000000000000000000e+00 1.138883236988258929e+01 5.820258646906225476e+04 0.000000000000000000e+00
4.229712902863224372e+03 9.464264065116054780e+00 0.000000000000000000e+00 1.129671854683554422e+01 5.845862190322202514e+04 0.000000000000000000e+00
4.459216181166399110e+03 9.693916413742790894e+00 0.000000000000000000e+00 1.214246659386754956e+01 6.051327559141608072e+04 0.000000000000000000e+00
4.656326680280380060e+03 9.548252628565993660e+00 0.000000000000000000e+00 1.182242323660033811e+01 5.899409117693686858e+04 0.000000000000000000e+00
4.574701156145433742e+03 1.018718595551823825e+01 0.000000000000000000e+00 1.207194283831709392e+01 5.633017921930428565e+04 0.000000000000000000e+00
4.512351935815629986e+03 9.896364736395700135e+00 0.000000000000000000e+00 1.203331259937294995e+01 6.034268538026673195e+04 0.000000000000000000e+00
4.828613807049386196e+03 1.058051010210415654e+01 0.000000000000000000e+00 1.151375751927506741e+01 5.672219767598406906e+04 0.000000000000000000e+00
5.040460680163159850e+03 9.840247287812578847e+00 0.000000000000000000e+00 1.224145852313022864e+01 5.505605725566763431e+04 0.000000000000000000e+00
5.086926869436200832e+03 1.058809223415764578e+01 0.000000000000000000e+00 1.194305996845109696e+01 5.690889726068806340e+04 0.000000000000000000e+00
5.275885788349519316e+03 1.030503011204524455e+01 0.000000000000000000e+00 1.257618486488690657e+01 5.675421615247582668e+04 0.000000000000000000e+00
5.040512122277664275e+03 9.843632243844158580e+00 0.000000000000000000e+00 1.157195672358226446e+01 6.006691491034041974e+04 0.000000000000000000e+00
5.161537994773007995e+03 1.058632765159233990e+01 3.469990119019703556e+00 1.232628575132790516e+01 4.394328156226522992e+02 8.186844009294635782e+01
5.228871459714820048e+03 1.109742005746084814e+01 3.427516140403751077e+00 1.226825196024677034e+01 4.574359914529979392e+02 8.104424111165212707e+01
5.423006324465589387e+03 1.105910195531925844e+01 3.535798363323206850e+00 1.267022015258002199e+01 4.538286721068384963e+02 8.789780222982702185e+01
5.571298733088508015e+03 1.156492757826889495e+01 3.628250506143925858e+00 1.237033334232275017e+01 4.606319972288007421e+02 8.688181836537741276e+01
5.387359489219478746e+03 1.116845578852703902e+01 3.404142305505467814e+00 1.327472831162651090e+01 4.518709292475105599e+02 8.401534102476615828e+01
5.732743312006784436e+03 1.133157291302492276e+01 3.550928132452429775e+00 1.255142824270967949e+01 4.262195276820081062e+02 8.225944136655520822e+01
5.576842203971433264e+03 1.151930585614338121e+01 3.568028888577589708e+00 1.333212335855795239e+01 4.392241290582445572e+02 8.372362088214758558e+01
5.648815390185171054e+03 1.103209830017614301e+01 3.712141140773580705e+00 1.329461799719178039e+01 4.303807826769675557e+02 8.258412771122124241e+01
5.760754622113818186e+03 1.162580244137368091e+01 3.492388819306089243e+00 1.252803628175568917e+01 4.154480452251494285e+02 8.610641175974339490e+01
5.823132746675812996e+03 1.130079559451261595e+01 3.785197658988821434e+00 1.358401564198263145e+01 4.366039384582250591e+02 8.286025815401197292e+01
5.914614547227417461e+03 1.101820858116741242e+01 3.815878889091773196e+00 1.247284444788381208e+01 4.263879381165834843e+02 8.836340379620909857e+01
6.211641968121156424e+03 1.178302820103131587e+01 3.679357200114435233e+00 1.308642667714091878e+01 4.206627119970909803e+02 8.920586805875265668e+01
6.453827583416769812e+03 1.127660423849460791e+01 3.816506967598352063e+00 1.257619089302350091e+01 4.338264654151997206e+02 8.242258800007969910e+01
6.242118102119258765e+03 1.111803099468201772e+01 3.632090231666455171e+00 1.301528395916741943e+01 4.400422988522078072e+02 8.295395707626308024e+01
