-4.664617518042923905e-01 5.741643542389170740e+00 3.367343313263181148e+00 2.933172618184550107e+00 1.332565947255028732e+03 6.125719312752086125e+02
3.474279121790193159e+01 5.962825750415206905e+00 3.458909224683506700e+00 2.801868778561392048e+00 1.361636603769512703e+03 6.009464242524649080e+02
3.332128377483202541e+01 7.838812036867570221e+00 4.181571727735230226e+00 3.419483696505379200e+00 1.372284667345991920e+03 5.937425450376000526e+02
4.784875472177545674e+01 7.478460693640496260e+00 4.415800969242436480e+00 3.302437393795898846e+00 1.349180458453595520e+03 5.807881548495543029e+02
1.051130731555722093e+02 8.296222069350037032e+00 4.327955942345843354e+00 3.223640655281487355e+00 1.948940248328606515e+02 8.391354967857459712e+01
1.448943164469161218e+02 8.215425776779184730e+00 4.335987987100835994e+00 3.417253403569383785e+00 2.097652535330844614e+02 8.383507616113215022e+01
2.041349199283970108e+02 8.598481661063166470e+00 4.412594899819180405e+00 3.330251331047545893e+00 3.440712358093009016e+02 7.808750565402709753e+01
2.437906438894531220e+02 8.486161315865901500e+00 4.722927731634687376e+00 3.619491140748407165e+00 3.663380673295142174e+02 1.403795775230817071e+02
2.923995040223101114e+02 8.691309228094317163e+00 4.915799958893717125e+00 3.537328938062121786e+00 3.662643618902476419e+02 1.479249326514769507e+02
3.469507040772193704e+02 9.079980117120809879e+00 4.733849350230821429e+00 3.605344815224683863e+00 3.668978408876264439e+02 1.473137135400876616e+02
3.938401721067313019e+02 9.113722094595388512e+00 4.832899401758315783e+00 3.674752409077632453e+00 3.445723937662382355e+02 1.461169566963090176e+02
4.989852679328625413e+02 1.000302204845706022e+01 5.219617434710416504e+00 3.731735710242201520e+00 3.546614398413669846e+02 1.419411596096850872e+02
5.959038473611175277e+02 9.872224136675882278e+00 5.401167661517094487e+00 4.045965887722841714e+00 3.566169039568712265e+02 1.493016273396368376e+02
6.685177829192742820e+02 1.066833749779654283e+01 6.056461258368265099e+00 4.319994073321411499e+00 7.413521926428886673e+02 2.976573504079084955e+02
8.352060700136144078e+02 1.121849487063923156e+01 6.335752296468736944e+00 4.452320127179435261e+00 7.633821799783014512e+02 3.099315638611425356e+02
8.869613981103674405e+02 1.074798499383678418e+01 6.152499532725461684e+00 4.738691008934431181e+00 7.565021597669064022e+02 2.992597127672962642e+02
9.949183837442679987e+02 1.134293307454393407e+01 6.407266236033576590e+00 4.675284881312102847e+00 7.754477406686211225e+02 3.154056391479621766e+02
1.045756832761207761e+03 1.204667644491710732e+01 6.183252442787281922e+00 4.552003855119301612e+00 7.086093012548892602e+02 3.096258771361787581e+02
1.240606701969599044e+03 1.161186758316919665e+01 6.242779055601086924e+00 4.834291201885013045e+00 7.399401723364773034e+02 3.147655264447446370e+02
1.364333760572024630e+03 1.198052605979604657e+01 6.389406124809598353e+00 4.986025907848167016e+00 7.031638255464330314e+02 3.068639745617102221e+02
1.429366875916860636e+03 1.175946160465333712e+01 6.709437582323571903e+00 4.762281166995522952e+00 7.183747003493996317e+02 3.006981798224823024e+02
1.602132210487708562e+03 1.166563411721241472e+01 6.997298016769338602e+00 5.043695587006315151e+00 7.176059299399455540e+02 3.129697922072442111e+02
1.817953483622642125e+03 1.304855807323528261e+01 6.568346711010487837e+00 4.857575623216414229e+00 8.089303707274286808e+02 2.995134082366480470e+02
1.917646865264181997e+03 1.262492033410147840e+01 6.859877483971573042e+00 5.406936143695913799e+00 8.062701132521826821e+02 3.089270239950401447e+02
2.109602689322377955e+03 1.309313885276907286e+01 7.294723261724855412e+00 5.386568399593943290e+00 8.270657441733040969e+02 3.048462596833844600e+02
2.320630950945247150e+03 1.337848778299392549e+01 6.863177715623711705e+00 5.148194196773562048e+00 8.195506307864105793e+02 3.228991250357880745e+02
2.557520341365498552e+03 1.258776975483414162e+01 7.127425552597348890e+00 5.146939554051098931e+00 8.016864787933100160e+02 3.036501873039927659e+02
2.512631342092965951e+03 1.312497260470967042e+01 7.399613879875137634e+00 5.554052160397996651e+00 8.232512076534734433e+02 3.154353801300917439e+02
2.830317206585060831e+03 1.403898167484425130e+01 6.988862322488849088e+00 5.565328430614964184e+00 8.391342660871417820e+02 3.224034941616371270e+02
2.962868540432581085e+03 7.749503087029922632e+00 0.000000000000000000e+00 9.473354760831687926e+00 8.262086805728421268e+02 3.222545243223710827e+02
3.078833998305878140e+03 8.014010378149698965e+00 0.000000000000000000e+00 1.038552751757491599e+01 5.748890821341245464e+04 0.000000000000000000e+00
3.171939945082021495e+03 8.274114057991166504e+00 0.000000000000000000e+00 1.014122133851495811e+01 5.639433168961675256e+04 0.000000000000000000e+00
3.014057642304059300e+03 8.885238552786148603e+00 0.000000000000000000e+00 1.057505481530090563e+01 6.008503385051431542e+04 0.000000000000000000e+00
3.253245456368628766e+03 8.472360968781469381e+00 0.000000000000000000e+00 1.053004442573696586e+01 5.543674967056626338e+04 0.000000000000000000e+00
3.514035171304135474e+03 8.405308934831277057e+00 0.000000000000000000e+00 1.099518181391463933e+01 6.003406864576965745e+04 0.000000000000000000e+00
3.358114342618546743e+03 8.772761385723624628e+00 0.000000000000000000e+00 1.081351120425610013e+01 6.002468089427708037e+04 0.000000000000000000e+00
3.664387391359002322e+03 8.865814627829044170e+00 0.000000000000000000e+00 1.076787162010082710e+01 5.748933872840025288e+04 0.000000000000000000e+00
3.532620161074253701e+03 9.033232871592137059e+00 0.000000000000000000e+00 1.108768154601221134e+01 5.936233504177899158e+04 0.000000000000000000e+00
3.830761043449670524e+03 9.259978942390171497e+00 0.000000000000000000e+00 1.097479024803887881e+01 5.619714017428646184e+04 0.000000000000000000e+00
3.908882024967968846e+03 9.088772488231811053e+00 0.000000000000000000e+00 1.100350370329916316e+01 5.944455641022477357e+04 0.000000000000000000e+00
3.785368448142968191e+03 9.479705967727637628e+00 0.000000000000000000e+00 1.115454862771398226e+01 5.800885261080341297e+04 0.000000000000000000e+00
3.962374103896902398e+03 9.330060421126432857e+00 0.000000000000000000e+00 1.119793960521362131e+01 5.764019310953234526e+04 0.000000000000000000e+00
4.193246059517612593e+03 9.790531759346164264e+00 0.000000000000000000e+00 1.182500261218524429e+01 5.567264939320541453e+04 0.000000000000000000e+00
4.461461366634316619e+03 9.322116847674383422e+00 0.000000000000000000e+00 1.191060837218998181e+01 5.910786749428739859e+04 0.000000000000000000e+00
4.263157943442224678e+03 9.503577093599922421e+00 0.000000000000000000e+00 1.120713389104618685e+01 5.909363257789026102e+04 0.000000000000000000e+00
4.454713623051482500e+03 9.586042710881246265e+00 0.000000000000000000e+00 1.206698679994097922e+01 6.039016889574601373e+04 0.000000000000000000e+00
4.615246805867373041e+03 9.980785211317828143e+00 0.000000000000000000e+00 1.127609629257851509e+01 5.564430488276613323e+04 0.000000000000000000e+00
4.441451448737441751e+03 9.950595654002663437e+00 0.000000000000000000e+00 1.140521699297185165e+01 5.530763496197963832e+04 0.000000000000000000e+00
4.572574564541523614e+03 1.045551693124909320e+01 0.000000000000000000e+00 1.156887011896578166e+01 5.866142339753466513e+04 0.000000000000000000e+00
5.068930088631796025e+03 1.033320354481871384e+01 0.000000000000000000e+00 1.234373698611647718e+01 5.898483573411204998e+04 0.000000000000000000e+00
5.213226416249238355e+03 1.031844344903898403e+01 0.000000000000000000e+00 1.247451086711785173e+01 5.805498076039985608e+04 0.000000000000000000e+00
4.993728753838780904e+03 1.046887396198403053e+01 0.000000000000000000e+00 1.252534403671419483e+01 6.012044397637579823e+04 0.000000000000000000e+00
5.320635374568621046e+03 1.029319726243584476e+01 0.000000000000000000e+00 1.269918451720494801e+01 5.929777598862966988e+04 0.000000000000000000e+00
5.188057300641919937e+03 1.051567526137047537e+01 3.605535218138499420e+00 1.281974139065857621e+01 4.387804983679858424e+02 8.766505990817906024e+01
4.932318901175801329e+03 1.087884264621876262e+01 3.510333740067012709e+00 1.338065660594428152e+01 4.390502396888483077e+02 8.179644184073664803e+01
5.477710345506827252e+03 1.143848379625628731e+01 3.452398649245098206e+00 1.307516241711083893e+01 4.232985932081691089e+02 8.489637270755559939e+01
5.601138793321363664e+03 1.118758563932228789e+01 3.470564317961339018e+00 1.273309537892492393e+01 4.450030142138007818e+02 8.217254807906896019e+01
5.633917728693748359e+03 1.109485606765822574e+01 3.596370867457514997e+00 1.237043402398949432e+01 4.321516360001489261e+02 8.355617580210684991e+01
5.560269577591468988e+03 1.090304467065602267e+01 3.440028289756590585e+00 1.356775788440353558e+01 4.525944640289978906e+02 8.260777873297588769e+01
5.524000540388291483e+03 1.109858050299102494e+01 3.625401897926067818e+00 1.240404896171553695e+01 4.199393473715351206e+02 8.788250753701865392e+01
5.875810035226159016e+03 1.073013837553819805e+01 3.797595136538962191e+00 1.332144840313474887e+01 4.282502818033182166e+02 8.744073443021403591e+01
5.878284228362294016e+03 1.177626407888640969e+01 3.626481422291720325e+00 1.257697769081348760e+01 4.385920587881633992e+02 8.918809052784438052e+01
6.108525574158980817e+03 1.122001428826181346e+01 3.701273054461796441e+00 1.326011838442995128e+01 4.150122031946922903e+02 8.106615838210346681e+01
6.135723420315031944e+03 1.137757679889790374e+01 3.782614941269256459e+00 1.342419611910217014e+01 4.276912621747458161e+02 8.896926128381589649e+01
6.066929049624296567e+03 1.109805286550197501e+01 3.839923434151836457e+00 1.291096625455236158e+01 4.403206000665925899e+02 8.700054834815112770e+01
6.383480777841936288e+03 1.093433142114772849e+01 3.589179071947333544e+00 1.318149439523259048e+01 4.253118485682933851e+02 8.900568857008121881e+01
6.306680496158342976e+03 1.147714855376025156e+01 3.818164228414652417e+00 1.329845333242958816e+01 4.128037730305517812e+02 8.091989424521929664e+01
