2.000000000000000111e-01 3.383734878064206697e+00
1.000000000000000056e-01 3.463734878064206768e+00
5.000000000000000278e-02 3.769734878064206818e+00
3.333333333333333287e-02 4.015734878064207258e+00
2.000000000000000042e-02 4.175734878064206512e+00
1.250000000000000069e-02 4.269734878064206818e+00
1.000000000000000021e-02 4.307734878064207074e+00
6.666666666666667095e-03 4.405734878064206939e+00
5.000000000000000104e-03 4.537734878064206612e+00
4.000000000000000083e-03 4.693734878064207194e+00
3.333333333333333547e-03 4.851734878064206669e+00
