3.146324807511529098e-01 5.725005021346885492e+00 3.445321819917602557e+00 2.715890728869438497e+00 1.449796456679146104e+03 6.108657354264510104e+02
3.295123362069490724e+01 6.045072245457322246e+00 3.439558775419079950e+00 2.835288099961926100e+00 1.428232257221957980e+03 5.717536406949450338e+02
3.092503704946145149e+01 7.499392932597203298e+00 4.287428924864970625e+00 3.286097024403661138e+00 1.330268013464909700e+03 5.844586816254488895e+02
4.975525629452231158e+01 7.998066873406161292e+00 4.245135441743198790e+00 3.220230359151987631e+00 1.380783791324270396e+03 5.947039562198179965e+02
1.041922628236977886e+02 7.648267575294671161e+00 4.638558380488245980e+00 3.401395397678858235e+00 1.957312780876366674e+02 7.648123711776793243e+01
1.505418958174309978e+02 7.882395561986224486e+00 4.317677186384839771e+00 3.571972694609739207e+00 2.096742492082068452e+02 8.359850232673028358e+01
1.930150773741126500e+02 8.042574678983566372e+00 4.439133851488570315e+00 3.543497713034961194e+00 3.446268999250646061e+02 7.900046006698873668e+01
2.479426805022213500e+02 8.459976314250983620e+00 4.778073147634263940e+00 3.382640097095769072e+00 3.597295944226586926e+02 1.408295436397930587e+02
2.978640729281471522e+02 8.352000626162208619e+00 4.770183380073861557e+00 3.453581452119382167e+00 3.729597942001851152e+02 1.463743753172985862e+02
3.497269916533659853e+02 9.130863166739901615e+00 4.754068419701124704e+00 3.496137774647860574e+00 3.585206327367391168e+02 1.375626260227707007e+02
3.928489708531715792e+02 8.627271526046929040e+00 5.059275633161364638e+00 3.777157201723099433e+00 3.675698424762400691e+02 1.417873582203284855e+02
4.931564141655296112e+02 9.721940217135584206e+00 5.248271057071369761e+00 4.040311878990761940e+00 3.729245440288291320e+02 1.442754027667737091e+02
6.266280277478771268e+02 9.779005813859617646e+00 5.760917000463961379e+00 4.057374551721425249e+00 3.652426547373014500e+02 1.413599803274482838e+02
6.905710354397778019e+02 1.049814949076011139e+01 5.744097524205529659e+00 4.411268222074669509e+00 7.431682726964188532e+02 3.225650193901336138e+02
7.881207410698115154e+02 1.122783701349184859e+01 5.947511115681138882e+00 4.584068969809580452e+00 7.500277828876639887e+02 3.018444357368321107e+02
9.102316100873737241e+02 1.079039927622160988e+01 6.529631564833550783e+00 4.680398533476969547e+00 7.341933451274713889e+02 3.034455455717587711e+02
1.045956078410336659e+03 1.095261057279213723e+01 6.346973847798612844e+00 4.615859808007988896e+00 7.646864422096117551e+02 3.009407078078474456e+02
1.126947139851260999e+03 1.193922967074325214e+01 6.141837835577150351e+00 4.500205946185631412e+00 7.693348349948844316e+02 3.036357687252855726e+02
1.169917810163802415e+03 1.115879864705626723e+01 6.522829307998535775e+00 4.552145190431445165e+00 7.471114341884151600e+02 3.007323778329770221e+02
1.238562948465107183e+03 1.201556484101996780e+01 6.494628870593701642e+00 4.926489626136393518e+00 7.078213478400660961e+02 3.273632628432390561e+02
1.416979374539742366e+03 1.172351495512298492e+01 6.572189805395953321e+00 5.047454666696004288e+00 7.455312208599710857e+02 3.136900576551728363e+02
1.589145736019183005e+03 1.267091731293491463e+01 6.923897794219233681e+00 4.795862955509944570e+00 7.069382630994704186e+02 3.178849073377028844e+02
1.761894397356168383e+03 1.311469520878496375e+01 6.692118538609599376e+00 4.883304504539100144e+00 7.938247058680898363e+02 2.972691861130524558e+02
2.092569526409784885e+03 1.288711012184377580e+01 7.098007689106984763e+00 5.189445703445490388e+00 7.892868960133993141e+02 2.991642769171881469e+02
2.265845529820689990e+03 1.351994228027371037e+01 7.284355882067468535e+00 5.352539225086705876e+00 8.018343435692488583e+02 3.006661117939650580e+02
2.301377659750713519e+03 1.362571900917182788e+01 6.956381834281310184e+00 5.392094656546040810e+00 7.919485382859445508e+02 3.197901685733802424e+02
2.730479510850525912e+03 1.282718734402039118e+01 6.835966713597680489e+00 5.565448420956011333e+00 8.339216493030559150e+02 3.024639099513701126e+02
2.719748567204290339e+03 1.429587194021830321e+01 7.572357076020401756e+00 5.824920818504619291e+00 8.220452431360998844e+02 3.266056654323994053e+02
2.849792989672290332e+03 1.387761812168087872e+01 7.290828194107835891e+00 5.412727986806745939e+00 7.857478462239057535e+02 3.213697668099318321e+02
2.756137052616787059e+03 8.153070320584944852e+00 0.000000000000000000e+00 9.268659752029968502e+00 8.016808706026985192e+02 3.124690387993892955e+02
2.906205775696672390e+03 7.827973869883103397e+00 0.000000000000000000e+00 1.039387348314775039e+01 6.036456561548575701e+04 0.000000000000000000e+00
3.210228666596910443e+03 8.756485264286007819e+00 0.000000000000000000e+00 1.068229465973058012e+01 5.942858820554818521e+04 0.000000000000000000e+00
3.070962006399936854e+03 8.338661364175464996e+00 0.000000000000000000e+00 1.010295106821238420e+01 5.881384547358207783e+04 0.000000000000000000e+00
3.344329737923169887e+03 9.009413540234097795e+00 0.000000000000000000e+00 1.026655429722995549e+01 5.621019750066901179e+04 0.000000000000000000e+00
3.304714242458742774e+03 8.955773766581719642e+00 0.000000000000000000e+00 1.085572112172802584e+01 5.685208456665507401e+04 0.000000000000000000e+00
3.535503849815382637e+03 8.898137102377974728e+00 0.000000000000000000e+00 1.086482080407682105e+01 5.916407174325131200e+04 0.000000000000000000e+00
3.446806909127180006e+03 8.889848456903576945e+00 0.000000000000000000e+00 1.123923204812491683e+01 5.615899501409690856e+04 0.000000000000000000e+00
3.508827064402554697e+03 8.936302204959021722e+00 0.000000000000000000e+00 1.078841017076622499e+01 5.590357408204264357e+04 0.000000000000000000e+00
3.775601375495131379e+03 9.229262410566446917e+00 0.000000000000000000e+00 1.144815681747024705e+01 5.789317198261823796e+04 0.000000000000000000e+00
3.746172973548109894e+03 8.940098645489447549e+00 0.000000000000000000e+00 1.077394516437347960e+01 5.666952871014240372e+04 0.000000000000000000e+00
3.856787349779670876e+03 9.298968841143006259e+00 0.000000000000000000e+00 1.182844681681312871e+01 5.843420689471307560e+04 0.000000000000000000e+00
3.880221964136114366e+03 9.361705050529435468e+00 0.000000000000000000e+00 1.105539867950122179e+01 5.590858015592092852e+04 0.000000000000000000e+00
4.163882852457844820e+03 9.553159514918911910e+00 0.000000000000000000e+00 1.101346862794286352e+01 6.062898037490162824e+04 0.000000000000000000e+00
4.387344057038031679e+03 9.381425525583148683e+00 0.000000000000000000e+00 1.139004640991882766e+01 5.499337973428578698e+04 0.000000000000000000e+00
4.536124389153492302e+03 9.909637320222413948e+00 0.000000000000000000e+00 1.213327377210334745e+01 5.786062856032083801e+04 0.000000000000000000e+00
4.310740233684462510e+03 9.708703281750333147e+00 0.000000000000000000e+00 1.147017256354073744e+01 5.988060982463013352e+04 0.000000000000000000e+00
4.540928867952133260e+03 9.659260209475791115e+00 0.000000000000000000e+00 1.175789221085098113e+01 5.835424402633363934e+04 0.000000000000000000e+00
4.754430697410231915e+03 1.035160248955685702e+01 0.000000000000000000e+00 1.242233113612358508e+01 5.983028913042138447e+04 0.000000000000000000e+00
5.008570032227520642e+03 1.031902450676123451e+01 0.000000000000000000e+00 1.172838581065901842e+01 6.043965934431688947e+04 0.000000000000000000e+00
5.109236931896462011e+03 1.016739415439356087e+01 0.000000000000000000e+00 1.141333212260783192e+01 6.067458853105443268e+04 0.000000000000000000e+00
5.198125575014680180e+03 1.016407017570505111e+01 0.000000000000000000e+00 1.244614716483055972e+01 5.702886906838110008e+04 0.000000000000000000e+00
5.298464567432497461e+03 9.825359314000923661e+00 0.000000000000000000e+00 1.269722146383925221e+01 5.645155047628472676e+04 0.000000000000000000e+00
5.398653479473116931e+03 1.070944822949766007e+01 0.000000000000000000e+00 1.192464680509404928e+01 6.013345941315920936e+04 0.000000000000000000e+00
5.030787708247367846e+03 1.130571298101378019e+01 3.389950452079356857e+00 1.226279565095828872e+01 4.606529233205319542e+02 8.299007012180430820e+01
4.978883749848541811e+03 1.057201450112810726e+01 3.564379530954347342e+00 1.287136650300055329e+01 4.488323077089906405e+02 8.513822458953255534e+01
5.170865985814566557e+03 1.057964839067153484e+01 3.547224589986949894e+00 1.303647000315787885e+01 4.330331238363935427e+02 8.323109547829264443e+01
5.408723693446519064e+03 1.099907048224647887e+01 3.408521836464187604e+00 1.305215990874411425e+01 4.384091472855900520e+02 8.864868191323917301e+01
5.731980247603193675e+03 1.098195133996273221e+01 3.490486915962569547e+00 1.335662657003671683e+01 4.584214601352024943e+02 8.587834655192963851e+01
5.790868599778951648e+03 1.120606142149537021e+01 3.588954432470725209e+00 1.280492823493072940e+01 4.563247019899239376e+02 8.770243463530466954e+01
5.829710707019769870e+03 1.128009500232467133e+01 3.616717054526647601e+00 1.330791178989167989e+01 4.291796513523750036e+02 8.533168915689519451e+01
5.884488546764727289e+03 1.166715861066488813e+01 3.488428598398891189e+00 1.318116783678187964e+01 4.174958316317917024e+02 8.508009407595416462e+01
5.619487921910703335e+03 1.082156926659982155e+01 3.633973951768344701e+00 1.287507536793583007e+01 4.246006152717654913e+02 8.427726341045473646e+01
5.979294732281097822e+03 1.134508991002147660e+01 3.468434796663195208e+00 1.288490412518006600e+01 4.507228185648442604e+02 8.502960751856322474e+01
6.347004800645874639e+03 1.069208195292242181e+01 3.835717813116620967e+00 1.304940109085256239e+01 4.150888623450074988e+02 8.576175328299694911e+01
6.182304134200519002e+03 1.156884201117565603e+01 3.647313981970711438e+00 1.319888888119556292e+01 4.365421507016459373e+02 8.468476642334711357e+01
6.365704605442327193e+03 1.099332881775567827e+01 3.841016986581982096e+00 1.287480010129844210e+01 4.481419002012963801e+02 8.740465519849490761e+01
6.558937402350808043e+03 1.145818144475869005e+01 3.789904560791676147e+00 1.299153538293671772e+01 4.294002131065264507e+02 8.883316374046567887e+01
