-9.354252258501283279e-03 5.697872767752080847e+00 3.195965317598645328e+00 2.825454867473546905e+00 1.436271124028548229e+03 5.868880706712732263e+02
3.338589923753364275e+01 5.888168897856636441e+00 3.350404941632817657e+00 2.883569979698379360e+00 1.401752014001874159e+03 6.094538550287355747e+02
3.215174195946859470e+01 8.007213788307474545e+00 4.220589380458604545e+00 3.301638105377237675e+00 1.389835079856155062e+03 5.706985852565420601e+02
4.850089427843832368e+01 8.049455284112760012e+00 4.322688033008803110e+00 3.306580572709320709e+00 1.424308938595517247e+03 5.868361593618470806e+02
1.037227937259952881e+02 7.936590927129038242e+00 4.428363489786429241e+00 3.274664039070318555e+00 2.098450028100764655e+02 7.983730105972679780e+01
1.495833233194482830e+02 8.126887953893536576e+00 4.399671721716670980e+00 3.392278585602471530e+00 2.023288216892046876e+02 8.360850616576706784e+01
1.971168794627864997e+02 8.592654216485456686e+00 4.412690206886175304e+00 3.461773430177926603e+00 3.747753058473269903e+02 8.263351620451754798e+01
2.464244536507972612e+02 8.013075329417949533e+00 4.806948884004172307e+00 3.592638042286144806e+00 3.756076679065758981e+02 1.437426182311479579e+02
3.057609221854863222e+02 8.156873145932348024e+00 4.821405382027974085e+00 3.572287552751977291e+00 3.640617698864436420e+02 1.488817309689497392e+02
3.352464073827955531e+02 8.847598691904481782e+00 4.949736743935914340e+00 3.467472720679866338e+00 3.688764304457637309e+02 1.498199375639821938e+02
4.153407564793310485e+02 8.975664888050070900e+00 5.132701165603113402e+00 3.475363188926460012e+00 3.609970941194235365e+02 1.387073219323012268e+02
5.125238755464694123e+02 9.180287602911617384e+00 5.469144744361258859e+00 3.675672558121584554e+00 3.493426666182626832e+02 1.467751833789172053e+02
6.025729991282765923e+02 9.942728362549136278e+00 5.495082196030290689e+00 4.078871259925921144e+00 3.705327202497653047e+02 1.455023841476155155e+02
6.361078485281592521e+02 1.117072480231634302e+01 5.730614286058062667e+00 4.561525558231317667e+00 7.383871325420966514e+02 3.053434629393491946e+02
7.696676711963791604e+02 1.139971366124012597e+01 6.350235578442477546e+00 4.308158623743637783e+00 7.367750024138244953e+02 3.267612413052705733e+02
8.706225754751343402e+02 1.093887147185962583e+01 6.266433478069311391e+00 4.398457771440142494e+00 7.320509330468491953e+02 3.176252596315575829e+02
9.498726328949255731e+02 1.102095287812458579e+01 6.348959161977932197e+00 4.459379336717983477e+00 7.126787235446232671e+02 3.129921700784415179e+02
1.102181553992578529e+03 1.119115835912697143e+01 6.616343919048556010e+00 4.793785750331092110e+00 7.441516128284520164e+02 3.156837223843047013e+02
1.198190035696741234e+03 1.161201254260161519e+01 6.388394111070183179e+00 4.888142481118042504e+00 7.332370960590255891e+02 3.158807210872018914e+02
1.279140251181731401e+03 1.162273359779300108e+01 6.401458884991190423e+00 5.009845803353258020e+00 7.395265252956767199e+02 3.152827036257280611e+02
1.431753443295859142e+03 1.241958387207836623e+01 6.522108908254872439e+00 4.641259921433744218e+00 7.223745536008170802e+02 3.127906826757411523e+02
1.560834838423733117e+03 1.181552988330091836e+01 6.404005603654437273e+00 5.180208124964670091e+00 7.518524513134515246e+02 3.165903683305586469e+02
1.880915773954217912e+03 1.281235517249602651e+01 7.088691749070354042e+00 5.018156263462744349e+00 7.783272878129831724e+02 3.180684903120992999e+02
1.919409149093474298e+03 1.251629786414262568e+01 6.660978731337766412e+00 5.307965533072845687e+00 7.953821824613606850e+02 3.266764681431267832e+02
2.160134873426553440e+03 1.273896794003277400e+01 7.123211058024090825e+00 5.249544380336517158e+00 7.801273486033356903e+02 3.070645471421273669e+02
2.260336159878577291e+03 1.361048356308867646e+01 7.391418282253138017e+00 5.208760485445915300e+00 8.293826708928429525e+02 3.245351725662357580e+02
2.633089913246007200e+03 1.292110945825841561e+01 6.844086325564171069e+00 5.459194861498408713e+00 7.978440183428998580e+02 3.253740191966811039e+02
2.476673688573590425e+03 1.392199329059733692e+01 7.602721017296179440e+00 5.782337733834211235e+00 8.159276103499412329e+02 3.015641265823663844e+02
2.787582813658178111e+03 1.363051427198415944e+01 7.201904496321942517e+00 5.560806941419376592e+00 8.136916149912952960e+02 3.179173081330584978e+02
2.841527981117939362e+03 8.376340002700468190e+00 0.000000000000000000e+00 9.534859720452784515e+00 7.827077967302717525e+02 3.275509189328536763e+02
2.979024437886143005e+03 8.538189575745148474e+00 0.000000000000000000e+00 9.736404304034918411e+00 6.069706877601311862e+04 0.000000000000000000e+00
3.013924320717660066e+03 8.318210006713304239e+00 0.000000000000000000e+00 9.974755823208386829e+00 5.673443469163172267e+04 0.000000000000000000e+00
3.109301246350968995e+03 8.572916823697967814e+00 0.000000000000000000e+00 1.053351742145046366e+01 5.929493283669572702e+04 0.000000000000000000e+00
3.326540883330034831e+03 8.577551880233098558e+00 0.000000000000000000e+00 1.073021910006295698e+01 5.505661529202259408e+04 0.000000000000000000e+00
3.282080820135092836e+03 8.634147454440073588e+00 0.000000000000000000e+00 1.010573565554001441e+01 5.644352066723763710e+04 0.000000000000000000e+00
3.338967242564912794e+03 9.042294746584387255e+00 0.000000000000000000e+00 1.027796601690076095e+01 5.777671106542905181e+04 0.000000000000000000e+00
3.582953598218262414e+03 9.020729874511376423e+00 0.000000000000000000e+00 1.135427831274243715e+01 5.519812589138584735e+04 0.000000000000000000e+00
3.533994796790665532e+03 8.798770583504792242e+00 0.000000000000000000e+00 1.061919965252686460e+01 5.600459223423130607e+04 0.000000000000000000e+00
3.808491912574478192e+03 9.516937965824933343e+00 0.000000000000000000e+00 1.126630135702294488e+01 5.978156283274610905e+04 0.000000000000000000e+00
3.691810756144350307e+03 9.141133654649207685e+00 0.000000000000000000e+00 1.072261374182860827e+01 5.976588157442559168e+04 0.000000000000000000e+00
4.027012263544546840e+03 9.608785757117646043e+00 0.000000000000000000e+00 1.159318322861996187e+01 5.501653239318828855e+04 0.000000000000000000e+00
4.034520512071754183e+03 9.554128806722408385e+00 0.000000000000000000e+00 1.148779315327833217e+01 5.620024415755706286e+04 0.000000000000000000e+00
4.132424933338544179e+03 9.256883127294099012e+00 0.000000000000000000e+00 1.177466040417619730e+01 5.610524890810109355e+04 0.000000000000000000e+00
4.410517936541311428e+03 9.883051799405967230e+00 0.000000000000000000e+00 1.102183243083624475e+01 5.556161786584112269e+04 0.000000000000000000e+00
4.330271783347724522e+03 9.606638702026483401e+00 0.000000000000000000e+00 1.121958155355612341e+01 6.061143868004770047e+04 0.000000000000000000e+00
4.598604418508920389e+03 1.033689031363948274e+01 0.000000000000000000e+00 1.186951538708753873e+01 5.614376607428280113e+04 0.000000000000000000e+00
4.533313591358750273e+03 1.041339164553831687e+01 0.000000000000000000e+00 1.140483817945303890e+01 5.596778548161689832e+04 0.000000000000000000e+00
4.870013523595603147e+03 1.053584834375661039e+01 0.000000000000000000e+00 1.152945088285207298e+01 5.864878789566332853e+04 0.000000000000000000e+00
4.699946062397177229e+03 1.028992232192781309e+01 0.000000000000000000e+00 1.183343130510727015e+01 5.743094883103608299e+04 0.000000000000000000e+00
4.709122471709241836e+03 1.035569922289232281e+01 0.000000000000000000e+00 1.157338528418455681e+01 5.931850993095080776e+04 0.000000000000000000e+00
4.767211322522576666e+03 1.055314883073274679e+01 0.000000000000000000e+00 1.181768804247497506e+01 5.636590359318030823e+04 0.000000000000000000e+00
4.885698212835934100e+03 1.030520894933044040e+01 0.000000000000000000e+00 1.233997194544413212e+01 5.928979502601667627e+04 0.000000000000000000e+00
5.056720496685359649e+03 1.068945109780112013e+01 0.000000000000000000e+00 1.217118903440723976e+01 5.904625432765096048e+04 0.000000000000000000e+00
4.939326684655985446e+03 1.076891357694266560e+01 3.597342837080204969e+00 1.267050707965783296e+01 4.339592085244832447e+02 8.153246019417694868e+01
5.289327045677798196e+03 1.136462634614327349e+01 3.553562538383228997e+00 1.223639496232188684e+01 4.232260852273325327e+02 8.330619938495479460e+01
5.502158069773951865e+03 1.140398616988100855e+01 3.524690967941430664e+00 1.228644627650228927e+01 4.485225344704285817e+02 8.362142428697436003e+01
5.230156872044571173e+03 1.089442095419129863e+01 3.680108542424028961e+00 1.247567825311561585e+01 4.577489481587994646e+02 8.077160710049116688e+01
5.289499583302517749e+03 1.103412049191089750e+01 3.447876824233480963e+00 1.346974760121679715e+01 4.380021652663419900e+02 8.588225666988100215e+01
5.839442108440926859e+03 1.082679092311620650e+01 3.427467300427750274e+00 1.231503977021080054e+01 4.355691607035607262e+02 8.316523297513833768e+01
5.882352241729871821e+03 1.083960930292992408e+01 3.679528356168494607e+00 1.299298235179494299e+01 4.450107781838602250e+02 8.087633156228329767e+01
5.569608116779098054e+03 1.146608028751338182e+01 3.704108744202287973e+00 1.308289984677161577e+01 4.211969430817295006e+02 8.892968358075371782e+01
5.673367438837546615e+03 1.160934115262428357e+01 3.704690554065217967e+00 1.318901165943009346e+01 4.354183998435773901e+02 8.215981206719327190e+01
5.913973464652756775e+03 1.155070450007760030e+01 3.507718790514066320e+00 1.364040178639641709e+01 4.420657150237184396e+02 8.261600457597182867e+01
5.884238613084003191e+03 1.095053610592860949e+01 3.840701317901104694e+00 1.310037073472369684e+01 4.454250120748516792e+02 8.150257557842026301e+01
6.202892227409494808e+03 1.074807296330967255e+01 3.508476920031326607e+00 1.276698410375379744e+01 4.155889370840755532e+02 8.465644183271200518e+01
6.201388054433698017e+03 1.117718812800372064e+01 3.588495868632508135e+00 1.280436730851319460e+01 4.453343314933991337e+02 8.342742071891231603e+01
6.251119723374909881e+03 1.096575189663781025e+01 3.561749128173652856e+00 1.257892131790521084e+01 4.119067895064160894e+02 8.554214904539905717e+01
