-1.441581769949285885e+00 6.267879691376665008e+00 3.407097167510727775e+00 2.679757306546072027e+00 1.438275636384970085e+03 6.302684614796529559e+02
3.615980402820061812e+01 5.520109793390895803e+00 3.247252246589706903e+00 2.641532869758512536e+00 1.496822155254039899e+03 6.201926552336715304e+02
3.137588907138138339e+01 7.405541630970335909e+00 4.663429100788713200e+00 3.175462622894402731e+00 1.323969010151179873e+03 6.405379848718570202e+02
4.133569060113916294e+01 8.573838890160626391e+00 4.162078802528879962e+00 3.340366814649153415e+00 1.520871692311738798e+03 6.397895772945632871e+02
1.209824034070885972e+02 7.951525744849718969e+00 4.587540150462554145e+00 3.540826661585001922e+00 2.089020634003838950e+02 7.880351854541996204e+01
1.405422513503847313e+02 7.983159546731422473e+00 4.085347297035084146e+00 3.264377111530915698e+00 1.835124464246630680e+02 8.051495913336782451e+01
2.397048483998989923e+02 7.903186278570691670e+00 4.897671525549385230e+00 3.570512830335233811e+00 3.360119105370359875e+02 8.002201063532845637e+01
2.756893166716570818e+02 8.998963307684990198e+00 4.320178602317763072e+00 3.394637544834964604e+00 3.322949899325909655e+02 1.316920651695969013e+02
3.278659818737421574e+02 8.649973560116514193e+00 4.344734191325938966e+00 3.857559199046527887e+00 3.546554102887528757e+02 1.493122034657940276e+02
3.633786251236497833e+02 9.017444416057621481e+00 4.763183067072608523e+00 3.301835845859601992e+00 3.274907531991347014e+02 1.446760341074872827e+02
3.934809779811353678e+02 9.014167104334648073e+00 5.328891438054209395e+00 3.587672255772455632e+00 3.601289349694196176e+02 1.562464659543734911e+02
5.964705065182109820e+02 8.807061855131525618e+00 4.977099359401791823e+00 3.879100012054038871e+00 3.682467764158769228e+02 1.550206565574916908e+02
5.311219130128821462e+02 1.063824557663124004e+01 5.832377576250906692e+00 4.250370803460695512e+00 3.771065401678448552e+02 1.306975048009386171e+02
5.628061055455377755e+02 9.764605898716782306e+00 5.987992574126930201e+00 4.617377359217801569e+00 7.719266523406255374e+02 2.827781778376049147e+02
6.536528758353812236e+02 1.047226555852252616e+01 6.504756647617610632e+00 4.487416953939756148e+00 7.920800210137774684e+02 2.894032765074975373e+02
9.020528121798178063e+02 1.125208303225660345e+01 6.865251025218614522e+00 4.558712427919725307e+00 6.721299791071289746e+02 2.894000494342556067e+02
8.897806476613303630e+02 1.241579060349481800e+01 6.762011641324983557e+00 4.928090672383934390e+00 7.660479979034523694e+02 3.073337440100488038e+02
1.076236839669169512e+03 1.242507567868563356e+01 6.044354871116672356e+00 5.014779204417548542e+00 7.840512341598777084e+02 3.005295688870519939e+02
9.744949479489315536e+02 1.176632059189771695e+01 6.052295374560758390e+00 4.433537342757885469e+00 6.694648618876994988e+02 3.126929689831380870e+02
1.258898475988711198e+03 1.219620617815044739e+01 6.473650772332565140e+00 4.554101914948075702e+00 6.896784548252920786e+02 3.045957806593891632e+02
1.482392618815337755e+03 1.143091115481661646e+01 7.167486882347118282e+00 4.465994547261418646e+00 7.671331004179243109e+02 3.222107587928609860e+02
1.620144383463855547e+03 1.335810665714483925e+01 6.126903619261250711e+00 4.789000706950987230e+00 6.679268224486901318e+02 3.342793661777300258e+02
1.850318210352618053e+03 1.229944259063695711e+01 6.282413546516838920e+00 4.799375693806106291e+00 7.958877491359229452e+02 3.089659478295670851e+02
1.625614495955216626e+03 1.257177032122478622e+01 6.799515431900942986e+00 4.897504459262203902e+00 8.061917252874981159e+02 3.107108420867933205e+02
2.567287695854719004e+03 1.301036630192675680e+01 7.575517184069640031e+00 5.365008117183512226e+00 8.442468993179485324e+02 3.050963281321728573e+02
2.155727413592956964e+03 1.329298737540048236e+01 6.931013352835507568e+00 4.971119873803560019e+00 8.036407085158200516e+02 3.212987941251977873e+02
2.982598672848032493e+03 1.250218944518105957e+01 7.656729027881516991e+00 5.028552873203745222e+00 7.449818715613440645e+02 3.044992705450727044e+02
2.526205536969203422e+03 1.409858889391649761e+01 7.339027504498036869e+00 5.719150377544430341e+00 7.681380344156103774e+02 3.404655387334528882e+02
3.448074483019011495e+03 1.373483146134543276e+01 7.321206777269366306e+00 5.668792184409588764e+00 8.769564166910602125e+02 3.047301945409706718e+02
2.636307687495474056e+03 8.847556478062999830e+00 0.000000000000000000e+00 1.010105041641731916e+01 7.893319858404506704e+02 3.251351590074892783e+02
3.393515579885335228e+03 9.011801054260457633e+00 0.000000000000000000e+00 9.076106059091255673e+00 6.319166334653374361e+04 0.000000000000000000e+00
2.515171703832639196e+03 7.678764559864156070e+00 0.000000000000000000e+00 1.047192548187573991e+01 5.456822089270163997e+04 0.000000000000000000e+00
3.644257964843058744e+03 8.366041913695596577e+00 0.000000000000000000e+00 9.935106067016361564e+00 5.638963068861433567e+04 0.000000000000000000e+00
3.878987254465195292e+03 9.514792348062929506e+00 0.000000000000000000e+00 1.054830613064739531e+01 5.358605437577026896e+04 0.000000000000000000e+00
2.820633987736433482e+03 9.641182462296280065e+00 0.000000000000000000e+00 1.012533308622952433e+01 6.103005024417828827e+04 0.000000000000000000e+00
3.931569830527639169e+03 9.775015464960898015e+00 0.000000000000000000e+00 1.092213567274981223e+01 5.749896415589014941e+04 0.000000000000000000e+00
3.066823917543139487e+03 9.162877928953932383e+00 0.000000000000000000e+00 1.041552750250944470e+01 5.811374035913671105e+04 0.000000000000000000e+00
4.291868596344215803e+03 9.795978520768125364e+00 0.000000000000000000e+00 1.137924311143446232e+01 6.059458722326568386e+04 0.000000000000000000e+00
4.096800100989331440e+03 9.246397247784186035e+00 0.000000000000000000e+00 1.131763472965420014e+01 5.420202237441144098e+04 0.000000000000000000e+00
4.475522328599133289e+03 9.811299062276093608e+00 0.000000000000000000e+00 1.169386708178344136e+01 6.150383728704880923e+04 0.000000000000000000e+00
4.205470775605958806e+03 1.035415690413539558e+01 0.000000000000000000e+00 1.236800327350860762e+01 5.528588389808109787e+04 0.000000000000000000e+00
3.438003218195781301e+03 9.738340192295170894e+00 0.000000000000000000e+00 1.237440157874316604e+01 6.211374574835553358e+04 0.000000000000000000e+00
4.716796748848104471e+03 9.571452315214703077e+00 0.000000000000000000e+00 1.201138070268550884e+01 6.099486122960103967e+04 0.000000000000000000e+00
4.001881060473642719e+03 1.001825152696372356e+01 0.000000000000000000e+00 1.100225031914767548e+01 5.336416875539290049e+04 0.000000000000000000e+00
4.777367599462325416e+03 9.313966660359637828e+00 0.000000000000000000e+00 1.136329775824500921e+01 5.872589966560315224e+04 0.000000000000000000e+00
4.789825477385618797e+03 9.433195047489400409e+00 0.000000000000000000e+00 1.089873880929413907e+01 5.795060562764231145e+04 0.000000000000000000e+00
5.117291298826411548e+03 9.476528828604106280e+00 0.000000000000000000e+00 1.167955769303577185e+01 5.701892586660360394e+04 0.000000000000000000e+00
4.779811678826939897e+03 9.556279657603576894e+00 0.000000000000000000e+00 1.083905765733226367e+01 6.282705773433156719e+04 0.000000000000000000e+00
5.581766932058874772e+03 1.050084359792647781e+01 0.000000000000000000e+00 1.123521935572896879e+01 5.423373248491716367e+04 0.000000000000000000e+00
5.620688418478177482e+03 9.692933023501929313e+00 0.000000000000000000e+00 1.214679171071233732e+01 6.144873182965644082e+04 0.000000000000000000e+00
4.054792217986396281e+03 1.124229576785465845e+01 0.000000000000000000e+00 1.314704959947430218e+01 5.592966374053790787e+04 0.000000000000000000e+00
5.853785903335812691e+03 1.017600534537369938e+01 0.000000000000000000e+00 1.323322715220982104e+01 6.106101528816710925e+04 0.000000000000000000e+00
5.216469155583601605e+03 1.057244934979832429e+01 0.000000000000000000e+00 1.248672032411102428e+01 5.993507058226779191e+04 0.000000000000000000e+00
4.688487390118672920e+03 1.151535312709098591e+01 3.577297743544459951e+00 1.233075968001426759e+01 4.266391805313234613e+02 8.526610134531044594e+01
4.831088591641959283e+03 1.122444326094486833e+01 3.460138385754391255e+00 1.374669500893323715e+01 4.078270084797654818e+02 8.674831781404544984e+01
5.071552575081076611e+03 1.003271853328709540e+01 3.403338913329595705e+00 1.294506764014309219e+01 4.857876865356572580e+02 8.718363463839082783e+01
4.620193453795790447e+03 1.005719485233364097e+01 3.567990096103431874e+00 1.317291944490875366e+01 4.016529830914453214e+02 7.977803645807291844e+01
5.725534045490541757e+03 1.197400538951618820e+01 3.384479622773142182e+00 1.415471117432361048e+01 4.581013765940384701e+02 8.615998591779155902e+01
4.630442059542464449e+03 1.136736150333175033e+01 3.450470458175668664e+00 1.337517811040818216e+01 4.802970095499603076e+02 8.644137423166569079e+01
6.769238179818792560e+03 1.178658915502166593e+01 3.493236626661279765e+00 1.270426785370671041e+01 4.572815104203192504e+02 9.188328043786253829e+01
5.511611409485380136e+03 1.038611830765772126e+01 3.719228559245602472e+00 1.418150000934202382e+01 4.324805301776150941e+02 8.609210836626080265e+01
6.303590220772434805e+03 1.036060542582705679e+01 3.922000621923198871e+00 1.395384947242546936e+01 4.080967801616761790e+02 8.325802068023500624e+01
6.456064879369927439e+03 1.157746659945684797e+01 3.850220170104006634e+00 1.266677087578326066e+01 3.898468718067511531e+02 8.470657255061961166e+01
5.548729994937447373e+03 1.225645421055791928e+01 3.468411768596269873e+00 1.306962592988989336e+01 4.075020765337297917e+02 9.328473281884441803e+01
4.977750059208936364e+03 1.078360375825767470e+01 3.655560926451189463e+00 1.262147822133985642e+01 4.310603961406717417e+02 8.707549355690555615e+01
5.814767195939311932e+03 1.145144674719272437e+01 4.010260821996980418e+00 1.208250301575897190e+01 4.341560852738929839e+02 9.210339893178978343e+01
6.319067882795632613e+03 1.132558778570181524e+01 3.840534030628024009e+00 1.199526542188586298e+01 4.738775804113270738e+02 8.656265572099469807e+01
