2.780837340067632280e-01 5.660676013334783541e+00 3.260960196519352650e+00 2.910457543777881018e+00 1.405956166009076242e+03 5.788883641188411957e+02
3.317117813434293083e+01 5.884415794051726323e+00 3.371720180194847760e+00 2.693005079774557498e+00 1.387674515825969138e+03 6.188151765558516217e+02
3.335777414777224692e+01 7.523539876131358106e+00 4.560724698273046052e+00 3.332780247450797262e+00 1.456364427055054421e+03 5.971688620328817478e+02
5.242941616909274671e+01 8.118202888232289638e+00 4.456400312779335238e+00 3.367361402287886829e+00 1.330371059907881317e+03 6.049134866519802927e+02
1.047287436480345519e+02 7.897226257264409632e+00 4.301311901785832781e+00 3.472713451220338587e+00 2.059491582982098521e+02 8.366647585894250483e+01
1.453547176534750918e+02 8.334048014218474520e+00 4.583749273989980111e+00 3.272672369898163236e+00 2.030320236911792904e+02 8.025755103609421326e+01
2.055731028952433235e+02 8.232049864230033265e+00 4.582773211130589885e+00 3.494652337812151455e+00 3.478142653931071777e+02 7.802039714611440502e+01
2.590241092963860297e+02 8.711702355939921816e+00 4.554499776076726292e+00 3.357497126253274011e+00 3.597879901122585693e+02 1.399638699649734690e+02
3.085716409813015275e+02 8.167246713352620091e+00 4.901915490936733732e+00 3.640526701941036780e+00 3.744368128222317864e+02 1.369131338964119209e+02
3.624921672546925038e+02 8.882316724240070016e+00 4.661114125107370221e+00 3.494509135658436794e+00 3.450655212911052558e+02 1.359822662582136275e+02
4.151264386699579632e+02 9.274873781675479378e+00 4.982467910029363622e+00 3.646934536221535961e+00 3.689637689027555894e+02 1.475596565190857916e+02
5.205733615574868054e+02 9.248972830386813726e+00 5.042914109061505279e+00 3.841270148018087749e+00 3.611209217855922589e+02 1.431711158890750539e+02
6.244147209715241615e+02 1.012720440827301260e+01 5.749029201495646113e+00 3.906094618038002064e+00 3.671831035148829869e+02 1.449598094019302721e+02
6.884151341302418814e+02 1.027922236952109714e+01 6.090783934578317016e+00 4.543177158829337259e+00 7.614256664555995258e+02 3.113922853157797590e+02
7.745561830581988261e+02 1.073337232521232387e+01 6.032197675935585757e+00 4.672502217012070247e+00 7.140650081491691026e+02 3.141127090775368060e+02
8.834490059034355909e+02 1.141713016842935779e+01 6.336554472193314247e+00 4.384929942281213577e+00 7.204166167613936977e+02 3.169212585271544640e+02
1.034690717286845256e+03 1.118575085125310054e+01 6.361617078018190874e+00 4.718244641952844987e+00 7.283163674036264865e+02 2.995471653587516130e+02
1.154684947359294029e+03 1.099858703526785675e+01 6.609696071460243516e+00 4.804093968828183847e+00 7.487413979891782674e+02 3.195379027366094533e+02
1.143129394541985903e+03 1.168946793471667434e+01 6.262853946363182267e+00 4.749380533392487003e+00 7.364278034375057587e+02 3.253193477504732982e+02
1.335862423509837754e+03 1.204335602201946287e+01 6.273729572907928542e+00 4.608421934558589506e+00 7.253837275511945109e+02 3.030738674473968217e+02
1.383233924282855014e+03 1.166122291571258174e+01 6.292039107102616491e+00 5.011294287800867053e+00 7.251750007409331147e+02 3.130835608494675739e+02
1.583768944932945033e+03 1.201223028648865210e+01 6.395008634737493480e+00 4.829874292057293239e+00 7.215198957304778560e+02 3.183055537945762126e+02
1.710407450839837111e+03 1.197325482040043454e+01 7.103244025685371277e+00 4.979192226355135809e+00 8.197953193390266051e+02 3.015145932826411013e+02
2.047380485495279117e+03 1.254607362473063858e+01 7.048723379618292206e+00 5.235976634902414162e+00 8.161158743992306199e+02 3.091601808310641104e+02
2.309960628578055548e+03 1.291068580395303655e+01 6.842487944899847463e+00 5.186394862990492349e+00 7.925497118893650850e+02 3.155008092447393437e+02
2.288490730366467687e+03 1.326143958082019125e+01 7.008234511323386151e+00 5.114569159380497609e+00 7.874851960116357077e+02 3.001692211379376545e+02
2.481224245881250681e+03 1.280105863641460928e+01 7.406787944437354554e+00 5.253782226834763591e+00 8.210687544686531965e+02 3.039098003431050188e+02
2.605126524669499304e+03 1.364776733124056207e+01 7.215871455211545715e+00 5.755899054021405448e+00 8.090543539660804981e+02 3.067771382162323448e+02
2.781544292220328316e+03 1.322026899878702899e+01 7.410553410175493738e+00 5.756395914053654472e+00 8.397151126604486535e+02 3.199064935269175862e+02
2.953761394684551306e+03 7.993307362058255094e+00 0.000000000000000000e+00 9.870672180197381351e+00 7.619082139284580535e+02 3.272696819483296622e+02
2.833367116613467260e+03 8.241479421153774965e+00 0.000000000000000000e+00 1.021176034278599154e+01 5.551565596928705054e+04 0.000000000000000000e+00
3.145813798586783832e+03 8.148371651612501765e+00 0.000000000000000000e+00 1.002181242387325533e+01 5.538684303155993985e+04 0.000000000000000000e+00
3.072610879227167061e+03 8.110784233613028249e+00 0.000000000000000000e+00 1.021719029445430493e+01 5.724795745517914474e+04 0.000000000000000000e+00
3.176515788199177678e+03 8.802820833852045723e+00 0.000000000000000000e+00 1.035100349586622315e+01 5.858439079581540864e+04 0.000000000000000000e+00
3.515323695911686173e+03 8.388954873362788334e+00 0.000000000000000000e+00 1.011279727436025766e+01 5.799949436288900324e+04 0.000000000000000000e+00
3.595218637291869072e+03 8.737663944506374847e+00 0.000000000000000000e+00 1.072438127470973512e+01 5.627084082430857234e+04 0.000000000000000000e+00
3.737344418063160447e+03 9.192679087351480760e+00 0.000000000000000000e+00 1.099398347628449280e+01 5.626658242973227607e+04 0.000000000000000000e+00
3.713055102080808410e+03 9.595890455611499448e+00 0.000000000000000000e+00 1.113423245714149168e+01 5.799480172105807287e+04 0.000000000000000000e+00
3.709354007510712563e+03 9.639477119508182312e+00 0.000000000000000000e+00 1.158280241783237763e+01 5.732298337776349217e+04 0.000000000000000000e+00
3.899251742080151416e+03 9.697187178380879402e+00 0.000000000000000000e+00 1.165107400496538759e+01 5.875461484653392108e+04 0.000000000000000000e+00
3.908717101608484427e+03 9.044200905903858612e+00 0.000000000000000000e+00 1.181997020178174651e+01 5.508055960991776374e+04 0.000000000000000000e+00
4.008227189050082870e+03 9.841782042052948043e+00 0.000000000000000000e+00 1.162529267729071769e+01 5.906576530030005233e+04 0.000000000000000000e+00
4.293899933603736827e+03 9.248892132695520019e+00 0.000000000000000000e+00 1.120991431657578907e+01 5.708760694019612129e+04 0.000000000000000000e+00
4.363237206116070411e+03 9.484882835995643191e+00 0.000000000000000000e+00 1.203283914181232639e+01 5.756242468531974737e+04 0.000000000000000000e+00
4.394054914853115406e+03 9.971322698188899381e+00 0.000000000000000000e+00 1.179009014140311962e+01 5.684031873801074107e+04 0.000000000000000000e+00
4.684275560174009115e+03 9.487269347323621815e+00 0.000000000000000000e+00 1.123125109255115817e+01 5.559686044984363252e+04 0.000000000000000000e+00
4.790774843709679772e+03 1.039898897908267728e+01 0.000000000000000000e+00 1.149031616642592724e+01 5.814278967011954228e+04 0.000000000000000000e+00
4.760266016498986573e+03 9.570063350152272719e+00 0.000000000000000000e+00 1.237714454189453761e+01 5.534448983406052866e+04 0.000000000000000000e+00
4.627841358690601737e+03 9.698388114649796776e+00 0.000000000000000000e+00 1.236022788169655051e+01 5.568559522655862384e+04 0.000000000000000000e+00
4.683908689516219056e+03 1.024288778743695261e+01 0.000000000000000000e+00 1.219971309684332184e+01 5.981056823248778528e+04 0.000000000000000000e+00
5.188783796758729295e+03 1.002757174814580665e+01 0.000000000000000000e+00 1.248959557581793511e+01 6.040221793347008497e+04 0.000000000000000000e+00
5.279919972700457947e+03 9.928431458268423881e+00 0.000000000000000000e+00 1.214878451821383898e+01 5.541885993185485131e+04 0.000000000000000000e+00
4.901593923921609530e+03 1.069279974738608097e+01 0.000000000000000000e+00 1.165506974863412637e+01 5.788166637766629719e+04 0.000000000000000000e+00
5.252988076425664985e+03 1.064466200845052235e+01 3.463614300995262685e+00 1.264825674771414654e+01 4.422839575551192866e+02 8.799097408773819495e+01
4.938905046189064706e+03 1.086509810511430807e+01 3.343487037568619424e+00 1.331816242665451000e+01 4.279718866561626101e+02 8.290123361692295134e+01
5.029476864046294395e+03 1.094878452662776880e+01 3.365224048038454541e+00 1.317965376232280050e+01 4.631594437299347078e+02 8.876104971826819678e+01
5.132226029497656782e+03 1.163827604101461155e+01 3.531830724562049717e+00 1.260670854458036594e+01 4.244164814001929926e+02 8.266441648358888017e+01
5.604096651259847931e+03 1.082665793194828119e+01 3.638193188152631929e+00 1.352869693399502182e+01 4.461918772189545166e+02 8.658097368237007174e+01
5.458813164713797960e+03 1.157790246766639264e+01 3.678361114418178257e+00 1.288325221502931761e+01 4.527451122584369045e+02 8.845553621838909919e+01
5.720499808369482707e+03 1.099313173260525822e+01 3.644644295814922774e+00 1.255045041656956961e+01 4.407285374982146209e+02 8.805882104391262999e+01
5.812822360423359896e+03 1.082156159624388714e+01 3.648936921368445052e+00 1.285144821734784593e+01 4.417366711136845652e+02 8.204708840261399416e+01
5.757307925417060687e+03 1.154989512834602650e+01 3.512464348272388737e+00 1.299906149444200132e+01 4.524198947996599713e+02 8.301117128099966180e+01
5.973769006103721040e+03 1.162768387607637699e+01 3.757964459354971254e+00 1.257535800594436104e+01 4.262487183388662402e+02 8.710915189690945226e+01
5.955540581790565739e+03 1.094119204962369096e+01 3.744303998179487003e+00 1.306587175260843203e+01 4.327927889679681925e+02 8.724433609768826159e+01
6.447250592712841353e+03 1.138185560303855759e+01 3.484857985818189174e+00 1.266032292722154295e+01 4.122878641299755600e+02 8.198812987573131750e+01
6.047919107330879342e+03 1.161693912286939678e+01 3.799199147485685213e+00 1.279272672591222637e+01 4.299860968455849388e+02 8.467902377151450821e+01
6.420202403888853041e+03 1.133683951637187093e+01 3.676165727830583485e+00 1.353861630669700133e+01 4.247937139942689555e+02 8.748216853774547985e+01
