-3.244997413779260320e-01 6.064564590476998696e+00 3.381806937687255488e+00 2.885752971643297915e+00 1.434691227944634193e+03 5.762232414229222286e+02
3.342776671935346400e+01 5.523631930948730506e+00 3.473865407077340706e+00 2.714240562597659778e+00 1.349259955800049056e+03 5.870726530326979855e+02
3.410330430203864438e+01 7.777957354168674620e+00 4.524402543944332500e+00 3.217469369199778662e+00 1.338677037837612033e+03 6.294846858808649586e+02
5.273568971688577278e+01 7.966550264941680837e+00 4.312183102216688546e+00 3.215284146450407388e+00 1.334125875412019695e+03 5.835355691832799039e+02
1.029108930008633394e+02 8.253347097116565223e+00 4.309065594735272064e+00 3.484456361223859489e+00 2.020590226067155015e+02 8.258816219246115509e+01
1.550262333415731746e+02 8.499147993711277493e+00 4.300871344120966278e+00 3.535018902376425576e+00 1.938155095244199231e+02 8.182448063394602400e+01
2.082734653926380588e+02 7.857872617096880674e+00 4.770081281477202673e+00 3.379071083963346211e+00 3.436923578881065282e+02 8.250809777336135653e+01
2.447485049175045049e+02 8.102418656532135444e+00 4.612946700360049057e+00 3.428662852413451478e+00 3.517195919668779425e+02 1.428491679247190689e+02
2.949303931282167355e+02 8.402915408283995191e+00 4.686085227852850643e+00 3.684612666087192956e+00 3.459496618963621586e+02 1.461800509680986124e+02
3.444577788007711661e+02 9.132742747759357016e+00 5.056720018119648330e+00 3.568922035646357127e+00 3.777972095732262687e+02 1.473978786357901072e+02
4.283314883698673725e+02 9.403792978302973893e+00 5.035253394348066180e+00 3.543719773843208465e+00 3.627102076149425898e+02 1.409104961238975875e+02
4.801530222737993654e+02 9.283728117918812472e+00 5.320173786089533507e+00 4.038035805256305011e+00 3.512893453838844380e+02 1.468418488343975241e+02
6.277720798773759725e+02 1.004996340841471181e+01 5.659773312973641168e+00 4.245912506738658720e+00 3.489607990734982081e+02 1.452324572972474925e+02
6.708168181738407156e+02 1.090561582433765686e+01 6.022484105134068066e+00 4.149189916239367726e+00 7.198349715146160861e+02 3.156779897047330792e+02
7.692361873460582729e+02 1.126824429186570953e+01 6.043554212343083876e+00 4.394107474002481695e+00 7.585855978940614932e+02 3.225706885289808383e+02
8.639653422461250329e+02 1.141259369054432682e+01 6.428080204339675419e+00 4.703385473243178794e+00 7.355387807551669539e+02 3.187125968959211377e+02
9.611447440246641918e+02 1.181411246197190756e+01 6.094976469826151266e+00 4.641296936743399826e+00 7.245325122450439039e+02 3.249827428227317228e+02
1.080753412939833652e+03 1.200007712147519534e+01 6.580571702031762449e+00 4.785731457903359853e+00 7.621098037411176165e+02 3.198897187932269617e+02
1.170201028230351085e+03 1.189014678753671639e+01 6.429634991989075843e+00 4.611643217237888059e+00 7.148679075541442671e+02 3.082316277227506589e+02
1.349166641780303962e+03 1.171107505006152572e+01 6.610343522346716405e+00 4.990068724458179616e+00 7.046376443644735446e+02 3.016252547624879412e+02
1.343019513733667509e+03 1.223942204663950584e+01 6.647942511675760002e+00 4.705674660804360698e+00 7.244050317211225547e+02 3.060158137941202199e+02
1.556188727426490686e+03 1.232283734815966447e+01 6.870511752266082794e+00 4.741445318834034417e+00 7.537072157058356652e+02 3.217554606265512689e+02
1.841761952929890640e+03 1.253310586190121967e+01 6.844218454000503549e+00 5.142895349207594613e+00 8.123844190693741893e+02 3.132914153919590490e+02
1.981209328770659795e+03 1.249472057370532774e+01 6.707626594149966870e+00 5.146912512235781278e+00 7.676499290664232831e+02 3.043296788092947622e+02
2.239259189639753004e+03 1.304205007470976163e+01 7.042932553575981025e+00 5.235809745511579294e+00 8.184051667502371856e+02 3.079675941133473884e+02
2.411439652304982246e+03 1.358721097025525992e+01 7.151044859970609124e+00 5.489747373881820991e+00 8.067404984848144522e+02 3.052610163300731756e+02
2.705685175538827934e+03 1.337037032266638015e+01 7.124038062791057335e+00 5.293665149697164729e+00 8.225493630484625101e+02 3.128727680456364624e+02
2.569625818438534225e+03 1.372210929136970492e+01 7.315162788946075523e+00 5.680258052520962053e+00 7.990680388084516608e+02 3.191675398832321662e+02
3.007353232515247328e+03 1.426617939136564495e+01 7.655340089536610826e+00 5.755103461063470149e+00 7.882191313027186652e+02 3.187288952427377353e+02
2.837415624641227168e+03 7.978467948701071677e+00 0.000000000000000000e+00 9.367582557359092732e+00 7.911184219157323696e+02 3.189510049478968767e+02
2.929433421124899269e+03 8.273660938611678617e+00 0.000000000000000000e+00 9.632462775761380769e+00 6.046047411241016380e+04 0.000000000000000000e+00
2.946747110012129269e+03 8.015191961124104481e+00 0.000000000000000000e+00 1.038774864105407758e+01 5.576263644107267464e+04 0.000000000000000000e+00
3.224316463885500525e+03 8.799743712365327042e+00 0.000000000000000000e+00 9.884143359885937841e+00 5.930146388558964100e+04 0.000000000000000000e+00
3.398317625487158693e+03 8.681183193221222893e+00 0.000000000000000000e+00 1.005376251746260863e+01 5.755453888157048641e+04 0.000000000000000000e+00
3.493742864463992191e+03 8.539241294193153919e+00 0.000000000000000000e+00 1.094076761092882144e+01 5.520931182899735722e+04 0.000000000000000000e+00
3.602839791781963413e+03 9.054898724275039612e+00 0.000000000000000000e+00 1.084183985689219298e+01 6.046358301533810300e+04 0.000000000000000000e+00
3.696094869050095895e+03 9.234042106493690838e+00 0.000000000000000000e+00 1.135859957274349519e+01 5.570374441722269694e+04 0.000000000000000000e+00
3.527699299332415194e+03 8.885726513567078655e+00 0.000000000000000000e+00 1.099426299803672080e+01 5.628486205688161863e+04 0.000000000000000000e+00
3.749589096011150104e+03 9.724721728813705113e+00 0.000000000000000000e+00 1.135130467562609091e+01 5.791458734755785554e+04 0.000000000000000000e+00
3.859476694216053602e+03 9.424299550013252258e+00 0.000000000000000000e+00 1.116443897830166776e+01 5.735341084870485065e+04 0.000000000000000000e+00
3.988585874750136099e+03 9.314089811516499395e+00 0.000000000000000000e+00 1.082122896532184342e+01 5.542310751922463533e+04 0.000000000000000000e+00
4.093568298778898225e+03 9.391941390999143380e+00 0.000000000000000000e+00 1.126698997172489136e+01 6.054226260709217604e+04 0.000000000000000000e+00
3.984798392954134670e+03 9.339531130043441820e+00 0.000000000000000000e+00 1.159178365064462568e+01 5.983027571707259631e+04 0.000000000000000000e+00
4.438585786830772122e+03 9.513069960673600889e+00 0.000000000000000000e+00 1.151718608414284972e+01 5.687570551912773226e+04 0.000000000000000000e+00
4.377167262494317583e+03 1.027708093202746120e+01 0.000000000000000000e+00 1.175577477638132606e+01 5.928469517676070973e+04 0.000000000000000000e+00
4.576394367065934603e+03 9.563095139076253304e+00 0.000000000000000000e+00 1.167322051582612374e+01 5.499529184006933065e+04 0.000000000000000000e+00
4.747508829787459945e+03 9.705436387095163653e+00 0.000000000000000000e+00 1.168855984614714139e+01 5.743677476971506258e+04 0.000000000000000000e+00
4.708293253249116788e+03 1.052681813783483022e+01 0.000000000000000000e+00 1.134723680819141478e+01 5.687958471048223873e+04 0.000000000000000000e+00
4.937005352656911782e+03 9.850298080761001884e+00 0.000000000000000000e+00 1.166190222370529206e+01 5.947767738511472271e+04 0.000000000000000000e+00
4.727995016520404533e+03 1.010239901708581378e+01 0.000000000000000000e+00 1.225745189152511472e+01 5.684246298159948492e+04 0.000000000000000000e+00
5.192276647581767975e+03 1.030211226681280756e+01 0.000000000000000000e+00 1.202777470045341346e+01 5.579597137525713333e+04 0.000000000000000000e+00
5.243205738924590150e+03 9.879273542936726216e+00 0.000000000000000000e+00 1.203684734420414415e+01 6.047333819271061657e+04 0.000000000000000000e+00
5.193718426383228689e+03 1.076688286108906567e+01 0.000000000000000000e+00 1.202352581652149510e+01 5.558962370150685456e+04 0.000000000000000000e+00
5.234675885522463432e+03 1.113335863893434841e+01 3.660996523138311254e+00 1.243673189682752778e+01 4.250084779404054984e+02 8.535417245019267796e+01
5.329429529885826923e+03 1.082988516132249046e+01 3.461379505828994230e+00 1.219262067989631504e+01 4.552022494500187122e+02 8.850300298633815999e+01
5.468368557812743347e+03 1.060657016806647057e+01 3.440665692489285110e+00 1.331279913484775790e+01 4.220191969545049346e+02 8.715324437006454161e+01
5.542573129138749209e+03 1.163163900848056009e+01 3.721609144978181849e+00 1.339205802450555893e+01 4.551300356307552306e+02 8.139220812512112957e+01
5.265265111579959921e+03 1.158521999253144230e+01 3.415378338510485889e+00 1.342013974880032734e+01 4.479006080198778363e+02 8.459390113203873796e+01
5.341329029434562472e+03 1.111514801154380905e+01 3.430855266714009755e+00 1.307150850030259015e+01 4.182652794369012099e+02 8.326433343239109774e+01
5.453550988849216083e+03 1.167345018241303478e+01 3.657086199589321573e+00 1.269682196657417705e+01 4.384991439695506301e+02 8.550307456500053149e+01
5.572067361072730819e+03 1.075325643669531850e+01 3.719425320264327262e+00 1.316020215504636148e+01 4.541462865724952280e+02 8.078101576618183799e+01
5.880105293508334398e+03 1.156151179968002829e+01 3.465656465859702440e+00 1.280192007080002981e+01 4.277637848086275199e+02 8.829574076340641398e+01
6.159177992267982518e+03 1.124814486026015459e+01 3.654502653092749132e+00 1.358844255912606691e+01 4.326964074650278462e+02 8.547871656080178582e+01
6.269476107923342170e+03 1.078988618685460921e+01 3.771767742348347330e+00 1.298997856271988205e+01 4.476699147244531218e+02 8.887238186737012313e+01
6.413101913254758983e+03 1.071765141876607430e+01 3.524015009422248657e+00 1.284084027825227281e+01 4.431270083986851773e+02 8.799653310655008909e+01
6.202445752116933363e+03 1.095299675715208032e+01 3.834228720775700427e+00 1.314030751447920053e+01 4.156298111576857082e+02 8.229248048895824752e+01
6.117138599728519694e+03 1.103619982555488122e+01 3.535539161943148212e+00 1.362318412218780850e+01 4.219382724954234050e+02 8.296464255424089629e+01
