2.000000000000000111e-01 3.421097177510727505e+00
1.000000000000000056e-01 3.559097177510727850e+00
5.000000000000000278e-02 3.887097177510727697e+00
3.333333333333333287e-02 3.993097177510727569e+00
2.000000000000000042e-02 4.047097177510727839e+00
1.250000000000000069e-02 4.103097177510727889e+00
1.000000000000000021e-02 4.157097177510728159e+00
6.666666666666667095e-03 4.349097177510727441e+00
5.000000000000000104e-03 4.607097177510727448e+00
4.000000000000000083e-03 4.873097177510727462e+00
3.333333333333333547e-03 5.073097177510727640e+00
