3.002419257521393714e-02 5.546416130446544024e+00 3.416005504644499258e+00 2.764941027953800923e+00 1.340687905603353784e+03 6.075462859089340100e+02
3.212076915381545206e+01 5.536431645986604089e+00 3.440326593735087979e+00 2.881749417765804289e+00 1.380975643598192846e+03 6.178626703447855562e+02
3.483486017147001235e+01 7.537994639009457210e+00 4.159855605953834967e+00 3.425102373880521078e+00 1.361552463963947275e+03 5.811241405966226239e+02
4.867632313884126205e+01 8.125083154703839128e+00 4.546335363455252576e+00 3.232148464274478439e+00 1.366295513440365312e+03 6.090110178638576599e+02
9.531556083800789736e+01 7.762359222028373473e+00 4.295238326765679737e+00 3.515165196897585886e+00 2.029394975472603164e+02 8.285661256966649546e+01
1.466847832292922078e+02 7.804154349784031552e+00 4.676480038010589091e+00 3.302605412601157919e+00 1.977166829756776281e+02 8.222264427852235258e+01
2.054511831798724018e+02 8.218745173157001815e+00 4.478637836701167885e+00 3.361267157774299630e+00 3.696211832298472473e+02 8.260054363931294574e+01
2.585683045309061185e+02 8.771876281829557698e+00 4.702017078961796770e+00 3.446240031555609651e+00 3.497403231988582206e+02 1.428043042067588999e+02
3.116581111562352362e+02 8.789598344984861811e+00 4.634623284361190976e+00 3.687650583500871715e+00 3.425204841119133903e+02 1.443228448184563604e+02
3.349012565488965265e+02 8.526969232899862305e+00 4.938629124076499899e+00 3.446286152059075292e+00 3.710878648649779166e+02 1.379025536933057481e+02
3.962213900941807765e+02 8.868002614227425084e+00 5.094248528556148514e+00 3.655952770784844486e+00 3.541148136173184184e+02 1.446201658890836370e+02
5.100942254918836056e+02 9.233546654090341477e+00 5.510473750352542055e+00 3.973062167534279876e+00 3.650590207082211691e+02 1.436105435958203032e+02
5.881612525672306901e+02 1.050176358691409639e+01 5.911398523223944323e+00 4.154163792045998171e+00 3.756871825148834318e+02 1.478041990076368393e+02
6.909414395619816105e+02 1.027770346368677679e+01 5.950214104832997286e+00 4.509188349638322713e+00 7.736481444307086122e+02 3.222467541687809103e+02
8.025506765936781903e+02 1.045988351530539262e+01 6.333860411908681876e+00 4.620312836628367670e+00 7.437938470149869090e+02 3.263866984104185462e+02
9.322917591636881980e+02 1.096086938974156944e+01 6.338529159814268787e+00 4.650637590014944145e+00 7.329380513114169844e+02 3.088987578197135235e+02
9.731263732412033960e+02 1.117057313786648542e+01 6.426937642802661443e+00 4.871745655329335456e+00 7.460305851906689441e+02 3.003156751065819208e+02
1.150340272230675964e+03 1.113483208112314138e+01 6.470454095527038874e+00 4.745864655742565219e+00 7.696047834053493943e+02 3.189198841328635581e+02
1.167191757995144144e+03 1.192417174417911241e+01 6.592939011308192931e+00 4.689026871123264328e+00 7.575870673421625270e+02 3.244100803061198235e+02
1.319663072684306599e+03 1.149396101257275049e+01 6.331780433104717609e+00 4.597714831978891858e+00 7.410838501841031984e+02 3.182940414241313078e+02
1.362690876306141263e+03 1.237299110026882154e+01 6.566227305309177531e+00 4.996885198198296685e+00 7.491684762409471432e+02 3.174728247703874331e+02
1.655634660298138215e+03 1.229987429991164838e+01 6.699609175337022826e+00 5.121026442179871907e+00 7.547881026902306303e+02 2.999984948178416175e+02
1.779478736124225179e+03 1.225609143694561354e+01 6.984716772479020008e+00 5.247323120885255321e+00 7.632448445661178766e+02 3.043248083963209751e+02
1.978995918711981631e+03 1.322428889449740907e+01 7.127482257675152866e+00 5.085877665153064164e+00 8.214535359295556418e+02 3.002449137722400678e+02
2.184574017832715072e+03 1.277894495219708659e+01 7.021049171531832833e+00 5.115027510221217710e+00 8.177518242500475480e+02 3.200922061736494584e+02
2.249925613737046206e+03 1.279993674072679433e+01 7.023303690460140913e+00 5.121169988235967807e+00 8.173302732868519342e+02 3.186544677970416615e+02
2.556279449084211137e+03 1.382424048407991712e+01 6.822613071273237573e+00 5.292662737745875923e+00 7.911456525711839731e+02 2.981040547795822135e+02
2.732830231686082243e+03 1.387893685863100401e+01 7.552195107296744148e+00 5.517443093610375549e+00 7.991145139536198485e+02 3.014288224535928862e+02
2.773331795468702239e+03 1.435021655914535543e+01 7.366150075294073396e+00 5.558780387026130754e+00 8.019936415220611252e+02 3.263411337120317626e+02
2.812489171472907401e+03 8.181751144006891963e+00 0.000000000000000000e+00 9.462345529350002948e+00 7.978977282873653394e+02 3.255158624046572413e+02
3.073020635219767883e+03 8.534448897334494077e+00 0.000000000000000000e+00 9.770883294070566549e+00 6.040759796529210143e+04 0.000000000000000000e+00
2.987423464983568920e+03 8.205890811023756726e+00 0.000000000000000000e+00 9.688385585141523038e+00 5.716747804157189967e+04 0.000000000000000000e+00
3.031490398205660767e+03 8.864633122915389407e+00 0.000000000000000000e+00 1.072490448081226688e+01 5.778315860326674738e+04 0.000000000000000000e+00
3.220756141418788957e+03 8.598313127328362171e+00 0.000000000000000000e+00 1.005148740251357964e+01 5.765475699723033904e+04 0.000000000000000000e+00
3.261996110788727947e+03 8.814013038752808171e+00 0.000000000000000000e+00 1.078443049731445313e+01 5.960695436117710778e+04 0.000000000000000000e+00
3.363781474201030051e+03 8.716132766247694619e+00 0.000000000000000000e+00 1.074287122349879731e+01 6.012751813614040293e+04 0.000000000000000000e+00
3.625722591515750537e+03 8.837702350929435013e+00 0.000000000000000000e+00 1.038320147486293443e+01 6.046789160996924329e+04 0.000000000000000000e+00
3.553697453079006664e+03 9.192866311742752927e+00 0.000000000000000000e+00 1.125267374165341216e+01 5.699377130651177868e+04 0.000000000000000000e+00
3.867130689401702512e+03 9.599213051846655631e+00 0.000000000000000000e+00 1.156098721880220381e+01 5.749481614255431487e+04 0.000000000000000000e+00
4.023514037383613868e+03 9.008518214203638408e+00 0.000000000000000000e+00 1.156874596844415315e+01 5.915913393966430885e+04 0.000000000000000000e+00
4.015439082152757692e+03 9.934326510494235762e+00 0.000000000000000000e+00 1.148894023298288403e+01 5.521292797713223990e+04 0.000000000000000000e+00
3.992755697033738670e+03 9.192666198300379676e+00 0.000000000000000000e+00 1.088640669609855749e+01 5.851655082644332288e+04 0.000000000000000000e+00
4.139165453597680425e+03 9.832395364659008763e+00 0.000000000000000000e+00 1.128623757292348628e+01 5.726555372465567780e+04 0.000000000000000000e+00
4.187713822428418098e+03 9.909401351254084389e+00 0.000000000000000000e+00 1.199947087054504280e+01 5.554382732862510602e+04 0.000000000000000000e+00
4.534188176538234984e+03 1.027792897099126712e+01 0.000000000000000000e+00 1.178218153834696125e+01 5.653963720610340533e+04 0.000000000000000000e+00
4.278333079709072990e+03 9.531380265634608051e+00 0.000000000000000000e+00 1.163024178045394486e+01 5.514011711534366623e+04 0.000000000000000000e+00
4.368804622667742478e+03 9.831480558875613340e+00 0.000000000000000000e+00 1.223930041367667343e+01 5.786097158778689482e+04 0.000000000000000000e+00
4.673679657558840518e+03 9.891933023941211545e+00 0.000000000000000000e+00 1.152289654361216620e+01 5.842418068130483152e+04 0.000000000000000000e+00
4.971084166294442184e+03 1.015311522253617937e+01 0.000000000000000000e+00 1.207819658942943342e+01 5.913128652214757312e+04 0.000000000000000000e+00
4.921659225298562887e+03 1.009147864055503696e+01 0.000000000000000000e+00 1.221553757093588644e+01 5.578236093611454999e+04 0.000000000000000000e+00
5.205913054971972088e+03 1.067057553353122579e+01 0.000000000000000000e+00 1.260373078078531073e+01 5.759881474812910164e+04 0.000000000000000000e+00
5.187974661676777032e+03 1.071794141907298048e+01 0.000000000000000000e+00 1.215842402015542589e+01 5.555782521060339786e+04 0.000000000000000000e+00
5.167076823237936878e+03 9.892807108577768460e+00 0.000000000000000000e+00 1.165030881881846625e+01 6.001425637625522359e+04 0.000000000000000000e+00
5.080021447960760270e+03 1.066372846261027618e+01 3.489331869773285799e+00 1.286013906329172585e+01 4.469233188481205161e+02 8.781935371412878055e+01
5.248786161951228678e+03 1.116887755371688939e+01 3.388510334101546562e+00 1.286516777831971758e+01 4.296698156024615969e+02 8.524992505158347456e+01
5.098663744450771446e+03 1.087429765791494418e+01 3.558020307462674392e+00 1.310734320889435267e+01 4.618696036331257915e+02 8.148157621114521021e+01
5.443567087325441207e+03 1.102804324659927460e+01 3.662831469049064204e+00 1.290893153230053159e+01 4.326076572440950940e+02 8.326720188380375021e+01
5.514955896656540972e+03 1.165636721211972748e+01 3.536371469515237731e+00 1.298156562705850625e+01 4.411827858533435460e+02 8.686052921576406050e+01
5.448562942624540483e+03 1.065126975428153067e+01 3.456126355904700187e+00 1.292658217319871916e+01 4.373799180533245590e+02 8.857385692704254154e+01
5.667489902337904823e+03 1.114783663238011080e+01 3.645574256429815030e+00 1.320611318315007665e+01 4.189613435434428652e+02 8.255892950806061492e+01
5.530877952822677798e+03 1.109573451319822013e+01 3.758521442433619963e+00 1.250721136531606170e+01 4.515070346467730928e+02 8.435309962367070113e+01
5.972690733206359255e+03 1.154593069139740180e+01 3.532179099239326270e+00 1.273323654638969415e+01 4.192683191740215989e+02 8.799765542529078743e+01
6.000291349317321874e+03 1.157438847245743752e+01 3.678311688877351493e+00 1.326844402704478298e+01 4.400728263082961007e+02 8.192878019426382252e+01
5.895824664090210717e+03 1.070176846908782764e+01 3.604156445633800221e+00 1.355051647559125350e+01 4.104379671259156908e+02 8.302012178130607367e+01
6.363864461232647045e+03 1.103374309190234115e+01 3.655095763748562376e+00 1.330065812516775559e+01 4.512848094584556975e+02 8.310635898501858776e+01
6.541055387466230968e+03 1.144312213171794212e+01 3.754201497543058430e+00 1.277720852463307288e+01 4.149541724020122047e+02 8.100678092761783944e+01
6.389008346912261004e+03 1.154295612140633231e+01 3.553809229274301540e+00 1.312932584313594297e+01 4.407819908850916590e+02 8.257994725225482568e+01
