-4.581630953093565051e-01 5.889257574496921777e+00 3.207351172225323399e+00 2.925462544195852832e+00 1.455141250603742947e+03 6.030409102248755744e+02
3.412127012730763909e+01 5.881196298982105830e+00 3.211487879967996228e+00 2.790435557003580591e+00 1.360889845019990389e+03 6.113654317224677470e+02
3.263469002296729826e+01 7.469690290271582711e+00 4.519100550757722878e+00 3.371674873826674190e+00 1.365767465732353457e+03 6.003049346053702493e+02
5.019674326675249176e+01 7.902187482952118813e+00 4.394730352369666804e+00 3.336186189539869673e+00 1.403568448076346840e+03 5.898064434995509373e+02
1.046561413370537394e+02 8.318968448743840227e+00 4.386398106437578548e+00 3.237541597252739045e+00 1.935682212945946787e+02 8.026365681256118023e+01
1.424345528104366849e+02 7.934874026904646271e+00 4.686839401139434536e+00 3.488833869218670447e+00 2.048775953803493906e+02 8.242393564460847699e+01
2.072244640258451511e+02 8.458075530729098901e+00 4.385682182976204047e+00 3.510809297823315411e+00 3.688555923348848751e+02 7.685213331491999611e+01
2.504569987858292279e+02 8.560148930258410616e+00 4.837247468539916717e+00 3.429277386005429751e+00 3.487282599893193265e+02 1.415418390270997406e+02
2.973620611318751230e+02 8.377420512559133670e+00 4.773563431140644298e+00 3.621125947077048490e+00 3.674552096269428603e+02 1.495068344901413866e+02
3.502617714567058442e+02 8.521976012293922764e+00 4.932715261121723316e+00 3.437067116626487895e+00 3.485146738769495869e+02 1.397839218900541027e+02
4.074433582272502008e+02 8.842534607113476497e+00 4.749612547095524384e+00 3.659056605831981557e+00 3.483586731612071503e+02 1.456211837615593083e+02
4.851315901069843903e+02 9.292025188513443723e+00 5.031426273490900769e+00 3.695020324079659080e+00 3.488056636390692802e+02 1.417726378751652021e+02
5.803346908974320968e+02 1.029918402719993331e+01 5.892562198266610984e+00 4.148712780746675932e+00 3.506616928935058013e+02 1.423487865688546776e+02
6.654520789890888182e+02 1.046509018557648396e+01 6.021794246132428086e+00 4.419057092975686274e+00 7.622582451957033527e+02 3.013194644622822125e+02
8.201223225543164972e+02 1.049684843716307547e+01 6.403675595647092322e+00 4.375196342122807280e+00 7.226267649205176440e+02 3.249478545004380976e+02
9.364681864566067588e+02 1.126567072382955104e+01 5.947875866533721911e+00 4.715565316884720026e+00 7.511026443542323250e+02 3.122727928290881891e+02
9.513082590655047852e+02 1.170642234093853240e+01 6.368112860411045517e+00 4.630416465188985420e+00 7.109330153895538160e+02 3.030014572968909761e+02
1.065126323971393731e+03 1.118323710920045855e+01 6.528556414590444668e+00 4.673894906521372405e+00 7.185038604182178688e+02 3.050881729502175972e+02
1.227575056374749693e+03 1.203177280923693360e+01 6.799615348394363323e+00 4.730949383855650225e+00 7.121957652902768814e+02 3.080042012368387532e+02
1.345471149366420832e+03 1.222984220554926260e+01 6.825271906982099068e+00 4.737437932237813953e+00 7.436109684694902171e+02 3.197651915452308344e+02
1.452254568238535285e+03 1.238493775473573422e+01 6.694606146246509404e+00 4.779065123547074911e+00 7.031424081057673448e+02 3.212503407931450852e+02
1.574553176843078063e+03 1.173459491899133944e+01 6.895649694396657203e+00 4.881854716194557575e+00 7.690323355253494810e+02 3.168726784102828447e+02
1.825931119360030607e+03 1.248233712883793345e+01 6.765446504315536735e+00 5.140946967017455016e+00 8.011696163098633860e+02 3.252408038022136338e+02
1.943845486414706556e+03 1.223494160142310783e+01 6.639525810626537350e+00 5.434234806626093039e+00 7.726882319494575313e+02 3.251260593872695495e+02
2.146232267185932869e+03 1.250383145765886184e+01 7.137826482777928305e+00 5.430045465315050279e+00 7.928916812186932930e+02 3.130474840967145269e+02
2.374459475202171689e+03 1.271268072240277824e+01 7.058261063935123758e+00 5.490612485833029410e+00 7.688480433436154726e+02 3.029410989777470036e+02
2.694290161472868931e+03 1.271873881922437022e+01 7.136211803257189956e+00 5.207831065553886418e+00 8.010737227527167761e+02 3.031204189813398671e+02
2.582198014668156702e+03 1.367178238822430814e+01 7.064479922728485128e+00 5.349744998475127744e+00 7.645099196993870692e+02 3.101338273817916047e+02
2.788588240056631548e+03 1.369506678022962021e+01 7.030944846632864120e+00 5.409360203627072039e+00 7.627347520796553226e+02 3.029084256750297186e+02
2.827948050231049365e+03 8.432770052359698454e+00 0.000000000000000000e+00 9.525410977289800130e+00 8.195355413138416907e+02 3.091970920570744283e+02
3.109300530521496057e+03 8.012987819885651675e+00 0.000000000000000000e+00 9.905115893509877978e+00 5.995239669293628685e+04 0.000000000000000000e+00
2.973628800787005275e+03 8.114596542142605173e+00 0.000000000000000000e+00 9.775109490148503610e+00 5.768125882011619251e+04 0.000000000000000000e+00
3.106468549264456215e+03 8.835860657115457428e+00 0.000000000000000000e+00 1.018032805367625571e+01 5.718095664744940586e+04 0.000000000000000000e+00
3.202907373652222304e+03 8.543529976657129765e+00 0.000000000000000000e+00 1.018246502463176384e+01 5.513375694437934726e+04 0.000000000000000000e+00
3.408571072874654419e+03 8.563176152355801207e+00 0.000000000000000000e+00 1.080181327176643791e+01 5.747206099448948953e+04 0.000000000000000000e+00
3.299610293917271520e+03 9.339571270108868006e+00 0.000000000000000000e+00 1.111876604486557163e+01 5.533239914538939775e+04 0.000000000000000000e+00
3.473135118220652203e+03 8.822876400177181111e+00 0.000000000000000000e+00 1.127173867342487767e+01 5.597936844218309125e+04 0.000000000000000000e+00
3.493971241632782039e+03 9.191171524630702194e+00 0.000000000000000000e+00 1.130153472492199818e+01 5.747708586072877370e+04 0.000000000000000000e+00
3.817650151729129902e+03 9.246880852556065733e+00 0.000000000000000000e+00 1.147058362882290083e+01 5.924614824825949472e+04 0.000000000000000000e+00
3.679891628413183753e+03 9.219054559538280458e+00 0.000000000000000000e+00 1.127728159450568768e+01 5.827376555140912387e+04 0.000000000000000000e+00
4.037553781679611347e+03 9.752890947939599542e+00 0.000000000000000000e+00 1.148098868942676631e+01 5.887049331839789374e+04 0.000000000000000000e+00
4.225778849386590082e+03 9.434046440260662081e+00 0.000000000000000000e+00 1.175492464419276395e+01 5.756594594254261756e+04 0.000000000000000000e+00
4.337520498901483734e+03 1.013813285860051039e+01 0.000000000000000000e+00 1.152886672442562954e+01 5.663065345363408414e+04 0.000000000000000000e+00
4.222549463543949059e+03 9.303496209830578678e+00 0.000000000000000000e+00 1.168685853223372462e+01 5.908235998265515082e+04 0.000000000000000000e+00
4.259001524969180537e+03 1.006993215531952224e+01 0.000000000000000000e+00 1.157768296952338893e+01 5.803751431864238839e+04 0.000000000000000000e+00
4.661256019005387316e+03 9.681523174331449155e+00 0.000000000000000000e+00 1.168930121355709595e+01 5.583308133345673559e+04 0.000000000000000000e+00
4.640835845671838797e+03 1.033782533374091628e+01 0.000000000000000000e+00 1.185239058769010612e+01 5.963368783138070285e+04 0.000000000000000000e+00
4.811146102191945829e+03 1.008800468370167458e+01 0.000000000000000000e+00 1.198069962671154443e+01 5.997523390809494595e+04 0.000000000000000000e+00
4.535697016577054455e+03 1.027273030765070061e+01 0.000000000000000000e+00 1.187783137413636148e+01 5.516286086125211295e+04 0.000000000000000000e+00
4.638644057889976466e+03 1.067605201755985433e+01 0.000000000000000000e+00 1.259404701649985725e+01 5.618234945940741454e+04 0.000000000000000000e+00
4.986222625809333294e+03 1.070768052331965769e+01 0.000000000000000000e+00 1.235347166129393059e+01 5.645444612261858856e+04 0.000000000000000000e+00
5.082901715749051618e+03 9.926370033248318236e+00 0.000000000000000000e+00 1.199032944814055135e+01 5.791035272172714758e+04 0.000000000000000000e+00
5.102217849342315276e+03 9.894626859941851649e+00 0.000000000000000000e+00 1.240845153545352453e+01 6.034978708471861319e+04 0.000000000000000000e+00
5.249787237021151668e+03 1.055359724880107386e+01 3.412127399814331774e+00 1.305908325146150517e+01 4.265080502483835403e+02 8.841752908677341338e+01
5.424210976645686060e+03 1.088742142668808555e+01 3.376995068760933805e+00 1.295868585491253810e+01 4.591606468713902132e+02 8.211684916444713167e+01
5.304153022584665450e+03 1.063825405234792321e+01 3.499785588149218363e+00 1.269465282920225491e+01 4.232252626986619362e+02 8.198326879767083142e+01
5.467015788431251167e+03 1.115890759900161910e+01 3.416392669410944105e+00 1.303704887797437806e+01 4.409069745440340853e+02 8.139605985213547967e+01
5.222449713378381603e+03 1.096694711374378883e+01 3.725881983054527335e+00 1.252848798004741049e+01 4.177094291011070482e+02 8.246237875815803875e+01
5.734575339652381444e+03 1.131230980218311544e+01 3.670033992925245681e+00 1.275619725971473528e+01 4.305869740259382183e+02 8.793960927078194345e+01
5.823960145566225037e+03 1.147304201178673821e+01 3.617112481497837706e+00 1.280336290066668958e+01 4.408193023289016992e+02 8.312267170441282360e+01
5.809586673993217119e+03 1.086136137426355042e+01 3.694441539825743082e+00 1.327056420822454008e+01 4.529137913186922901e+02 8.270431323987349970e+01
5.608197310503956032e+03 1.068256071442784538e+01 3.476990793136640612e+00 1.244457985312696380e+01 4.458389337451069423e+02 8.899605106515862474e+01
6.163738047485873722e+03 1.079969007768111844e+01 3.593223947126011453e+00 1.348583721891291454e+01 4.214838460834090483e+02 8.407256677060115635e+01
6.102623226604740012e+03 1.117352233349011570e+01 3.480986321631351466e+00 1.345891915678009099e+01 4.499408463079935245e+02 8.679165580297173221e+01
5.981106911832426704e+03 1.114142657024825311e+01 3.516982997291183022e+00 1.294220127511279550e+01 4.520109828712400599e+02 8.264663769112749492e+01
6.478966225091321576e+03 1.135090252289483459e+01 3.666114569832640946e+00 1.371086216872464369e+01 4.453729699009603564e+02 8.814130831710571101e+01
6.259267480407525909e+03 1.082319099994910339e+01 3.830395360270019367e+00 1.350643815909980638e+01 4.446495437512036233e+02 8.332263363486985952e+01
