7.500979790528028435e-02 5.937416613779514130e+00 3.493979721384607995e+00 2.664406808394940374e+00 1.437591387919965200e+03 5.951373922886884884e+02
3.239155176870004027e+01 5.703893281638062973e+00 3.298403193857474047e+00 2.907802961350040238e+00 1.456896026311002515e+03 6.108523694647848288e+02
3.101511909361818553e+01 7.841864412745956692e+00 4.383776000326840894e+00 3.433086517409857930e+00 1.372185623666682204e+03 6.156093569089467792e+02
5.049987810145601230e+01 8.003201489912665778e+00 4.313546749751189680e+00 3.294966454534310252e+00 1.354050814716486684e+03 6.161728094644038265e+02
1.029689888601828045e+02 8.052255060825467936e+00 4.571922120491348274e+00 3.212155499115276314e+00 2.023459191689456986e+02 7.735502121725522784e+01
1.531348670994096892e+02 8.207360581571265357e+00 4.432988835502881031e+00 3.592603455759226350e+00 2.010746533773926217e+02 8.011041762213822892e+01
1.901757639243848530e+02 8.298561986068756724e+00 4.537709546562379792e+00 3.406565220368669156e+00 3.653387049016348556e+02 7.629172181299388455e+01
2.588582328542267987e+02 8.692534074926308918e+00 4.726578225693421231e+00 3.526661543295299239e+00 3.649591715303491810e+02 1.494166901528427047e+02
2.907244769091219609e+02 8.769302350386636746e+00 4.923999377273644562e+00 3.636678252611699858e+00 3.545369087949846403e+02 1.475917685900163292e+02
3.559613560949841258e+02 8.733854183299374796e+00 5.042713210866173412e+00 3.496519871753744901e+00 3.773588260918330661e+02 1.453692715317305328e+02
4.222870500478414897e+02 8.785265459968504942e+00 4.788005489437694884e+00 3.719911128323156291e+00 3.671124218880654553e+02 1.473483849117536124e+02
4.796806465265555062e+02 1.003269300992417357e+01 5.357852919215488896e+00 3.714064682692209463e+00 3.570596932669841976e+02 1.435275290161757766e+02
5.703179526492521063e+02 1.047929729730769211e+01 5.459695951741294628e+00 3.954160546242005747e+00 3.749740928169207450e+02 1.440824105628419147e+02
6.594444687458432099e+02 1.043918962459619237e+01 5.762105777290946307e+00 4.490789497576604283e+00 7.745841557030018976e+02 3.073615734187068824e+02
7.604023670285276921e+02 1.074536588415572780e+01 6.353179061239064396e+00 4.312721760820056538e+00 7.181066439448469509e+02 3.229379907148563120e+02
8.955570742011392440e+02 1.103836174239794232e+01 6.415617555782674231e+00 4.541657602672296790e+00 7.572297607039827199e+02 3.129608824861633707e+02
9.970308180997809586e+02 1.097691796295856648e+01 6.242488378660930870e+00 4.529969787661552338e+00 7.521259033541263079e+02 2.964099139140166699e+02
1.113082180302023971e+03 1.137253052407124621e+01 6.559624800141911294e+00 4.877978018997318088e+00 7.347582856937654014e+02 3.117151913800252601e+02
1.197580336078793380e+03 1.155925786823328139e+01 6.791567922579065275e+00 4.805337711604727780e+00 7.209288167308305901e+02 3.029881163746414359e+02
1.257311935866752037e+03 1.179653883321326902e+01 6.775228561572904873e+00 4.960637840313232516e+00 7.230794835980420885e+02 3.051109248660317235e+02
1.440575626306326967e+03 1.196291584630567151e+01 6.715365675586528305e+00 4.990878431735935372e+00 7.531141017281710219e+02 3.079795268958052361e+02
1.667197591711986206e+03 1.223182735127389620e+01 6.679749688234339899e+00 4.821509295800696648e+00 7.416340072261460818e+02 2.999499227182711252e+02
1.858018140104348049e+03 1.278274236670740294e+01 7.014990127140286802e+00 5.280744627897791865e+00 7.750465438569384560e+02 3.104845665619259307e+02
2.037464691329652851e+03 1.233382416904533763e+01 6.689633527280952840e+00 5.279560275707748218e+00 8.389117371851270946e+02 2.990430025721071843e+02
2.110817468061434283e+03 1.271806151770587512e+01 7.204465926816592258e+00 5.178890824842610208e+00 8.224789081075205104e+02 3.048525411008980086e+02
2.295653681700000561e+03 1.272558386167372824e+01 7.204139966357318237e+00 5.101471723478125497e+00 7.940115730981223123e+02 3.117021790782329163e+02
2.558778518826175059e+03 1.308164356237405634e+01 7.350087308125153207e+00 5.594826525521315652e+00 7.818497428577333039e+02 3.079345825943655086e+02
2.488136989915980848e+03 1.339414965401512880e+01 7.069444303622294257e+00 5.786712874435632870e+00 7.782561273545243239e+02 3.058758190772551870e+02
3.018118548384078622e+03 1.423476509080563268e+01 7.342782679786845179e+00 5.933987676058102956e+00 8.116704146516962055e+02 3.273286304154680693e+02
2.905609451638858900e+03 8.322101084192722098e+00 0.000000000000000000e+00 9.640499145180685403e+00 7.880052482546425381e+02 3.189204743759041207e+02
3.022394437161920450e+03 8.384878714664862898e+00 0.000000000000000000e+00 1.023384573875041248e+01 5.634870362708283210e+04 0.000000000000000000e+00
3.203273206575477161e+03 7.988922227112437824e+00 0.000000000000000000e+00 1.024861600667614425e+01 5.757034782166223886e+04 0.000000000000000000e+00
3.316096567950915869e+03 8.459766459489967971e+00 0.000000000000000000e+00 1.015967184325156580e+01 5.686342005291269743e+04 0.000000000000000000e+00
3.424693231760611525e+03 8.444637948793682014e+00 0.000000000000000000e+00 1.094176451829302010e+01 5.762223190040196641e+04 0.000000000000000000e+00
3.460093500544143353e+03 8.882241905831287809e+00 0.000000000000000000e+00 1.058102680750859470e+01 5.617409830964514549e+04 0.000000000000000000e+00
3.616452872048859263e+03 9.046060157103568145e+00 0.000000000000000000e+00 1.083034799707809093e+01 5.827323667410184862e+04 0.000000000000000000e+00
3.394036476378799307e+03 9.252602833599695487e+00 0.000000000000000000e+00 1.130916822300737579e+01 5.819228455272858992e+04 0.000000000000000000e+00
3.683319604489081030e+03 8.803212103862339433e+00 0.000000000000000000e+00 1.049790205305476753e+01 5.924424366842977906e+04 0.000000000000000000e+00
3.658409780047198637e+03 9.025088704372878468e+00 0.000000000000000000e+00 1.104497061016156501e+01 5.904697436104499502e+04 0.000000000000000000e+00
3.922988783388517277e+03 9.761270589416824350e+00 0.000000000000000000e+00 1.145621449105242462e+01 5.873413585402068566e+04 0.000000000000000000e+00
3.899931839225553631e+03 9.230569397501044548e+00 0.000000000000000000e+00 1.115750800331242232e+01 5.787974144451916800e+04 0.000000000000000000e+00
4.097527812540680316e+03 9.189729286039815648e+00 0.000000000000000000e+00 1.159288245295332764e+01 5.921154508997715311e+04 0.000000000000000000e+00
4.295165261651714900e+03 9.929370954860960552e+00 0.000000000000000000e+00 1.187176225534097895e+01 5.706052443187057361e+04 0.000000000000000000e+00
4.151754391709427182e+03 9.560069241118970496e+00 0.000000000000000000e+00 1.160314025391968507e+01 5.535190980649482663e+04 0.000000000000000000e+00
4.163541090565202467e+03 9.990175850821799486e+00 0.000000000000000000e+00 1.137451815671452238e+01 5.737790056165807619e+04 0.000000000000000000e+00
4.247623709478545607e+03 9.449139879511346152e+00 0.000000000000000000e+00 1.119871081508942900e+01 5.748655331129583647e+04 0.000000000000000000e+00
4.414138066597040961e+03 1.017919781881311003e+01 0.000000000000000000e+00 1.209622966976300695e+01 5.594364754044191068e+04 0.000000000000000000e+00
4.736315754689562709e+03 1.003018868048303602e+01 0.000000000000000000e+00 1.133231974098130301e+01 5.792424743500434124e+04 0.000000000000000000e+00
4.927803744061956422e+03 9.664871091838206141e+00 0.000000000000000000e+00 1.185744216644070903e+01 5.909519215766881098e+04 0.000000000000000000e+00
4.759293188222563913e+03 9.799124739167561771e+00 0.000000000000000000e+00 1.231355213986918251e+01 5.883657595127462264e+04 0.000000000000000000e+00
4.993408941571443393e+03 9.737735246668842493e+00 0.000000000000000000e+00 1.181744882692196441e+01 5.879151077988462930e+04 0.000000000000000000e+00
5.268084431728753771e+03 1.080132477017859216e+01 0.000000000000000000e+00 1.210291773734255472e+01 5.649127355779390928e+04 0.000000000000000000e+00
5.105427439216835410e+03 1.042351888998072162e+01 0.000000000000000000e+00 1.271499183207842165e+01 5.588292016188805428e+04 0.000000000000000000e+00
5.063457193452564752e+03 1.136158243198418383e+01 3.534358886820534007e+00 1.244963887535272029e+01 4.580329710484049883e+02 8.403614731419160933e+01
5.009091146694716372e+03 1.085173581621335259e+01 3.634068728149327576e+00 1.337793622988460562e+01 4.472863272225366131e+02 8.726789761417522584e+01
5.450315644237435663e+03 1.083749765301992873e+01 3.359079946524359706e+00 1.250584530123742510e+01 4.344956444606106629e+02 8.550507067038745390e+01
5.346299761287370529e+03 1.155198990441743945e+01 3.531099030385874471e+00 1.246242854577357839e+01 4.296347172600578688e+02 8.147679717312151126e+01
5.319478224692738877e+03 1.085383560831521699e+01 3.694361861626633381e+00 1.296839525996091425e+01 4.320988884859661425e+02 8.272686803584636550e+01
5.848056174167777499e+03 1.088376718462895454e+01 3.692125270314680296e+00 1.258020006264887058e+01 4.433956623687423644e+02 8.842268179940413120e+01
5.700684497989608644e+03 1.146725349355244994e+01 3.449887830827401913e+00 1.269935397003898814e+01 4.491219114788042930e+02 8.611628407988514766e+01
5.517628796074772254e+03 1.095480420156682122e+01 3.651269311378146032e+00 1.344605653243308652e+01 4.170909202200521122e+02 8.107722785297404755e+01
6.088950199267625976e+03 1.178413226157745264e+01 3.540528847973914761e+00 1.327802275535203691e+01 4.435457894217896637e+02 8.682508955742467549e+01
5.858592142518376022e+03 1.178300135774434843e+01 3.689248360648453851e+00 1.355700450792779677e+01 4.292559554230215895e+02 8.747166296472846625e+01
6.245342665962030878e+03 1.076891335778231884e+01 3.556526167079843148e+00 1.261566836876557218e+01 4.488031572025398077e+02 8.245052105863992153e+01
6.385101369894858180e+03 1.174729493330151442e+01 3.728872413270625241e+00 1.322591023378386765e+01 4.161369354926440565e+02 8.642078891668879237e+01
6.108134739278274537e+03 1.107480648232455955e+01 3.495348112895775294e+00 1.255766614305443873e+01 4.399259670908310227e+02 8.158975724438690236e+01
6.056032126482024069e+03 1.100077833128421112e+01 3.514989745275996391e+00 1.334094554680704547e+01 4.116210003623289708e+02 8.785683149217875609e+01
