-3.663655972341279821e-01 5.606408427808391437e+00 3.224447696351026682e+00 2.738425767228465535e+00 1.359490693915045313e+03 5.895286093684684374e+02
3.170327256452467424e+01 5.947220291789616198e+00 3.464241060582746723e+00 2.762358360125975576e+00 1.453163229021035477e+03 5.960486475100924508e+02
3.281790127079786146e+01 7.900237701459367656e+00 4.498787492495601725e+00 3.158465298462902027e+00 1.337840513495162440e+03 5.781508360203324628e+02
4.865301914595256250e+01 7.499634999819895675e+00 4.313413268148738489e+00 3.393246261998508650e+00 1.333479351179102196e+03 6.208341047093693987e+02
9.851722364695156386e+01 7.926173882473825927e+00 4.400698619994219740e+00 3.354551388969710057e+00 1.926290132139622528e+02 7.739008804492441129e+01
1.503022716494027122e+02 8.397137526882787029e+00 4.548269863689478498e+00 3.437828271269868008e+00 2.020331279067776507e+02 8.391930503788687190e+01
2.053303284987961490e+02 8.457722800186846968e+00 4.498317078962879911e+00 3.583471028976466854e+00 3.429405326518987067e+02 7.870443824627776053e+01
2.429898820339400345e+02 8.091768209842383541e+00 4.800096492397977421e+00 3.588522312873960285e+00 3.731536807751602964e+02 1.369836071997879685e+02
3.112048712147644665e+02 8.233494247814471478e+00 4.595965146401407964e+00 3.401652126419672406e+00 3.646145616067493620e+02 1.450586746228235313e+02
3.501932801864257954e+02 8.955219265751768631e+00 4.992364122544391769e+00 3.582063804169063115e+00 3.464840687666094254e+02 1.401839751175292861e+02
4.059627862206492637e+02 9.298546137274696477e+00 5.155564982564694532e+00 3.702678812516085660e+00 3.683879648156167264e+02 1.483944071205318949e+02
4.767876603605092214e+02 9.832426899842628742e+00 5.345676041525721622e+00 3.711067474677216094e+00 3.576733920671694591e+02 1.402861026551027237e+02
5.769620069965429821e+02 9.807686529251858687e+00 5.577202132857468797e+00 4.111710725153693069e+00 3.721435126557266244e+02 1.446472635364153234e+02
6.667572737416866175e+02 1.062792555138924655e+01 6.157498193413450949e+00 4.487000506158643098e+00 7.504150360108889117e+02 3.186534580850727139e+02
8.143815729535302808e+02 1.124552480835835588e+01 6.044057102987260066e+00 4.475347264651859724e+00 7.534752930962335995e+02 3.032576958733050105e+02
9.354020912995567869e+02 1.139569534042986199e+01 6.024901921196572196e+00 4.640461453101345057e+00 7.569517334726183435e+02 2.986464288861133127e+02
1.009393107513615860e+03 1.181648267148188935e+01 6.113596693768552193e+00 4.760729515713400417e+00 7.425403590491013119e+02 3.156042403225544604e+02
1.104375339392474189e+03 1.154647674025365944e+01 6.259553843140524876e+00 4.715732472957430588e+00 7.482544725145354505e+02 3.199039949421633082e+02
1.214566828961638294e+03 1.164706578164661721e+01 6.470462125433631861e+00 4.989292056552827148e+00 7.254612412597617777e+02 3.078151286492298482e+02
1.327561724454678370e+03 1.240499396620578665e+01 6.627746143830894887e+00 4.771014845350147304e+00 7.350944791261088085e+02 3.008680483693724454e+02
1.462258655155417500e+03 1.145763808882381163e+01 6.561335721930738885e+00 5.007739811652968775e+00 7.296897109319831998e+02 3.140539398651665692e+02
1.604291545553851392e+03 1.209301134671201439e+01 6.994886799414180345e+00 5.103968476374274310e+00 7.766999879529922737e+02 3.122774245420019383e+02
1.751760764603792040e+03 1.302901139771254790e+01 6.819870364024795961e+00 4.934162513142292816e+00 8.019825049417995615e+02 3.238551175884539362e+02
1.919310646923526974e+03 1.293356237238766226e+01 7.233415184737856940e+00 5.122792789272247127e+00 8.278859813731228314e+02 3.169226833854751249e+02
2.105305774992433726e+03 1.264829029974876029e+01 6.798112723932730361e+00 5.222777747660092729e+00 7.984412536766418498e+02 3.056075436309150177e+02
2.320948386810741795e+03 1.336128440844049159e+01 6.743642861569209224e+00 5.337831405653393979e+00 7.639783339334940138e+02 3.059363293069966971e+02
2.642315502943722095e+03 1.264205728867294631e+01 7.066286114222098291e+00 5.537199281028774678e+00 7.924798379885652366e+02 3.020010409973527317e+02
2.589059216731015113e+03 1.416872780354264272e+01 6.934064055318529540e+00 5.508716021525163598e+00 7.970284678519478803e+02 3.074944898982293466e+02
3.013449622244326747e+03 1.379483107015382615e+01 7.294220778522044313e+00 5.768330275894368420e+00 7.896214621682335064e+02 3.193435352937270295e+02
2.838138248540612494e+03 8.475186452418242311e+00 0.000000000000000000e+00 9.833315584211938187e+00 7.683613655920134988e+02 3.001266767702787774e+02
3.110364800496198768e+03 7.919527735270494695e+00 0.000000000000000000e+00 9.536174817267971449e+00 5.734481124667015683e+04 0.000000000000000000e+00
3.002791351580979153e+03 8.030161453611198041e+00 0.000000000000000000e+00 1.054433187967886454e+01 6.022776775726433698e+04 0.000000000000000000e+00
3.136341945618394220e+03 8.271151645746902759e+00 0.000000000000000000e+00 1.036324289231145457e+01 5.892872163109499525e+04 0.000000000000000000e+00
3.154307289714522994e+03 8.809408708422164835e+00 0.000000000000000000e+00 9.970130168277012928e+00 5.646243890397996438e+04 0.000000000000000000e+00
3.468315751024584188e+03 8.905962758745680219e+00 0.000000000000000000e+00 1.108775410068107981e+01 5.606210691633285023e+04 0.000000000000000000e+00
3.329970972997316494e+03 8.708235502042994014e+00 0.000000000000000000e+00 1.039384195929899413e+01 5.574297231701688725e+04 0.000000000000000000e+00
3.565332456063643349e+03 9.055877199367584396e+00 0.000000000000000000e+00 1.111480829839096707e+01 5.671926009842401982e+04 0.000000000000000000e+00
3.655135999884608736e+03 9.172940548692558593e+00 0.000000000000000000e+00 1.101893289900246664e+01 5.833772622486738692e+04 0.000000000000000000e+00
3.769883728014052849e+03 9.491010460180183017e+00 0.000000000000000000e+00 1.055763036841290869e+01 5.987179922078866366e+04 0.000000000000000000e+00
3.700305063221078399e+03 9.047064243584010512e+00 0.000000000000000000e+00 1.132407876150627146e+01 6.051629001581312332e+04 0.000000000000000000e+00
3.871516656307059293e+03 9.643843871325296746e+00 0.000000000000000000e+00 1.132480348732808118e+01 6.064430636970542400e+04 0.000000000000000000e+00
3.917642860857051801e+03 9.741252819374562222e+00 0.000000000000000000e+00 1.084700807114931642e+01 5.576026845607797441e+04 0.000000000000000000e+00
4.044220998340283586e+03 9.973370364543503896e+00 0.000000000000000000e+00 1.150493703173810367e+01 5.693961643456827005e+04 0.000000000000000000e+00
4.307726434201782467e+03 9.303576524112072477e+00 0.000000000000000000e+00 1.160146619531857937e+01 5.646597325979219022e+04 0.000000000000000000e+00
4.423908196314935594e+03 9.713358052036607404e+00 0.000000000000000000e+00 1.121761355993120723e+01 5.749547989394434262e+04 0.000000000000000000e+00
4.580349753809729009e+03 9.959535587104518584e+00 0.000000000000000000e+00 1.125882706434260605e+01 5.621950853552727494e+04 0.000000000000000000e+00
4.409978505705739735e+03 1.047029671161775966e+01 0.000000000000000000e+00 1.153422690952301011e+01 5.932926918146506068e+04 0.000000000000000000e+00
4.854947948617084876e+03 1.002679416890600628e+01 0.000000000000000000e+00 1.212966202193729970e+01 6.017416548747738852e+04 0.000000000000000000e+00
4.710643971236180732e+03 1.031119259452857051e+01 0.000000000000000000e+00 1.138119141551990587e+01 5.862927321807652334e+04 0.000000000000000000e+00
5.003233994803757923e+03 1.054208141577004909e+01 0.000000000000000000e+00 1.145586222342547877e+01 5.541016122775945405e+04 0.000000000000000000e+00
4.782901685129088037e+03 1.052716822163526800e+01 0.000000000000000000e+00 1.219897697525094671e+01 6.008069538157717034e+04 0.000000000000000000e+00
4.958458479441081181e+03 1.004670646756433428e+01 0.000000000000000000e+00 1.180467220934537309e+01 5.992105453048415802e+04 0.000000000000000000e+00
5.264274336776869859e+03 1.002092461378103394e+01 0.000000000000000000e+00 1.214046041843639046e+01 5.988539296575078333e+04 0.000000000000000000e+00
5.058387468919911043e+03 1.086952197726383318e+01 3.587315786659754480e+00 1.266864973033995234e+01 4.511821357522300104e+02 8.621534433954494148e+01
5.236242425932662627e+03 1.108333924279460803e+01 3.655268898794579613e+00 1.278573801181344649e+01 4.444081277518959041e+02 8.459087045039527197e+01
5.108647548256535629e+03 1.092416495768746998e+01 3.628119305534876382e+00 1.318861709096749379e+01 4.393562583499906964e+02 8.384062373463709150e+01
5.206765693240337896e+03 1.097865801146333986e+01 3.643233029009052437e+00 1.224634042665631561e+01 4.323728434385700439e+02 8.172456059991652921e+01
5.552944006988891488e+03 1.060400083303184893e+01 3.734144938995870966e+00 1.307566932648078328e+01 4.342412644286963541e+02 8.179950708416160410e+01
5.503384061933277735e+03 1.137440725130126395e+01 3.679594298785122231e+00 1.242545538049637344e+01 4.263399274647313177e+02 8.907272370333159017e+01
5.866052912268803084e+03 1.099684202204191230e+01 3.611413518706624082e+00 1.296624526800107979e+01 4.572678985659910609e+02 8.458015275751581896e+01
5.880641956775612016e+03 1.158658076299125739e+01 3.521559207405057013e+00 1.281019110955700135e+01 4.143023693939087480e+02 8.564691016200919194e+01
5.893264257425437791e+03 1.067367777631915438e+01 3.602895701472395906e+00 1.341159833146184965e+01 4.528118283636968044e+02 8.079469610542800240e+01
6.208285337252365935e+03 1.137166774855416485e+01 3.491706776907473664e+00 1.336355772195297931e+01 4.208617841458891462e+02 8.391695653663828125e+01
5.910870639913793639e+03 1.178179595267353363e+01 3.506127243153508211e+00 1.355785619254159435e+01 4.261224128671473750e+02 8.267852935149781501e+01
6.104329573846363928e+03 1.179137788881818771e+01 3.648853095628477483e+00 1.364855988920873564e+01 4.153577229949808043e+02 8.646012974460109035e+01
6.417222403369348285e+03 1.137667635399412625e+01 3.764789189323867635e+00 1.260535180802935962e+01 4.467346400089040799e+02 8.460392017620499416e+01
6.136621313128720431e+03 1.105911754848631290e+01 3.719239166878719693e+00 1.353816408688760831e+01 4.392825537031227441e+02 8.855015542642566118e+01
