2.000000000000000111e-01 3.641788900447864741e+00
1.000000000000000056e-01 3.763788900447865071e+00
5.000000000000000278e-02 4.057788900447865110e+00
3.333333333333333287e-02 4.173788900447864769e+00
2.000000000000000042e-02 4.283788900447865089e+00
1.250000000000000069e-02 4.429788900447864997e+00
1.000000000000000021e-02 4.499788900447865281e+00
6.666666666666667095e-03 4.621788900447865167e+00
5.000000000000000104e-03 4.735788900447865046e+00
4.000000000000000083e-03 4.855788900447865153e+00
3.333333333333333547e-03 4.981788900447865487e+00
