-2.273469001576327031e-01 5.782553079218930137e+00 3.504109892406553683e+00 2.744822973915186815e+00 1.349074287040076342e+03 6.011005409423233914e+02
3.169306444308434578e+01 5.521286667273579418e+00 3.490364878356507994e+00 2.761329483969051424e+00 1.454227225655801703e+03 6.129492706809285210e+02
3.316669011335080341e+01 7.698550403573046097e+00 4.428441681092547100e+00 3.401042914439642129e+00 1.398905365815098094e+03 5.937118540564758860e+02
5.115335308515299317e+01 7.791103783809568917e+00 4.527721375455438846e+00 3.299099538700476675e+00 1.427514303315438156e+03 6.231551865341389203e+02
1.033951692418923329e+02 7.957148782895518302e+00 4.385607503916072680e+00 3.475355648273545039e+00 1.934108872137900619e+02 7.729588437396431289e+01
1.528308996498974182e+02 8.017525647432789171e+00 4.660138732359079938e+00 3.447989444216009502e+00 2.069316747216024623e+02 7.617254000670787661e+01
2.099206488152191241e+02 8.536969562733217387e+00 4.763410321007214066e+00 3.371152058554520714e+00 3.685315898124038085e+02 7.820624352726999007e+01
2.560317138264210257e+02 8.342364766993833669e+00 4.502730753325874247e+00 3.679322781063717684e+00 3.614770318090228329e+02 1.375807262650792495e+02
2.961253380492980227e+02 8.320958542882145537e+00 4.799691288761908758e+00 3.454654221218472987e+00 3.505521002903084309e+02 1.448581871587640819e+02
3.587997735398304826e+02 8.522808796110043161e+00 5.049440506176381405e+00 3.762698135737131189e+00 3.421193552832775708e+02 1.471084959575460118e+02
3.926095498633428065e+02 8.665244782153973091e+00 5.129136864214461689e+00 3.562041280834949752e+00 3.529807414450878014e+02 1.462540141074888425e+02
5.017698367506076806e+02 1.000964489213531650e+01 5.207519075285027554e+00 3.958487882527015778e+00 3.581735242635829195e+02 1.492990071944920771e+02
5.830695201209598508e+02 1.040179759166107409e+01 5.472887147663150209e+00 4.016990869093517880e+00 3.572238653450074253e+02 1.419566005896320746e+02
6.493638020407922795e+02 1.028633017696125584e+01 6.018210823944551535e+00 4.314584063603186692e+00 7.516796924909209565e+02 3.001261965981312301e+02
7.930043119688133402e+02 1.107373937550439003e+01 6.021844098805846812e+00 4.404512226315020484e+00 7.417931219679168180e+02 2.995625018908912125e+02
8.677417661059190550e+02 1.088131741598737534e+01 6.249358760149007708e+00 4.639848308070715355e+00 7.389122205684799383e+02 3.251127637956498688e+02
1.016521948217261183e+03 1.197415783752886043e+01 6.189850355938484761e+00 4.716963763367987283e+00 7.435828845132696188e+02 3.119321486193533701e+02
1.055356968385663095e+03 1.105038019793868109e+01 6.346091878040097889e+00 4.590827870451949622e+00 7.367208087057272223e+02 3.220204199423050113e+02
1.180588909953320126e+03 1.180621440930229760e+01 6.759730103952899860e+00 4.539205811619832609e+00 7.240480314663482204e+02 3.022744607640307777e+02
1.235788669601488891e+03 1.218892076314653927e+01 6.803897647375831248e+00 4.640289748982157292e+00 7.032357560589390459e+02 3.195251971671275442e+02
1.378324802822973197e+03 1.146841291847076150e+01 6.787606581013318596e+00 4.813743609263460677e+00 7.654006063841608238e+02 2.980909070188268402e+02
1.580217826146301377e+03 1.251623169184402506e+01 6.404343124096653739e+00 5.223580380071487284e+00 7.752686248958508486e+02 3.249570535272934535e+02
1.714921372666313800e+03 1.239125869920148304e+01 6.659342621890661285e+00 5.001225264252730618e+00 7.838662177277034289e+02 2.999775850750556856e+02
2.059965671813364679e+03 1.302212130779357047e+01 7.037972967890805620e+00 5.096648759136772178e+00 7.846348900980309509e+02 3.105529797510005778e+02
2.189696288443440608e+03 1.284577481877244232e+01 6.702047855471435334e+00 5.473211746498416908e+00 8.275896142387513237e+02 3.000058607371856851e+02
2.374813134795842871e+03 1.321287556559009957e+01 7.300992604826201493e+00 5.446259585240322387e+00 7.896873261818221863e+02 3.014814492840380353e+02
2.609898857191061779e+03 1.286103898687878555e+01 7.333586546715321397e+00 5.246691461776145537e+00 7.967488494712465581e+02 3.147801759041951186e+02
2.612208582346363528e+03 1.330949122262673079e+01 7.546228581520708190e+00 5.768567710264038695e+00 8.076775495121536323e+02 2.972673727189558690e+02
2.872398352961634373e+03 1.337877076740403659e+01 7.359977908153382486e+00 5.435064644746653073e+00 7.698181017402494035e+02 3.158293275923366537e+02
2.984304714271415378e+03 7.759841086107200248e+00 0.000000000000000000e+00 9.294307011958863995e+00 7.971452331265930979e+02 2.983700501855594212e+02
3.091949645170496751e+03 8.365115644584086851e+00 0.000000000000000000e+00 9.655454188617804689e+00 5.917324680420821096e+04 0.000000000000000000e+00
3.145175312411519371e+03 8.762622649377298956e+00 0.000000000000000000e+00 1.014235299582638383e+01 5.742722684201449738e+04 0.000000000000000000e+00
3.263639089387342210e+03 8.900165589562881507e+00 0.000000000000000000e+00 1.024942102840143221e+01 5.665573009388357605e+04 0.000000000000000000e+00
3.366790129612037617e+03 9.014358120318215484e+00 0.000000000000000000e+00 1.060506399092576757e+01 5.860321597619152453e+04 0.000000000000000000e+00
3.383221101564801756e+03 8.651243494546381640e+00 0.000000000000000000e+00 1.035782186989026776e+01 5.500540360036180937e+04 0.000000000000000000e+00
3.550471692829415588e+03 8.622322867751439190e+00 0.000000000000000000e+00 1.124430600218856746e+01 5.505003849649936456e+04 0.000000000000000000e+00
3.744223024901759345e+03 8.950717166167651229e+00 0.000000000000000000e+00 1.117642809670602588e+01 5.538952878982453694e+04 0.000000000000000000e+00
3.622950975712359650e+03 9.405214389862562641e+00 0.000000000000000000e+00 1.067254813406503899e+01 5.921345985450825538e+04 0.000000000000000000e+00
3.849733017904755343e+03 8.858057624725820034e+00 0.000000000000000000e+00 1.139769968357653340e+01 6.007073574342894426e+04 0.000000000000000000e+00
3.889796535095853415e+03 9.740093740116817500e+00 0.000000000000000000e+00 1.124933067168478829e+01 5.858684705614767881e+04 0.000000000000000000e+00
3.985094709842772772e+03 9.785023103613092132e+00 0.000000000000000000e+00 1.161288434378044876e+01 5.866143822305715003e+04 0.000000000000000000e+00
4.097545867556618759e+03 9.209103164437806299e+00 0.000000000000000000e+00 1.181573402067735223e+01 5.726026571132269601e+04 0.000000000000000000e+00
4.214870343277918437e+03 9.266868726967995684e+00 0.000000000000000000e+00 1.125253721055251965e+01 6.040613269885434420e+04 0.000000000000000000e+00
4.475655180753224158e+03 1.018211124374407639e+01 0.000000000000000000e+00 1.209945177542542183e+01 5.891481547637651238e+04 0.000000000000000000e+00
4.367123833589251262e+03 1.005996055864616068e+01 0.000000000000000000e+00 1.157904082281356573e+01 5.551713661273433536e+04 0.000000000000000000e+00
4.279685353718020451e+03 9.814918188498985785e+00 0.000000000000000000e+00 1.138514115698938234e+01 5.769881511476554442e+04 0.000000000000000000e+00
4.601284378008987005e+03 9.851851611131257513e+00 0.000000000000000000e+00 1.229995169423621526e+01 5.983012367714763241e+04 0.000000000000000000e+00
4.496150802039182054e+03 1.030361657518083796e+01 0.000000000000000000e+00 1.149470403428603582e+01 5.601727566568656766e+04 0.000000000000000000e+00
4.554652994482567919e+03 9.795852785718292211e+00 0.000000000000000000e+00 1.161328229200000450e+01 5.590741218813336309e+04 0.000000000000000000e+00
4.642354138710362349e+03 9.806214103415680228e+00 0.000000000000000000e+00 1.238516768018570424e+01 5.987130823140242865e+04 0.000000000000000000e+00
5.074918667111937793e+03 1.029282616202758227e+01 0.000000000000000000e+00 1.192512346367459486e+01 5.614259510676012724e+04 0.000000000000000000e+00
4.921841725764134026e+03 1.049460256997397778e+01 0.000000000000000000e+00 1.193580300461056076e+01 5.889355733308797790e+04 0.000000000000000000e+00
5.211972538941402490e+03 1.079173291254256739e+01 0.000000000000000000e+00 1.217301554461066360e+01 5.718020430253499217e+04 0.000000000000000000e+00
5.002061132883080063e+03 1.140257998192693023e+01 3.444758902908253262e+00 1.230652829584685648e+01 4.406436047647773080e+02 8.846943782771202791e+01
5.082528113607088017e+03 1.099545126985619348e+01 3.498785851449505380e+00 1.251391458683418634e+01 4.384646113603661775e+02 8.146266378863018076e+01
5.428828191010594310e+03 1.107923083476021198e+01 3.500526204661802865e+00 1.318161643202761901e+01 4.638852014270535733e+02 8.905492107852974470e+01
5.324067089007678987e+03 1.163497268412529451e+01 3.700666895369868481e+00 1.239502390753477989e+01 4.217423257759988360e+02 8.196809054093320412e+01
5.564909955201738740e+03 1.110071231506371170e+01 3.627218053487243132e+00 1.242732357509011543e+01 4.247538255050259295e+02 8.268537062271002469e+01
5.371599751053230648e+03 1.079186636154189749e+01 3.515783256918651123e+00 1.262085823421887376e+01 4.459751071307963457e+02 8.715189380418306087e+01
5.689576025247934922e+03 1.150413430346346289e+01 3.640525029681839442e+00 1.295808161401111391e+01 4.391804239818702058e+02 8.721184056979149091e+01
5.888702007917579976e+03 1.088594258058055253e+01 3.590396179643781771e+00 1.298325642208772734e+01 4.396241272619734559e+02 8.273812980325632793e+01
5.979406085732417523e+03 1.120828151798326466e+01 3.722785109053893926e+00 1.319526368077233514e+01 4.509402824914419057e+02 8.843621408864721900e+01
5.976263863744944501e+03 1.161908049193142922e+01 3.468849087621007410e+00 1.358428138752032410e+01 4.271499932139840894e+02 8.816638386926508986e+01
6.112238374381759058e+03 1.178251829259588135e+01 3.769186546181851671e+00 1.309948678141349099e+01 4.496163620762424671e+02 8.412625966813109812e+01
6.029144793892948655e+03 1.093808383317658794e+01 3.783352706251355002e+00 1.343392888978704391e+01 4.327591564909444060e+02 8.574708923329335164e+01
6.466116835941882528e+03 1.086438007163444475e+01 3.590077085694047820e+00 1.311189952848670437e+01 4.316595620732064731e+02 8.617383656626481070e+01
6.180203132175490282e+03 1.117316930561177735e+01 3.561954530081429926e+00 1.310171101670798421e+01 4.145361274416813444e+02 8.204214120259595688e+01
