-4.198305715761261325e-01 5.845755935856507435e+00 3.458702214740771552e+00 2.677677587553382033e+00 1.364670414546054189e+03 5.765326204132563817e+02
3.485032029921929109e+01 5.721465440335737007e+00 3.218099729632790229e+00 2.708236141226734173e+00 1.418894890643895678e+03 5.950941386238379209e+02
3.235676925649858049e+01 8.085757544302577315e+00 4.204179628845187366e+00 3.333697661699183801e+00 1.343324686023004233e+03 5.912978204927937895e+02
5.140759850392833386e+01 7.444089628876235487e+00 4.484242338115201676e+00 3.253463094241050513e+00 1.458339753238107505e+03 6.056454885783816735e+02
1.050980723356027369e+02 7.638271373567855349e+00 4.387849292038859872e+00 3.308857292985139420e+00 2.035618395013988220e+02 8.372388823925639656e+01
1.567790931158160674e+02 8.335206137432550122e+00 4.608074222008686327e+00 3.571246926036740099e+00 1.904993805768171171e+02 7.772372375615881879e+01
2.050203649850832619e+02 8.027854363259114834e+00 4.648497920082079737e+00 3.308388288569997560e+00 3.726496302280020245e+02 8.264635112129511185e+01
2.374804734892739759e+02 8.235566668246075750e+00 4.718492999888197481e+00 3.544048944957440384e+00 3.656893784126925766e+02 1.487684987165762323e+02
2.987814164895553972e+02 8.286253339177529043e+00 4.607955012487455093e+00 3.690694302598517051e+00 3.728519001762835501e+02 1.467517574205281790e+02
3.345764234772496479e+02 8.848809993022710429e+00 4.921295153678554080e+00 3.704047703513251744e+00 3.767916374181253900e+02 1.373672983002119281e+02
4.232219008797967490e+02 8.522316281756456391e+00 4.837514271340823235e+00 3.718998390403279952e+00 3.775864830990041128e+02 1.420373124298005223e+02
4.944950217351050696e+02 9.633697262576530917e+00 5.406607287534122008e+00 3.743848201887655325e+00 3.530543976841086078e+02 1.390561943954433559e+02
5.786851094885184921e+02 1.044854493178724830e+01 5.604022213467872326e+00 4.160792020213422759e+00 3.570214058297289057e+02 1.464792219646963360e+02
7.008615994348258482e+02 1.059659226156692213e+01 5.907742096917621311e+00 4.289275174615891473e+00 7.244305855800813561e+02 3.213291328370861493e+02
7.656195372311146912e+02 1.095500547197406149e+01 6.062593977429693304e+00 4.405189457091356786e+00 7.259046993047577416e+02 3.268094206548399825e+02
9.258219619667675033e+02 1.078046731468761621e+01 6.459423099567323412e+00 4.576622165465350278e+00 7.146512643811015550e+02 3.172725961951328486e+02
9.520418940606947444e+02 1.156200683211890201e+01 6.047822411487394412e+00 4.866758636561274720e+00 7.610337154955248025e+02 3.253645499847293650e+02
1.067899597704564258e+03 1.107511334583818652e+01 6.175247406864117217e+00 4.854603501988498770e+00 7.483756451546991002e+02 3.233636273667777914e+02
1.151203288465755577e+03 1.130345412211614153e+01 6.799678625643934993e+00 4.559120279397640196e+00 7.265261678167186119e+02 2.988809013997056923e+02
1.249176387377533501e+03 1.147032058996527581e+01 6.362125368686509574e+00 4.678635951719882335e+00 7.112788549087027832e+02 3.123347479997204346e+02
1.457576814649928792e+03 1.176423438693383439e+01 6.578123592248605433e+00 5.054793756131156890e+00 7.253836822349047679e+02 3.097030768189717378e+02
1.553659355681021907e+03 1.185352852393321932e+01 6.393949624504250195e+00 5.087590623112882682e+00 7.055016441963020952e+02 3.130521784988024478e+02
1.888053224946175987e+03 1.313934180054623724e+01 6.698380948580581418e+00 5.200440541753170720e+00 7.769093503472015527e+02 3.254126212563400031e+02
1.984997012149013472e+03 1.304814667205818957e+01 6.604283246392941287e+00 5.141537048640599572e+00 7.926131914603297446e+02 3.004271662562568963e+02
2.225783347596453495e+03 1.358263678809545993e+01 6.998455202518393925e+00 5.254332519587481265e+00 7.863882054490170503e+02 3.255093246068835811e+02
2.351283097877978435e+03 1.366453930075815570e+01 7.129137208082244825e+00 5.511532604408787783e+00 8.246861704891967975e+02 3.239189055593522539e+02
2.552000275920580407e+03 1.388483543810322018e+01 6.872793572217674729e+00 5.305232474187523195e+00 8.379795131526714158e+02 3.117594767815253931e+02
2.717178728087417767e+03 1.352730990788639964e+01 7.562266779010965223e+00 5.557036399463957110e+00 7.810672137606952674e+02 3.273200480221549356e+02
2.985143370329925347e+03 1.432282957451571193e+01 7.477428728345727471e+00 5.465140562401106905e+00 8.092588670986863235e+02 3.181950329698723294e+02
2.916056328387420308e+03 8.002608119624284200e+00 0.000000000000000000e+00 9.262471578142125850e+00 7.981556970017250023e+02 3.149610582590740364e+02
3.014186316450823142e+03 8.225289111866260328e+00 0.000000000000000000e+00 1.005444885065407234e+01 5.948444023261435359e+04 0.000000000000000000e+00
3.072762521310914508e+03 8.469906561361277397e+00 0.000000000000000000e+00 9.895089743488657774e+00 5.952379515995343536e+04 0.000000000000000000e+00
3.115746255891867349e+03 8.379138865779218293e+00 0.000000000000000000e+00 9.962149361970254802e+00 5.993681980430652038e+04 0.000000000000000000e+00
3.369892897213676406e+03 8.411473368459526867e+00 0.000000000000000000e+00 1.092279814632623136e+01 5.496400599070778844e+04 0.000000000000000000e+00
3.265039436726299300e+03 8.816147818190881225e+00 0.000000000000000000e+00 1.108168475858113489e+01 6.032888376318790688e+04 0.000000000000000000e+00
3.400652631914654648e+03 9.195798156648852029e+00 0.000000000000000000e+00 1.073430696608794577e+01 5.521808599654264253e+04 0.000000000000000000e+00
3.449201641283423669e+03 8.838330701086677621e+00 0.000000000000000000e+00 1.131665583812888265e+01 5.502682751207258843e+04 0.000000000000000000e+00
3.752947552323849322e+03 9.070474306277471754e+00 0.000000000000000000e+00 1.107020032897083084e+01 5.630318238860035490e+04 0.000000000000000000e+00
3.595210455328674470e+03 8.995940316492236022e+00 0.000000000000000000e+00 1.153628861194531829e+01 5.612951449048350332e+04 0.000000000000000000e+00
3.978180179466099162e+03 9.734444157096246997e+00 0.000000000000000000e+00 1.117576342859811867e+01 5.922230480917073874e+04 0.000000000000000000e+00
3.951292447731694665e+03 9.164590503300646063e+00 0.000000000000000000e+00 1.087296140697435476e+01 6.030382178550316166e+04 0.000000000000000000e+00
4.149340242217408559e+03 9.853032863308621714e+00 0.000000000000000000e+00 1.128081418393223245e+01 5.708743209177594690e+04 0.000000000000000000e+00
4.282955777594679603e+03 9.828461363951795704e+00 0.000000000000000000e+00 1.178953616576595387e+01 5.940365295354615955e+04 0.000000000000000000e+00
4.074539682073979293e+03 1.018745431528918921e+01 0.000000000000000000e+00 1.183982267123318621e+01 5.576511835666734987e+04 0.000000000000000000e+00
4.427614116517929688e+03 9.808444043600859530e+00 0.000000000000000000e+00 1.218813016647263403e+01 5.747083340197636426e+04 0.000000000000000000e+00
4.684365044403629327e+03 9.724364828221025547e+00 0.000000000000000000e+00 1.133282933792960456e+01 6.030452798890262784e+04 0.000000000000000000e+00
4.470726177016717884e+03 9.601335336019639399e+00 0.000000000000000000e+00 1.215938288681427792e+01 5.927507592794995435e+04 0.000000000000000000e+00
4.636804896256177017e+03 9.724033491825229802e+00 0.000000000000000000e+00 1.182303883067891803e+01 6.019396091644981789e+04 0.000000000000000000e+00
4.733461697898997045e+03 1.008475982217371225e+01 0.000000000000000000e+00 1.250287866376792500e+01 5.881351772122884722e+04 0.000000000000000000e+00
5.073200339563405578e+03 1.049902760971403559e+01 0.000000000000000000e+00 1.226977148718173538e+01 5.898090583873801370e+04 0.000000000000000000e+00
4.945677410851970308e+03 1.034763646851695462e+01 0.000000000000000000e+00 1.198033840142625372e+01 5.840266001575523114e+04 0.000000000000000000e+00
4.916277971001367405e+03 1.015054185735942305e+01 0.000000000000000000e+00 1.183124482371371577e+01 5.868433025826000812e+04 0.000000000000000000e+00
5.135574666197305305e+03 1.067245324557513975e+01 0.000000000000000000e+00 1.216960744419270846e+01 5.728687137039036315e+04 0.000000000000000000e+00
5.186596092265009247e+03 1.114655742797389415e+01 3.585572273100270824e+00 1.266293189690573406e+01 4.609176991474474221e+02 8.179283007019131446e+01
5.114442854342429200e+03 1.118647546599902576e+01 3.637021299414405995e+00 1.274003541531940087e+01 4.379590034900879232e+02 8.789393256689579914e+01
5.166065403611077272e+03 1.112411778164848286e+01 3.499197586846158003e+00 1.232042966390898542e+01 4.448569630516794291e+02 8.808093678032139451e+01
5.511563784029121962e+03 1.158115611600756445e+01 3.428528565554925134e+00 1.343823757001092112e+01 4.457914293999164670e+02 8.364744250180807228e+01
5.361681941227328934e+03 1.066685532433552197e+01 3.672630287181469111e+00 1.341914489173765190e+01 4.240102031654830625e+02 8.092395628421380138e+01
5.418540233835934487e+03 1.081151824837794706e+01 3.472227422841250188e+00 1.257068620202022124e+01 4.228463999913621478e+02 8.531820424867946429e+01
5.771082334121377244e+03 1.154178764233658327e+01 3.452976021895742154e+00 1.285544360171863865e+01 4.411320552025691768e+02 8.221412558261410197e+01
5.521227368138849670e+03 1.113887927115070120e+01 3.746518431548559125e+00 1.341788801961371469e+01 4.416504499827248651e+02 8.548208897836386200e+01
5.704543500193455657e+03 1.111077707923640290e+01 3.591221675002052915e+00 1.253135937759010687e+01 4.224126688954667657e+02 8.245575939196295678e+01
5.748857587696055816e+03 1.095387722830902177e+01 3.490382778390009211e+00 1.337183453854844828e+01 4.231253841920834020e+02 8.864512913514333547e+01
6.198739824052098811e+03 1.115880151853674107e+01 3.760564079690017270e+00 1.324921678716756368e+01 4.126757033087787363e+02 8.505954031811812399e+01
6.157951246411391367e+03 1.141499426841243725e+01 3.786258824615698959e+00 1.321462247813810542e+01 4.118555386600982047e+02 8.673479200509002851e+01
6.472918572026271249e+03 1.087285127997434842e+01 3.776486268524831047e+00 1.304799833634392137e+01 4.426567708997645809e+02 8.487074639658422370e+01
6.448672356902541651e+03 1.125263627851069259e+01 3.636868164490207000e+00 1.285750527575710223e+01 4.146486484809714739e+02 8.801479473048112823e+01
