2.962076157824957701e-01 5.713548363720687639e+00 3.495634305965808597e+00 2.738974024546566799e+00 1.350557748115805907e+03 5.784646692149234468e+02
3.257730761196776115e+01 5.838324667970487880e+00 3.382370900015790216e+00 2.796055170563958470e+00 1.416072585066705642e+03 6.201158245795617177e+02
3.497390344773569382e+01 7.590135206403053836e+00 4.270252069674441486e+00 3.279207948589099253e+00 1.467554701789876390e+03 5.963568948391249478e+02
4.776679671679390538e+01 8.043365079037975818e+00 4.272583885934660763e+00 3.419853276970575617e+00 1.416648829765980736e+03 6.069384687089468571e+02
9.850409225244357003e+01 8.288336199700291118e+00 4.633412658640758686e+00 3.439375207833522907e+00 2.056347266746508069e+02 7.912997070748106410e+01
1.452194622069055754e+02 7.967851547474059437e+00 4.418608099157929736e+00 3.544793117462188281e+00 2.090817162804784175e+02 8.358253414089743671e+01
2.064935527253702787e+02 8.360000366181148834e+00 4.504092988777621542e+00 3.414734957620369382e+00 3.770082634076214845e+02 8.112600693897958593e+01
2.481147972584812464e+02 8.684087999416849613e+00 4.831483002592008802e+00 3.565928711545927499e+00 3.713632093062075228e+02 1.406951670486839703e+02
3.116139606710765406e+02 8.164868478215273839e+00 4.797342746612847542e+00 3.513035189804874392e+00 3.615258473977174276e+02 1.453505523760990172e+02
3.586546577656125692e+02 9.186776603559730248e+00 4.851570659145683528e+00 3.417802617232416740e+00 3.440483721251923726e+02 1.416287367950470752e+02
4.006972128468478900e+02 8.904082452905935696e+00 4.992773248441245926e+00 3.794229593162290470e+00 3.613575143986736862e+02 1.390565372666990243e+02
5.054697382590817369e+02 9.971542088611423438e+00 5.541246759535338740e+00 3.816658502724938451e+00 3.433571098159017083e+02 1.413243293978766815e+02
5.717197341627437481e+02 1.066494149988345619e+01 5.481057979927832946e+00 4.110894036456708811e+00 3.705161305817495645e+02 1.450368600503148002e+02
6.953771815130073719e+02 1.076324025084834624e+01 5.871784491385213300e+00 4.227945409971812118e+00 7.185390836678764117e+02 3.211011301688476465e+02
7.604168469674716562e+02 1.122527380035043088e+01 6.029029796222211246e+00 4.516035517441325808e+00 7.713686743302903324e+02 3.222329325461593612e+02
9.231495690938398866e+02 1.168732621564377361e+01 6.158348364591059720e+00 4.748383865773793566e+00 7.619139785826178013e+02 3.084919161148712305e+02
9.534033160745918849e+02 1.188987612081106882e+01 6.219527626300244805e+00 4.580440109296702644e+00 7.329392053679274568e+02 3.237088599917480565e+02
1.102594486358883159e+03 1.212558152966818881e+01 6.474946995421242413e+00 4.591833508070804371e+00 7.369489754998674016e+02 3.014585869389089225e+02
1.244328753320779242e+03 1.212623833253786465e+01 6.397695539630017691e+00 4.922501252348997269e+00 7.495650827766518205e+02 3.231679707778347961e+02
1.324136697302925995e+03 1.228219766574803096e+01 6.683018941081567910e+00 4.894428062650136191e+00 7.738785858147435874e+02 2.982338600171047460e+02
1.354951309044427262e+03 1.230541157913877193e+01 6.406971204425938815e+00 4.887038862600327604e+00 7.109436469949603179e+02 3.086779968771377298e+02
1.532676350449378560e+03 1.173074216233940525e+01 6.512962883639145772e+00 4.993724507838215310e+00 7.734518840953359131e+02 3.114820614056844761e+02
1.781251660236853013e+03 1.218349448330617157e+01 6.969525788874269878e+00 5.151255875528121031e+00 8.094574623036528465e+02 3.164626639887173383e+02
2.014132889981181506e+03 1.284266341936544542e+01 6.769378549595974626e+00 5.136332397101429414e+00 8.050601079056825711e+02 3.169764016923692793e+02
2.175666498497005250e+03 1.245649325003670604e+01 6.969619153123452371e+00 5.322892707983474025e+00 7.903924676664537401e+02 3.020241630215342639e+02
2.201726276369371590e+03 1.322693653482649978e+01 7.215780393308652840e+00 5.372741072322536837e+00 7.778713575068554746e+02 2.981889038858423078e+02
2.705493227213098635e+03 1.317852612157371439e+01 7.064251523761851281e+00 5.141069158490826574e+00 8.164442248812980552e+02 3.093673300618069675e+02
2.637973100317886292e+03 1.361242994171566423e+01 7.443199152706297284e+00 5.794898957450506316e+00 8.245317195155892023e+02 3.209827140563876355e+02
2.795375484906545807e+03 1.359183191802464918e+01 7.509702965437544897e+00 5.665424541612101628e+00 8.280779803994076929e+02 3.079404543581027838e+02
2.869202452565824842e+03 7.825482699774396700e+00 0.000000000000000000e+00 9.944036732603075635e+00 8.318851137943545382e+02 3.069924848592477247e+02
2.858714298345640145e+03 8.460764301707529356e+00 0.000000000000000000e+00 1.032197670801351030e+01 5.805587297632790433e+04 0.000000000000000000e+00
3.012451795223801128e+03 8.745535435242263844e+00 0.000000000000000000e+00 1.061642289752280455e+01 5.741345906076924439e+04 0.000000000000000000e+00
3.210734898968940342e+03 8.133720409569205501e+00 0.000000000000000000e+00 1.069102046312992904e+01 5.613778687874865864e+04 0.000000000000000000e+00
3.203715466382536306e+03 8.443596515219830678e+00 0.000000000000000000e+00 1.086415315725634656e+01 5.856251615874309937e+04 0.000000000000000000e+00
3.441003173444943513e+03 8.887040527096168319e+00 0.000000000000000000e+00 1.101098504286508195e+01 5.673928506627983734e+04 0.000000000000000000e+00
3.502659210540196455e+03 9.130466613089186723e+00 0.000000000000000000e+00 1.054932780354212341e+01 5.569064700087082019e+04 0.000000000000000000e+00
3.532097106422454544e+03 8.818986784528629386e+00 0.000000000000000000e+00 1.055618422756031194e+01 5.746858438956073223e+04 0.000000000000000000e+00
3.537483192527376559e+03 9.089405932891835960e+00 0.000000000000000000e+00 1.121375785951994786e+01 5.756176627616339101e+04 0.000000000000000000e+00
3.892666271446961218e+03 9.434741119163755130e+00 0.000000000000000000e+00 1.092111262124669757e+01 5.877370489457837539e+04 0.000000000000000000e+00
4.011180380914745456e+03 8.977129579431336381e+00 0.000000000000000000e+00 1.131658726023155026e+01 5.614363343675985379e+04 0.000000000000000000e+00
3.988611837329379796e+03 9.676660127910867715e+00 0.000000000000000000e+00 1.180987246991899831e+01 5.983236519633137505e+04 0.000000000000000000e+00
4.007117633666681286e+03 9.448908259368067775e+00 0.000000000000000000e+00 1.098233380860324360e+01 6.030404569110022567e+04 0.000000000000000000e+00
4.353438198008677318e+03 9.188177843667475031e+00 0.000000000000000000e+00 1.178983355164525904e+01 5.959038892438103358e+04 0.000000000000000000e+00
4.293903643101658417e+03 1.001847437574153155e+01 0.000000000000000000e+00 1.109932606135594213e+01 5.648476590786494489e+04 0.000000000000000000e+00
4.483227799327942193e+03 9.400730566243671760e+00 0.000000000000000000e+00 1.142872755932269158e+01 5.961541430825142015e+04 0.000000000000000000e+00
4.401483734231524977e+03 9.483538889858754928e+00 0.000000000000000000e+00 1.157980508077502435e+01 5.837787430635241617e+04 0.000000000000000000e+00
4.529334295688993734e+03 1.035547401848884519e+01 0.000000000000000000e+00 1.157449236227146372e+01 5.929355867920107994e+04 0.000000000000000000e+00
4.851510459416192134e+03 1.033269104050846288e+01 0.000000000000000000e+00 1.147141931161874417e+01 5.584128682003202994e+04 0.000000000000000000e+00
5.008949830041254245e+03 9.919640630239660695e+00 0.000000000000000000e+00 1.149167463292488378e+01 5.961260432199316710e+04 0.000000000000000000e+00
4.904704880093150678e+03 9.772379288778642703e+00 0.000000000000000000e+00 1.231056030996072259e+01 5.680109843714849558e+04 0.000000000000000000e+00
5.109650883462497404e+03 1.069001610988353335e+01 0.000000000000000000e+00 1.192382383180470029e+01 5.611249182540460606e+04 0.000000000000000000e+00
4.844425337333163952e+03 1.038011204821119193e+01 0.000000000000000000e+00 1.163047323805762545e+01 6.062117109745184280e+04 0.000000000000000000e+00
5.035837296036275802e+03 9.973020103226502897e+00 0.000000000000000000e+00 1.196408190041756114e+01 5.862757623163593962e+04 0.000000000000000000e+00
5.152576286203113341e+03 1.087604017847436921e+01 3.387696955075336636e+00 1.279708553432864271e+01 4.634309009890105813e+02 8.399989722481180365e+01
5.216203841320018910e+03 1.138862012372433696e+01 3.450522002035925517e+00 1.250818777730539466e+01 4.656820400927983314e+02 8.825274488762869396e+01
5.440927766554633308e+03 1.091157253165205709e+01 3.445995491336755645e+00 1.225245233749564555e+01 4.484524761636087646e+02 8.406590280677949067e+01
5.574315857987437084e+03 1.080236586602538829e+01 3.420342563551306281e+00 1.327230572612747928e+01 4.358943681136861414e+02 8.311585339659472993e+01
5.453799476747708468e+03 1.138672721238546792e+01 3.430450117781385533e+00 1.328028208844366809e+01 4.277362893921734326e+02 8.415805424074788732e+01
5.847896424633256174e+03 1.076312076806354945e+01 3.535720426415140949e+00 1.300333014815895893e+01 4.266037565241753100e+02 8.131107013935063321e+01
5.555647210535072190e+03 1.165784843351383238e+01 3.482509680039293620e+00 1.268080218105992252e+01 4.239895909249897841e+02 8.569699011663878707e+01
5.880269329390180246e+03 1.091493801647554740e+01 3.502253889186530245e+00 1.325501132205499744e+01 4.470770611449016769e+02 8.363622785531882187e+01
5.821938402476187548e+03 1.130282789668361509e+01 3.495822719701141779e+00 1.247697863659201190e+01 4.298907595875877519e+02 8.336075107322109545e+01
5.861067849361315893e+03 1.073603319103835219e+01 3.773390064080366813e+00 1.329875387452572078e+01 4.170900019299551218e+02 8.778967921872778390e+01
5.842397729616272045e+03 1.077935778019302049e+01 3.792649755416967139e+00 1.347741527752180701e+01 4.364735571159209258e+02 8.427366274362115917e+01
6.185624837396117982e+03 1.106067791503830300e+01 3.678015954131786280e+00 1.303132670445588559e+01 4.174160457582246408e+02 8.475794382103663338e+01
6.416675128651407249e+03 1.106836051488407691e+01 3.578972469715256732e+00 1.332472496086925418e+01 4.465159805947031373e+02 8.420077615132694859e+01
6.123351048822555640e+03 1.088983892651181051e+01 3.507689020029685523e+00 1.246513007921740801e+01 4.327837650700133736e+02 8.340999651144714733e+01
