-2.101126076603427872e-01 5.919234600964879078e+00 3.262083688449274099e+00 2.797940202062904280e+00 1.401189722556088100e+03 6.138052513249928097e+02
3.313937150915216989e+01 5.917339045063306990e+00 3.480306924133029334e+00 2.704568056814690369e+00 1.374909062874862229e+03 5.768379472128069665e+02
3.301491837055345968e+01 7.560697211979075405e+00 4.288398410218861478e+00 3.441994824179077206e+00 1.384575646562232123e+03 6.298266505110675553e+02
5.169435025360570535e+01 8.082730623055287111e+00 4.310736125790328721e+00 3.398469584887810147e+00 1.400218192850066998e+03 6.154774045242404554e+02
9.557054551755103944e+01 7.689616181311139442e+00 4.433920106370205616e+00 3.489024453729972386e+00 2.041487949682206704e+02 8.240730369952686374e+01
1.432892891965712465e+02 8.045867216254235288e+00 4.718095008287939152e+00 3.440725172902578066e+00 2.049461536732556510e+02 8.135897541049708082e+01
2.044360881756254287e+02 7.964043384886255517e+00 4.803852696933599731e+00 3.548361288156906657e+00 3.544840606484761452e+02 8.121256724951244621e+01
2.612334323664133535e+02 8.561319975104742852e+00 4.562807923381267727e+00 3.438704650860330503e+00 3.768146338963355220e+02 1.492253412925404064e+02
3.087601897616904125e+02 8.584027961954117103e+00 4.801875266036581102e+00 3.504450077220087056e+00 3.563935282963319651e+02 1.464074689342532736e+02
3.351178204692024565e+02 8.695418825150881048e+00 4.714589872302199502e+00 3.764404997888784354e+00 3.623877268387424238e+02 1.483437135790908314e+02
4.057546534947085775e+02 8.926451957918969171e+00 4.781005994450998386e+00 3.653049995085921875e+00 3.430468166338752667e+02 1.468506730313221453e+02
5.203032379835667598e+02 9.519489759857133748e+00 5.414710813397217493e+00 3.973492898484252134e+00 3.727097433457948910e+02 1.419912860798842189e+02
6.292830479917982984e+02 1.041494423520933132e+01 5.587078299664714365e+00 4.017536925598032660e+00 3.447588056674572385e+02 1.390995748132978349e+02
6.720723872618622181e+02 1.088242971215371746e+01 6.031849331739937092e+00 4.454789145576840248e+00 7.263842008854365986e+02 3.161581435276045227e+02
7.917948682157099256e+02 1.047831017397730058e+01 5.872726685211104858e+00 4.640372036732317795e+00 7.482155616762074715e+02 3.162166534105376741e+02
9.131540540253663494e+02 1.114321297663373223e+01 6.270989384100755792e+00 4.613486581452830748e+00 7.454655865068048115e+02 2.986821411091055438e+02
9.686945610504527622e+02 1.094002405388699906e+01 6.042563395685440319e+00 4.860211168701312978e+00 7.765454710835629157e+02 3.014071656132090311e+02
1.144818575449729906e+03 1.106627162684704757e+01 6.292606835237444685e+00 4.618537935750536505e+00 7.551444199771692638e+02 3.122164644494285994e+02
1.248696959332789902e+03 1.223778749176775271e+01 6.468750096379364933e+00 4.722182921429425306e+00 7.366846682803760586e+02 3.030017144254687196e+02
1.359819109721897348e+03 1.165106033431405130e+01 6.669414105069579435e+00 4.658430326621687101e+00 7.301760172654579719e+02 3.241009653506234258e+02
1.434595007862124021e+03 1.159174553855227607e+01 6.440258699735161407e+00 5.074305642446008235e+00 7.309191936141395445e+02 3.218388079628521723e+02
1.588386664577862575e+03 1.285279824599755827e+01 6.834392728479861567e+00 5.216944933935496742e+00 7.234047500459548701e+02 2.976034642551383627e+02
1.816506469546459812e+03 1.285891504401924834e+01 6.869521068423260601e+00 5.125729419812364185e+00 7.671771969938339453e+02 3.155550531018674292e+02
2.085072901854174688e+03 1.226865646406208832e+01 7.185536028520472129e+00 5.048730019543424596e+00 7.694799064374660702e+02 2.992622738600160233e+02
2.211822745629357087e+03 1.315377737997581065e+01 6.763216056142451471e+00 5.137188036894725585e+00 8.149336890451401132e+02 3.130290157735012144e+02
2.240330635636631087e+03 1.274353538937659280e+01 6.877896545112727189e+00 5.522072981213149490e+00 7.740719676572799699e+02 3.187284271376944957e+02
2.548082833557505637e+03 1.264212198117307295e+01 7.371026366932054152e+00 5.399720984217316833e+00 8.149242808815026820e+02 3.193985669746481335e+02
2.682491307093866908e+03 1.337460905352315521e+01 7.550619496003943887e+00 5.387219667439536508e+00 8.029457047632771491e+02 3.195866467050493611e+02
3.026179368750493268e+03 1.337355039765269993e+01 7.191622485165876988e+00 5.684139538958113747e+00 7.926843616502238774e+02 3.112023441517919764e+02
3.012088437363811863e+03 8.293324128451406096e+00 0.000000000000000000e+00 9.639051901854781335e+00 8.010792376742746228e+02 3.189266783695028380e+02
3.057225195545473525e+03 8.608531803897442103e+00 0.000000000000000000e+00 9.946204332747862864e+00 6.051891236332894186e+04 0.000000000000000000e+00
2.980040643851375080e+03 8.609783783664481049e+00 0.000000000000000000e+00 1.004692729785501903e+01 5.503433358116264571e+04 0.000000000000000000e+00
3.072823017905417146e+03 8.668295841684388492e+00 0.000000000000000000e+00 1.084136766836018673e+01 5.823093079668555583e+04 0.000000000000000000e+00
3.114507394738158837e+03 8.760332841178223973e+00 0.000000000000000000e+00 1.016617427391020456e+01 5.729866492619784549e+04 0.000000000000000000e+00
3.538466869824889272e+03 8.704776202647183325e+00 0.000000000000000000e+00 1.107431874813048722e+01 5.840319079888817214e+04 0.000000000000000000e+00
3.316203056942717467e+03 9.194870906347590633e+00 0.000000000000000000e+00 1.040349850489895722e+01 5.791428483270965080e+04 0.000000000000000000e+00
3.690966602447969308e+03 8.755687929116248824e+00 0.000000000000000000e+00 1.106834295952886293e+01 5.538037674908976624e+04 0.000000000000000000e+00
3.829410089553993203e+03 9.212669805681013457e+00 0.000000000000000000e+00 1.135209042719574057e+01 5.737665714502897754e+04 0.000000000000000000e+00
3.672002935141890703e+03 8.995344916345610287e+00 0.000000000000000000e+00 1.145572897250873190e+01 5.707363472129835282e+04 0.000000000000000000e+00
3.808139670905803086e+03 9.799827188243178000e+00 0.000000000000000000e+00 1.074070912425463398e+01 5.548901206623692997e+04 0.000000000000000000e+00
3.972286181250395657e+03 9.147692682115124541e+00 0.000000000000000000e+00 1.167712442931391514e+01 5.554595554428191099e+04 0.000000000000000000e+00
4.242925248769490281e+03 9.225800167755174641e+00 0.000000000000000000e+00 1.143766511631407568e+01 5.960736079413680272e+04 0.000000000000000000e+00
4.167724915803707518e+03 9.322684604198077096e+00 0.000000000000000000e+00 1.119664432985197777e+01 5.806979622158171696e+04 0.000000000000000000e+00
4.396981267767876489e+03 9.604473066687379657e+00 0.000000000000000000e+00 1.127260005552406597e+01 5.830524271150693676e+04 0.000000000000000000e+00
4.328422611953033993e+03 1.028727071272981775e+01 0.000000000000000000e+00 1.175507301509010105e+01 5.733382396969915135e+04 0.000000000000000000e+00
4.608082676204300697e+03 1.008353583329943604e+01 0.000000000000000000e+00 1.180935079061853976e+01 6.061883157503930124e+04 0.000000000000000000e+00
4.611413760434560572e+03 9.692000559205128596e+00 0.000000000000000000e+00 1.123500444942460064e+01 5.598864651411956584e+04 0.000000000000000000e+00
4.566147227583021959e+03 1.032506579173952233e+01 0.000000000000000000e+00 1.149171075216080418e+01 5.764022430407771753e+04 0.000000000000000000e+00
4.575251568719571878e+03 9.712274643629653426e+00 0.000000000000000000e+00 1.159721943413343226e+01 5.889650813997080695e+04 0.000000000000000000e+00
4.843589567123470260e+03 1.019725310290905007e+01 0.000000000000000000e+00 1.148487521111272258e+01 6.020993905769282719e+04 0.000000000000000000e+00
4.748581561232541389e+03 1.050828871824613664e+01 0.000000000000000000e+00 1.208235812602471171e+01 5.540380904659652151e+04 0.000000000000000000e+00
5.166248753117103661e+03 1.057787697793669324e+01 0.000000000000000000e+00 1.155565466031601041e+01 5.622789371082821890e+04 0.000000000000000000e+00
5.267711638638638760e+03 1.020186569113621289e+01 0.000000000000000000e+00 1.255878854628729080e+01 5.743379007030856883e+04 0.000000000000000000e+00
5.216774271227891404e+03 1.116020610444360450e+01 3.584247161904364543e+00 1.293758527393091917e+01 4.409959973435890674e+02 8.301141178942960153e+01
5.263349072128673470e+03 1.156909414111951584e+01 3.589948282917744038e+00 1.309797443333319755e+01 4.658996124138141113e+02 8.626961228344701738e+01
5.292165723062945290e+03 1.084817813356564109e+01 3.662861799596146994e+00 1.308348755355519444e+01 4.379353413579051448e+02 8.870987869481339771e+01
5.417420990218579391e+03 1.110930099602925836e+01 3.547301836874287240e+00 1.255158067474948957e+01 4.339919172806214078e+02 8.103032180335590340e+01
5.667562476482868988e+03 1.069649989738855744e+01 3.701488738912820597e+00 1.310167580898093043e+01 4.311378252916975953e+02 8.202901494021280371e+01
5.448208654513297915e+03 1.131485208547589139e+01 3.514181602443240848e+00 1.314375284486061979e+01 4.286122580302774168e+02 8.920603578548255541e+01
5.558069235914737874e+03 1.165021527186045347e+01 3.748300331136881436e+00 1.234442168393493411e+01 4.392646923693559415e+02 8.216184507131467285e+01
5.987644954214103564e+03 1.131624939326700741e+01 3.708597628795725853e+00 1.261772689552788229e+01 4.369406698148935675e+02 8.428975511906915585e+01
5.836296787782587671e+03 1.106447076413344455e+01 3.820857865083856275e+00 1.327682215550733780e+01 4.536259497802296323e+02 8.241302346221118569e+01
6.201023345791651991e+03 1.124146491899794142e+01 3.782800520818406564e+00 1.247604349310925720e+01 4.198648109803218063e+02 8.592054886271193936e+01
5.795014729475629792e+03 1.099115169614809950e+01 3.544776666895575801e+00 1.290969533783487222e+01 4.258381915975832612e+02 8.851115543707888378e+01
6.438446043460568035e+03 1.111226551043700717e+01 3.721196840575339948e+00 1.262811000629204550e+01 4.432417627200526340e+02 8.296543834415996344e+01
6.165916229831693272e+03 1.145051399143880744e+01 3.492671270482616386e+00 1.333593849318324587e+01 4.450521459255069203e+02 8.354183005247138283e+01
6.549289644166586186e+03 1.084638140123852068e+01 3.603673629339058770e+00 1.259542926341630142e+01 4.374312856011179633e+02 8.078009962666376964e+01
