9.689582529693208102e-02 5.549537542689980896e+00 3.353312698927184421e+00 2.668890787835088929e+00 1.354321350263425529e+03 5.744724618542146573e+02
3.187137344867505462e+01 5.633479399367961271e+00 3.369536060290663659e+00 2.804926587882747846e+00 1.430858565637090578e+03 6.289756768041316946e+02
3.326358407002616246e+01 8.078492695950583169e+00 4.270502840348902041e+00 3.386623795797349068e+00 1.388552242633068317e+03 6.078180965242285083e+02
5.228406507715465779e+01 8.120960477441849790e+00 4.296265058098151179e+00 3.329144878035242172e+00 1.437853474966077556e+03 6.067594523329443064e+02
1.049224877359461203e+02 7.909154455520119420e+00 4.545464832210909911e+00 3.279003420647035316e+00 1.961599136016556031e+02 8.138810872208124181e+01
1.449410827326616698e+02 8.163290740710309024e+00 4.722147298725033693e+00 3.403526612557111530e+00 2.059219119856741997e+02 8.235285993902509460e+01
2.030443953300515147e+02 8.547213848573592898e+00 4.796633526004275616e+00 3.640285645103372492e+00 3.459291875147309838e+02 7.789121340474576982e+01
2.487997098031008250e+02 8.390584876611812959e+00 4.866748859724951082e+00 3.609261470193125376e+00 3.752075475479686588e+02 1.456318377447242938e+02
2.876652033597680997e+02 8.529258077176889330e+00 4.660355628067581080e+00 3.678909415080925172e+00 3.578065358689396476e+02 1.464542346475976728e+02
3.477766493602718469e+02 8.986548669931650579e+00 4.923539465362862799e+00 3.461151544996230900e+00 3.679314436747017112e+02 1.447939854808435598e+02
4.156738554478698120e+02 8.817355049872743322e+00 4.886222225656871920e+00 3.820059720386685065e+00 3.691504749940220904e+02 1.420041843508934107e+02
5.026780890045862975e+02 9.471938212995736350e+00 5.426482161152228478e+00 3.828363755945311198e+00 3.577941904561845377e+02 1.441016183308709628e+02
6.255165272625094985e+02 1.021249780781263006e+01 5.542748150245790484e+00 4.194453570457127967e+00 3.754114349577718031e+02 1.436549691790748398e+02
6.409308159394669246e+02 1.059133878407938134e+01 5.877498584753313438e+00 4.186700805524377955e+00 7.357496365564943517e+02 2.989068221808176418e+02
7.797391243354878725e+02 1.147364996334740894e+01 6.135533391799774527e+00 4.609785491964923487e+00 7.704922875526423240e+02 3.252767147370869907e+02
8.597162085431392597e+02 1.089793678445094294e+01 6.294569071970592233e+00 4.761544888259892971e+00 7.508397181511199960e+02 3.205495284608277302e+02
1.004242196052425470e+03 1.165122079277263545e+01 6.100468161152241997e+00 4.717668711231132406e+00 7.130501806005486287e+02 3.136508826192700781e+02
1.154771666543840638e+03 1.166882621212245574e+01 6.451091338943662379e+00 4.903539216216382002e+00 7.702093710070701036e+02 3.061857104147955511e+02
1.224900586812321990e+03 1.173956996169254019e+01 6.536295902173280048e+00 4.654827642859127756e+00 7.479919102491292051e+02 3.208318602401406565e+02
1.362444263177995026e+03 1.175381502714895277e+01 6.289231672945734708e+00 4.596293138169440518e+00 7.385788139459170907e+02 3.201683630004059751e+02
1.444392184683269534e+03 1.139822743314067388e+01 6.539600533940959970e+00 4.894380401276162473e+00 7.612772408538468198e+02 3.162838142209874377e+02
1.522672526421191833e+03 1.209523898730134306e+01 6.445579126409035631e+00 4.835543802995840856e+00 7.712864707588968258e+02 3.158259249844189753e+02
1.786764541747331577e+03 1.213208785904553189e+01 6.565292449038545364e+00 5.171193949735510387e+00 7.739461435425903346e+02 3.044194625190166335e+02
1.964975604811475705e+03 1.231120195550966123e+01 6.730927024342407528e+00 5.149624634752445473e+00 8.167096071839119986e+02 3.087531401760659264e+02
2.215840087733448854e+03 1.361159902285900003e+01 6.925902325422504724e+00 5.520889018593190478e+00 8.168330562516205191e+02 3.141186591789611384e+02
2.339857177072920422e+03 1.372615984469517691e+01 7.193708141381415011e+00 5.415188960269388119e+00 7.805325125469618115e+02 3.157721921705708041e+02
2.487647017150420652e+03 1.373837965281379780e+01 6.928651321547391717e+00 5.174808229907877255e+00 7.723775545225225869e+02 3.273368496203403311e+02
2.657498869682921850e+03 1.411028181888407218e+01 7.607107558564439209e+00 5.418629274812716723e+00 7.725599602360560993e+02 3.120093149373173560e+02
2.847529278320660978e+03 1.307342078262819918e+01 7.103978801348104888e+00 5.550973284950420528e+00 7.855843633471156409e+02 3.046621396373247990e+02
2.759577379562365422e+03 8.295858968935222677e+00 0.000000000000000000e+00 9.759033987944102151e+00 7.697836148083429180e+02 3.210262457054606671e+02
3.033301625566698476e+03 8.091870277741557871e+00 0.000000000000000000e+00 1.036854159301411471e+01 5.639778404619696084e+04 0.000000000000000000e+00
3.063782249841890007e+03 8.207243272694579872e+00 0.000000000000000000e+00 9.933638314753867604e+00 5.884609088663184957e+04 0.000000000000000000e+00
3.075936603250668213e+03 8.249529370061139844e+00 0.000000000000000000e+00 1.019185464565356725e+01 5.709369410645320022e+04 0.000000000000000000e+00
3.228083530564853845e+03 9.019683312930846242e+00 0.000000000000000000e+00 1.067024051629634229e+01 5.581491965334086126e+04 0.000000000000000000e+00
3.460801704001460621e+03 8.617947744279600641e+00 0.000000000000000000e+00 1.046008971407269428e+01 6.071046221024287661e+04 0.000000000000000000e+00
3.335579906558858056e+03 8.886203712979423130e+00 0.000000000000000000e+00 1.068715577718161214e+01 5.907399934625087189e+04 0.000000000000000000e+00
3.560392385085401656e+03 9.352322695851247758e+00 0.000000000000000000e+00 1.120338150676052713e+01 5.784808814258710481e+04 0.000000000000000000e+00
3.800096913045899328e+03 8.866747285821437785e+00 0.000000000000000000e+00 1.063162566930885689e+01 5.503983356131282926e+04 0.000000000000000000e+00
3.863722303671689588e+03 9.048513345068279534e+00 0.000000000000000000e+00 1.138662185755350542e+01 5.652117523412228911e+04 0.000000000000000000e+00
3.934856393920349092e+03 8.999196641133714536e+00 0.000000000000000000e+00 1.074932897349188110e+01 5.686187889711532625e+04 0.000000000000000000e+00
3.883099064565753451e+03 9.487970862484676360e+00 0.000000000000000000e+00 1.101234240629434602e+01 6.031785048355675099e+04 0.000000000000000000e+00
4.238157276777066727e+03 9.904283976793774258e+00 0.000000000000000000e+00 1.125865063357543505e+01 5.808788403358265350e+04 0.000000000000000000e+00
4.346064268958645698e+03 1.010215895896545746e+01 0.000000000000000000e+00 1.182199885112898308e+01 5.629790862989971356e+04 0.000000000000000000e+00
4.097159873929981586e+03 9.338429129912341864e+00 0.000000000000000000e+00 1.137417418706097649e+01 5.625015886227595911e+04 0.000000000000000000e+00
4.377785133427933033e+03 1.028385441252292054e+01 0.000000000000000000e+00 1.155893529227897609e+01 5.722944056182186614e+04 0.000000000000000000e+00
4.290018001471162279e+03 9.783303184030341271e+00 0.000000000000000000e+00 1.146016422065545015e+01 5.877494683767259994e+04 0.000000000000000000e+00
4.699926092896525915e+03 9.977368738310106622e+00 0.000000000000000000e+00 1.220406438552238981e+01 5.813989902291928593e+04 0.000000000000000000e+00
4.647291926389242690e+03 9.611273637634422329e+00 0.000000000000000000e+00 1.179405138607604364e+01 5.707502489862506627e+04 0.000000000000000000e+00
4.920977504353828408e+03 9.958877879736691696e+00 0.000000000000000000e+00 1.247608353619661692e+01 5.518996900383780303e+04 0.000000000000000000e+00
4.664093619600319471e+03 1.026251637573915332e+01 0.000000000000000000e+00 1.165458629533448409e+01 5.540493116738566459e+04 0.000000000000000000e+00
4.774690070551317149e+03 1.070618034810425279e+01 0.000000000000000000e+00 1.231562955721516062e+01 6.015739415967933746e+04 0.000000000000000000e+00
5.064308868698336482e+03 9.864664373828059496e+00 0.000000000000000000e+00 1.245231236417646770e+01 5.698087375192795298e+04 0.000000000000000000e+00
5.123876093198906347e+03 1.062013386528302306e+01 0.000000000000000000e+00 1.165446812250673148e+01 5.663888380185924325e+04 0.000000000000000000e+00
4.918695494010137736e+03 1.065347332293361582e+01 3.377281851462448525e+00 1.216540138622994149e+01 4.616229372040136809e+02 8.099370896406630038e+01
5.426059106348598107e+03 1.150942784070854508e+01 3.526491830656300230e+00 1.274961198287677000e+01 4.468929331110798557e+02 8.529186248318288222e+01
5.176595926912621508e+03 1.105348141266910744e+01 3.539816453869558899e+00 1.278629459227505016e+01 4.210335933927019596e+02 8.453722707448804385e+01
5.404988837259857974e+03 1.106291255031711884e+01 3.392254587317096615e+00 1.285012788059346001e+01 4.438482529954390543e+02 8.851987809410968566e+01
5.350960066023551917e+03 1.157332435264327408e+01 3.660661456421749449e+00 1.278164577806857061e+01 4.328128268741666602e+02 8.725352556600951459e+01
5.722589621720301693e+03 1.139282563418485772e+01 3.441240756664157185e+00 1.300698146278061351e+01 4.437352859327596661e+02 8.819838372003992788e+01
5.886696087026827627e+03 1.104843309349456604e+01 3.740817605402581680e+00 1.353498122015886018e+01 4.146956092218088656e+02 8.225409552919680323e+01
5.848605862800741306e+03 1.100988632434818548e+01 3.493180142256784748e+00 1.238086158274817095e+01 4.298718689411540481e+02 8.522591348235985720e+01
6.071656024257719764e+03 1.141629010718960657e+01 3.653971494015918253e+00 1.239926999303089161e+01 4.359160501374839214e+02 8.187525062470238879e+01
5.750973199822539755e+03 1.144824109263513279e+01 3.650087144205741208e+00 1.335226929756701963e+01 4.373650102109835416e+02 8.080948288522809264e+01
6.083731173451767972e+03 1.128846651532620982e+01 3.805226772748315334e+00 1.335955475778651547e+01 4.223231443912630994e+02 8.310820114260795322e+01
6.187112069801822145e+03 1.156346523519521519e+01 3.787335766202465148e+00 1.360870688988159394e+01 4.117271062101053758e+02 8.097608030342469476e+01
6.394263629522378324e+03 1.081155171036054341e+01 3.681755874551001284e+00 1.343885388239272416e+01 4.507375059729584450e+02 8.919550794027171037e+01
6.485160076504370409e+03 1.154305418622721291e+01 3.717225565623367256e+00 1.250507388049920010e+01 4.356722305625989975e+02 8.315590038099547598e+01
