-1.657695782633594739e-02 5.830019567079308906e+00 3.244191065002977936e+00 2.912807964443478781e+00 1.386345387383722937e+03 5.777312460820553497e+02
3.449753753924819932e+01 5.662545711268585968e+00 3.435555210600389930e+00 2.697325546702552757e+00 1.338062012202768528e+03 6.193959692017745056e+02
3.409517482805406985e+01 7.832117718726755662e+00 4.169656899358853863e+00 3.451233228020449850e+00 1.458751166099159491e+03 6.030438999131623632e+02
4.749966910899590289e+01 7.467764183796336219e+00 4.486814537981345552e+00 3.198602343989466856e+00 1.380583252169890784e+03 5.788099424385625298e+02
1.026964896216198042e+02 7.674626882590895427e+00 4.525103557135028431e+00 3.449050224016324329e+00 1.931665167750395540e+02 7.874827954455452073e+01
1.434267828682671393e+02 7.764147544398050549e+00 4.716385271372735666e+00 3.537117505762212843e+00 2.063660756765565907e+02 8.151079643057042290e+01
1.895789354958302226e+02 8.489572269772107660e+00 4.452298999557366521e+00 3.320081978870693451e+00 3.663921562214581513e+02 7.747427302102936153e+01
2.452271437302733545e+02 8.429746327885434098e+00 4.522832394021827795e+00 3.666933820361630403e+00 3.702247862117915247e+02 1.472674547472958295e+02
2.880479952927594240e+02 8.260795482095364406e+00 4.568885266870723605e+00 3.622954701103854536e+00 3.742839871410553201e+02 1.435792582947461540e+02
3.461985003787015671e+02 8.668725274337647946e+00 5.015302942748749437e+00 3.742614755958232564e+00 3.759206392505523695e+02 1.423422676897248209e+02
4.312744953856243910e+02 8.553179979369824437e+00 4.798405295387772718e+00 3.609591437933721281e+00 3.576371556605938054e+02 1.499710251453061574e+02
5.074815463002533988e+02 9.819236260460378674e+00 5.390709271443712147e+00 3.876400170232414233e+00 3.545431157663320505e+02 1.418108213515363332e+02
5.941313328406127994e+02 9.824777248247109185e+00 5.618426493967440649e+00 4.212315191939397963e+00 3.682713297770338841e+02 1.448394215463811463e+02
6.616149393664373974e+02 1.112460992178662522e+01 5.758485352759601383e+00 4.258626905592620027e+00 7.251821230869205692e+02 3.239533098230430141e+02
7.799616283270579515e+02 1.141979404935396225e+01 5.832635600337847670e+00 4.382676465857527681e+00 7.716948318367640240e+02 3.179745498922570164e+02
8.860927575371606508e+02 1.131395478080632877e+01 6.384866777060373089e+00 4.636144860710864180e+00 7.086876178577941801e+02 3.164484189779205963e+02
9.715600786557541824e+02 1.108918239338942335e+01 6.105677380742648985e+00 4.766692653269821278e+00 7.501521899783887193e+02 3.123909019936890559e+02
1.136672918482821615e+03 1.193157088452344716e+01 6.211881066322343159e+00 4.832329833711104250e+00 7.314984665532959980e+02 3.268856305017599766e+02
1.164412548014859794e+03 1.158233946307477069e+01 6.492005772331838287e+00 4.653149604487163415e+00 7.294580060218331710e+02 3.078621850386535925e+02
1.355694468898270543e+03 1.204086126659583478e+01 6.532525819414168211e+00 4.650413000052441070e+00 7.583285718252549259e+02 3.074164792435733489e+02
1.436667936934067257e+03 1.183296662170653057e+01 6.351742107117816616e+00 4.838466820593113837e+00 7.270625854118184179e+02 3.145864017630048011e+02
1.626199628471761571e+03 1.255250717409964878e+01 6.431006772770714086e+00 5.159717758913659580e+00 7.547908708699485487e+02 3.068862230707510435e+02
1.765345504557997401e+03 1.199575027748414335e+01 7.161501519397865501e+00 5.138958436225544268e+00 7.746910296502368283e+02 3.041416893551132148e+02
2.079753311782314540e+03 1.334015692773662032e+01 6.646525597173272182e+00 5.284100449635507957e+00 7.829484727199292138e+02 3.232657920136019243e+02
2.099227362536978490e+03 1.246127096552284996e+01 7.060283452417502659e+00 5.265105475231750098e+00 7.702525219393276075e+02 3.148952883054329845e+02
2.359588944772136529e+03 1.355783203652414848e+01 7.325774876011231562e+00 5.432793217888449711e+00 7.778793584518276703e+02 3.150250503253402030e+02
2.492920721127145953e+03 1.327181465623786494e+01 7.168798777417617174e+00 5.571928033420690873e+00 8.377944647863774890e+02 3.238223316461879904e+02
2.669122818199250105e+03 1.423180529854825949e+01 7.030719318050265620e+00 5.489459839051100687e+00 7.889322493888819281e+02 3.052170158921733787e+02
2.798631536057069297e+03 1.321767845485753412e+01 6.998498111318369297e+00 5.835735918133662992e+00 8.100113028524264109e+02 3.037213948029299218e+02
3.033344895675393673e+03 8.441271358676045722e+00 0.000000000000000000e+00 9.264969671688513486e+00 8.005458666600175093e+02 3.091469477199066205e+02
2.927743665375923683e+03 8.132485336937891773e+00 0.000000000000000000e+00 1.033651994400594276e+01 5.615354445527740609e+04 0.000000000000000000e+00
3.028243874267709998e+03 7.957048779394694016e+00 0.000000000000000000e+00 9.721146220760672918e+00 5.597406031089009048e+04 0.000000000000000000e+00
3.058125011133965018e+03 8.636829990427576931e+00 0.000000000000000000e+00 1.008036697221346145e+01 5.812022432982072496e+04 0.000000000000000000e+00
3.286460581531247044e+03 8.785446345206343821e+00 0.000000000000000000e+00 1.003110962700627695e+01 5.856181570936508069e+04 0.000000000000000000e+00
3.495508955084374065e+03 8.871261399228048461e+00 0.000000000000000000e+00 1.027678737854024682e+01 6.045104160444644367e+04 0.000000000000000000e+00
3.514497095657522550e+03 9.252984785810545176e+00 0.000000000000000000e+00 1.078066595878852496e+01 5.856349390979788586e+04 0.000000000000000000e+00
3.676204020281800695e+03 8.809820581216481372e+00 0.000000000000000000e+00 1.044156382672588812e+01 5.525718725259030907e+04 0.000000000000000000e+00
3.847565012522424695e+03 9.252327297613167190e+00 0.000000000000000000e+00 1.088408137976282219e+01 5.618125627933462965e+04 0.000000000000000000e+00
3.879013027484194481e+03 8.963167789403318153e+00 0.000000000000000000e+00 1.077409841887140018e+01 5.942496213437170081e+04 0.000000000000000000e+00
4.031965664698762794e+03 9.351764791664548326e+00 0.000000000000000000e+00 1.089456471963469397e+01 5.948359799402720091e+04 0.000000000000000000e+00
4.056206479319930622e+03 9.338530747894440154e+00 0.000000000000000000e+00 1.098028719490067040e+01 5.537151508991084120e+04 0.000000000000000000e+00
4.057222137246900274e+03 9.889978261231727075e+00 0.000000000000000000e+00 1.125775417824794822e+01 5.512995466104917432e+04 0.000000000000000000e+00
4.311285932033614699e+03 1.007248731608376957e+01 0.000000000000000000e+00 1.157390499279218332e+01 5.608301327663685515e+04 0.000000000000000000e+00
4.365594619358308591e+03 1.009282287896045460e+01 0.000000000000000000e+00 1.161097345922750357e+01 5.761915584435092023e+04 0.000000000000000000e+00
4.580956011500353270e+03 9.517392062767468630e+00 0.000000000000000000e+00 1.173207774288417760e+01 5.793743129587401927e+04 0.000000000000000000e+00
4.515322957754251547e+03 1.019545625074625583e+01 0.000000000000000000e+00 1.209745840227168578e+01 5.586581333331934002e+04 0.000000000000000000e+00
4.413817525014571402e+03 9.806120177610976540e+00 0.000000000000000000e+00 1.226219296320587127e+01 5.847483408121552202e+04 0.000000000000000000e+00
4.878109225818771847e+03 1.037371310721372275e+01 0.000000000000000000e+00 1.211973857152244172e+01 5.606954652639382402e+04 0.000000000000000000e+00
4.865233253280857753e+03 9.746681033561603869e+00 0.000000000000000000e+00 1.160795417430485799e+01 5.583415001744438632e+04 0.000000000000000000e+00
4.904393692786818974e+03 1.029077781386839874e+01 0.000000000000000000e+00 1.174189063704013947e+01 5.947482093266295851e+04 0.000000000000000000e+00
5.165443656866347737e+03 9.769833164562188088e+00 0.000000000000000000e+00 1.199230670559027523e+01 6.016290987584334653e+04 0.000000000000000000e+00
5.059782311848392055e+03 1.025960163285640014e+01 0.000000000000000000e+00 1.221534735145293027e+01 6.053552412594974157e+04 0.000000000000000000e+00
4.966459808358455120e+03 9.892445931866015840e+00 0.000000000000000000e+00 1.156505654826770702e+01 5.870361670987992693e+04 0.000000000000000000e+00
5.400277024330708628e+03 1.106907558295023186e+01 3.468745101307084244e+00 1.215831063790303546e+01 4.274030266366555111e+02 8.706231354896256391e+01
5.106747534169163373e+03 1.050002175607661492e+01 3.538912452404828102e+00 1.302933092051392805e+01 4.333664433801519635e+02 8.651972637994620641e+01
5.183765484583447687e+03 1.125797090575483850e+01 3.605513036966184082e+00 1.233862828155013425e+01 4.370773666418635912e+02 8.861622518342809940e+01
5.252626529610458419e+03 1.055239368496260610e+01 3.449077395710712590e+00 1.251710530594867166e+01 4.248481233409634683e+02 8.858663768569279284e+01
5.677168826160509525e+03 1.153173702528079936e+01 3.608766726845070938e+00 1.317829416380233276e+01 4.374953536737895661e+02 8.510039406764580860e+01
5.791650384541323547e+03 1.127897875733026112e+01 3.713682599615553581e+00 1.324991470229291046e+01 4.197027070685234662e+02 8.277059702799131458e+01
5.711240007166353280e+03 1.119453875701842627e+01 3.501132339270036642e+00 1.268341532724626397e+01 4.286490348799583785e+02 8.156409726962107243e+01
5.713574530063738166e+03 1.074281439951663941e+01 3.682056770785448574e+00 1.260698799622862509e+01 4.162659235682076542e+02 8.680398421408949616e+01
5.748022195263206413e+03 1.158420884095602510e+01 3.725956094779163230e+00 1.256887050860830612e+01 4.402271365385186641e+02 8.704067391784677454e+01
5.726527415304839451e+03 1.161100115542995326e+01 3.596891004131211655e+00 1.259441816966823069e+01 4.234973520238530114e+02 8.374751508481782025e+01
5.840539414321830918e+03 1.177441291488126218e+01 3.646452988446121424e+00 1.252006058620830231e+01 4.414681228454066968e+02 8.457720544627500203e+01
6.257938810362846198e+03 1.162001271474276010e+01 3.701374767272052058e+00 1.275483576966698251e+01 4.353422313926364495e+02 8.897515584505121922e+01
6.332349556401229165e+03 1.087642266880569686e+01 3.668061093674062523e+00 1.329836692147799582e+01 4.514107903567094695e+02 8.505904587855496857e+01
6.200809617657444505e+03 1.097620151097913777e+01 3.636933480465151192e+00 1.259867396856913402e+01 4.270285359075851943e+02 8.773479463490170360e+01
