-1.516506856356211186e-01 5.906105366896666098e+00 3.288988431977154292e+00 2.790376753020404443e+00 1.364249374595795416e+03 6.251343546924655357e+02
3.435756441938813310e+01 5.808741916244166248e+00 3.234046289362881410e+00 2.782786687500883538e+00 1.383990958509489474e+03 5.793123859715013850e+02
3.366037044707304204e+01 7.605597995187967086e+00 4.555478896891274054e+00 3.344741370135370762e+00 1.389857418973540234e+03 6.105345928303917162e+02
4.722445081468286787e+01 8.075724768175120971e+00 4.470806614332335727e+00 3.386510426962603848e+00 1.394972521536886006e+03 6.225303154517456505e+02
1.005147557964165514e+02 7.747272186867799171e+00 4.564113649389683225e+00 3.216541096018304291e+00 1.909025924257409770e+02 7.629189688514185264e+01
1.458046677597839391e+02 8.235889620266583222e+00 4.315460552872422362e+00 3.539760063736058449e+00 2.092837002398971435e+02 8.300911006694731498e+01
1.962932805177185855e+02 8.156926585117235007e+00 4.550176403991303076e+00 3.612689000433218389e+00 3.620893041530131313e+02 7.990707534152463154e+01
2.553142231940015847e+02 8.712382611695021595e+00 4.584523529152474630e+00 3.411540264903225150e+00 3.759996291631080112e+02 1.478092897768197247e+02
3.142132053978659769e+02 8.285253284832748477e+00 4.554756340782108559e+00 3.494181858207061175e+00 3.596363578028843335e+02 1.429535963133472762e+02
3.336349034331825010e+02 8.837569075086431525e+00 4.633093938641136056e+00 3.654284234857564151e+00 3.585269227615388559e+02 1.362577910038984612e+02
4.224630005621368696e+02 9.387398435268597296e+00 4.996955448379521769e+00 3.490870041075994745e+00 3.496329927987653150e+02 1.406203488768370278e+02
4.963831398219542166e+02 9.213261947100491511e+00 5.203947617953678773e+00 3.833214155931991662e+00 3.557774496985226165e+02 1.408195449738936986e+02
5.784927517627126008e+02 9.964731345937433815e+00 5.549726791383133850e+00 4.208630584576594558e+00 3.472756647799475900e+02 1.476678149660675388e+02
6.493286851819127605e+02 1.045205748162093862e+01 5.701387548931410088e+00 4.154127320655796041e+00 7.564629937824788612e+02 3.206171418472424648e+02
8.220897776296670827e+02 1.076946965359829456e+01 6.236788325815131984e+00 4.396347477298677475e+00 7.161253890124334021e+02 3.021963890904238497e+02
9.341996224847173380e+02 1.077624731485976106e+01 6.285463454652329141e+00 4.742815304939234977e+00 7.380021066223695243e+02 3.172656279787359495e+02
9.617596499981381157e+02 1.089609725523889061e+01 6.188144321469938092e+00 4.730673652517314309e+00 7.087780458873071439e+02 3.063690649702127189e+02
1.153571180595389478e+03 1.196792121529960617e+01 6.447563923546206333e+00 4.934853153705633488e+00 7.549898298363121967e+02 3.172078671120661397e+02
1.180590755499463512e+03 1.153710727726755714e+01 6.265076291495065952e+00 4.833103895275010942e+00 7.254540419828415452e+02 3.257069431694203558e+02
1.316225562001260187e+03 1.186345080889564940e+01 6.583395245333599100e+00 4.648718418637544758e+00 7.064487376542239190e+02 3.051302517448918366e+02
1.355470713150482197e+03 1.217976341513536731e+01 6.874417567221225767e+00 4.752730330076022192e+00 7.261332908081071764e+02 3.256896337315086498e+02
1.636818908753541336e+03 1.264196393083846637e+01 6.793283654830279517e+00 4.844579999871698739e+00 7.310087539201631444e+02 3.152252181343395137e+02
1.873534675452051488e+03 1.263382079545097980e+01 6.991372914101861014e+00 5.336507828016546995e+00 8.145734161970322020e+02 3.009656293745844096e+02
2.032622436058682069e+03 1.294616910126921638e+01 7.242647786712484326e+00 5.070460260551886478e+00 8.389489429655279764e+02 3.166881102843598228e+02
2.154217579316245065e+03 1.295523121930073707e+01 6.691180723095126126e+00 5.271375094290064567e+00 8.342563710734544884e+02 3.033170200314349927e+02
2.224239963906958565e+03 1.335897453557111625e+01 6.892437470372975383e+00 5.258631549641860303e+00 8.211482934987293447e+02 3.054810845762141867e+02
2.532851799431605286e+03 1.260110126312100753e+01 6.754273937182868615e+00 5.522428924125939886e+00 7.930465413370790202e+02 3.140095911575476748e+02
2.514826330581261118e+03 1.318413671012964095e+01 7.065927699440433862e+00 5.335160691420081314e+00 8.121447689066782232e+02 3.185399811232181833e+02
2.870824533666005664e+03 1.371089062121271240e+01 7.219968140979649895e+00 5.653829728697102652e+00 8.005065611229497335e+02 3.019065379213680558e+02
2.913013660986220657e+03 7.837814683684526607e+00 0.000000000000000000e+00 9.294978384645153469e+00 8.376780457074362403e+02 3.085188352334794786e+02
2.998931779367323998e+03 8.507962629668655907e+00 0.000000000000000000e+00 9.973679510628128853e+00 5.559291276994819782e+04 0.000000000000000000e+00
3.096151817453396689e+03 8.145038163122002572e+00 0.000000000000000000e+00 9.941632504285770722e+00 6.051374366869907681e+04 0.000000000000000000e+00
3.119683213266846906e+03 8.558720965036172856e+00 0.000000000000000000e+00 1.079103297626066471e+01 5.952250449852515885e+04 0.000000000000000000e+00
3.234346530690649161e+03 8.259467968389071046e+00 0.000000000000000000e+00 1.091554768632287420e+01 5.776128572824528237e+04 0.000000000000000000e+00
3.355936351164885764e+03 9.017709371153646458e+00 0.000000000000000000e+00 1.075136020830010430e+01 5.615775540377721336e+04 0.000000000000000000e+00
3.384102068215348027e+03 8.892653841708748175e+00 0.000000000000000000e+00 1.021503620413022517e+01 6.040411722338609252e+04 0.000000000000000000e+00
3.743609371448678758e+03 8.942271927932475606e+00 0.000000000000000000e+00 1.131764875537666448e+01 5.621843393757168815e+04 0.000000000000000000e+00
3.793409725864151369e+03 8.785801767790799133e+00 0.000000000000000000e+00 1.126403139947064247e+01 5.976854973799529398e+04 0.000000000000000000e+00
3.688720850904254348e+03 9.201634807678999550e+00 0.000000000000000000e+00 1.073000886552596711e+01 5.880612866806796956e+04 0.000000000000000000e+00
3.955793137144187767e+03 9.354614791518418571e+00 0.000000000000000000e+00 1.141373707169777241e+01 5.921851192353822262e+04 0.000000000000000000e+00
3.940241901667486673e+03 9.715438805826288160e+00 0.000000000000000000e+00 1.126500008714739920e+01 5.889495947750184132e+04 0.000000000000000000e+00
4.036358994570455707e+03 9.675985745467874821e+00 0.000000000000000000e+00 1.108101005635476533e+01 5.569083852468925761e+04 0.000000000000000000e+00
4.122878962909571783e+03 9.436300205513495243e+00 0.000000000000000000e+00 1.137748550805581793e+01 5.879779936237099901e+04 0.000000000000000000e+00
4.466119941121179181e+03 9.767295584640903527e+00 0.000000000000000000e+00 1.211985610869942143e+01 5.977727391919864021e+04 0.000000000000000000e+00
4.276717516731021533e+03 9.753807524747683644e+00 0.000000000000000000e+00 1.212726506366145074e+01 5.707007577332751680e+04 0.000000000000000000e+00
4.620411190861313116e+03 9.915379673363043267e+00 0.000000000000000000e+00 1.121325598581480421e+01 6.064887362164731894e+04 0.000000000000000000e+00
4.756647005144860486e+03 9.977984409114757369e+00 0.000000000000000000e+00 1.141595292444500842e+01 5.989399332240397052e+04 0.000000000000000000e+00
4.887508182511210180e+03 1.005059726908771012e+01 0.000000000000000000e+00 1.196500150749017877e+01 5.554638490729711339e+04 0.000000000000000000e+00
4.717733684897502826e+03 1.042909459866708666e+01 0.000000000000000000e+00 1.244237503976737180e+01 5.593965855414081307e+04 0.000000000000000000e+00
4.633685651535677607e+03 9.884403570574511022e+00 0.000000000000000000e+00 1.209315424167616193e+01 5.741600206001552579e+04 0.000000000000000000e+00
4.887803832616713407e+03 9.809470444665073785e+00 0.000000000000000000e+00 1.182902079712375176e+01 5.718170350965983380e+04 0.000000000000000000e+00
5.221529184434449235e+03 1.066261848873923590e+01 0.000000000000000000e+00 1.183136287427897138e+01 5.810076959898466885e+04 0.000000000000000000e+00
5.149310048878820453e+03 1.038216349677359496e+01 0.000000000000000000e+00 1.174350490441025308e+01 5.695536676941902988e+04 0.000000000000000000e+00
5.113853297413485052e+03 1.070524312105810694e+01 3.502061731518441245e+00 1.306380476964282522e+01 4.603435264328485914e+02 8.706919450838105945e+01
5.175663534910335329e+03 1.114233392964928449e+01 3.548367922527641216e+00 1.307451115088296234e+01 4.444367680127589324e+02 8.372075484679882607e+01
5.222497117309764690e+03 1.079326524011475641e+01 3.421049359585501382e+00 1.302312625780374233e+01 4.617952157169207226e+02 8.746891577352687364e+01
5.405891545297803532e+03 1.095740672013320882e+01 3.727763647770913735e+00 1.244288003028826495e+01 4.307767029513451575e+02 8.693363057379403358e+01
5.265970041053750720e+03 1.070236798092055253e+01 3.539307866192139329e+00 1.261095004062463154e+01 4.180398921678207671e+02 8.284308977633750715e+01
5.764939282554106285e+03 1.111752006005440307e+01 3.547521124020760919e+00 1.347406495564151996e+01 4.158467244679164310e+02 8.237893872914600024e+01
5.680935254232754232e+03 1.132259566796017758e+01 3.740437309604356830e+00 1.267226181214783765e+01 4.568036516346375606e+02 8.156602540697966219e+01
5.540230799962927449e+03 1.145372029510859235e+01 3.451709890716157414e+00 1.336358895978472106e+01 4.458176320461155342e+02 8.190905442802466041e+01
5.934171644915842990e+03 1.158715269871125919e+01 3.591016019518078028e+00 1.297133616013085700e+01 4.482781414641157198e+02 8.707517031627516246e+01
6.255038427393325037e+03 1.128319094016342383e+01 3.619546966707755331e+00 1.353917071656695192e+01 4.535285511075749127e+02 8.437372106682515494e+01
5.876153607013212422e+03 1.150383421864169264e+01 3.824301863132264057e+00 1.345833529570908560e+01 4.142816329167156368e+02 8.731470305433700219e+01
6.145673407095570838e+03 1.151721710227758955e+01 3.627301035217612046e+00 1.252333318562017261e+01 4.483846102468384629e+02 8.429542433015151914e+01
6.146371262729850969e+03 1.081935156465361203e+01 3.789390617862150368e+00 1.254416239281687062e+01 4.441380426647999116e+02 8.730387560091669741e+01
6.139992477290850729e+03 1.105350631819072227e+01 3.840220622333405665e+00 1.304841474162671311e+01 4.453539743885492044e+02 8.171100007829150513e+01
