-6.067825971419966713e-01 5.824815611415514738e+00 3.142061068315661565e+00 2.919308116622080451e+00 1.445855466989049319e+03 5.775581999670191635e+02
4.004865515048256697e+01 5.542283339531461905e+00 3.232533096054283739e+00 3.074370875430147088e+00 1.496997487685572878e+03 5.821302386027463172e+02
3.865466094820428822e+01 8.088583837179195157e+00 3.982684702608323413e+00 3.036365090615714468e+00 1.281490346807736842e+03 5.497307770470919195e+02
5.797730414546003175e+01 8.134599707173149952e+00 4.296506111827480545e+00 3.211840169959381264e+00 1.317976733459777279e+03 6.254079675490611407e+02
1.169234167731001435e+02 7.939045955668382781e+00 4.068021274624400441e+00 3.417444416847017941e+00 1.926344082956629222e+02 7.390899993375670363e+01
1.410088166242901764e+02 7.831681929988921986e+00 4.264878587036626811e+00 3.160450029583736331e+00 1.824214681138430763e+02 8.040948816698477231e+01
2.200168981668044523e+02 8.827196495859055858e+00 4.997557453444685827e+00 3.171088067944336064e+00 3.684919954287408927e+02 8.787048181583833184e+01
2.378788618363904277e+02 8.060288974284324226e+00 4.312666661792793121e+00 3.466075203631638679e+00 3.350141790687329149e+02 1.384851203787720237e+02
2.742006446718206689e+02 8.984422232315084855e+00 4.814004441342127905e+00 3.564486200614788380e+00 3.883562476032022346e+02 1.449868510527691114e+02
4.123191236745728929e+02 8.199458737503093175e+00 4.578805025026871256e+00 3.814412204180093191e+00 3.604773801838875897e+02 1.553841334012919333e+02
4.500084420588098624e+02 9.388373864806595748e+00 4.798449861227823021e+00 3.759986760574259179e+00 3.776029168732583798e+02 1.545262334151825883e+02
4.225713161511973226e+02 9.161589000029795926e+00 5.018852581296023629e+00 3.658409858394228387e+00 3.948128451758690289e+02 1.569397242619484700e+02
4.917596770377961093e+02 9.448817483915872728e+00 5.631166932509724887e+00 4.441748845159803061e+00 3.715179771291593624e+02 1.440857368878162390e+02
5.363340713204815984e+02 1.037130267882330337e+01 6.153521876482231256e+00 4.719389279804890869e+00 7.932305566189503452e+02 3.326630365964789462e+02
8.189952854522590542e+02 1.052022235912115633e+01 6.625773916824594600e+00 4.708612569291019234e+00 6.726855667927879949e+02 2.902356259180905909e+02
9.941509003593225771e+02 1.184768625858479929e+01 6.002672921757379321e+00 4.350611333706118522e+00 7.613727093864036988e+02 3.423880038393304517e+02
1.187555527747193764e+03 1.081050476398521631e+01 6.693140990819268055e+00 4.582630295448653968e+00 7.209789773285147021e+02 3.329869024152033603e+02
1.021440475805190999e+03 1.204397356994711110e+01 6.140577836118557009e+00 4.745047783270623931e+00 6.825658685719662344e+02 3.249445177827603857e+02
1.142223315930184299e+03 1.072399208203059651e+01 6.243992063800808623e+00 4.913262281220044159e+00 7.382119465046203004e+02 3.166823827157944606e+02
1.525577209556629214e+03 1.207685557763421613e+01 6.168078816605770953e+00 5.287440927512724542e+00 7.759781064361377503e+02 3.419320594851232045e+02
1.576151038183422997e+03 1.214075248699852239e+01 7.219784808646422469e+00 4.517643575931009181e+00 7.425667889702168623e+02 2.881562101119450290e+02
1.695883345269938218e+03 1.212588045784679025e+01 6.427806427670370581e+00 4.807364652636926472e+00 7.266657560503692821e+02 3.430816572111844494e+02
1.934739849152201487e+03 1.333362642322087588e+01 6.976605280395225428e+00 5.320872339897352532e+00 7.897158712278956045e+02 2.878008707560393304e+02
2.011743701593286687e+03 1.331833543339344317e+01 7.028354541490597462e+00 4.997988209856560893e+00 8.623875188518193227e+02 3.116128244543623396e+02
2.613699061398996037e+03 1.336975780705044414e+01 6.612529393109045195e+00 5.374158374952069828e+00 8.140118588747462809e+02 3.260387160342762627e+02
2.614765906703702967e+03 1.328634349270788029e+01 6.418690243686544505e+00 5.811003668978212744e+00 8.059461082472356566e+02 3.391115039117774472e+02
3.107278795143484331e+03 1.394282859344414582e+01 7.036358537360679399e+00 5.711354026284219287e+00 8.195073043644467816e+02 3.365715500655997516e+02
2.683230535523417529e+03 1.341440267177904921e+01 7.119159092692763480e+00 5.464245341126111377e+00 8.644203925504140216e+02 2.870831051105399183e+02
2.531328749018155122e+03 1.239459235987338026e+01 7.338797998126175059e+00 5.692465267108353544e+00 8.175741183501376099e+02 3.267865134040580983e+02
3.279172139866784619e+03 8.544879726177029511e+00 0.000000000000000000e+00 1.012940742172684416e+01 8.447308940274552924e+02 3.375574632877447812e+02
2.509633301847568873e+03 7.671466442541964526e+00 0.000000000000000000e+00 1.083862587418231094e+01 5.455319124352803192e+04 0.000000000000000000e+00
3.518916281427448212e+03 8.993098352393182893e+00 0.000000000000000000e+00 9.799660604286165366e+00 5.490063657129640342e+04 0.000000000000000000e+00
3.025085435926951504e+03 8.587122258037766187e+00 0.000000000000000000e+00 9.974008937406747322e+00 5.666355854653863935e+04 0.000000000000000000e+00
2.958859851371715195e+03 7.915539798605305322e+00 0.000000000000000000e+00 1.024242445018093761e+01 5.336729231314438221e+04 0.000000000000000000e+00
3.953778315399430539e+03 9.658147169446010594e+00 0.000000000000000000e+00 1.038958504794566906e+01 5.627873651526281901e+04 0.000000000000000000e+00
3.618718758611909834e+03 9.321527856959281877e+00 0.000000000000000000e+00 1.098800614908333806e+01 6.162558054373998311e+04 0.000000000000000000e+00
3.708297773647451777e+03 9.192536763656914189e+00 0.000000000000000000e+00 9.804516690445835181e+00 6.051230895684836287e+04 0.000000000000000000e+00
3.548240356885120946e+03 9.025920223773500339e+00 0.000000000000000000e+00 1.096736971495779223e+01 6.026442712068415130e+04 0.000000000000000000e+00
3.325958502929230690e+03 9.508002093236850527e+00 0.000000000000000000e+00 1.140608488249654151e+01 6.033307794482952158e+04 0.000000000000000000e+00
3.339353082516740869e+03 9.444779469933196836e+00 0.000000000000000000e+00 1.147903563527449577e+01 5.831097917623789544e+04 0.000000000000000000e+00
4.685149106156853122e+03 1.007996975608670454e+01 0.000000000000000000e+00 1.047184678214519771e+01 5.967694386708519596e+04 0.000000000000000000e+00
3.613868115052362100e+03 9.829001019217953328e+00 0.000000000000000000e+00 1.075563650986396880e+01 5.916334895318886265e+04 0.000000000000000000e+00
4.892415762735779026e+03 9.392603059907177254e+00 0.000000000000000000e+00 1.081805321379582274e+01 5.585320647154357721e+04 0.000000000000000000e+00
4.378922620703678149e+03 9.894412826130881911e+00 0.000000000000000000e+00 1.086580658192283089e+01 5.415573839541026973e+04 0.000000000000000000e+00
4.788147440353517595e+03 9.228538423569531801e+00 0.000000000000000000e+00 1.070887825933824011e+01 5.899245879235363100e+04 0.000000000000000000e+00
4.865295036745972538e+03 9.183786709847389318e+00 0.000000000000000000e+00 1.235331902015131256e+01 5.685366039561366051e+04 0.000000000000000000e+00
3.910795502817663873e+03 1.009626688304961029e+01 0.000000000000000000e+00 1.240932993980099752e+01 6.299550719444551214e+04 0.000000000000000000e+00
4.122128126166655420e+03 9.574802511886742806e+00 0.000000000000000000e+00 1.120685631384510828e+01 5.903336731210220751e+04 0.000000000000000000e+00
4.378677796187620515e+03 1.049825070007788064e+01 0.000000000000000000e+00 1.251489572953487439e+01 5.334565890002044762e+04 0.000000000000000000e+00
4.325365510894422187e+03 1.082969829260847483e+01 0.000000000000000000e+00 1.148133929536911246e+01 6.106483394609816605e+04 0.000000000000000000e+00
4.586149192993094402e+03 9.534259482396832297e+00 0.000000000000000000e+00 1.141399749645020734e+01 5.887967058673613064e+04 0.000000000000000000e+00
5.219419298720351435e+03 1.091047192894585116e+01 0.000000000000000000e+00 1.177951830035925873e+01 6.323194036217981920e+04 0.000000000000000000e+00
5.023042571732732540e+03 9.365934505860593617e+00 0.000000000000000000e+00 1.293635581828840841e+01 6.320900388351084257e+04 0.000000000000000000e+00
5.119766314633327056e+03 1.128497678042780983e+01 3.354564575417822159e+00 1.241975316428062115e+01 4.542695790408733956e+02 8.863953612248509728e+01
6.179313690249444335e+03 1.023035959987438659e+01 3.170463538639383572e+00 1.275929522403051486e+01 4.183240014721820899e+02 8.486174011385851657e+01
5.492618530986990663e+03 1.099780053467445562e+01 3.377019617916317440e+00 1.382530738786194036e+01 4.370558329274422817e+02 9.005572719704777285e+01
5.567993138929098677e+03 1.126935020311027991e+01 3.780622633662709564e+00 1.368449592223761613e+01 4.639077360549227365e+02 9.270144940058104055e+01
4.885040710129278523e+03 1.189963072709151426e+01 3.421937123368218536e+00 1.404830341444863251e+01 4.276846628014019416e+02 8.871219370854340980e+01
6.044111302508867084e+03 1.084252674373491487e+01 3.801772403647174503e+00 1.247154191618145447e+01 4.141434318524572404e+02 7.753968707809163163e+01
6.208035082388929368e+03 1.149306594059725306e+01 3.678962939001736210e+00 1.254863097055429755e+01 4.134595316688473190e+02 9.167184973724208419e+01
5.888486109972438499e+03 1.189389988482240312e+01 3.841944169382134788e+00 1.389089360296872933e+01 4.614668668064286408e+02 9.035190249302758048e+01
5.547096678033172793e+03 1.221779081627872188e+01 3.285662377880304241e+00 1.390279360938539810e+01 4.212791371086730692e+02 8.769331226327383888e+01
4.966698631422668768e+03 1.224990874754584880e+01 3.809695191435197081e+00 1.383758508160445366e+01 4.108384857289182719e+02 9.116306100601330797e+01
5.540966078209579791e+03 1.220557685984209506e+01 3.399853035912109078e+00 1.199607100016740979e+01 4.289237089933191100e+02 7.937607304447587353e+01
6.376494216093591604e+03 1.201129266668990958e+01 4.026488384641942808e+00 1.195393299864705661e+01 4.166736085318056553e+02 8.298699187413529899e+01
5.768630948095881649e+03 1.040900083980150015e+01 3.586187325813292581e+00 1.364622113492730193e+01 4.134976473770547614e+02 8.637780855871625363e+01
5.112499754766981823e+03 1.155290931810728061e+01 3.924776894334519373e+00 1.370382379163321751e+01 4.240624010403675470e+02 8.237672485021245450e+01
