-2.769969357936971077e-01 5.905992244405386948e+00 3.198428037912386390e+00 2.894922755856618846e+00 1.390971827700107497e+03 6.170379977692696229e+02
3.224635986249813158e+01 5.571431349665024513e+00 3.229828503063190581e+00 2.769168833264429530e+00 1.421757802475139215e+03 5.933869865237893464e+02
3.399360922395788265e+01 7.553123784764030013e+00 4.394761444695577168e+00 3.222889099526522916e+00 1.455098126925086490e+03 6.262110249336001289e+02
5.074599822265785320e+01 7.554134708986408597e+00 4.343908043914446182e+00 3.241557623876055505e+00 1.337956804053015730e+03 6.024143274498468372e+02
9.623072413983022955e+01 7.634013406170517158e+00 4.451172072839072236e+00 3.510523362594050845e+00 2.035824709452843990e+02 8.157688660067572073e+01
1.454350009653489622e+02 8.265836052267140133e+00 4.618396462886643405e+00 3.370007704566039486e+00 1.958537814459604647e+02 7.904526923500088742e+01
1.976019054369224079e+02 7.990492456614068040e+00 4.634921238723948456e+00 3.438672601263868867e+00 3.441133414337253384e+02 7.999703333316325882e+01
2.588809968298472199e+02 8.112344724272153584e+00 4.892889084441289782e+00 3.647500845532271274e+00 3.620342095987360835e+02 1.385426771311888956e+02
2.897337270069619422e+02 8.244998552535497183e+00 4.813135804301619025e+00 3.492926513216132456e+00 3.493753845919423497e+02 1.397665338191831381e+02
3.364863183673085132e+02 8.354426465335603069e+00 4.753648700698446916e+00 3.513209612413553895e+00 3.619756954723289368e+02 1.469459614089249158e+02
4.239201766106399418e+02 8.566791554070523063e+00 4.959360999234815104e+00 3.478518709283935362e+00 3.616189308126699302e+02 1.392220716005387828e+02
5.159805946290008478e+02 9.905158709824696928e+00 5.398885735634268102e+00 4.009293947911753975e+00 3.601940706784336612e+02 1.404503037387224538e+02
5.794218566484116764e+02 1.000268941807233958e+01 5.481335009945445869e+00 3.983644851768776807e+00 3.434550898643718142e+02 1.494471481706687541e+02
6.685826830106698253e+02 1.064784192916878780e+01 5.734185355497545267e+00 4.324992721887577218e+00 7.217424084885358297e+02 3.222547640371367947e+02
7.932341247082980544e+02 1.102344096134719287e+01 6.373780084553120950e+00 4.347399019560712397e+00 7.602272665082073217e+02 3.126470788391883957e+02
9.230506517176297621e+02 1.134770912818610178e+01 6.443411595009704840e+00 4.637809539542575799e+00 7.039806256890938130e+02 3.115793147383992618e+02
9.895848294473677242e+02 1.137983669770433259e+01 6.626139281380426738e+00 4.690249708682151741e+00 7.320608690586315106e+02 3.070390951948498923e+02
1.125787931065679231e+03 1.188444500724918562e+01 6.279258925569862093e+00 4.868151105152286107e+00 7.559638669260423285e+02 3.082846398609515859e+02
1.201297812953977200e+03 1.222362800773839986e+01 6.594255103279967223e+00 4.576071433265948230e+00 7.682231925124626741e+02 3.082844446784420711e+02
1.273023596490993668e+03 1.187350640557111703e+01 6.580878202329977888e+00 4.702060617492949568e+00 7.553624439119016643e+02 3.030768335211340627e+02
1.427949903680959778e+03 1.213421781345318529e+01 6.454783817408137558e+00 4.943873108881209788e+00 7.108432844083498594e+02 3.096144520572200918e+02
1.556999287642887793e+03 1.181233967784122640e+01 6.660936990057963136e+00 4.880915016784065585e+00 7.249896377055559924e+02 3.082014767827815263e+02
1.788731557138797598e+03 1.271491112999030193e+01 7.096898471224741378e+00 5.210576359183647810e+00 8.385394249018257824e+02 3.216713619512327682e+02
2.003644049471506150e+03 1.308105302859804908e+01 7.195828174911436115e+00 5.084744844746616366e+00 7.933923844281266611e+02 3.247928837344401245e+02
2.128503510917068525e+03 1.304493718893797372e+01 7.164533944328895565e+00 5.497755627905111631e+00 8.281634143764229066e+02 3.238322611319643443e+02
2.333674815601940736e+03 1.329080486682678064e+01 7.139464857754193261e+00 5.352216885029871030e+00 7.731265552184122498e+02 3.001471864258949154e+02
2.512309182212673022e+03 1.338606196914485302e+01 6.884056676884653392e+00 5.324493774783135791e+00 8.098356569758490195e+02 3.235169197695013281e+02
2.718697319511048136e+03 1.369031687125864494e+01 7.574704551225910798e+00 5.429524554443385220e+00 7.995578014187186682e+02 3.143098892486229943e+02
2.873509495765817064e+03 1.393255531286845184e+01 7.619750763505594549e+00 5.483732874806484858e+00 7.942858254491164871e+02 3.061879527813385948e+02
2.807322656154166907e+03 8.238094696175693343e+00 0.000000000000000000e+00 9.822266974460415412e+00 8.358138785399436301e+02 3.003131117785490005e+02
2.878652864888320437e+03 8.140235436184507734e+00 0.000000000000000000e+00 9.647841698696479895e+00 5.493622902941439679e+04 0.000000000000000000e+00
2.981749505745835449e+03 8.651142231348650569e+00 0.000000000000000000e+00 9.886124559121078903e+00 5.785107652007276192e+04 0.000000000000000000e+00
3.047464530140169245e+03 8.463055743132818165e+00 0.000000000000000000e+00 1.053234509155356236e+01 5.727819697436924616e+04 0.000000000000000000e+00
3.257877944293962628e+03 8.326916071775146477e+00 0.000000000000000000e+00 1.073540902665099495e+01 5.975404277039688168e+04 0.000000000000000000e+00
3.469592930116865773e+03 8.492577480988694916e+00 0.000000000000000000e+00 1.023245934702983639e+01 5.755502989311924466e+04 0.000000000000000000e+00
3.393196028470636975e+03 8.570442802500945589e+00 0.000000000000000000e+00 1.024758214878273144e+01 5.653314778686598584e+04 0.000000000000000000e+00
3.508541915199393316e+03 9.339022754518142122e+00 0.000000000000000000e+00 1.115413971729514309e+01 5.711397007223276887e+04 0.000000000000000000e+00
3.537599572539283145e+03 9.553849684320132596e+00 0.000000000000000000e+00 1.064220462672546219e+01 5.622388786364674888e+04 0.000000000000000000e+00
3.767707933949603557e+03 9.664391692329923345e+00 0.000000000000000000e+00 1.085236584235300761e+01 5.601163580563773576e+04 0.000000000000000000e+00
3.989160553432972392e+03 9.553518854506378943e+00 0.000000000000000000e+00 1.077419342091586607e+01 5.617502302005008823e+04 0.000000000000000000e+00
4.117422934484044163e+03 9.816102899319758990e+00 0.000000000000000000e+00 1.126279511594501415e+01 5.630063572518323053e+04 0.000000000000000000e+00
4.238939865722982177e+03 9.870746109697060788e+00 0.000000000000000000e+00 1.109075297574233332e+01 5.947834323723261332e+04 0.000000000000000000e+00
4.352075034771091850e+03 9.342822087135887799e+00 0.000000000000000000e+00 1.181898226047048794e+01 5.758510104349889298e+04 0.000000000000000000e+00
4.326522041688649551e+03 9.418507275860811490e+00 0.000000000000000000e+00 1.156890699448903703e+01 5.721540148736552510e+04 0.000000000000000000e+00
4.195615524719201858e+03 9.905987860560273361e+00 0.000000000000000000e+00 1.172662173842819300e+01 5.963802293037136405e+04 0.000000000000000000e+00
4.682642206642221026e+03 1.026027769209352059e+01 0.000000000000000000e+00 1.204992065852951022e+01 5.725848393532413320e+04 0.000000000000000000e+00
4.696153671687528004e+03 1.019192049889652552e+01 0.000000000000000000e+00 1.221184449338082167e+01 5.518673694878062088e+04 0.000000000000000000e+00
4.525392519223983982e+03 9.553814486144194262e+00 0.000000000000000000e+00 1.174050795130266600e+01 5.845441167540764582e+04 0.000000000000000000e+00
4.945278201406192238e+03 1.029462846684096178e+01 0.000000000000000000e+00 1.240549539681093449e+01 5.776318119482552720e+04 0.000000000000000000e+00
5.041019228561382079e+03 1.053661696974476314e+01 0.000000000000000000e+00 1.159728706630486528e+01 5.789845728298021277e+04 0.000000000000000000e+00
4.794703048574095192e+03 1.016312105279733125e+01 0.000000000000000000e+00 1.260916324960452961e+01 5.900519628581416328e+04 0.000000000000000000e+00
5.178511833738633868e+03 1.010477133951465234e+01 0.000000000000000000e+00 1.208582581079510199e+01 6.005032167417323217e+04 0.000000000000000000e+00
5.131686649943033444e+03 1.034172906649655133e+01 0.000000000000000000e+00 1.167871751457052021e+01 5.720568838348102872e+04 0.000000000000000000e+00
5.012573317892577506e+03 1.112424420750103060e+01 3.403234203422900617e+00 1.248631235281940022e+01 4.344146108792278369e+02 8.278822209907555418e+01
5.067459703177434676e+03 1.149615231080392341e+01 3.436227723454861493e+00 1.270240298911712173e+01 4.542224329710658708e+02 8.438896513127451726e+01
5.150935711887779689e+03 1.080388429887286605e+01 3.442860353397526385e+00 1.261632426921607220e+01 4.254445355733299152e+02 8.309526097017348434e+01
5.186346004681165141e+03 1.128051376453511878e+01 3.644275867852161177e+00 1.252703949517903581e+01 4.462307395524317712e+02 8.105566900201759495e+01
5.434908751520991245e+03 1.124874011564098986e+01 3.688456321966736784e+00 1.347695252872551386e+01 4.347289677058658413e+02 8.188509824024743011e+01
5.519029433146428346e+03 1.142005093302322472e+01 3.759241498847413876e+00 1.262148872788448095e+01 4.272627893102907137e+02 8.671869156620988406e+01
5.476906645382001443e+03 1.169234371548068019e+01 3.717004229138304972e+00 1.293888681972729948e+01 4.420592601210747148e+02 8.151350832682770431e+01
5.909566406837830073e+03 1.073278535869011918e+01 3.591594057474244206e+00 1.341300605384416222e+01 4.506640470764086785e+02 8.327615434221497992e+01
6.062345203524853787e+03 1.140532526474413544e+01 3.488596949727825081e+00 1.241329424327523689e+01 4.506332300260203851e+02 8.418860100099374222e+01
6.186421527803588106e+03 1.071856264078775389e+01 3.682331956978258436e+00 1.276002480555294483e+01 4.521565507219124811e+02 8.288810918892059476e+01
5.877766500989666383e+03 1.125369033503286609e+01 3.787732406013460285e+00 1.357935647997458517e+01 4.476746111649754312e+02 8.461133455988971264e+01
6.047439213003089208e+03 1.146514549256141358e+01 3.481850970615623986e+00 1.250925875593982539e+01 4.414139521237891586e+02 8.338858157090622569e+01
6.524885274695265252e+03 1.101141555878590772e+01 3.690616749943737673e+00 1.304132263992171303e+01 4.287248013422506006e+02 8.364507621322250941e+01
6.449370316939313852e+03 1.178724993300467005e+01 3.688329425627127733e+00 1.372257044046991226e+01 4.507546385782958964e+02 8.289388939237980480e+01
