-2.979652249544003650e-01 5.527263352338957603e+00 3.218842008939602817e+00 2.808647911836635647e+00 1.360496125506025237e+03 6.137913130761577349e+02
3.322474604079035032e+01 5.959091901902985100e+00 3.452540996341732615e+00 2.899048161711413218e+00 1.435020763258135730e+03 6.297111038248524437e+02
3.376043993088912742e+01 7.699142160876970564e+00 4.164410879354494277e+00 3.382310605008636006e+00 1.420726627584578637e+03 5.978024328304702522e+02
4.864652089554256520e+01 7.729026716508466954e+00 4.224264704214827582e+00 3.216082867694701530e+00 1.442663700866077079e+03 6.166566902273415280e+02
1.021722897241168226e+02 7.929870878039487536e+00 4.668304973695224902e+00 3.508411390042865730e+00 2.058669432285024641e+02 8.263820917858252812e+01
1.497987589906778112e+02 7.812109260116778309e+00 4.546900501393243310e+00 3.279985028783508394e+00 1.952607743744474362e+02 8.084910365747487049e+01
1.903621746369491916e+02 8.183798092125948997e+00 4.378998700508033970e+00 3.565562391239740503e+00 3.503270798969062980e+02 7.821798255689517987e+01
2.540903583994566191e+02 8.648645313862363793e+00 4.597634740788388186e+00 3.659258906193413097e+00 3.460694299653723647e+02 1.429869812887178853e+02
2.959419528746493597e+02 8.367511701263202539e+00 4.856880435359590464e+00 3.581398647961886450e+00 3.734681930349502181e+02 1.358624147437463137e+02
3.346222373571932849e+02 8.857032009666299999e+00 4.870452490483748065e+00 3.417423898343218802e+00 3.627879329958075232e+02 1.447609517348249142e+02
4.133522323361790995e+02 8.727950027571043989e+00 4.760119615856180708e+00 3.795162750580534539e+00 3.495888221285405848e+02 1.475106047211107523e+02
5.236874165568902981e+02 1.002517338597745322e+01 5.057517717087417708e+00 3.994966191975601433e+00 3.604456089566579635e+02 1.496738212337425011e+02
6.227760516242004769e+02 1.019609409500756492e+01 5.785271508266386142e+00 4.006222192970945173e+00 3.601268771703547031e+02 1.381749716893604898e+02
6.874695286392154685e+02 1.068955751897713746e+01 5.921619390044115860e+00 4.532018232020000426e+00 7.330707497056389457e+02 3.275122996311327483e+02
8.329638558451003973e+02 1.056250144394257262e+01 6.155533507707293239e+00 4.284090078315066386e+00 7.561134622119792539e+02 3.245755306775138820e+02
9.055464628814640946e+02 1.138875440035005226e+01 6.253991473604517459e+00 4.701544595293718487e+00 7.615153741853182510e+02 3.217364117450243839e+02
1.028009306024607667e+03 1.111477928948739091e+01 6.243434248056020763e+00 4.724388727132584620e+00 7.249538418150997359e+02 3.021718798702224831e+02
1.078399203676233810e+03 1.174112992980618841e+01 6.396068602035301254e+00 4.643174637410947270e+00 7.483575829475643104e+02 3.145245845709669084e+02
1.186917956477931739e+03 1.123824892793690822e+01 6.456958591541614112e+00 4.661863542853437181e+00 7.618522088867239290e+02 3.105578007794352970e+02
1.235658592165025766e+03 1.148225042858490141e+01 6.336717989010342222e+00 5.031933022022645474e+00 7.167232617454191086e+02 2.965257864465723969e+02
1.463175564777140607e+03 1.185561143260790651e+01 6.754448796762272167e+00 4.993395068096999623e+00 7.502323159373773933e+02 3.227493112748435351e+02
1.629820049336123930e+03 1.258918107568713474e+01 6.608684358261199598e+00 4.977666073347680076e+00 7.394953407733158883e+02 2.973692088570355736e+02
1.732741080436702987e+03 1.276247654114773056e+01 6.927947234251306874e+00 5.068649691510627164e+00 7.918495049480566195e+02 3.060166599868410913e+02
2.080312582174055478e+03 1.219702992139952968e+01 7.004379231202014111e+00 5.366612940328842285e+00 8.244281572009431329e+02 3.198382781583544556e+02
2.190486517140882370e+03 1.251526739859744097e+01 7.159980950074856132e+00 5.512049873517307574e+00 7.651019323978924831e+02 3.219957870133337110e+02
2.194668057089264494e+03 1.317781937136727599e+01 7.068912580390066758e+00 5.343805936751505392e+00 7.878419524226258090e+02 3.140789225662853710e+02
2.588325202999717931e+03 1.307724438626499186e+01 7.108047495148184680e+00 5.274503360264392704e+00 7.967727686175475128e+02 3.046592732505257572e+02
2.715647354989353062e+03 1.313332778170062554e+01 7.240643749394418904e+00 5.505142823412026765e+00 7.749589616735823938e+02 3.026015598979251990e+02
2.913894265427247319e+03 1.423653526760859656e+01 7.247035977202699542e+00 5.770271223234857416e+00 7.881289943972308265e+02 3.178463310658241880e+02
2.830698506725581410e+03 8.040799893021047140e+00 0.000000000000000000e+00 9.428489575872017525e+00 7.656663053784485555e+02 3.120212034726847605e+02
3.061322312188179239e+03 8.420874894318187032e+00 0.000000000000000000e+00 9.872693566154977063e+00 5.790741831172625098e+04 0.000000000000000000e+00
3.079137120092690566e+03 7.965561569584679091e+00 0.000000000000000000e+00 1.024732182860187102e+01 5.982536899282200466e+04 0.000000000000000000e+00
3.286192971533260334e+03 8.133917138352540377e+00 0.000000000000000000e+00 1.078774294671683265e+01 5.749170271484387195e+04 0.000000000000000000e+00
3.151672922840247338e+03 8.533226409345697761e+00 0.000000000000000000e+00 1.067859357761976646e+01 5.849639228605883545e+04 0.000000000000000000e+00
3.448146053724583453e+03 8.407147809961871943e+00 0.000000000000000000e+00 1.068331548326656666e+01 5.672346140023573389e+04 0.000000000000000000e+00
3.468981537757418664e+03 8.488226408365841635e+00 0.000000000000000000e+00 1.056062578660561790e+01 5.668310525813072309e+04 0.000000000000000000e+00
3.589609915825800272e+03 9.319813217450025888e+00 0.000000000000000000e+00 1.101113444269375563e+01 5.729910747221921338e+04 0.000000000000000000e+00
3.846086369920014477e+03 8.862802225302091941e+00 0.000000000000000000e+00 1.103465265152065733e+01 5.660159779918703862e+04 0.000000000000000000e+00
3.624990602950011635e+03 8.854409381052857242e+00 0.000000000000000000e+00 1.135976402232874705e+01 6.027993939105908066e+04 0.000000000000000000e+00
3.849715193401881606e+03 9.522928763706410393e+00 0.000000000000000000e+00 1.109109693869036306e+01 5.867509842623072473e+04 0.000000000000000000e+00
3.829129556677916753e+03 9.563797866227005784e+00 0.000000000000000000e+00 1.110014103958697618e+01 5.603401443147333339e+04 0.000000000000000000e+00
4.159604969976590837e+03 9.830644730359164640e+00 0.000000000000000000e+00 1.139773389179016050e+01 5.579016983131341840e+04 0.000000000000000000e+00
4.372170827449505850e+03 9.538176986316566186e+00 0.000000000000000000e+00 1.114417525171045753e+01 5.916269441238871514e+04 0.000000000000000000e+00
4.100407091241006128e+03 9.490623043688172444e+00 0.000000000000000000e+00 1.209937837039963782e+01 6.045589834565034835e+04 0.000000000000000000e+00
4.156377311778131116e+03 1.009589849366760994e+01 0.000000000000000000e+00 1.128901891967983140e+01 5.865797433432274556e+04 0.000000000000000000e+00
4.506986030500082052e+03 9.463249251087693992e+00 0.000000000000000000e+00 1.167030104063542417e+01 5.560968813244609191e+04 0.000000000000000000e+00
4.649106955625492446e+03 9.719892175810127100e+00 0.000000000000000000e+00 1.127383797684484001e+01 5.885204841564243543e+04 0.000000000000000000e+00
4.777100144948070010e+03 1.055239768403389888e+01 0.000000000000000000e+00 1.205321898783067347e+01 5.713121254985507403e+04 0.000000000000000000e+00
4.934260430800391987e+03 1.015292016972596478e+01 0.000000000000000000e+00 1.181737980286362699e+01 5.740096434803316515e+04 0.000000000000000000e+00
5.047723598642394791e+03 9.785407190367207519e+00 0.000000000000000000e+00 1.197659472171029549e+01 5.827695659133468143e+04 0.000000000000000000e+00
5.143966676723246565e+03 1.003287553046362390e+01 0.000000000000000000e+00 1.179424320254393876e+01 5.509234846034816292e+04 0.000000000000000000e+00
5.256340322359844322e+03 1.075439133764892219e+01 0.000000000000000000e+00 1.258764122939386709e+01 5.889282255135041487e+04 0.000000000000000000e+00
5.360586048162512270e+03 1.067142091228635969e+01 0.000000000000000000e+00 1.195092700068189018e+01 5.866520652353946934e+04 0.000000000000000000e+00
5.201680046334501640e+03 1.100888379546290530e+01 3.588714799941121747e+00 1.240528874017073413e+01 4.455990056324873194e+02 8.248752475631989967e+01
5.059381862485893180e+03 1.122792869669122595e+01 3.606212424010291517e+00 1.337325755378530445e+01 4.448621115908332513e+02 8.578723040997816440e+01
5.489512283332461266e+03 1.161497391413231739e+01 3.430733307078952077e+00 1.323657816826688816e+01 4.380838760666672442e+02 8.536757161849645570e+01
5.199516086375912892e+03 1.081273995941359800e+01 3.686720621414786958e+00 1.255226715077846045e+01 4.519121885858426140e+02 8.583297250429106384e+01
5.264422364817164635e+03 1.087432054256243852e+01 3.436270723771733149e+00 1.332284389345316811e+01 4.426984584945210486e+02 8.271149321597194159e+01
5.506710067665852876e+03 1.077620270032448602e+01 3.677042991140900163e+00 1.259755144308092056e+01 4.405595371236904612e+02 8.902115256739897120e+01
5.483728838621812429e+03 1.082842781392545461e+01 3.489784124475820093e+00 1.332998440587447497e+01 4.460712630303985406e+02 8.441547368438362753e+01
5.517493403733084051e+03 1.173318682236285504e+01 3.757883629617287280e+00 1.262823133991931002e+01 4.418063043776496102e+02 8.590263529821737620e+01
5.784389199884889422e+03 1.177414501484436649e+01 3.774478810873223900e+00 1.269141341776112419e+01 4.206523307919443369e+02 8.702065282053847284e+01
6.029431236982039081e+03 1.142747438831421114e+01 3.513344256413704070e+00 1.320697799221612101e+01 4.171490446348380488e+02 8.478781542249099346e+01
6.134092967641526229e+03 1.175497872969291180e+01 3.671370477879179361e+00 1.258099045550340733e+01 4.270352815814877090e+02 8.920525058898762438e+01
5.966534248500408466e+03 1.104359447668048766e+01 3.500666096168663977e+00 1.341570012825308922e+01 4.397373415769735630e+02 8.131822433613113787e+01
6.018334633046109047e+03 1.158196498348362624e+01 3.573310456724804407e+00 1.290847976977196510e+01 4.200825848138753145e+02 8.334580689999502567e+01
6.266057375940570637e+03 1.135369307488335266e+01 3.722786184489295103e+00 1.249303834442992844e+01 4.485298128477447790e+02 8.867002576587961471e+01
