-4.470210596102074385e-01 5.928341179217071932e+00 3.406494905186370659e+00 2.716846126649492987e+00 1.341991707365426237e+03 5.765437601961381233e+02
3.150103955110185439e+01 5.975831149422168309e+00 3.509529909705146000e+00 2.855121110479684088e+00 1.429196468078966973e+03 6.110497051649065270e+02
3.342157777094816140e+01 7.597375819185198331e+00 4.282273046400612238e+00 3.352104020570806586e+00 1.451227490340141003e+03 6.066967248180471870e+02
5.176555613711695258e+01 8.090342359025568086e+00 4.594852542060383627e+00 3.417005897153113203e+00 1.467046728544214147e+03 6.002290808955430066e+02
1.033109753239238273e+02 7.641960248712449832e+00 4.492610308954687603e+00 3.352585008348445861e+00 2.094025441449531399e+02 8.023737708566324045e+01
1.465881213022197755e+02 7.706033579774855369e+00 4.447318714562209507e+00 3.323435689877711319e+00 2.020038695460251574e+02 8.231583228831289034e+01
1.983624051657758685e+02 8.177072074344778230e+00 4.515392716112365257e+00 3.592212607629381882e+00 3.686615017193821018e+02 7.800095740344191597e+01
2.500375499565421649e+02 8.534997119007583066e+00 4.489064785722287176e+00 3.579583340120664037e+00 3.590204982212761138e+02 1.369382613781961879e+02
2.869918804941668782e+02 8.639919128503482426e+00 4.722621760528210366e+00 3.642449097839926431e+00 3.723016851608925890e+02 1.450401669063006977e+02
3.569814792533125569e+02 9.011444082966294289e+00 5.049870920976432309e+00 3.511688691068990842e+00 3.540423659173462170e+02 1.422912588696942180e+02
3.978765776610949274e+02 9.142413084094721754e+00 4.717393218426572332e+00 3.726975796875697799e+00 3.618045542957444809e+02 1.397690273790579738e+02
4.896490713574783058e+02 9.946555748979649891e+00 5.413634046145568313e+00 3.677844777101441753e+00 3.618274661444024218e+02 1.382613766305824470e+02
6.012368198033725548e+02 1.010751698461718817e+01 5.775294496362994856e+00 4.119380442173669721e+00 3.713593363075888192e+02 1.468854684618115414e+02
6.383869616629818893e+02 1.069702074352847454e+01 5.866880797747394460e+00 4.318944889157996236e+00 7.394075185298516999e+02 3.031309101238550738e+02
8.112103446229169776e+02 1.067335795440406621e+01 5.998151777948692143e+00 4.632018809794048231e+00 7.431910745800075802e+02 3.121899373722874884e+02
8.573129639223442382e+02 1.127177948330345281e+01 5.965267738052475899e+00 4.533742499716448826e+00 7.354616276323839656e+02 3.218563982334485445e+02
9.720916419509327397e+02 1.119730725691332296e+01 6.642241911875512272e+00 4.708107578019473216e+00 7.209818272981444807e+02 2.980500140630360306e+02
1.092410532302767024e+03 1.190739417735358963e+01 6.502929092272098366e+00 4.879444130007402514e+00 7.666596288053621038e+02 3.155525687386787013e+02
1.189606560694204973e+03 1.148041957728299245e+01 6.643569758761254995e+00 4.876449589385443595e+00 7.654768073276866289e+02 3.127704176146548889e+02
1.343903449823837491e+03 1.159100363051695837e+01 6.794970721901392174e+00 4.909295046842928834e+00 7.615332114093525888e+02 3.233093013050736317e+02
1.470437486572964872e+03 1.198833907836534074e+01 6.852035979324115900e+00 4.771343180587857447e+00 7.408907293302108883e+02 2.969725510226174947e+02
1.532011202989614276e+03 1.244476372340522197e+01 6.951916687485782731e+00 4.945913211487861005e+00 7.438586763246303235e+02 3.206434685661996014e+02
1.835853431578705795e+03 1.221612086654130813e+01 6.699401253688716196e+00 5.274040502784831830e+00 8.004298809194411888e+02 3.185340736306789040e+02
2.017107757745249273e+03 1.270956345370937157e+01 6.794984317397037010e+00 5.102318883721334686e+00 8.127740304386672960e+02 3.043650278619359710e+02
2.156047378590314565e+03 1.326917978350024541e+01 7.334134961348842019e+00 5.443177170218658212e+00 8.283169407616949229e+02 3.004313246771211539e+02
2.197673879146562740e+03 1.296842961750154011e+01 6.901530187382003412e+00 5.342869418206131371e+00 8.256039868272712283e+02 3.126366384074157736e+02
2.530876120511288264e+03 1.335803350350200525e+01 7.160360863058673253e+00 5.264007035097259646e+00 8.147146596879929348e+02 3.002212820299776013e+02
2.734316174276638776e+03 1.330471477270192793e+01 7.150582322780087097e+00 5.714702831815442252e+00 7.720895377414249197e+02 3.080854955832870132e+02
2.916148298389840875e+03 1.399334673558603370e+01 7.282672745962631922e+00 5.583155497248804444e+00 8.271153357025974628e+02 3.207758573137031135e+02
2.940715508657547161e+03 7.923532615141908764e+00 0.000000000000000000e+00 9.312072735675210211e+00 7.921667560918663185e+02 2.964679875581783790e+02
3.069608363350728723e+03 8.399336330369001402e+00 0.000000000000000000e+00 1.034740800366775026e+01 5.547446468135106261e+04 0.000000000000000000e+00
3.091727809161272944e+03 8.647025356028144927e+00 0.000000000000000000e+00 1.038893183049184366e+01 6.061795953966873640e+04 0.000000000000000000e+00
3.224761767474953103e+03 8.832914730027660255e+00 0.000000000000000000e+00 1.065496248474629759e+01 5.673303970867143653e+04 0.000000000000000000e+00
3.214123682916766938e+03 8.372942867000675804e+00 0.000000000000000000e+00 1.097777095402163106e+01 5.592537077587439126e+04 0.000000000000000000e+00
3.489394577045863116e+03 8.571107790251982550e+00 0.000000000000000000e+00 1.088831306787090902e+01 5.585408139454204502e+04 0.000000000000000000e+00
3.533039920842194533e+03 9.121720414185112702e+00 0.000000000000000000e+00 1.038315154105164595e+01 5.631796298163897882e+04 0.000000000000000000e+00
3.690788168806922840e+03 9.356341770033758110e+00 0.000000000000000000e+00 1.058773094205279186e+01 5.721637490149713994e+04 0.000000000000000000e+00
3.709175281108257877e+03 9.427578383852807775e+00 0.000000000000000000e+00 1.102582918977427617e+01 5.853138193624599080e+04 0.000000000000000000e+00
3.820938299412517608e+03 9.251270732880039205e+00 0.000000000000000000e+00 1.146258217466595752e+01 6.021940955025459698e+04 0.000000000000000000e+00
3.773792665673082411e+03 9.796956977856122961e+00 0.000000000000000000e+00 1.064048692390773354e+01 5.933083061254381755e+04 0.000000000000000000e+00
4.008375329941000018e+03 9.839105854642461679e+00 0.000000000000000000e+00 1.143420700450682048e+01 6.012263231403794634e+04 0.000000000000000000e+00
3.890718771987264972e+03 9.114070457618096199e+00 0.000000000000000000e+00 1.166956953979912193e+01 5.600145059586269053e+04 0.000000000000000000e+00
4.090434472334172369e+03 9.238087967464592154e+00 0.000000000000000000e+00 1.117001791728509907e+01 5.894505547465007839e+04 0.000000000000000000e+00
4.472139313657683488e+03 1.010092915221231102e+01 0.000000000000000000e+00 1.143616753492227289e+01 5.731268643469129165e+04 0.000000000000000000e+00
4.406222770265005238e+03 9.674521370193557956e+00 0.000000000000000000e+00 1.170053705215732087e+01 5.617249824485233694e+04 0.000000000000000000e+00
4.352443814961464341e+03 9.764925317076555089e+00 0.000000000000000000e+00 1.198643120716983468e+01 5.973525710002416599e+04 0.000000000000000000e+00
4.714933830636986386e+03 1.003813656569579038e+01 0.000000000000000000e+00 1.207800999117600504e+01 5.881672650910820812e+04 0.000000000000000000e+00
4.725542642160876312e+03 9.767069171610510026e+00 0.000000000000000000e+00 1.148459335659055824e+01 5.586879896678974910e+04 0.000000000000000000e+00
4.590228342866144885e+03 1.061780726641458550e+01 0.000000000000000000e+00 1.185546814441467589e+01 5.970289043399279035e+04 0.000000000000000000e+00
4.737929523274096027e+03 9.925495133392738367e+00 0.000000000000000000e+00 1.155337695378245755e+01 5.556892669792840752e+04 0.000000000000000000e+00
5.070583826202692762e+03 1.014705238867983006e+01 0.000000000000000000e+00 1.166433108655841089e+01 5.711549212621535116e+04 0.000000000000000000e+00
4.921746455985479770e+03 1.031870480606782259e+01 0.000000000000000000e+00 1.157381458373267158e+01 5.669372135813186469e+04 0.000000000000000000e+00
5.172418887973621167e+03 1.075741211678905529e+01 0.000000000000000000e+00 1.223913047896733097e+01 5.915228550268143590e+04 0.000000000000000000e+00
5.373749459677003870e+03 1.069518470839216739e+01 3.609600821305290363e+00 1.338920363457738283e+01 4.348657923983667501e+02 8.211850272803241069e+01
5.043226150615869301e+03 1.131289469982588081e+01 3.543740028753681326e+00 1.319269664017766175e+01 4.506743025634107198e+02 8.164132043117872684e+01
5.036637872328712547e+03 1.087627667799825559e+01 3.566640386385135031e+00 1.278313390052037413e+01 4.294602297501639327e+02 8.190905046629235642e+01
5.452241240729203128e+03 1.116387117679562735e+01 3.441342583715061298e+00 1.233934192823421050e+01 4.216407733645783651e+02 8.740303323460426554e+01
5.265219678329132876e+03 1.089250289698965979e+01 3.715168181565626782e+00 1.267499191134743519e+01 4.541551912144427092e+02 8.075943943313910722e+01
5.791366007883744714e+03 1.130338488710578559e+01 3.510382155358432676e+00 1.310587099046945525e+01 4.175216486489168801e+02 8.581215790265434862e+01
5.650554017735084017e+03 1.136037989131275161e+01 3.473081696832364340e+00 1.349070903654562770e+01 4.300671976063544548e+02 8.456038836039675743e+01
6.015476728227255080e+03 1.159751877306277024e+01 3.540522453992406504e+00 1.355603231560127497e+01 4.329804295062216397e+02 8.800512066957855950e+01
5.761746415817844536e+03 1.090438835443936227e+01 3.497809378507248379e+00 1.322813834118493403e+01 4.502064472909715391e+02 8.722174237032589872e+01
6.163202761189396369e+03 1.104754761731739165e+01 3.692819642068697839e+00 1.368446100812028199e+01 4.302033431446581062e+02 8.490987268947813504e+01
5.943152995276136608e+03 1.092755601696631906e+01 3.718464880999758915e+00 1.261086769012571374e+01 4.329993781251402538e+02 8.321684389026663098e+01
6.464795083067742780e+03 1.145723306823892074e+01 3.697932429256010955e+00 1.270092747800989486e+01 4.461547143511440936e+02 8.245321703650441236e+01
6.271971616665592592e+03 1.149755987143418423e+01 3.811067470126391132e+00 1.331608494961886180e+01 4.375505004094829360e+02 8.449675422109224598e+01
6.682415426745931654e+03 1.104863497417989748e+01 3.827863922300994481e+00 1.373355391888168597e+01 4.191525979878980479e+02 8.267934070301062377e+01
