4.657680076471720776e-01 5.974713979843991218e+00 3.386979219533217567e+00 2.665651264068601645e+00 1.460798012844134973e+03 6.279932950685838478e+02
3.421039111685353618e+01 5.850783762444443425e+00 3.404793555351039558e+00 2.873243335890129924e+00 1.466339757732878752e+03 5.837689458023470479e+02
3.351079573881752793e+01 7.449566790733145538e+00 4.382218589825356503e+00 3.279218801980573694e+00 1.374935481855996841e+03 6.140860745509681919e+02
5.042080328085761209e+01 7.536741573717236520e+00 4.192281531001095018e+00 3.376100988695060146e+00 1.337002391370334863e+03 5.716430740644982507e+02
9.838597678247155898e+01 7.597197135095341558e+00 4.271805030637347400e+00 3.270602567239190517e+00 2.081973670459747723e+02 7.791632047258457305e+01
1.488487460810006269e+02 8.374883861536495999e+00 4.371465625201486738e+00 3.508279612541924664e+00 1.972545066080536458e+02 8.255596865584756472e+01
2.104097121685428533e+02 8.324691047427798196e+00 4.804621738308759937e+00 3.547245331424123460e+00 3.436833041260390473e+02 7.944637620585768900e+01
2.497760599558024808e+02 8.594282415703043299e+00 4.895715641580046906e+00 3.622816080970384434e+00 3.432503631802219388e+02 1.463414233801211992e+02
3.059855595456457422e+02 8.736567910229764422e+00 4.531264028984837822e+00 3.687943152590973384e+00 3.770615724103942057e+02 1.377865632898488286e+02
3.450219959455940284e+02 8.628825427588772357e+00 4.863264231397563364e+00 3.472166317273312597e+00 3.627573203761565424e+02 1.482047573401777072e+02
4.289638527710097833e+02 9.277358444879833854e+00 4.770624972504382555e+00 3.812594286080378758e+00 3.538181248972583148e+02 1.376258641826600240e+02
5.213342509301686505e+02 9.498278113343282314e+00 5.297125381023353619e+00 3.943919874618922350e+00 3.677167169526350676e+02 1.442954025117883816e+02
5.697675785653414096e+02 1.051781244017394812e+01 5.656641048969256680e+00 4.259909848737614801e+00 3.581926215730060790e+02 1.485977279189750391e+02
6.929632635390062205e+02 1.056394810025986075e+01 5.883824542165755567e+00 4.263029059065493342e+00 7.185009216320254382e+02 3.001378765325681570e+02
7.738239439221827070e+02 1.089275910150536397e+01 6.194064382899725274e+00 4.406488628373221417e+00 7.439955567031602186e+02 3.120505201943936413e+02
9.117514385048367558e+02 1.082269363507892379e+01 6.161316559568502882e+00 4.635300595064438589e+00 7.724412903993687678e+02 3.019239952055726803e+02
1.028328112213096119e+03 1.116475525702439064e+01 6.527275021859264115e+00 4.837272465386422304e+00 7.634584356141955368e+02 3.016494736624968596e+02
1.121704924706921929e+03 1.159712635407034043e+01 6.342133676597137004e+00 4.792273964010936638e+00 7.406620131724617977e+02 3.039050327477104361e+02
1.156022301545819346e+03 1.144473611745146790e+01 6.566090638011133684e+00 4.646938119896761421e+00 7.410987476368641182e+02 2.991065083956623312e+02
1.300792463518957220e+03 1.151754340495919671e+01 6.725322503287959108e+00 4.614977638252696579e+00 7.197216684882860136e+02 3.093412995111825126e+02
1.405254572579019850e+03 1.206153618907945280e+01 6.562581021277115845e+00 4.790923091967180802e+00 7.187777651643017407e+02 3.032796509933005495e+02
1.615075956157898190e+03 1.269776787956289077e+01 6.508436247872882774e+00 5.082349722302355488e+00 7.078939507115172773e+02 3.246146857935331127e+02
1.813971899216608335e+03 1.191618450240278904e+01 6.830235595790442815e+00 4.955854316809305438e+00 8.340515939507835128e+02 3.168493257216252346e+02
1.965811041592960692e+03 1.249069198193363661e+01 7.269522028934201074e+00 5.008058370746232946e+00 8.151214461613944877e+02 3.113544511393140510e+02
2.252350416287240023e+03 1.328264236490553785e+01 6.921179416397405859e+00 5.138198406130690898e+00 7.770902309359174751e+02 3.216840478655971651e+02
2.199426089727818635e+03 1.379680806381155911e+01 7.150700127076167867e+00 5.247407431536128541e+00 7.839076577301627822e+02 2.965415746435113533e+02
2.652778010825623824e+03 1.288388207557422405e+01 6.994145874752543790e+00 5.412698932633746907e+00 7.707634710986515074e+02 3.059999019354461893e+02
2.645744423355129584e+03 1.313162308274835155e+01 7.133673308376865307e+00 5.573276728141500769e+00 8.345885647225416051e+02 3.048160378184027195e+02
2.869253567766308606e+03 1.368339609923146760e+01 7.371508542714107826e+00 5.635944999545209555e+00 7.634272782722639477e+02 3.201704951489680866e+02
2.841721528691552521e+03 8.249555070536297663e+00 0.000000000000000000e+00 9.454281060773928047e+00 7.710022981820737868e+02 3.172742728144822308e+02
3.013227590490292187e+03 8.018305945769574450e+00 0.000000000000000000e+00 9.877796360935887421e+00 5.910855444753214397e+04 0.000000000000000000e+00
3.086678696859890351e+03 8.470788568972869470e+00 0.000000000000000000e+00 1.022883466825105536e+01 5.651909288753311557e+04 0.000000000000000000e+00
3.034293587780695361e+03 8.873679227366032762e+00 0.000000000000000000e+00 1.027419751437693307e+01 5.629683290668104019e+04 0.000000000000000000e+00
3.346780882670850133e+03 8.335982399822309930e+00 0.000000000000000000e+00 1.041947228199166275e+01 5.529156030163765536e+04 0.000000000000000000e+00
3.324244406281995907e+03 9.002482915675358299e+00 0.000000000000000000e+00 1.058919930321578917e+01 5.907727537803231826e+04 0.000000000000000000e+00
3.452600011623137561e+03 9.127802170880812582e+00 0.000000000000000000e+00 1.057806303397766712e+01 5.535588459373411752e+04 0.000000000000000000e+00
3.462594966031833337e+03 8.780341674237874372e+00 0.000000000000000000e+00 1.107630487731523417e+01 5.918592712455253786e+04 0.000000000000000000e+00
3.524842065523645942e+03 9.189075853479115708e+00 0.000000000000000000e+00 1.072128452818755484e+01 6.064897913877354586e+04 0.000000000000000000e+00
3.700272900598554315e+03 9.317677896533975712e+00 0.000000000000000000e+00 1.079408748297739962e+01 5.697684573832403112e+04 0.000000000000000000e+00
3.765199269612752232e+03 9.701181130247249484e+00 0.000000000000000000e+00 1.141843188785253993e+01 5.696606099755373725e+04 0.000000000000000000e+00
3.844760392463855169e+03 9.537782324075639195e+00 0.000000000000000000e+00 1.091980122697828470e+01 5.858959576737986208e+04 0.000000000000000000e+00
3.993016864294922925e+03 9.560926962237671134e+00 0.000000000000000000e+00 1.180292742668654071e+01 5.629328097362574772e+04 0.000000000000000000e+00
3.985549336792348640e+03 1.009271946321821112e+01 0.000000000000000000e+00 1.183607093317638004e+01 5.863883150441964972e+04 0.000000000000000000e+00
4.130020295620760407e+03 9.811157548619275914e+00 0.000000000000000000e+00 1.113484086690241703e+01 5.519895616653440084e+04 0.000000000000000000e+00
4.190268391982678622e+03 1.020339791760632231e+01 0.000000000000000000e+00 1.160205324921003900e+01 6.014061564237419225e+04 0.000000000000000000e+00
4.352882795307014021e+03 9.716310610933762248e+00 0.000000000000000000e+00 1.134418575677472063e+01 5.718501782419895608e+04 0.000000000000000000e+00
4.776082862189728985e+03 1.019191943313374082e+01 0.000000000000000000e+00 1.144611751300714531e+01 5.848650259602088045e+04 0.000000000000000000e+00
4.835493871397875409e+03 9.810956411482584016e+00 0.000000000000000000e+00 1.189050307540314400e+01 5.519512122564400488e+04 0.000000000000000000e+00
4.690411925607937519e+03 1.006106619132336633e+01 0.000000000000000000e+00 1.200251669576202218e+01 5.874860271641868167e+04 0.000000000000000000e+00
5.107972434660309773e+03 1.020920834045817749e+01 0.000000000000000000e+00 1.177111149182707450e+01 5.995141341554273095e+04 0.000000000000000000e+00
4.858018160258863645e+03 1.063513246999557538e+01 0.000000000000000000e+00 1.244182999782454146e+01 6.040611163572364603e+04 0.000000000000000000e+00
4.972142465795048338e+03 9.948734046073614223e+00 0.000000000000000000e+00 1.253651386144178126e+01 5.605462093582381931e+04 0.000000000000000000e+00
5.136074942498209566e+03 1.014583717020652998e+01 0.000000000000000000e+00 1.206595361666239796e+01 5.824033039579933393e+04 0.000000000000000000e+00
5.022591815402067368e+03 1.155282926725270976e+01 3.457996000053795704e+00 1.318418977816589788e+01 4.418270444308816991e+02 8.325488152971666977e+01
4.942042819995229365e+03 1.106527954486628573e+01 3.571397687473008009e+00 1.341010283299705996e+01 4.568337221975496618e+02 8.490407750881041693e+01
5.034294406643055481e+03 1.119882924186181228e+01 3.669029903658239888e+00 1.303653390851341598e+01 4.488541616802795602e+02 8.540556127842673106e+01
5.419607050274704307e+03 1.165988593766052794e+01 3.710719016728352138e+00 1.239779466009499487e+01 4.239087757871318445e+02 8.172978041445324493e+01
5.220330880205942776e+03 1.146952793710874907e+01 3.565339341656630801e+00 1.236564495894422144e+01 4.271121870886203169e+02 8.820377910819401279e+01
5.825295206755058643e+03 1.153296610496052921e+01 3.710846622233215264e+00 1.297622092079746636e+01 4.452601251732190235e+02 8.911600902518182465e+01
5.803315972109156064e+03 1.110387962254845640e+01 3.779519654230976133e+00 1.249433326116408693e+01 4.338567453585206408e+02 8.123964895673414333e+01
5.991263758103534201e+03 1.099695690117610347e+01 3.771850035126803391e+00 1.243744270834427468e+01 4.145461405248945539e+02 8.260854652364551498e+01
5.711548346014396884e+03 1.114347344032325182e+01 3.574873830852983048e+00 1.286074410355514708e+01 4.197977020995614339e+02 8.524319078424986174e+01
6.244582277700706982e+03 1.172061071569744506e+01 3.739856316114825940e+00 1.259585739427589068e+01 4.506728871198192223e+02 8.557699770029769581e+01
5.921405146212460750e+03 1.090450704970636764e+01 3.739514417696175208e+00 1.269363168740024150e+01 4.493001241493140014e+02 8.448106608446563826e+01
6.093644298528833133e+03 1.178653390086883412e+01 3.784016922028055063e+00 1.354139458259582085e+01 4.467664851373095871e+02 8.885495115208243533e+01
6.157965433778842453e+03 1.124571287074720871e+01 3.828469903150581999e+00 1.336743793049428852e+01 4.273088641663977683e+02 8.409512957023686397e+01
6.310110424049567882e+03 1.121091962856547042e+01 3.663299434836686075e+00 1.363587108600284736e+01 4.183451356171485713e+02 8.454672142008857350e+01
