4.878312686572970902e-01 5.899960214038809880e+00 3.352410250077118015e+00 2.885768229278489638e+00 1.346517401167154503e+03 6.017652642027155707e+02
3.325469593550728575e+01 6.067036470393072811e+00 3.273436044172899795e+00 2.770862664310891788e+00 1.447629923041916982e+03 5.985092076388308442e+02
3.306388634323121778e+01 7.624786488038732379e+00 4.452908275916525938e+00 3.165485015977434369e+00 1.351473351306227869e+03 5.990117052858142870e+02
4.779870490232737978e+01 8.085803421737157493e+00 4.298628510664496361e+00 3.469324642788502722e+00 1.403351779766932395e+03 6.201034327926162177e+02
9.980411197276308144e+01 8.023252439993397545e+00 4.647161997006783452e+00 3.525642035318897527e+00 1.969366972099671216e+02 8.396917898694803739e+01
1.422820739939444081e+02 7.897102535252625621e+00 4.670072008376354944e+00 3.428741696759307178e+00 1.934848524103288696e+02 7.724263916856980927e+01
1.980670285025496753e+02 8.201705493208919506e+00 4.693928464392097766e+00 3.309944049293574331e+00 3.643514634098025908e+02 7.987120863223294975e+01
2.577469649578148392e+02 8.356176579172492680e+00 4.739904516663431266e+00 3.509224346269295580e+00 3.457116344679798772e+02 1.372135473352741997e+02
3.036200956629293159e+02 8.953867182918905598e+00 4.749336341594002420e+00 3.387716579692022556e+00 3.635287458847100766e+02 1.484145040681741534e+02
3.416850908543276546e+02 8.390251394271340146e+00 4.828134370665175368e+00 3.419238781719418974e+00 3.620830101307849986e+02 1.381810307267551821e+02
4.099662931279078748e+02 9.080650480972913385e+00 5.113629477665950773e+00 3.506384689644013175e+00 3.513207778404188275e+02 1.453740085846392560e+02
4.903251978147320642e+02 9.481025397777600006e+00 5.409897336147752256e+00 3.693628304668827855e+00 3.609325061496388685e+02 1.390034040399638400e+02
6.246253720570863379e+02 1.074537840179338133e+01 5.398585410977864818e+00 4.251014312949014773e+00 3.529156319886504889e+02 1.446088454602960951e+02
6.775807902330111574e+02 1.109769223221749535e+01 6.169388066185592656e+00 4.530668707484757363e+00 7.575236514829281305e+02 3.198080569722984023e+02
8.338957196417803743e+02 1.055480382281594842e+01 5.838221097849588759e+00 4.258700440913815832e+00 7.287769230660716175e+02 3.214453110895526038e+02
8.728889474742094308e+02 1.162458275474609870e+01 5.967312685291012997e+00 4.652737894405627017e+00 7.367104890571616806e+02 3.233118303139148679e+02
1.021046228195167146e+03 1.159467699255663220e+01 6.214029566608239463e+00 4.814652401017713856e+00 7.038064205000362108e+02 2.997421188784852006e+02
1.069631402173799415e+03 1.206721308050519070e+01 6.685495643113619657e+00 4.480283885560791823e+00 7.639473538073059444e+02 3.192474353464690466e+02
1.213459499796950240e+03 1.112850516762382824e+01 6.393824948381256590e+00 4.597340936582273940e+00 7.551202483877980285e+02 3.232590626675515182e+02
1.236535860961794697e+03 1.169353628042153481e+01 6.779413908451564552e+00 4.880546176588985929e+00 7.505898173864396767e+02 2.973901597440107594e+02
1.413201342628136445e+03 1.181942214786950629e+01 6.362722840228252075e+00 4.678500892027085634e+00 7.691314868595393364e+02 3.184242392212037771e+02
1.565822652493746318e+03 1.263352771325478763e+01 6.667624671900785671e+00 4.846747496584535853e+00 7.731373262420272567e+02 3.230412619039886408e+02
1.713430758504930054e+03 1.304533536477085143e+01 7.074178622934573113e+00 4.969017914576996375e+00 7.868149136710892435e+02 3.062154608784581455e+02
2.071191126694051036e+03 1.334152566223697711e+01 7.161661385129555413e+00 5.359246925110642046e+00 8.312525614612331992e+02 3.218960992174708053e+02
2.298650397633255579e+03 1.325401462281796405e+01 6.676828467062977168e+00 5.241618858030860473e+00 8.149304585753958463e+02 2.989744571599830465e+02
2.271219180893369867e+03 1.344784538044920019e+01 6.863718632514252960e+00 5.617642984577194909e+00 8.284981980097300038e+02 3.146490678031190100e+02
2.678746698446646406e+03 1.300338332517153539e+01 7.208766459897128165e+00 5.362444935322770334e+00 7.921161166197335888e+02 3.063285377235341684e+02
2.657104996310708884e+03 1.312495736026469118e+01 7.253868561228199674e+00 5.845451328762469423e+00 7.725842833070030338e+02 2.978386130148007283e+02
2.936636139286227717e+03 1.393542408538873723e+01 7.613299109427420497e+00 5.563654319638315471e+00 7.685540627421042927e+02 3.111232464968730937e+02
2.839681731476508958e+03 8.238279919279273500e+00 0.000000000000000000e+00 9.268283387386993866e+00 8.060911194465925291e+02 3.071083724464324405e+02
3.067850969935422654e+03 7.983356750534542634e+00 0.000000000000000000e+00 1.022967549777452234e+01 5.745934147718309396e+04 0.000000000000000000e+00
3.213179247480221875e+03 8.499262400770007275e+00 0.000000000000000000e+00 1.015453173209261806e+01 6.039282109952468454e+04 0.000000000000000000e+00
3.115247471697762649e+03 8.271533802606871433e+00 0.000000000000000000e+00 1.080800968367484849e+01 6.048876968436207972e+04 0.000000000000000000e+00
3.124540176976099247e+03 8.999558267183386917e+00 0.000000000000000000e+00 1.013329806956513934e+01 5.649856238398839196e+04 0.000000000000000000e+00
3.222552553005292339e+03 9.054069764020521660e+00 0.000000000000000000e+00 1.079678955828143394e+01 6.038815433074306202e+04 0.000000000000000000e+00
3.510138148768402516e+03 8.739632180172199227e+00 0.000000000000000000e+00 1.112716344331238183e+01 5.998990245489991503e+04 0.000000000000000000e+00
3.744791006999848378e+03 8.628727860626344892e+00 0.000000000000000000e+00 1.055760114347519263e+01 5.512814401250624360e+04 0.000000000000000000e+00
3.729807278415696601e+03 9.112320058910668763e+00 0.000000000000000000e+00 1.139248823885463757e+01 5.977781743783930142e+04 0.000000000000000000e+00
3.620908071063511215e+03 8.889138511175481483e+00 0.000000000000000000e+00 1.151823871815255806e+01 6.015711120806616236e+04 0.000000000000000000e+00
4.038449277380454078e+03 9.489141157809527272e+00 0.000000000000000000e+00 1.112043135811833139e+01 5.886572598851736257e+04 0.000000000000000000e+00
3.899874371332839928e+03 9.705833875603882888e+00 0.000000000000000000e+00 1.164270989621194019e+01 6.062625332904280367e+04 0.000000000000000000e+00
3.955478359104193714e+03 9.395418578364003181e+00 0.000000000000000000e+00 1.123554952105411431e+01 6.017747305945272092e+04 0.000000000000000000e+00
4.179740275943742745e+03 9.912353011338195685e+00 0.000000000000000000e+00 1.143751900635680308e+01 5.650079493335642474e+04 0.000000000000000000e+00
4.423187440541977594e+03 9.458594350201604328e+00 0.000000000000000000e+00 1.114048474610754091e+01 5.872531398120185622e+04 0.000000000000000000e+00
4.376813875722485136e+03 1.015374967013144847e+01 0.000000000000000000e+00 1.177556399607681037e+01 5.849689559456080315e+04 0.000000000000000000e+00
4.414371447914821147e+03 1.029929139682928785e+01 0.000000000000000000e+00 1.214814984801661879e+01 5.618348985358072969e+04 0.000000000000000000e+00
4.769140903119675386e+03 9.898441872168991296e+00 0.000000000000000000e+00 1.219694811736320972e+01 5.820368359777326259e+04 0.000000000000000000e+00
4.588481208947860978e+03 9.895139521958586926e+00 0.000000000000000000e+00 1.158744450711798990e+01 6.031785764817128074e+04 0.000000000000000000e+00
4.931275502936591693e+03 1.045568886486731230e+01 0.000000000000000000e+00 1.154817172765420352e+01 5.628400128057226539e+04 0.000000000000000000e+00
4.882431416117140543e+03 1.016641787180579115e+01 0.000000000000000000e+00 1.159961136015925298e+01 5.788911768565017701e+04 0.000000000000000000e+00
4.929635016984290814e+03 1.053587119037555198e+01 0.000000000000000000e+00 1.169777885606255730e+01 5.976994836948893499e+04 0.000000000000000000e+00
4.939878424158125199e+03 1.006504748738409027e+01 0.000000000000000000e+00 1.213801468935805339e+01 6.040686141253539245e+04 0.000000000000000000e+00
5.130189451139928678e+03 1.013405912858913638e+01 0.000000000000000000e+00 1.173371533244629994e+01 5.762880324874304642e+04 0.000000000000000000e+00
5.138416998632189461e+03 1.146901528635063627e+01 3.529236571653263876e+00 1.299959237918358745e+01 4.605717620653503559e+02 8.082538126821431490e+01
5.425377626550061905e+03 1.057285679916934917e+01 3.559833449679786987e+00 1.237930459070809519e+01 4.614453751645527859e+02 8.386877449794238260e+01
5.227053784492218256e+03 1.100511584663035691e+01 3.472935746291307968e+00 1.239281583244541984e+01 4.651471744751092388e+02 8.309896806112303125e+01
5.591211648595001861e+03 1.104523412480754097e+01 3.389693772804379890e+00 1.322470498655818893e+01 4.203417045704455290e+02 8.523001361778699447e+01
5.388296124996099024e+03 1.098648041578544898e+01 3.628819611771558318e+00 1.337940649289744144e+01 4.274358521883316371e+02 8.150779911647181564e+01
5.690489051163987824e+03 1.100172255309238878e+01 3.505797981293575116e+00 1.239516326405423641e+01 4.561919791765493528e+02 8.109073165945103767e+01
5.684284999611085368e+03 1.155786769341412423e+01 3.629526969682196569e+00 1.319898726023162894e+01 4.443581907992139008e+02 8.838920506545993305e+01
5.687344879333045355e+03 1.171539692545740508e+01 3.737979868679467188e+00 1.267100446156463533e+01 4.338381079553841460e+02 8.253488845524361750e+01
5.632388336500281184e+03 1.146759764849777063e+01 3.660978900531497882e+00 1.296424069778918309e+01 4.200487753200764587e+02 8.636543112184483562e+01
5.878841015539902401e+03 1.132431858028829019e+01 3.564804942939023835e+00 1.319479928069771724e+01 4.269396311548624681e+02 8.855945389877888374e+01
6.302020200501641739e+03 1.151972296723352862e+01 3.770248788797437189e+00 1.352851985741799012e+01 4.451195107127355186e+02 8.505809063127998115e+01
6.208594023551721875e+03 1.178658237008676579e+01 3.761333666018806365e+00 1.242603021750369052e+01 4.369982263830165721e+02 8.260061602151827742e+01
6.207009512948956399e+03 1.106400432552121416e+01 3.562183554942907282e+00 1.251123933708921143e+01 4.134430920323998180e+02 8.230539162424427957e+01
6.066573944781026512e+03 1.092562876802639948e+01 3.485053281554961746e+00 1.371470874105393456e+01 4.454529393351791100e+02 8.834400889515850963e+01
