-4.282092302002792339e-01 5.774128114284535762e+00 3.243845187621455572e+00 2.893220198654265385e+00 1.407501500391698983e+03 5.886946298607431345e+02
3.238425539037149292e+01 5.548450937093079460e+00 3.394370337903765300e+00 2.667777781092825595e+00 1.403356394071763589e+03 6.104913729636546122e+02
3.438528840503202133e+01 7.998787463150867971e+00 4.565555520427639458e+00 3.449846494120075935e+00 1.430962768845777873e+03 5.781778573279883631e+02
4.952733237702233282e+01 7.863905729938036160e+00 4.168610508893797473e+00 3.456580275303278604e+00 1.398343836675310058e+03 5.820341878634808381e+02
9.565319684875015582e+01 7.677928898499671639e+00 4.449028687033262486e+00 3.246996098480351645e+00 2.075343458125944380e+02 8.224117604137028081e+01
1.486870121481877050e+02 7.931602223824917530e+00 4.694879538608859981e+00 3.474693547357304180e+00 2.043173377201435699e+02 7.628589632151914657e+01
2.084067118772730396e+02 8.474228567952909685e+00 4.444823759502606997e+00 3.476563860764811498e+00 3.703122364509475801e+02 7.606790255668042278e+01
2.625618390600968723e+02 8.140811729825179199e+00 4.579316589207506283e+00 3.415909838232266793e+00 3.650373787084534456e+02 1.419301533101871087e+02
2.982283231039573366e+02 8.986026430209538063e+00 4.970589572100666764e+00 3.515114883166172710e+00 3.615595913410125490e+02 1.408854689908473290e+02
3.339312292934492348e+02 8.329585813373491021e+00 4.836869910420731777e+00 3.526469698323360102e+00 3.586982872785963536e+02 1.360477330341948345e+02
4.270844258643199396e+02 8.645512209607598919e+00 5.159209855891107921e+00 3.719225143532589595e+00 3.658016922803307125e+02 1.492688266175102569e+02
4.924478862930425294e+02 9.673716811191102494e+00 5.167960337687692807e+00 3.992758447048553982e+00 3.768955060187560662e+02 1.397389498317693608e+02
6.258157375697329599e+02 1.070787300431401334e+01 5.628499604868400397e+00 4.095137153965030308e+00 3.746208566051772095e+02 1.374762103883482212e+02
6.836200806370790133e+02 1.109381523878834486e+01 5.947919719197192201e+00 4.390426968172215005e+00 7.238405611004045568e+02 2.998087605312394430e+02
7.728496165840091408e+02 1.050498421779144387e+01 6.322384969021666912e+00 4.487034704022574871e+00 7.043055072232249358e+02 2.977358147749608861e+02
8.848610755167779871e+02 1.104990610398219708e+01 6.207200289827840223e+00 4.565444634985566630e+00 7.615825793542576321e+02 3.216572695325744462e+02
1.018126231366548041e+03 1.145873065058472662e+01 6.073395827207010989e+00 4.781086042539089753e+00 7.378215303288285440e+02 3.124028411840528179e+02
1.134655154552324348e+03 1.116051638970146875e+01 6.389095599213779231e+00 4.529126273234729716e+00 7.635178422535921072e+02 3.116176528390351450e+02
1.181257766354042360e+03 1.204753161566793906e+01 6.682691184334987433e+00 4.914889182325076433e+00 7.354134839609264418e+02 3.162967747628960069e+02
1.303085257640711916e+03 1.230330804557115165e+01 6.836252839585145402e+00 4.740715806925182463e+00 7.480571738134252655e+02 3.184695622972904516e+02
1.352393798118224367e+03 1.194135064002498758e+01 6.521917535260348231e+00 4.978903223418860158e+00 7.509247120125735364e+02 3.233381255946556507e+02
1.543584511547483544e+03 1.222827262848501739e+01 6.780960277505355016e+00 5.109326478943260419e+00 7.652054358159588219e+02 3.233015410476725719e+02
1.791328174061000709e+03 1.204758049940019760e+01 6.553709024408688855e+00 5.171960633934179263e+00 7.614765632957411299e+02 3.120105850363557352e+02
1.944547285538668802e+03 1.337423763154531819e+01 6.940041275612552241e+00 5.011860181794092206e+00 8.330711635242589637e+02 3.056532296717489317e+02
2.152261317066816446e+03 1.325452258159701380e+01 6.882894749098603882e+00 5.534277919909421861e+00 8.149160083126332665e+02 3.061766056187775575e+02
2.252975982493432639e+03 1.310586549737011985e+01 7.112322428215508197e+00 5.388193289112498618e+00 8.077226261472411579e+02 3.137236396867708095e+02
2.665227427438622271e+03 1.361864758495485539e+01 7.087935332634249797e+00 5.492211264484680555e+00 8.132324064726834649e+02 3.260566201656704948e+02
2.596267917140149166e+03 1.390457914062284495e+01 7.585096934935426916e+00 5.528638811332720948e+00 8.150138239940332596e+02 3.165917537228848460e+02
2.779695309009384800e+03 1.388339965609143434e+01 7.179025457963400747e+00 5.629277376274724354e+00 8.364986120572604023e+02 3.100194488430444721e+02
2.864812473279017468e+03 7.904544721379801686e+00 0.000000000000000000e+00 9.966137264003934959e+00 7.791098755600492041e+02 3.100374453524996738e+02
3.014682680529590925e+03 8.247501273893755425e+00 0.000000000000000000e+00 1.033362380192271424e+01 6.069142656422762229e+04 0.000000000000000000e+00
2.992291704211508659e+03 8.589163356550095330e+00 0.000000000000000000e+00 9.688289090448087393e+00 5.648582719936854119e+04 0.000000000000000000e+00
3.101060499179429826e+03 8.738651169748315795e+00 0.000000000000000000e+00 9.950850145932641055e+00 6.044570634429791971e+04 0.000000000000000000e+00
3.429273296916675008e+03 8.424703238691328977e+00 0.000000000000000000e+00 1.074689778025897091e+01 5.574442420937130373e+04 0.000000000000000000e+00
3.407194467742775032e+03 8.583903380035110331e+00 0.000000000000000000e+00 1.111784947375553578e+01 5.780416503159899003e+04 0.000000000000000000e+00
3.559398657518048822e+03 8.825213128216203629e+00 0.000000000000000000e+00 1.042152263085352715e+01 5.808938201499405841e+04 0.000000000000000000e+00
3.602872274536985060e+03 9.225526228028407161e+00 0.000000000000000000e+00 1.138390276115828392e+01 5.730209666328710591e+04 0.000000000000000000e+00
3.639569951396072611e+03 9.363475559605538123e+00 0.000000000000000000e+00 1.044916830829573229e+01 6.007248689920327888e+04 0.000000000000000000e+00
3.954102273186462753e+03 9.261974397845577300e+00 0.000000000000000000e+00 1.068173604419551026e+01 5.856600870624023810e+04 0.000000000000000000e+00
3.934231705620555203e+03 9.554671458641671222e+00 0.000000000000000000e+00 1.068182438292666703e+01 5.545563636397652590e+04 0.000000000000000000e+00
4.038591268789922196e+03 9.455230535864656005e+00 0.000000000000000000e+00 1.101213642467455500e+01 5.824784371454477514e+04 0.000000000000000000e+00
3.882951384972768665e+03 9.258875387390936851e+00 0.000000000000000000e+00 1.098327650481630080e+01 6.044244036412976129e+04 0.000000000000000000e+00
4.069724595120405411e+03 9.438091458456900895e+00 0.000000000000000000e+00 1.119868943135247008e+01 5.727345407709696883e+04 0.000000000000000000e+00
4.283047316639425844e+03 9.544570451590519866e+00 0.000000000000000000e+00 1.144032093294504548e+01 5.556460960563453409e+04 0.000000000000000000e+00
4.204744607100859866e+03 1.029163625178822272e+01 0.000000000000000000e+00 1.222234744595749056e+01 5.960172361648627702e+04 0.000000000000000000e+00
4.326059078708802190e+03 9.461171468380884519e+00 0.000000000000000000e+00 1.181277686734704524e+01 5.576987729544496688e+04 0.000000000000000000e+00
4.645078720962665102e+03 9.793014255522328071e+00 0.000000000000000000e+00 1.195197012837688177e+01 5.538995455876619235e+04 0.000000000000000000e+00
4.753826027419481761e+03 1.025546124931103975e+01 0.000000000000000000e+00 1.194504476124929937e+01 5.872520721855798183e+04 0.000000000000000000e+00
4.852220634976037218e+03 1.061749880599396256e+01 0.000000000000000000e+00 1.250805321919346547e+01 5.944464318157146045e+04 0.000000000000000000e+00
4.681158363561451552e+03 1.047323736550187867e+01 0.000000000000000000e+00 1.171690502010316060e+01 6.031205871643811406e+04 0.000000000000000000e+00
5.011376829691542298e+03 1.062862153527745868e+01 0.000000000000000000e+00 1.239662023545533742e+01 5.984165569342386152e+04 0.000000000000000000e+00
4.921590416045487473e+03 1.002165283604245793e+01 0.000000000000000000e+00 1.260983889027141025e+01 5.763547217017592629e+04 0.000000000000000000e+00
5.149651319517281081e+03 1.028600541221331000e+01 0.000000000000000000e+00 1.242280204535220633e+01 6.023600134539094870e+04 0.000000000000000000e+00
5.195940880911481145e+03 1.086629516612326896e+01 3.586509328110110584e+00 1.215905910086826225e+01 4.564623001903234467e+02 8.496287719830313279e+01
5.337933167370962110e+03 1.120218405560482289e+01 3.561125074791361644e+00 1.225868341455604416e+01 4.423138362111218385e+02 8.762093001282772775e+01
5.019565036622141633e+03 1.053993293944352594e+01 3.372563669233139105e+00 1.258588904495029936e+01 4.263275257382553605e+02 8.561814409636482992e+01
5.188524516702299479e+03 1.109017157254423758e+01 3.591639869571314314e+00 1.257341004062602430e+01 4.408476686846684629e+02 8.651040587466454213e+01
5.310018516704114518e+03 1.108455576608609050e+01 3.541909248191558834e+00 1.327176270178190798e+01 4.194418233285788347e+02 8.652177719504112474e+01
5.347010681307664527e+03 1.116787652738093151e+01 3.773958927733656932e+00 1.253763834807418220e+01 4.335580587818830622e+02 8.861950554385998657e+01
5.931893983848939570e+03 1.113627918848135856e+01 3.500833470718546447e+00 1.348802464590414907e+01 4.445746590251312682e+02 8.164046455481647513e+01
5.548981182994129085e+03 1.175332196135334506e+01 3.778302349167343532e+00 1.350884404517705129e+01 4.419108312916060868e+02 8.541259708537648976e+01
5.962464139312307452e+03 1.083943548742442076e+01 3.767600529724850489e+00 1.366818189622455648e+01 4.397105583961518391e+02 8.739869690882024145e+01
5.910562772606959697e+03 1.116005228088865131e+01 3.669967436493039692e+00 1.251133487445691017e+01 4.154717014046609620e+02 8.921433551848473087e+01
5.826186126760338993e+03 1.151644254951403390e+01 3.713256992009450919e+00 1.288504710705615608e+01 4.161814021864944948e+02 8.298193082553503075e+01
6.070382807896578015e+03 1.152104312088570737e+01 3.518122524231729109e+00 1.270307160779451827e+01 4.421799318090621114e+02 8.614410226736096376e+01
6.162284249770280439e+03 1.162000139117711939e+01 3.643095649398744307e+00 1.341096782091550033e+01 4.477150992526796927e+02 8.339318384863589984e+01
6.412208346873416303e+03 1.154803336200762587e+01 3.610493812894985055e+00 1.334681620746048303e+01 4.389944573866800397e+02 8.773912848096621531e+01
