-3.714151313695931433e-01 6.037983712839629646e+00 3.389984877946528918e+00 2.675702611192279701e+00 1.468091041853110937e+03 5.815163007229625691e+02
3.250921282851032146e+01 5.622158174352362536e+00 3.355848819574202224e+00 2.901899440371642935e+00 1.466145275645176753e+03 6.033228103236301649e+02
3.487922605159837985e+01 7.752837133303346562e+00 4.508960409862732277e+00 3.241415289527130206e+00 1.350800161357154138e+03 6.263710991927492842e+02
4.701861486811740320e+01 8.005978528487137424e+00 4.386876656615283032e+00 3.460434729534271003e+00 1.394615042944154538e+03 6.072154865669517676e+02
9.587036619161534645e+01 8.268243991078106703e+00 4.323029645833933898e+00 3.351549220972555254e+00 2.033082161200005658e+02 8.187713659894016871e+01
1.521704053677642889e+02 7.720522600760371112e+00 4.377904346761138932e+00 3.340801801967305362e+00 1.937602121612988526e+02 8.001478733694821699e+01
1.895646489450140848e+02 8.638993332162385741e+00 4.588963650220457602e+00 3.629795439405559598e+00 3.767946366643993770e+02 7.646231572901729123e+01
2.430138092453745173e+02 8.786480014966047136e+00 4.474557404891645440e+00 3.560709118922223304e+00 3.440774463589037282e+02 1.399553645917931988e+02
3.002569671051035129e+02 8.448067531287357212e+00 4.958803301421905729e+00 3.386321317433003575e+00 3.495720527150517114e+02 1.484947601020178070e+02
3.605847866806980164e+02 9.155196712923741487e+00 4.699330420697268806e+00 3.416608899219641948e+00 3.520599632358042186e+02 1.415489572731343912e+02
4.027340494453198403e+02 9.064124001616528759e+00 4.756201604343849532e+00 3.798381031212830106e+00 3.739381073615335822e+02 1.474979970079513976e+02
4.789454992362011581e+02 9.501889403605060735e+00 5.086872980711360626e+00 3.803573538913897156e+00 3.473767799367275302e+02 1.422485958146449718e+02
6.083504766010134972e+02 1.056960359292270546e+01 5.570913995319540568e+00 4.202379607534470374e+00 3.592094480509205141e+02 1.492322394006430670e+02
6.473451520400924437e+02 1.051453213659992336e+01 6.102211692214343230e+00 4.276122023868087929e+00 7.202023363121468265e+02 2.965337824736699872e+02
8.307411358085437314e+02 1.047975958987371925e+01 5.885548981844138439e+00 4.438013013044611377e+00 7.290022891555250908e+02 3.230656853347456376e+02
8.835677948403638311e+02 1.145319618907208614e+01 6.340802162851328916e+00 4.707879702175873149e+00 7.468697766475739854e+02 3.211454188799074245e+02
9.799495983702209969e+02 1.165033122477682959e+01 6.203212789216411949e+00 4.692265192398600071e+00 7.242214264731567255e+02 3.122447117617529670e+02
1.076031521987108363e+03 1.107277229589660550e+01 6.734596295962631096e+00 4.906150058254822532e+00 7.062777216036082564e+02 3.135445574426140070e+02
1.231504376889041168e+03 1.139237968454448335e+01 6.588809017153392844e+00 4.694862031880056463e+00 7.560115934976389553e+02 3.090756608368769207e+02
1.290409384849755497e+03 1.188689154314566210e+01 6.833649194652043235e+00 4.846985849841255245e+00 7.284453489693418078e+02 3.195194973029605308e+02
1.369535956956040536e+03 1.247541989011153696e+01 6.791507226917994799e+00 5.008527839889231892e+00 7.198462582406638148e+02 3.206772421848821750e+02
1.587059863995554224e+03 1.278205388758961192e+01 7.016025161628035356e+00 5.006205436834759048e+00 7.294399769429243179e+02 3.169023675960726223e+02
1.764596927201123435e+03 1.308639800956551724e+01 7.106670190531664488e+00 5.288145986439229063e+00 8.017806776379956091e+02 3.202086688211606429e+02
2.020918029137814074e+03 1.306524012728773876e+01 6.788371105982053955e+00 5.266810401191435176e+00 7.959271234386459355e+02 2.997549911358210579e+02
2.158480632993256222e+03 1.364295570360370036e+01 7.059006642260142961e+00 5.434828707926138591e+00 8.139119966505796810e+02 2.973209785597595669e+02
2.393749690119252136e+03 1.298647835705644482e+01 6.732024144592311465e+00 5.210021558218571158e+00 8.383345476806459828e+02 3.098700881733881829e+02
2.713408954413785068e+03 1.328543960299897897e+01 6.769831372660253699e+00 5.235759501974007968e+00 7.872056495248981491e+02 3.201332478461213782e+02
2.650980458811042809e+03 1.313249307505916974e+01 7.396075625472214199e+00 5.761931747976121621e+00 8.127374405680267273e+02 3.133760076554276566e+02
2.984223842130471439e+03 1.430703740838679217e+01 7.096348147682045138e+00 5.678665090176815866e+00 8.303326895792949927e+02 3.031136837126570072e+02
2.878289082230725398e+03 7.717025667514576526e+00 0.000000000000000000e+00 9.447024082716604099e+00 8.000094156380198456e+02 3.181084428000493745e+02
2.986085458103950714e+03 8.312205445982465690e+00 0.000000000000000000e+00 9.937670604890845638e+00 6.070975808859677636e+04 0.000000000000000000e+00
2.958428811746493921e+03 7.968955205330311209e+00 0.000000000000000000e+00 1.014735123100464520e+01 6.020461921874623658e+04 0.000000000000000000e+00
3.267483462384275754e+03 8.157775692121683520e+00 0.000000000000000000e+00 1.012740387954844401e+01 5.984783599302510993e+04 0.000000000000000000e+00
3.328026047172792005e+03 8.348338427923394534e+00 0.000000000000000000e+00 1.035168915313860616e+01 5.586336598993320513e+04 0.000000000000000000e+00
3.342597263127944643e+03 8.559277852435339895e+00 0.000000000000000000e+00 1.060576003233461861e+01 5.808942974132001109e+04 0.000000000000000000e+00
3.382130648380502407e+03 8.602310316824789638e+00 0.000000000000000000e+00 1.037911135270796059e+01 5.638844853772862552e+04 0.000000000000000000e+00
3.508220940683420849e+03 8.987441529069206680e+00 0.000000000000000000e+00 1.090538619749606575e+01 5.550172651711039362e+04 0.000000000000000000e+00
3.565021034796513504e+03 9.175023057693005413e+00 0.000000000000000000e+00 1.098791190118579308e+01 5.557159925574625959e+04 0.000000000000000000e+00
3.606528119657874413e+03 9.648694264017281697e+00 0.000000000000000000e+00 1.146993808932857206e+01 5.540498190590122249e+04 0.000000000000000000e+00
3.688681918965577552e+03 9.077497651862147521e+00 0.000000000000000000e+00 1.112707305841151140e+01 6.063575668230426527e+04 0.000000000000000000e+00
4.084754470636505175e+03 9.051572384262701831e+00 0.000000000000000000e+00 1.185322369850350199e+01 6.057278551915872231e+04 0.000000000000000000e+00
4.158029299879707651e+03 9.352150136369488109e+00 0.000000000000000000e+00 1.114508977237160181e+01 5.972956256504258636e+04 0.000000000000000000e+00
4.215391481506861055e+03 9.405948331927433514e+00 0.000000000000000000e+00 1.149531807104794723e+01 5.742859492320467689e+04 0.000000000000000000e+00
4.472523741303567476e+03 9.820975501289288090e+00 0.000000000000000000e+00 1.145432131427791766e+01 6.027104576309122785e+04 0.000000000000000000e+00
4.388068372338085283e+03 9.624343522035653464e+00 0.000000000000000000e+00 1.133580329408557574e+01 5.559680950240154925e+04 0.000000000000000000e+00
4.550791227163629628e+03 9.794678582113235166e+00 0.000000000000000000e+00 1.203921440775020457e+01 5.688053998778713139e+04 0.000000000000000000e+00
4.797935908335241038e+03 9.777168288362425130e+00 0.000000000000000000e+00 1.199434188253166411e+01 5.735540519246393524e+04 0.000000000000000000e+00
4.703513870484679501e+03 1.016418520904634093e+01 0.000000000000000000e+00 1.204208513697774841e+01 5.565978002209766419e+04 0.000000000000000000e+00
4.617244871401170712e+03 9.945250068544567057e+00 0.000000000000000000e+00 1.243037970596532382e+01 5.774149715199129423e+04 0.000000000000000000e+00
4.742014855182147585e+03 1.058656560818793757e+01 0.000000000000000000e+00 1.259432851203686354e+01 5.799132035442219058e+04 0.000000000000000000e+00
4.734583602149947183e+03 1.032791499775556510e+01 0.000000000000000000e+00 1.205455776387543487e+01 5.953900103800305078e+04 0.000000000000000000e+00
5.080996405218794280e+03 1.041680156099400101e+01 0.000000000000000000e+00 1.163171776689065773e+01 5.841394661909518618e+04 0.000000000000000000e+00
4.967186959716796082e+03 9.943097440987346047e+00 0.000000000000000000e+00 1.274641797548029309e+01 6.006544768333267712e+04 0.000000000000000000e+00
5.119943589611174502e+03 1.114819061126228483e+01 3.577350638600210964e+00 1.241775260504776668e+01 4.397308729785945616e+02 8.895903267053338936e+01
4.971011284791701655e+03 1.085642466370859616e+01 3.411086591228713161e+00 1.282817072225210353e+01 4.434182757486647120e+02 8.236848904388348558e+01
5.035262213511299706e+03 1.076952842754448092e+01 3.620789823928871165e+00 1.232243372431173078e+01 4.332884421457507642e+02 8.487294687388953207e+01
5.319596991286040975e+03 1.110763525452971123e+01 3.514851361507961069e+00 1.281110371098402645e+01 4.402807504244446477e+02 8.644612211973775118e+01
5.215022161901241816e+03 1.068698528918070068e+01 3.452656937751344746e+00 1.302357919762742533e+01 4.537746371784843973e+02 8.467776472867993220e+01
5.710591917053945508e+03 1.103411539200734381e+01 3.424993845211869559e+00 1.342692496130598201e+01 4.504863803233305362e+02 8.497761410490102207e+01
5.640436972127367881e+03 1.093793686601985904e+01 3.500324307783863720e+00 1.357175446947425712e+01 4.231912916791256976e+02 8.345950106769959120e+01
5.703994713617143134e+03 1.146006566592209097e+01 3.461733909557882960e+00 1.278704155771170115e+01 4.272957023668873831e+02 8.665121556576596618e+01
5.699814616356238730e+03 1.154016702341526113e+01 3.739893753140849597e+00 1.239590419449847580e+01 4.254660271389607828e+02 8.857656805965477531e+01
6.143257311630797631e+03 1.133135838108681348e+01 3.753501865844740326e+00 1.340623609919795634e+01 4.426725176679815377e+02 8.299721228232827741e+01
6.191302716934980708e+03 1.075738116695478475e+01 3.649123667101332291e+00 1.342616636262916607e+01 4.128290512076893606e+02 8.891713113279794811e+01
6.383799013850378287e+03 1.128225050901665938e+01 3.608130977450390020e+00 1.364720076146734939e+01 4.201677914482634719e+02 8.715261621002544246e+01
6.015284763056502015e+03 1.076863474759334416e+01 3.786877598587731875e+00 1.265249309859422588e+01 4.381660421921419015e+02 8.393292793667062313e+01
6.415948929028853854e+03 1.096771626512807352e+01 3.484700996485969426e+00 1.351243142942633035e+01 4.248956166431340762e+02 8.616685210917663085e+01
