-1.138124166695738904e+00 5.607771462576566890e+00 3.154659884683213900e+00 2.898180719482134293e+00 1.381877862107355213e+03 5.663441542599556442e+02
3.120865157089673403e+01 5.325519700075957097e+00 3.285230261119707063e+00 2.953345564103590615e+00 1.308016099919478165e+03 6.010888418568705447e+02
2.901732230150819447e+01 8.177969264534073801e+00 3.968185389156011489e+00 3.380446092313868167e+00 1.348594725249606199e+03 5.881673912900795358e+02
5.814472107934388845e+01 7.989751127982671619e+00 4.434112846630473115e+00 3.567478968922788596e+00 1.484538691260395581e+03 6.082533346339153013e+02
9.402929225506653665e+01 7.240320894896592030e+00 4.264016969611358121e+00 3.395495150865801559e+00 2.111906310980213846e+02 7.402602225132642388e+01
1.411941275879429156e+02 7.340851316284697781e+00 4.402270798350971681e+00 3.451244601316190597e+00 1.851271419911466580e+02 7.206130859703145575e+01
1.825670025517724469e+02 7.904502450040752137e+00 4.302486972726422110e+00 3.495408491253023886e+00 3.608703590602402187e+02 8.373704354434146069e+01
2.048858588875836233e+02 8.803589783728044793e+00 5.067358454563193781e+00 3.846207196262256822e+00 3.339091027085933661e+02 1.371986740010177073e+02
2.627860322987510813e+02 8.574634126312842497e+00 4.953006393168898569e+00 3.801850524719087243e+00 3.280279170823383765e+02 1.495075071013989998e+02
3.943880034385955469e+02 9.345270495282349543e+00 4.708298982692179280e+00 3.436095231696385977e+00 3.750991375801456229e+02 1.453244086353249429e+02
4.956614486170464033e+02 8.841194991000202563e+00 4.487235828515992786e+00 3.496768120375085775e+00 3.383600764108912244e+02 1.427266331618519359e+02
5.413457799633225704e+02 8.646366058468409221e+00 5.182968623078365589e+00 3.578373710761830750e+00 3.634001609002630744e+02 1.541417527726540868e+02
6.250066676243549182e+02 1.027471651670087738e+01 5.216250130573185650e+00 4.502375920158346645e+00 3.696686812459110456e+02 1.404763235228862470e+02
7.664629684163322736e+02 1.129002968670409324e+01 5.612833082511033744e+00 4.783438315675736519e+00 7.567285093820516977e+02 3.338556359507612115e+02
8.442431076491508293e+02 1.017432455980955019e+01 6.553211394431989412e+00 4.526002837335804330e+00 7.591328247720573472e+02 2.963478306689914348e+02
7.678241655747381174e+02 1.185945755435615112e+01 6.451021138362278862e+00 4.876409808101736409e+00 8.064628917529752243e+02 3.368627976990674711e+02
8.352137557620899315e+02 1.224994369197656496e+01 6.273156133253267264e+00 5.029764291018381961e+00 8.077165408126512602e+02 3.142177501973770859e+02
9.897839993031112726e+02 1.216270964491046591e+01 6.142217787899588721e+00 4.705586128893565423e+00 7.705587292980480925e+02 3.424375917572662047e+02
1.097589383974356451e+03 1.202502437062540430e+01 5.881516380955514656e+00 5.218222688196243020e+00 6.680219248813034483e+02 3.173915219748671461e+02
1.364201939659108575e+03 1.085480100503270862e+01 6.950723785513107877e+00 4.618152941779359644e+00 7.617725783371699890e+02 3.238551616246399476e+02
1.542162490195861892e+03 1.303095223695163085e+01 7.052116066272610340e+00 4.874634980471392431e+00 6.795339808534505437e+02 3.329877885104478992e+02
1.888206044836420006e+03 1.303211121332665634e+01 6.982337890857333029e+00 5.038757510720333954e+00 7.788674695246563715e+02 3.077067682874465504e+02
1.532317460892223608e+03 1.338752611575439033e+01 7.166293129047891064e+00 4.676488933155952488e+00 7.564497866446970420e+02 3.324658935371990651e+02
2.130017916939986662e+03 1.376082905647451682e+01 7.446439702974373631e+00 5.489558909436993872e+00 7.245802898341661376e+02 3.189747270586877335e+02
2.563999893755133144e+03 1.371998362893777745e+01 6.752452349996303838e+00 5.766417067327364698e+00 8.033645658892620531e+02 3.096797058722386851e+02
1.844674838904673834e+03 1.284682850894748540e+01 6.526381057196704916e+00 5.524028199361636915e+00 8.220439619549633790e+02 3.401624124836241094e+02
2.608446575097349978e+03 1.254375815478388745e+01 6.749640034893682028e+00 4.877234313735192117e+00 8.485324449809896805e+02 2.962573635766070197e+02
2.228699123169938503e+03 1.449612314230669341e+01 7.833048668474833498e+00 5.265203317316745846e+00 7.670708308617270177e+02 3.412357411584436022e+02
3.449139020872000401e+03 1.395562946444755603e+01 7.289749607424083955e+00 6.175662160391280686e+00 7.341298408536219995e+02 3.406474893217281306e+02
2.512168757047191320e+03 7.742595501028296745e+00 0.000000000000000000e+00 1.003746824172626262e+01 7.351112562677783444e+02 3.123025654059040335e+02
2.834780552377756067e+03 8.261732465833974359e+00 0.000000000000000000e+00 1.005826142473847895e+01 6.192960087555546488e+04 0.000000000000000000e+00
2.742319366853990232e+03 8.699194358728293608e+00 0.000000000000000000e+00 1.089035729880327352e+01 5.407771435847746761e+04 0.000000000000000000e+00
3.548780705959032730e+03 8.645609970089520147e+00 0.000000000000000000e+00 1.122673884957862178e+01 5.454998559871442558e+04 0.000000000000000000e+00
3.237556564191725101e+03 8.278443204006887157e+00 0.000000000000000000e+00 1.100721243641112679e+01 5.260459621129293373e+04 0.000000000000000000e+00
2.707572525966279500e+03 8.004998467540785256e+00 0.000000000000000000e+00 1.133759109949149213e+01 6.179364485062479071e+04 0.000000000000000000e+00
3.989026596004846397e+03 8.957524203197637647e+00 0.000000000000000000e+00 1.158538398290648885e+01 5.787857136754675594e+04 0.000000000000000000e+00
3.127637016110318655e+03 8.583384538361336524e+00 0.000000000000000000e+00 1.177832954413789501e+01 6.017744357664458948e+04 0.000000000000000000e+00
4.035348905146141533e+03 9.790784426397262763e+00 0.000000000000000000e+00 1.159830468298519790e+01 5.765545459834543726e+04 0.000000000000000000e+00
4.146164403238630257e+03 8.644011515173406934e+00 0.000000000000000000e+00 1.206042123751311301e+01 5.580431763255997794e+04 0.000000000000000000e+00
4.439456724492767535e+03 9.018939683091829806e+00 0.000000000000000000e+00 1.152821892703280682e+01 5.527952963703558635e+04 0.000000000000000000e+00
4.113197730814289571e+03 1.012549382192155534e+01 0.000000000000000000e+00 1.143992666655241131e+01 5.582507363291822548e+04 0.000000000000000000e+00
4.772208363063710749e+03 8.811338201685106952e+00 0.000000000000000000e+00 1.240906967832777141e+01 6.261496350295151206e+04 0.000000000000000000e+00
3.526549434366327660e+03 9.613152980404212400e+00 0.000000000000000000e+00 1.170275451387140819e+01 5.507873074001331406e+04 0.000000000000000000e+00
4.579161602112602850e+03 9.921511643533623470e+00 0.000000000000000000e+00 1.239355693735421760e+01 6.094103084414915065e+04 0.000000000000000000e+00
4.018714373893650190e+03 1.059576546565668664e+01 0.000000000000000000e+00 1.121721256189607274e+01 5.903249548628373304e+04 0.000000000000000000e+00
3.605827953441174486e+03 1.040607189905851016e+01 0.000000000000000000e+00 1.263064336974661650e+01 6.148683743068650074e+04 0.000000000000000000e+00
5.047718012655494022e+03 1.002650669416650864e+01 0.000000000000000000e+00 1.242516653672430671e+01 5.624915715849118715e+04 0.000000000000000000e+00
5.522842838092161401e+03 1.088219753080294794e+01 0.000000000000000000e+00 1.276798687240816932e+01 6.313247346838269004e+04 0.000000000000000000e+00
5.363139569409620890e+03 1.067314616532922855e+01 0.000000000000000000e+00 1.081203894246522168e+01 5.643997892544659408e+04 0.000000000000000000e+00
4.398049274926506769e+03 1.103924001306869584e+01 0.000000000000000000e+00 1.273838011731122144e+01 5.596508524247758032e+04 0.000000000000000000e+00
5.633763962911482849e+03 1.021531066533018617e+01 0.000000000000000000e+00 1.195694608224243360e+01 5.656176623122447199e+04 0.000000000000000000e+00
4.913769411438277530e+03 9.834054948633905724e+00 0.000000000000000000e+00 1.331137268085727143e+01 6.084068336721453670e+04 0.000000000000000000e+00
5.023987607294420741e+03 9.541650158615537336e+00 0.000000000000000000e+00 1.172510685366275318e+01 5.409936607146957249e+04 0.000000000000000000e+00
4.675418862925640497e+03 1.186560271708196268e+01 3.714944288987327869e+00 1.276805558500288917e+01 4.293808679307186367e+02 8.761655282550300683e+01
5.891172778505387214e+03 1.170591397839656445e+01 3.532041912446577836e+00 1.356588421996732663e+01 4.418370563843585046e+02 7.909447555749021319e+01
6.166431336162582738e+03 1.164949831822788440e+01 3.883159561948849703e+00 1.197357357176075077e+01 4.540962315492537300e+02 8.577096734818108814e+01
6.262910694985943337e+03 1.171883986695713631e+01 3.258204979984774763e+00 1.321552935645713411e+01 4.705074092131400789e+02 9.104810608922372239e+01
6.271916011453323335e+03 1.202640523057427302e+01 3.560625762680345030e+00 1.391362287960683730e+01 4.159433270128835147e+02 8.776825028627180814e+01
4.782726075375896471e+03 1.142005788135831956e+01 3.725998588511932663e+00 1.372595033307874068e+01 4.137765012222191672e+02 9.345431629483647384e+01
5.288344837814749553e+03 1.221907312139857638e+01 3.540795809621191115e+00 1.206090369889315639e+01 4.064698426878113651e+02 8.215786883978641697e+01
5.590801144958725672e+03 1.112464846778239469e+01 3.621906501779462051e+00 1.225557433651304606e+01 4.450193647111880750e+02 7.939623349155407084e+01
5.173454979058751633e+03 1.097273785806761204e+01 3.461884822370984605e+00 1.292234623669935090e+01 4.377221323208804051e+02 8.841285481117748191e+01
5.225076318177398207e+03 1.014249680871194137e+01 3.338634120006146233e+00 1.346105804396226091e+01 4.173882838861856612e+02 8.302313078069991548e+01
6.475679303383398292e+03 1.191788990458402075e+01 3.835407696731818472e+00 1.319016772697456830e+01 4.737559070207777836e+02 8.458811791633641519e+01
6.517826959694797551e+03 1.215500525585173897e+01 3.965567356221266770e+00 1.307258064833503042e+01 4.384818708792412849e+02 7.813462848200045130e+01
5.538229066848111870e+03 1.055607274341572577e+01 3.306837528749716260e+00 1.339418988197337157e+01 4.424085555155090788e+02 7.769329380392767348e+01
5.525860420744046678e+03 1.197363725413336155e+01 3.549958333267237531e+00 1.245659625644764112e+01 4.569005217139584829e+02 7.708699389809261504e+01
