-3.612680832618870852e-01 5.675840539400210716e+00 3.187105920228991973e+00 2.790623261782168463e+00 1.427258969843387604e+03 5.896194002330987587e+02
3.381084077425292378e+01 5.886811110962091753e+00 3.240428048666169847e+00 2.893168690725628434e+00 1.383723844231622934e+03 6.173204409905773673e+02
3.486865776947195883e+01 7.751354586969362970e+00 4.336771418943611067e+00 3.276720182118121549e+00 1.385130539926836491e+03 6.162977798691739508e+02
4.802436181562264750e+01 8.137483631085755675e+00 4.307103792916098683e+00 3.256590372042332593e+00 1.349827670258933949e+03 5.888434855887952608e+02
9.498034115111641995e+01 7.699514506416726078e+00 4.321947800787008909e+00 3.338863626527456496e+00 2.028317907066384578e+02 8.098322072335243149e+01
1.448351381623475618e+02 8.189488574256966302e+00 4.516099417313550468e+00 3.368501392225933255e+00 1.934118239831011294e+02 7.831443900623878562e+01
1.935261818315412938e+02 8.508904815348957484e+00 4.370788890375371771e+00 3.366415515282578319e+00 3.468283605234380502e+02 8.354701250849095118e+01
2.579337190282820416e+02 8.631226037310915089e+00 4.796287271644100514e+00 3.498976333626222956e+00 3.439860533766693607e+02 1.415109609488587239e+02
2.993345086734084930e+02 8.285692034398147499e+00 4.553251116958783484e+00 3.639790664054427527e+00 3.494481961008349913e+02 1.379412319645483365e+02
3.669847379654017914e+02 8.692036092684189086e+00 4.961938531364969762e+00 3.672625135870713819e+00 3.599327608448966203e+02 1.475846964379852579e+02
4.231226830304682380e+02 8.664641283796823856e+00 5.174192777207183624e+00 3.640770189790119904e+00 3.648358423710201350e+02 1.432114383029066573e+02
5.107185010285651288e+02 1.002550289647140502e+01 5.455356099183719110e+00 4.004950531677169856e+00 3.546180362462322364e+02 1.485709120191710895e+02
5.704685831871685195e+02 1.016256020150987460e+01 5.811484724342801833e+00 4.190056945073404648e+00 3.574828233382191343e+02 1.367817437922280703e+02
6.928075449520596294e+02 1.124521223457478669e+01 5.713202999240626134e+00 4.396109583180716207e+00 7.455659759464567742e+02 2.993596049768603962e+02
8.117699585712769021e+02 1.115352447705369343e+01 6.126684141713731435e+00 4.514889119868573886e+00 7.340158946966218991e+02 2.990945031757023003e+02
9.260315234565582614e+02 1.119430551751631775e+01 6.080583036941820119e+00 4.522922372928823265e+00 7.763634998787911172e+02 3.043851822244198502e+02
9.862882585087882035e+02 1.192277950099557238e+01 6.607428380048549599e+00 4.484978013902980898e+00 7.453973502019219950e+02 3.139992189457408358e+02
1.093530881966090192e+03 1.126117693288536259e+01 6.323315810639380530e+00 4.629524199349884128e+00 7.377476599173222667e+02 3.051456995042694871e+02
1.215175002275861743e+03 1.219789591410158458e+01 6.245612418809596278e+00 4.771363611848671304e+00 7.252112350858296850e+02 3.101010061455550613e+02
1.284606755652160473e+03 1.211685707099198162e+01 6.542908946452620889e+00 4.726856534492189787e+00 7.358086909693871576e+02 2.978768034514039300e+02
1.413686297203963250e+03 1.228672186706345748e+01 6.478859960056378320e+00 4.989862815536324270e+00 7.292102890614530679e+02 2.980727386661076252e+02
1.627133603016627831e+03 1.231229222261581135e+01 6.545309284480029355e+00 5.184156594533438245e+00 7.619426476849484970e+02 3.224948487151362428e+02
1.830047261036744430e+03 1.280109776875388405e+01 6.569824178722747376e+00 5.181939950893390545e+00 8.107152824436461742e+02 3.266920280810995791e+02
1.930712810310233408e+03 1.288182773694377303e+01 6.797758059240086581e+00 5.435995198014053287e+00 7.730889214959960327e+02 3.048335292988051606e+02
2.133825158806459513e+03 1.244903187638680464e+01 7.147339002879102843e+00 5.312991588803019027e+00 7.861923904751261034e+02 3.003526585455058466e+02
2.396765862840235513e+03 1.256432903893151121e+01 7.211474650167826184e+00 5.618449319906538619e+00 8.329641681828892388e+02 3.234033999325976083e+02
2.484579582574533561e+03 1.375216684901292830e+01 7.007633322689424737e+00 5.148981476247318056e+00 8.316271205031973750e+02 3.273153141272593984e+02
2.554925425504671693e+03 1.336210762925440854e+01 7.336762110013316907e+00 5.378577006006318051e+00 8.295599468126464444e+02 3.222637180966017354e+02
2.853916425379530665e+03 1.315128116981586182e+01 7.369280571639444943e+00 5.948094714765873370e+00 8.055816609896908176e+02 3.234871489606953787e+02
2.785232956864201242e+03 8.065418706382839531e+00 0.000000000000000000e+00 1.009990198623967750e+01 8.393504738759162365e+02 3.228158360579095074e+02
3.060679004956519293e+03 8.292729955402412756e+00 0.000000000000000000e+00 1.006211160104539459e+01 5.859411769800454204e+04 0.000000000000000000e+00
3.032077347951360025e+03 8.492913209267076269e+00 0.000000000000000000e+00 1.063418790364940314e+01 5.936794908994756406e+04 0.000000000000000000e+00
3.222916666170168810e+03 8.129573275517591568e+00 0.000000000000000000e+00 1.042762829850029682e+01 5.940712632952984131e+04 0.000000000000000000e+00
3.239528308228365404e+03 8.890106341372186805e+00 0.000000000000000000e+00 1.051831447004650855e+01 5.649656050243464415e+04 0.000000000000000000e+00
3.420637986238728445e+03 8.560830516825323144e+00 0.000000000000000000e+00 1.047583384202051526e+01 5.798398111897295894e+04 0.000000000000000000e+00
3.611855555268296030e+03 8.893899502729841089e+00 0.000000000000000000e+00 1.030266903671098255e+01 5.520233333533770929e+04 0.000000000000000000e+00
3.645206800643160932e+03 9.122201221466042398e+00 0.000000000000000000e+00 1.033900986872888517e+01 5.517163225966686878e+04 0.000000000000000000e+00
3.825759141632483079e+03 9.331808012113375739e+00 0.000000000000000000e+00 1.048310886670699738e+01 5.633220659828561475e+04 0.000000000000000000e+00
3.589441242141875136e+03 9.120896394235307625e+00 0.000000000000000000e+00 1.058048872326012813e+01 5.778357911849547963e+04 0.000000000000000000e+00
4.043797072774384560e+03 9.009425938608748297e+00 0.000000000000000000e+00 1.113018869814450085e+01 5.835554342739303684e+04 0.000000000000000000e+00
3.992562997621103477e+03 9.118521450727099520e+00 0.000000000000000000e+00 1.125465170597836462e+01 5.673638565754128649e+04 0.000000000000000000e+00
4.256280282690132481e+03 9.224453515356676903e+00 0.000000000000000000e+00 1.116761095424034878e+01 5.734641251895356254e+04 0.000000000000000000e+00
4.337711936545681056e+03 9.333006794468001743e+00 0.000000000000000000e+00 1.198059630256714136e+01 5.744811321162456443e+04 0.000000000000000000e+00
4.234166888632579685e+03 9.776955094189487383e+00 0.000000000000000000e+00 1.177126429226527193e+01 5.881618312351575878e+04 0.000000000000000000e+00
4.436773505582373218e+03 1.010333364029697378e+01 0.000000000000000000e+00 1.198829170840374303e+01 5.873951042535359011e+04 0.000000000000000000e+00
4.578757481155397727e+03 9.867513674095530263e+00 0.000000000000000000e+00 1.152499393304593411e+01 5.916347666555074102e+04 0.000000000000000000e+00
4.799593207891848579e+03 1.008907985086043091e+01 0.000000000000000000e+00 1.124618190878294932e+01 6.004503829839768878e+04 0.000000000000000000e+00
4.462312665968963302e+03 1.036260257876125657e+01 0.000000000000000000e+00 1.168972092575357635e+01 5.499963293703499221e+04 0.000000000000000000e+00
4.663758492869156726e+03 1.022446816908884593e+01 0.000000000000000000e+00 1.162305017181668276e+01 5.918740635442891653e+04 0.000000000000000000e+00
4.874378993715232355e+03 9.977528196134425542e+00 0.000000000000000000e+00 1.196369894456698013e+01 5.572390335633348150e+04 0.000000000000000000e+00
4.930299486731172692e+03 9.953983783664478224e+00 0.000000000000000000e+00 1.147051878926986745e+01 5.695335809795142268e+04 0.000000000000000000e+00
5.228622244896262600e+03 1.081777337510423997e+01 0.000000000000000000e+00 1.245490992531511765e+01 5.568451420451336890e+04 0.000000000000000000e+00
5.214205139647118813e+03 9.882299616211740911e+00 0.000000000000000000e+00 1.199982974865559449e+01 5.508341758836076042e+04 0.000000000000000000e+00
5.404167427237939592e+03 1.146944109557671077e+01 3.370837271106042365e+00 1.236307236892053751e+01 4.338322703590619653e+02 8.623909236873122097e+01
5.325574103459804974e+03 1.129419525379843847e+01 3.470700141356854118e+00 1.223321483378526331e+01 4.583173718990292969e+02 8.534697026307111400e+01
5.033456557007864831e+03 1.083869950591544651e+01 3.451310737545932206e+00 1.231747401181336876e+01 4.323674214847362691e+02 8.655227810603044247e+01
5.585369375214515458e+03 1.149950555385851914e+01 3.548567231174536651e+00 1.307550541075537431e+01 4.437378436907389414e+02 8.834287055339723338e+01
5.677982464502070798e+03 1.072630898762223950e+01 3.729234748069846894e+00 1.300755861821435388e+01 4.601497928514079376e+02 8.234772336356620315e+01
5.648374366881959759e+03 1.116755563448704613e+01 3.636517450531792761e+00 1.259482777654313779e+01 4.384674965008985623e+02 8.688106158804588119e+01
5.735461262830051965e+03 1.118251501080724708e+01 3.547545653226061635e+00 1.347263602539901939e+01 4.191198490578385076e+02 8.728948064324495704e+01
5.566020812088941966e+03 1.112669643432416677e+01 3.774308042931450391e+00 1.287371566662722522e+01 4.471985060620042987e+02 8.781036115741991921e+01
5.689032811403987580e+03 1.168617173907944284e+01 3.718037017422457957e+00 1.345592852649586213e+01 4.445162913549498285e+02 8.785437635896784059e+01
5.947270430210887753e+03 1.095573561681318253e+01 3.576527555737434749e+00 1.281106603518995968e+01 4.387774066151417856e+02 8.254936347940419239e+01
6.177697596113528562e+03 1.091163672040901744e+01 3.594150421142456864e+00 1.357013775643392606e+01 4.254964576361290938e+02 8.681669860780273495e+01
6.289972525647895054e+03 1.158023226558032803e+01 3.830716323065817441e+00 1.352320792272421635e+01 4.506667672873171568e+02 8.608975378222719144e+01
6.467895256357241124e+03 1.156153777430552942e+01 3.511768906117940237e+00 1.251606898257387535e+01 4.289346267035089113e+02 8.344953782266898656e+01
6.452811511212240475e+03 1.131685831516984209e+01 3.735490235149552252e+00 1.278971190693181192e+01 4.504797557403152268e+02 8.207076927302937008e+01
