3.681494423436715291e-01 5.817768064255335325e+00 3.266104598680073856e+00 2.767490635321095738e+00 1.398398679408602902e+03 5.937614140173330952e+02
3.267009179549916098e+01 5.802158992194049070e+00 3.451684970635289229e+00 2.670810245264180427e+00 1.462597229010016008e+03 6.102770765041772165e+02
3.097065364770245566e+01 7.994792033498238304e+00 4.227186153219339992e+00 3.273190834473580946e+00 1.433160338760881814e+03 5.964812371631657015e+02
4.763016864404623618e+01 8.016195316267877402e+00 4.314494040494475158e+00 3.269945077237915498e+00 1.333141374292330966e+03 5.994831106837336847e+02
1.034142077401416202e+02 7.929176477048642369e+00 4.365672363257966815e+00 3.481178429178855893e+00 2.078019815178856220e+02 7.680792531313511518e+01
1.476699066826510034e+02 7.909223621900551393e+00 4.720463975386111954e+00 3.295427857140836636e+00 2.053750375603402460e+02 8.050942230817702239e+01
2.072291314321227560e+02 8.565354317560073483e+00 4.670664389484603163e+00 3.399611017247445410e+00 3.439479183290388278e+02 7.954459814297206321e+01
2.412890687233517326e+02 8.807174975940453621e+00 4.460191258631859057e+00 3.388196385389151022e+00 3.636045871343311546e+02 1.449279357496141074e+02
2.987200311134622552e+02 8.454904015253367433e+00 4.799356550344751504e+00 3.703696299071029596e+00 3.709950109379843752e+02 1.425853936852828383e+02
3.587093834112023387e+02 8.685076346146642479e+00 4.738584833229428028e+00 3.704547938281799624e+00 3.513820108689699282e+02 1.434646880183190945e+02
4.069095212321360577e+02 9.350708518181047424e+00 4.991390701415657993e+00 3.565033484770257388e+00 3.529075168758290033e+02 1.420304531010842481e+02
4.781193892195826720e+02 9.160943139001481939e+00 5.370669670520647365e+00 4.017242564387657033e+00 3.424664281390634528e+02 1.452133776202859963e+02
5.908875344810221577e+02 1.056595778116984263e+01 5.761787989557981327e+00 4.172027608651605490e+00 3.634093932854286777e+02 1.379706299211530336e+02
6.672128819554345682e+02 1.119606492837475109e+01 5.949875649289102952e+00 4.390408173465523589e+00 7.508400631115017632e+02 3.012818985738579727e+02
8.156354158895479713e+02 1.063793297511722180e+01 6.329893739871804925e+00 4.565747179608067974e+00 7.221096874482486783e+02 3.237590971482515556e+02
8.776809905687121045e+02 1.092737660920486498e+01 6.541622380463112840e+00 4.487803441762247658e+00 7.457373642812341359e+02 2.994249596022199853e+02
1.034599782925345835e+03 1.118141804183740895e+01 6.267217536987343074e+00 4.691931980168720706e+00 7.153373219812126536e+02 3.234008417585355915e+02
1.138766490829432541e+03 1.116572002298184962e+01 6.153683278236974807e+00 4.863241990154288708e+00 7.500453507696161068e+02 3.013445932752199496e+02
1.169361700992290025e+03 1.178572275498224364e+01 6.697887516831849020e+00 4.907882320084694605e+00 7.109857013089479096e+02 3.076601646857403125e+02
1.343063363537594114e+03 1.187779971109434918e+01 6.386335103309963124e+00 5.019943843490271007e+00 7.611272124292324861e+02 2.991696456753916777e+02
1.347853513501385578e+03 1.228875061868899721e+01 6.841758749731571498e+00 4.994561796854230629e+00 7.523970214241167014e+02 3.144997875832092973e+02
1.655699254706051306e+03 1.247605682396660320e+01 6.447439037677621165e+00 5.122118353868756913e+00 7.548301132232442114e+02 3.126985167351547830e+02
1.785263436996971677e+03 1.210226960532812157e+01 7.144216973747415267e+00 5.244540543140291611e+00 7.822614780345444387e+02 3.116739665081926205e+02
2.068854846328497842e+03 1.231242277715511335e+01 7.238847974434166055e+00 5.220334375847830444e+00 8.373882808915820988e+02 3.097075332995048029e+02
2.270159231310522955e+03 1.337375582125321216e+01 6.836608548812860064e+00 5.317182041269855830e+00 8.160799788357300031e+02 3.022678448844607146e+02
2.202420751448947613e+03 1.374431795602399653e+01 7.245456710611490436e+00 5.231476676520188995e+00 8.340027512183066847e+02 3.143873737491300062e+02
2.555193453874339866e+03 1.362509039932692545e+01 6.922103885768264853e+00 5.463505626545197558e+00 7.717494483400679428e+02 3.037594447851275277e+02
2.569613736666029126e+03 1.326777930334403166e+01 6.938034356127190883e+00 5.518459408527649046e+00 7.936361929992723390e+02 3.013568358770797317e+02
2.888056900674501321e+03 1.381456908596432065e+01 7.150895252320423445e+00 5.864908521428765731e+00 8.012413331969872843e+02 3.061976224095747625e+02
2.943782294738418386e+03 8.272753506855668348e+00 0.000000000000000000e+00 9.688054444658202868e+00 8.189353202315619455e+02 3.049067702047467492e+02
2.940717650729209254e+03 7.813079554542309069e+00 0.000000000000000000e+00 1.008239715208726217e+01 5.494891792501078453e+04 0.000000000000000000e+00
3.103317948906648780e+03 8.313946479720211613e+00 0.000000000000000000e+00 1.027218742681032637e+01 5.749618112465752347e+04 0.000000000000000000e+00
3.166542071858271811e+03 8.565678391904491207e+00 0.000000000000000000e+00 9.842331235714008031e+00 5.656677711452593212e+04 0.000000000000000000e+00
3.267504209039259422e+03 8.360187335845488121e+00 0.000000000000000000e+00 1.031781809045458687e+01 5.983391029469190107e+04 0.000000000000000000e+00
3.242416138207902350e+03 8.445897970292177703e+00 0.000000000000000000e+00 1.092487403343887564e+01 5.500284225072817935e+04 0.000000000000000000e+00
3.537533443632388298e+03 9.160478470072797919e+00 0.000000000000000000e+00 1.030527018876145462e+01 5.582371308323072299e+04 0.000000000000000000e+00
3.508350621068653709e+03 9.032215540014767896e+00 0.000000000000000000e+00 1.076573776738998767e+01 5.634439671899790119e+04 0.000000000000000000e+00
3.851810979238263371e+03 9.231268075318443067e+00 0.000000000000000000e+00 1.070956558869416853e+01 5.961607303363954998e+04 0.000000000000000000e+00
3.787065820362566228e+03 9.439060066498051071e+00 0.000000000000000000e+00 1.142346896180931104e+01 5.821835000055463024e+04 0.000000000000000000e+00
3.966080653211169192e+03 9.223796394596712744e+00 0.000000000000000000e+00 1.152746078096487636e+01 6.052642504569867015e+04 0.000000000000000000e+00
4.016254856807315264e+03 9.091986024913431663e+00 0.000000000000000000e+00 1.130519411112089223e+01 5.540549776494184334e+04 0.000000000000000000e+00
4.140911634446547396e+03 9.379824388289273784e+00 0.000000000000000000e+00 1.155667092240693883e+01 5.660111700638593902e+04 0.000000000000000000e+00
4.187113310234808523e+03 9.220992282254613315e+00 0.000000000000000000e+00 1.135094090712146730e+01 5.883734763932427450e+04 0.000000000000000000e+00
4.259092803465841826e+03 9.971985046373344375e+00 0.000000000000000000e+00 1.123916762645011680e+01 5.990693388771105674e+04 0.000000000000000000e+00
4.223201332675503181e+03 1.012811176778305722e+01 0.000000000000000000e+00 1.155336892034899243e+01 5.607952696218746132e+04 0.000000000000000000e+00
4.513405099585167591e+03 1.001621080903722039e+01 0.000000000000000000e+00 1.219942475724125508e+01 5.889202833535948594e+04 0.000000000000000000e+00
4.466324527767049403e+03 1.013405240352480874e+01 0.000000000000000000e+00 1.151866265949117896e+01 5.870468806424697686e+04 0.000000000000000000e+00
4.816278797474611565e+03 1.052480943078217202e+01 0.000000000000000000e+00 1.142264953568968977e+01 6.014309280786370800e+04 0.000000000000000000e+00
4.889168274751698846e+03 9.876624016294037745e+00 0.000000000000000000e+00 1.229988051715267972e+01 5.868545470611171186e+04 0.000000000000000000e+00
4.872882852722877033e+03 1.035959052251195800e+01 0.000000000000000000e+00 1.223155084693781092e+01 5.990885915450959874e+04 0.000000000000000000e+00
5.001152295154860440e+03 1.024179117408318973e+01 0.000000000000000000e+00 1.201604636975794271e+01 6.037105155304867367e+04 0.000000000000000000e+00
5.158379181269491710e+03 1.080917214894649270e+01 0.000000000000000000e+00 1.243922210969158471e+01 6.029669036080283695e+04 0.000000000000000000e+00
5.343776547655897957e+03 1.021921395904893970e+01 0.000000000000000000e+00 1.276453558696163171e+01 5.908701347974121745e+04 0.000000000000000000e+00
5.352466112986556254e+03 1.149407422423260705e+01 3.341291580548780171e+00 1.300645089449936265e+01 4.619141211534270042e+02 8.331332238705807924e+01
5.291124980543218953e+03 1.052161471014710692e+01 3.477617364990864601e+00 1.285791145095901733e+01 4.443766104568504716e+02 8.822603989054883300e+01
5.523176687342179321e+03 1.078253818088055915e+01 3.565340515257435339e+00 1.345679492444165604e+01 4.455624597369183562e+02 8.251473883741772397e+01
5.555976122818388831e+03 1.156128402374884701e+01 3.566904017061760079e+00 1.281688705137703721e+01 4.551924008662103347e+02 8.470650128462864359e+01
5.399417348407456302e+03 1.082436261395838528e+01 3.611498277062852758e+00 1.255136461322570618e+01 4.190834651759795406e+02 8.113084300385648362e+01
5.503216671040280744e+03 1.063625756469284234e+01 3.650495962767474456e+00 1.235256442429834856e+01 4.253033122098634635e+02 8.703813706795274641e+01
5.745695626282909870e+03 1.069388749659414550e+01 3.593708080410358274e+00 1.250360728969759982e+01 4.282635641614054975e+02 8.225398923313547073e+01
5.820546355258754375e+03 1.158270161404065313e+01 3.595435281890642099e+00 1.344838026913850548e+01 4.460691588423316603e+02 8.780343682060774313e+01
6.134637239297879205e+03 1.109256969519730696e+01 3.496915307788084792e+00 1.310168456336002052e+01 4.422176359905097911e+02 8.697099150633725628e+01
6.054259909654050716e+03 1.089210391261415189e+01 3.546607611990587827e+00 1.252384636107479210e+01 4.274602668370955598e+02 8.090146084462224962e+01
6.259812149594623406e+03 1.082518544623302503e+01 3.541786567716636025e+00 1.281393436838519762e+01 4.137159659730713770e+02 8.732173033262129991e+01
6.198205984818267098e+03 1.131375220858818764e+01 3.812606570311459997e+00 1.338267698486390245e+01 4.304138218506793123e+02 8.405699347314318004e+01
6.301031616948454939e+03 1.138820879021594656e+01 3.607163554476656930e+00 1.310474316606256551e+01 4.111226226208513026e+02 8.121730908889915668e+01
6.626497476617289067e+03 1.118666531132778097e+01 3.566743907662687008e+00 1.350684791483941360e+01 4.166076500526183963e+02 8.272187223860326810e+01
