-3.806526839132555740e-01 5.878769577931616475e+00 3.280555322806611329e+00 2.821985767177950244e+00 1.447347944114681241e+03 5.770857060952065467e+02
3.442620078570848818e+01 6.040445986798326672e+00 3.344183609109292910e+00 2.797941557325269724e+00 1.387566062362633602e+03 5.819914200384506557e+02
3.452474465409002846e+01 7.473848862671971460e+00 4.491456742178346673e+00 3.447878865879252519e+00 1.380699321721424440e+03 5.938815023048601915e+02
4.963856302659338837e+01 8.087909168135928084e+00 4.231541482569721069e+00 3.276477547992161732e+00 1.331458452681365088e+03 6.181386964508812980e+02
1.018690047949538382e+02 8.339016213279931478e+00 4.419132156423638769e+00 3.500209007200930866e+00 1.915651590882788469e+02 7.655208160037189202e+01
1.447269998972256815e+02 8.371432634726975408e+00 4.502003851902211196e+00 3.507827648582094948e+00 1.934159380059238345e+02 8.347791743275068654e+01
2.058437290789493659e+02 7.943124624572178938e+00 4.534846939447882974e+00 3.533548338956335133e+00 3.555521443691295076e+02 8.191182719302729254e+01
2.620020182499567909e+02 8.504009464386276917e+00 4.840385006192231998e+00 3.361463161515888753e+00 3.719278199678240640e+02 1.405366364239461063e+02
3.100176162160247486e+02 8.159924857978539947e+00 4.891464378050994100e+00 3.633606405836914188e+00 3.472659698444134051e+02 1.400905791943339977e+02
3.597225334086444377e+02 8.391741335443063221e+00 4.859225083965858616e+00 3.699121248114507488e+00 3.583603489294056317e+02 1.438833703311281909e+02
3.991759737761365159e+02 8.797817154048470201e+00 4.863942041573487529e+00 3.528577583851818744e+00 3.530369328349611919e+02 1.385097870061590299e+02
5.043192066023523239e+02 9.561090935097782406e+00 5.341069572762096485e+00 3.984605717855357998e+00 3.758850926336409657e+02 1.394334318884179709e+02
6.137620295865816615e+02 1.009753555908320877e+01 5.890935708699950091e+00 4.284449086909229543e+00 3.422800171250768813e+02 1.382541807277728196e+02
6.846445473130912660e+02 1.060259711791993986e+01 6.092034769068076727e+00 4.146472596489602758e+00 7.489709401169162675e+02 3.226571574250390313e+02
7.802478171047418982e+02 1.119597106077739568e+01 6.280814903794843751e+00 4.423467764240720079e+00 7.477001362580435853e+02 3.138351238286844023e+02
9.111675745883252375e+02 1.083679762611014397e+01 6.416554583014965729e+00 4.332641141503333237e+00 7.535810373461845302e+02 3.091455928344452104e+02
1.044138399485494574e+03 1.168437362383445510e+01 6.463723801500492527e+00 4.449977262485639962e+00 7.410607562801519634e+02 3.153217462126788746e+02
1.114803839627946900e+03 1.156157310231262692e+01 6.700201989271709735e+00 4.737865560859679803e+00 7.132623541875753972e+02 3.107838187327233754e+02
1.147080909658960536e+03 1.134647724517070166e+01 6.502499496797613077e+00 4.922043755897259842e+00 7.432514834796304513e+02 3.058415526368469841e+02
1.273844588285357077e+03 1.170062522400696459e+01 6.615308574039652001e+00 5.006714410079267097e+00 7.706863747312612531e+02 3.183164734893300647e+02
1.382626562508826055e+03 1.181610557483598178e+01 6.904865468126809347e+00 4.640069451776169807e+00 7.565401293940747109e+02 3.258035629345394000e+02
1.606574577982008577e+03 1.207234731909080949e+01 6.707368858980503390e+00 4.753164161382343877e+00 7.729986205897880609e+02 3.173724473316827925e+02
1.823527434932371989e+03 1.212021984712981926e+01 7.122475258249306940e+00 5.004671103883966410e+00 8.203455425092006408e+02 3.104192691377562028e+02
2.015350032889928571e+03 1.338510493043797744e+01 6.780480197596897796e+00 5.279411817842706078e+00 8.218886148624471844e+02 3.109584212941618375e+02
2.265526646438686839e+03 1.285478061309019360e+01 6.971158990887681206e+00 5.517353566475764026e+00 7.665563212857975941e+02 3.251172212311302019e+02
2.285563142352716568e+03 1.292212148030296426e+01 7.381226093550584899e+00 5.176572246546478517e+00 7.928720001292481356e+02 3.121741777675945286e+02
2.513958477558023333e+03 1.313301111827489898e+01 7.107726026108237782e+00 5.234025754047139323e+00 7.610277825258132225e+02 2.977868133215020521e+02
2.574914732842064041e+03 1.347690386590888245e+01 7.036932431478704508e+00 5.800999945697380866e+00 7.701537529601009737e+02 3.125122978361550281e+02
2.901430905120048919e+03 1.417995342616672083e+01 7.515211017759383161e+00 5.527460084369142379e+00 8.063096425881540199e+02 2.997573744647924059e+02
2.852719502640984047e+03 7.769734176680057836e+00 0.000000000000000000e+00 9.654399531300413173e+00 8.208681243924372666e+02 2.966906253824136570e+02
2.992580117694628370e+03 8.018374928043458638e+00 0.000000000000000000e+00 1.048506846598710673e+01 5.793393782142607961e+04 0.000000000000000000e+00
2.946885546452601830e+03 8.296234106148055787e+00 0.000000000000000000e+00 1.060478493512635012e+01 5.985810999178339262e+04 0.000000000000000000e+00
3.134729556780106577e+03 8.639433685241579397e+00 0.000000000000000000e+00 1.061011134079218543e+01 6.019429107286543876e+04 0.000000000000000000e+00
3.358128205196481758e+03 9.020175734563562031e+00 0.000000000000000000e+00 1.071052594771157196e+01 5.894822801102336234e+04 0.000000000000000000e+00
3.262258923911960210e+03 8.563248770496896256e+00 0.000000000000000000e+00 1.034138905196846103e+01 6.024996490536234342e+04 0.000000000000000000e+00
3.383979392248048953e+03 8.696324882386292643e+00 0.000000000000000000e+00 1.053370900419902867e+01 5.689973310696164117e+04 0.000000000000000000e+00
3.600416252203063777e+03 8.805032911712594057e+00 0.000000000000000000e+00 1.133048604365830236e+01 5.759527744069151959e+04 0.000000000000000000e+00
3.802881305667726338e+03 9.438677481529834878e+00 0.000000000000000000e+00 1.114194418171714496e+01 5.601184179409977514e+04 0.000000000000000000e+00
3.621978995923364891e+03 9.156136608482096761e+00 0.000000000000000000e+00 1.120437833256436377e+01 5.944108451497893111e+04 0.000000000000000000e+00
4.050443854202002512e+03 9.396167534323467407e+00 0.000000000000000000e+00 1.091256439236864750e+01 5.802922005077791982e+04 0.000000000000000000e+00
3.884655167802664891e+03 9.111267327543608019e+00 0.000000000000000000e+00 1.107225994084305576e+01 5.788656632824310509e+04 0.000000000000000000e+00
4.214546718528968086e+03 9.282954874607849405e+00 0.000000000000000000e+00 1.153900121135376189e+01 5.518781588270136126e+04 0.000000000000000000e+00
4.334617667154914670e+03 9.743171259062632927e+00 0.000000000000000000e+00 1.134043943886194938e+01 5.997257191602580860e+04 0.000000000000000000e+00
4.228936214552417368e+03 9.712233445544582011e+00 0.000000000000000000e+00 1.148783074216600752e+01 5.722869593903236091e+04 0.000000000000000000e+00
4.580462972904649178e+03 9.982161076689676449e+00 0.000000000000000000e+00 1.114050935504236506e+01 5.647930452723475901e+04 0.000000000000000000e+00
4.523303579704454933e+03 9.704177985549019780e+00 0.000000000000000000e+00 1.131035142711012398e+01 5.733676016966329189e+04 0.000000000000000000e+00
4.373081214882370659e+03 1.038519223908138578e+01 0.000000000000000000e+00 1.147742149592172645e+01 5.904976141623646254e+04 0.000000000000000000e+00
4.615796431608308922e+03 9.822724948083969565e+00 0.000000000000000000e+00 1.142820415311849835e+01 5.690505901200632798e+04 0.000000000000000000e+00
4.632732965799774320e+03 1.003641696004792649e+01 0.000000000000000000e+00 1.194666234042108854e+01 5.766840464787474048e+04 0.000000000000000000e+00
4.820313774397725865e+03 1.026207330113146554e+01 0.000000000000000000e+00 1.175412892320585279e+01 5.689187745427982736e+04 0.000000000000000000e+00
4.763802178571841068e+03 1.005602892297974549e+01 0.000000000000000000e+00 1.160283646139122382e+01 6.047767552191626601e+04 0.000000000000000000e+00
5.290398317374198086e+03 1.018237853752756017e+01 0.000000000000000000e+00 1.259287335627257676e+01 5.613564636184664414e+04 0.000000000000000000e+00
5.333042912984689792e+03 1.051755989850927975e+01 0.000000000000000000e+00 1.172524608589147199e+01 6.058474293191640027e+04 0.000000000000000000e+00
5.003937150849085810e+03 1.143543867938958769e+01 3.593790573187558124e+00 1.330342105834081501e+01 4.257017504246587123e+02 8.340971446300294190e+01
5.026612214890373252e+03 1.116037865984912081e+01 3.525660142418539422e+00 1.261188821317274744e+01 4.641235167309863527e+02 8.369127115469086675e+01
5.008098534327632478e+03 1.071797106590667603e+01 3.590118385960880509e+00 1.332111451627675791e+01 4.476015441948948137e+02 8.673053592452254179e+01
5.272269888379195436e+03 1.131758231851050489e+01 3.693561001600633720e+00 1.277601702288583496e+01 4.288457702140462970e+02 8.491173561827939409e+01
5.498466260108004462e+03 1.115960322638854585e+01 3.739321935339354752e+00 1.256825778674646266e+01 4.386599751449463156e+02 8.719000343623818594e+01
5.643356549036562683e+03 1.108067045737674050e+01 3.625726722059491092e+00 1.355243520253872447e+01 4.548268539974025657e+02 8.491327001507946193e+01
5.494313647572743321e+03 1.141874895363614151e+01 3.454767947486368396e+00 1.299205776890089581e+01 4.430480237346446302e+02 8.075467580317231864e+01
5.919148017170782623e+03 1.074957240142704862e+01 3.640521328781415100e+00 1.324266973791234570e+01 4.238632404320571254e+02 8.704039498483682280e+01
5.735558894320494801e+03 1.153000715991150393e+01 3.815761013377715116e+00 1.322654642240432210e+01 4.477953531410525443e+02 8.827995333657183608e+01
6.000452844012415881e+03 1.086485946003054615e+01 3.690351091542245054e+00 1.312824759677848263e+01 4.398351078280644515e+02 8.692700453221365819e+01
5.873851460802631664e+03 1.095280910628388504e+01 3.765388097514317689e+00 1.318130772599767297e+01 4.269998406084098974e+02 8.504655530412792075e+01
6.456985448474665645e+03 1.110432065780418931e+01 3.720924520365699539e+00 1.295084760258331613e+01 4.131259922969861691e+02 8.218678831439021337e+01
6.159198107517709104e+03 1.091004941050929133e+01 3.674092676727459761e+00 1.258278004110318982e+01 4.348273381335179124e+02 8.881472176756103920e+01
6.090677289644351731e+03 1.159495213451051931e+01 3.564939558088877192e+00 1.357759301087891046e+01 4.200831470480474081e+02 8.608821029995148422e+01
