4.677979732317009143e-01 6.074114457861417016e+00 3.511894097030229478e+00 2.811804239283402396e+00 1.449379357086683967e+03 5.873406326938016946e+02
3.444072273884242463e+01 5.563606471018801791e+00 3.240731291806159486e+00 2.810447595242580032e+00 1.337575089722870189e+03 6.024133830092825974e+02
3.113309564983128652e+01 8.083218463750144522e+00 4.267871600432195933e+00 3.331497993411654868e+00 1.371773730486621389e+03 6.244523504146258119e+02
4.911248434920552342e+01 7.597678891419077374e+00 4.276572102123496144e+00 3.174357323605660142e+00 1.371576899480381599e+03 5.886237544753361135e+02
1.020704900940918662e+02 7.884986608483657733e+00 4.397758095817258628e+00 3.414292708111367425e+00 1.903934005910100495e+02 7.712031214307125992e+01
1.459569487125467617e+02 8.408303608357636350e+00 4.723470740148050240e+00 3.376775141960220328e+00 1.992240298524735636e+02 7.949426295197955028e+01
2.069055551766665531e+02 8.117358971347208296e+00 4.694377304234287784e+00 3.421935334559979225e+00 3.517680888553643399e+02 7.858017320415468987e+01
2.401461324994410518e+02 8.802949891807431371e+00 4.831089124494911680e+00 3.478904382215687985e+00 3.732845729439278557e+02 1.481755784740559250e+02
2.989654546540883189e+02 8.248273668732561958e+00 4.629761815203041309e+00 3.429303748822888576e+00 3.457790936350042443e+02 1.413867390948610137e+02
3.671997350502294921e+02 9.151342494968012886e+00 4.787725916551654137e+00 3.450094586745069414e+00 3.772044579179299717e+02 1.359861269440549734e+02
3.971988243152791824e+02 8.731796075614987274e+00 5.123254636880052892e+00 3.569472558356679759e+00 3.441373347820446611e+02 1.452155593751932940e+02
4.913276488073162795e+02 9.586297957217858823e+00 5.269865594701102829e+00 3.943332763843421684e+00 3.772749723490965721e+02 1.440850975659932089e+02
5.797540821558453672e+02 1.050551245591375427e+01 5.854091786325819946e+00 4.276357195715033477e+00 3.456235573488310138e+02 1.408101220994277583e+02
6.895572595199204216e+02 1.112353712497425562e+01 5.995551736076376592e+00 4.465938278975921882e+00 7.634820827590610861e+02 3.204804804247568200e+02
7.984125793043303929e+02 1.083542200203958394e+01 6.084975845251523907e+00 4.638492635245235363e+00 7.561000629681661849e+02 3.258365929118245958e+02
9.109405422904828811e+02 1.131765620890864632e+01 6.469673943132858263e+00 4.611417882190120388e+00 7.425033441693060468e+02 3.128925177982942500e+02
9.545136660116043004e+02 1.152849917081958608e+01 6.252586159202614624e+00 4.858116802150723501e+00 7.444149378352901749e+02 3.222285206756452567e+02
1.124927486312710471e+03 1.141523868527709062e+01 6.377684489416424185e+00 4.556064092680134792e+00 7.272122359142130108e+02 3.102925452936236184e+02
1.244677501922820056e+03 1.212620075199703074e+01 6.219895256006530815e+00 4.659264485747899975e+00 7.325273770619495508e+02 3.043624287372945787e+02
1.331738173961830853e+03 1.216115408460525593e+01 6.622056510555255571e+00 4.619213044423241321e+00 7.288694424186551259e+02 3.092060044539422279e+02
1.340623979014483211e+03 1.156811218113963768e+01 6.802551252711411145e+00 5.117994841337630163e+00 7.325315438333969951e+02 3.089757872388574924e+02
1.603456472353860136e+03 1.180070608855963243e+01 6.961294207009416368e+00 5.009053782867617599e+00 7.622858924763603454e+02 3.203389989655058798e+02
1.723807828818955613e+03 1.268614604198721629e+01 6.589363782993559404e+00 4.877400452761178506e+00 7.960203889668571264e+02 3.010310182610844549e+02
2.078665766948884993e+03 1.239437798029213589e+01 6.929859667516056199e+00 5.344378113468090774e+00 8.141835845234450062e+02 2.981104439323953557e+02
2.106478198485646317e+03 1.288488805084304190e+01 6.728918064874553906e+00 5.530124452868963481e+00 7.799026171173072726e+02 3.183080277179382733e+02
2.385294486562651400e+03 1.286604399597720771e+01 7.135160457191294547e+00 5.520495879102900183e+00 7.614432307900685828e+02 3.236987805936345239e+02
2.587173039903739664e+03 1.387539626438371521e+01 7.142208149334971168e+00 5.195175232691916278e+00 7.693109763025928487e+02 3.201256542996719645e+02
2.534196721889233231e+03 1.345568966676338896e+01 6.957898521930260038e+00 5.534932483944069226e+00 7.903954449801393594e+02 3.136510125976991503e+02
2.841512752359613842e+03 1.330639284009087220e+01 7.505482393285567433e+00 5.704129831504047843e+00 8.057641307880197701e+02 3.203052003332002755e+02
2.948536921771798916e+03 7.955743307676141463e+00 0.000000000000000000e+00 9.442630040849683937e+00 8.006828366765701048e+02 3.012956539147999706e+02
2.962722925167858193e+03 8.168798834517248864e+00 0.000000000000000000e+00 9.648120025156275759e+00 6.006649413271481899e+04 0.000000000000000000e+00
3.208154878763793477e+03 8.472851527621125811e+00 0.000000000000000000e+00 1.030404193557669323e+01 5.899997225861605693e+04 0.000000000000000000e+00
3.235429427104047136e+03 8.469457714497703904e+00 0.000000000000000000e+00 1.074378534275454733e+01 6.068566813237959286e+04 0.000000000000000000e+00
3.111155284509954981e+03 8.673555037855429362e+00 0.000000000000000000e+00 1.071275468941428777e+01 5.538751612286760064e+04 0.000000000000000000e+00
3.462890227764522479e+03 9.164505668962194207e+00 0.000000000000000000e+00 1.065263918456271774e+01 5.751456883936926170e+04 0.000000000000000000e+00
3.507642047910092970e+03 9.176514205713997896e+00 0.000000000000000000e+00 1.105730451427687733e+01 5.983777378965892422e+04 0.000000000000000000e+00
3.421977834356498988e+03 8.890290421928789044e+00 0.000000000000000000e+00 1.093857689444128134e+01 5.665163515235286468e+04 0.000000000000000000e+00
3.774006934621591427e+03 9.385609698531483858e+00 0.000000000000000000e+00 1.151484181520848615e+01 5.778183213600238378e+04 0.000000000000000000e+00
3.721830988098309263e+03 8.908174082053330167e+00 0.000000000000000000e+00 1.114404432198786132e+01 5.645109567506831081e+04 0.000000000000000000e+00
3.788382641114157195e+03 9.264820245640885688e+00 0.000000000000000000e+00 1.112132283003528777e+01 5.819930712536703504e+04 0.000000000000000000e+00
3.973440167058233328e+03 9.426684045361245268e+00 0.000000000000000000e+00 1.086806900578769408e+01 5.747731295818241779e+04 0.000000000000000000e+00
3.908243895610562504e+03 9.619715002605186527e+00 0.000000000000000000e+00 1.097130495578447551e+01 5.929032856529944547e+04 0.000000000000000000e+00
3.992058916422885886e+03 9.342328745613091456e+00 0.000000000000000000e+00 1.133029895197678449e+01 5.831208306215047924e+04 0.000000000000000000e+00
4.480889051499901143e+03 1.023704312126397120e+01 0.000000000000000000e+00 1.134882802401174118e+01 5.880285854228707467e+04 0.000000000000000000e+00
4.312459005723896553e+03 9.534915668935852295e+00 0.000000000000000000e+00 1.193066216424054105e+01 5.987886870642263966e+04 0.000000000000000000e+00
4.524009901946532409e+03 1.027311652067011849e+01 0.000000000000000000e+00 1.126820520646836954e+01 5.545978033960008906e+04 0.000000000000000000e+00
4.514447999140310458e+03 9.964309667567677664e+00 0.000000000000000000e+00 1.182601696627068755e+01 6.035874896927979717e+04 0.000000000000000000e+00
4.815406832931992540e+03 1.049774181848946952e+01 0.000000000000000000e+00 1.183512557770944440e+01 6.060269830699245358e+04 0.000000000000000000e+00
4.683413687695746376e+03 9.943922103524517553e+00 0.000000000000000000e+00 1.159807922400489133e+01 5.607850820018807281e+04 0.000000000000000000e+00
4.664949052693684280e+03 9.754627840561957086e+00 0.000000000000000000e+00 1.179127787722919507e+01 5.928459930329406779e+04 0.000000000000000000e+00
4.991375434026779658e+03 9.970024142545948820e+00 0.000000000000000000e+00 1.190848808614561882e+01 5.694701623981870216e+04 0.000000000000000000e+00
5.134921239629375123e+03 1.016145892717758770e+01 0.000000000000000000e+00 1.204463049680341236e+01 5.559529089002263936e+04 0.000000000000000000e+00
4.969728290954872136e+03 1.018682759036802210e+01 0.000000000000000000e+00 1.201770985588771445e+01 5.600503051629920083e+04 0.000000000000000000e+00
5.047442853076341635e+03 1.096452029317351773e+01 3.399595207780197637e+00 1.234669953461446212e+01 4.340291326529876983e+02 8.870714818982561667e+01
4.961205704033071925e+03 1.067852832320786582e+01 3.644622739665403621e+00 1.324749391927831432e+01 4.236454202063519574e+02 8.516042884792020118e+01
5.079031254386699402e+03 1.132570733842360688e+01 3.394221148616770822e+00 1.273846282664528395e+01 4.542674704347825809e+02 8.093005037722682005e+01
5.295374777502985125e+03 1.157993376919398720e+01 3.609588248676693034e+00 1.244164721713192812e+01 4.547439707243010503e+02 8.523127223302296329e+01
5.473144524317143805e+03 1.077426078779923024e+01 3.626617878494916791e+00 1.256331287788844620e+01 4.181143789373509208e+02 8.308520210600325129e+01
5.473842415509106104e+03 1.117921425182726658e+01 3.554876946042123897e+00 1.234073419105912706e+01 4.244125048230591801e+02 8.690885556228109010e+01
5.491824724224808961e+03 1.126055701843569246e+01 3.733533972553120250e+00 1.246720097805636307e+01 4.530642363806032336e+02 8.161806281085284809e+01
5.536676047938003649e+03 1.108162492896894058e+01 3.558345593897563219e+00 1.240062376938490019e+01 4.400349681595272386e+02 8.334360938908451999e+01
5.738467209412365264e+03 1.149340592226663915e+01 3.469061589426273073e+00 1.316275998744935904e+01 4.154616074620025756e+02 8.377428543633558888e+01
6.180639630750007200e+03 1.162316325135636141e+01 3.817861484348322065e+00 1.285273869949435444e+01 4.114087144074813978e+02 8.177964786994185431e+01
6.197322697043066910e+03 1.169269955382230997e+01 3.807672875179958005e+00 1.318035278286263257e+01 4.393682670015435292e+02 8.330093274213945165e+01
6.272944397677147208e+03 1.105227851478682055e+01 3.685591821038839644e+00 1.271549567276736425e+01 4.476760280167525252e+02 8.346754522778999785e+01
5.996955680014488280e+03 1.092014705377528294e+01 3.527052307942014409e+00 1.343897073001580544e+01 4.508841279840016227e+02 8.516536273787301070e+01
6.614048730328822785e+03 1.165453532456549190e+01 3.615333244251469846e+00 1.313538996809656112e+01 4.523050283419736957e+02 8.225830071914535324e+01
