4.652170861829130200e-01 5.854719255152716073e+00 3.453166628582608588e+00 2.703169167119387151e+00 1.431170081086491791e+03 6.139594246402706403e+02
3.429265527197772911e+01 5.684829115498508223e+00 3.437253581210486963e+00 2.801152736575018398e+00 1.462364196298474781e+03 6.109959719300530878e+02
3.247834253868299470e+01 7.793732793067209563e+00 4.192300544016393182e+00 3.335512415634479311e+00 1.346657437713498894e+03 5.881731108499853917e+02
4.863692685550580563e+01 8.166204837108580250e+00 4.437931138955909738e+00 3.351725239447402416e+00 1.460562438265917535e+03 5.968451404413810906e+02
9.466126038240507512e+01 7.977798198220302339e+00 4.652721182108187747e+00 3.378867148039615298e+00 2.014229844035594681e+02 7.781985129079782837e+01
1.501286904914442744e+02 8.074010131322303607e+00 4.578372204247271426e+00 3.322078923089943903e+00 1.993859597962632506e+02 7.626598276438701873e+01
2.051262860061524407e+02 8.017041158830579661e+00 4.733557611128093257e+00 3.640446891177852251e+00 3.467953113359991448e+02 8.227810385142903726e+01
2.604012907551762055e+02 8.172830542496157591e+00 4.691406333814827079e+00 3.669800799748010878e+00 3.647563510389125554e+02 1.494864101055723609e+02
3.089990338826669358e+02 8.446641756695544956e+00 4.707375205147966923e+00 3.558835626559829990e+00 3.768594110940707651e+02 1.409912271350587503e+02
3.547201135384343615e+02 8.579372273122174875e+00 4.773348776380148983e+00 3.752001920358591036e+00 3.491533457676201238e+02 1.425909336325814536e+02
3.941514873900723614e+02 9.284544279882862128e+00 4.742847392579918164e+00 3.507991106279309435e+00 3.771384152533096881e+02 1.489747845706334886e+02
5.136170527978022164e+02 9.729402172739874288e+00 5.095181652933975514e+00 3.853935715198068213e+00 3.719179317571234833e+02 1.381275859183129739e+02
5.958136139734270955e+02 9.755156416854546819e+00 5.841934714192925426e+00 4.256067926856132999e+00 3.432699913922771202e+02 1.495700167555145015e+02
6.833949951886827421e+02 1.116531563166826224e+01 5.825432721680225079e+00 4.355239526255545890e+00 7.074786893267348660e+02 3.095209079983199558e+02
7.962988156481977740e+02 1.138183567141497221e+01 6.187194883539540058e+00 4.540878952698539806e+00 7.226060616740008982e+02 3.183732129094701122e+02
8.600151291873891068e+02 1.103438547408562975e+01 6.273015039149354877e+00 4.676533189030057436e+00 7.173394325489872472e+02 3.202578195270720585e+02
1.033883484976093769e+03 1.145922434150145541e+01 6.290193559420252711e+00 4.851642779624881996e+00 7.500577350439242537e+02 3.052380761560447695e+02
1.109627103037027382e+03 1.129956679539135145e+01 6.197672444678646642e+00 4.797793484475096903e+00 7.328962250137020646e+02 3.018974695533493104e+02
1.245292985994229639e+03 1.165486471476399011e+01 6.250031939614624221e+00 4.609401228828125419e+00 7.275364070919281403e+02 2.973297451035450081e+02
1.262138703367063499e+03 1.182798839138841274e+01 6.380547400778043610e+00 4.673552319769292751e+00 7.166089189728917290e+02 3.139932966231644400e+02
1.413515330229524579e+03 1.227732300595594239e+01 6.864569044043673962e+00 4.893645654110033050e+00 7.400173627936403591e+02 3.085130653832328562e+02
1.545015868473427872e+03 1.217070638998853660e+01 6.437280728953026276e+00 4.847000956113487469e+00 7.621657820505397467e+02 3.096599537202998818e+02
1.866538988368143237e+03 1.286815481378508963e+01 6.863041811066331377e+00 5.175998878418125670e+00 7.845113654862918793e+02 3.213223057143791266e+02
1.901102356467209802e+03 1.236804438941738304e+01 6.985672795132811252e+00 5.220636401680047278e+00 8.035154016722269716e+02 2.970207903139397558e+02
2.154442454569288202e+03 1.296323803800501651e+01 6.947327515413790344e+00 5.106617865767514530e+00 8.141034647015052315e+02 3.180432460269978492e+02
2.261460017880170653e+03 1.287252211921411060e+01 7.015820065237777570e+00 5.411991359147134695e+00 7.843252205212145327e+02 3.153663486126386601e+02
2.682257314112560380e+03 1.373053677240224246e+01 7.085377704338744032e+00 5.365704948805102070e+00 8.300893377005859293e+02 3.084152719954172426e+02
2.629379497379729401e+03 1.390699761574436621e+01 7.648607494294010323e+00 5.381819922994035110e+00 8.013902071720771119e+02 3.122271835722385731e+02
2.944770125672591348e+03 1.343946147973649552e+01 7.342029177148403640e+00 5.864980295095018725e+00 7.801818428422981242e+02 2.990934333236927500e+02
2.800983538456563110e+03 8.160454817485113921e+00 0.000000000000000000e+00 1.009236223129174626e+01 7.671428417782118458e+02 3.039532847339778527e+02
3.025473216731789762e+03 7.934919212107642394e+00 0.000000000000000000e+00 1.004309767760898531e+01 5.711716702389386774e+04 0.000000000000000000e+00
3.179053632143495633e+03 8.525822307689102431e+00 0.000000000000000000e+00 1.045582012126462601e+01 5.528344440727969777e+04 0.000000000000000000e+00
3.111163124582184992e+03 8.273130955709962819e+00 0.000000000000000000e+00 1.055080221361700765e+01 5.796843691753620806e+04 0.000000000000000000e+00
3.200642736218523623e+03 8.535053322165831347e+00 0.000000000000000000e+00 1.009382067293212337e+01 5.621766965174127108e+04 0.000000000000000000e+00
3.513751634451081372e+03 8.624941125356762939e+00 0.000000000000000000e+00 1.076199969574953919e+01 5.812021939232728619e+04 0.000000000000000000e+00
3.576270624969249184e+03 8.529511035725370505e+00 0.000000000000000000e+00 1.028046861847582072e+01 5.568769152143419342e+04 0.000000000000000000e+00
3.488003995570354164e+03 9.485571804016874609e+00 0.000000000000000000e+00 1.121652312661250228e+01 5.500373732234240742e+04 0.000000000000000000e+00
3.565967410771157574e+03 9.111763611753179504e+00 0.000000000000000000e+00 1.054997502715954916e+01 5.833556004228677193e+04 0.000000000000000000e+00
3.899870814761478869e+03 9.644970687627919759e+00 0.000000000000000000e+00 1.136458753668657806e+01 5.512584795346410101e+04 0.000000000000000000e+00
3.767422479684963037e+03 8.949642152872629097e+00 0.000000000000000000e+00 1.131544737626766484e+01 5.912308115885104780e+04 0.000000000000000000e+00
3.841945973384520585e+03 9.556391170303989213e+00 0.000000000000000000e+00 1.117196735492213833e+01 6.034926756564603420e+04 0.000000000000000000e+00
3.985037234224727854e+03 9.430432703755128543e+00 0.000000000000000000e+00 1.128298027949159454e+01 5.515510275853164785e+04 0.000000000000000000e+00
4.356109743024271665e+03 9.248220180210696029e+00 0.000000000000000000e+00 1.115250844492519455e+01 5.650201138731180254e+04 0.000000000000000000e+00
4.302332503074668239e+03 9.696359938693953850e+00 0.000000000000000000e+00 1.170833814878772117e+01 6.032449953935262602e+04 0.000000000000000000e+00
4.369678032597074889e+03 9.362797483176766633e+00 0.000000000000000000e+00 1.198600955843039984e+01 5.500880819248747866e+04 0.000000000000000000e+00
4.665575686833270083e+03 1.021841704639277992e+01 0.000000000000000000e+00 1.207249348548874579e+01 5.588227177519386896e+04 0.000000000000000000e+00
4.628910665715906362e+03 1.021735303954009844e+01 0.000000000000000000e+00 1.210854280514190151e+01 5.975492802789176494e+04 0.000000000000000000e+00
4.494540468924032211e+03 1.037255272175520204e+01 0.000000000000000000e+00 1.178042560538463590e+01 5.535855297495043487e+04 0.000000000000000000e+00
4.824002984742305671e+03 9.685247163349210098e+00 0.000000000000000000e+00 1.174950635569943280e+01 5.582625768410019373e+04 0.000000000000000000e+00
4.861962947650954447e+03 1.006094537374410436e+01 0.000000000000000000e+00 1.181820320993345774e+01 5.942818801201354654e+04 0.000000000000000000e+00
4.809387706577345853e+03 1.049458030175625289e+01 0.000000000000000000e+00 1.152892773307283925e+01 5.744626120770661510e+04 0.000000000000000000e+00
4.983849277800975869e+03 1.016874379604613843e+01 0.000000000000000000e+00 1.240644986887582313e+01 5.944362484856978699e+04 0.000000000000000000e+00
5.342104866893585495e+03 9.954874829283616222e+00 0.000000000000000000e+00 1.214252555029248271e+01 6.042401057284429407e+04 0.000000000000000000e+00
4.955416264197425335e+03 1.101016811679191854e+01 3.537269067635618658e+00 1.333709745151820769e+01 4.515962109239233655e+02 8.356556974923365999e+01
5.025342276849666632e+03 1.052607584983789657e+01 3.646565011693720493e+00 1.323589558261070032e+01 4.338094927798189246e+02 8.643108403619494595e+01
5.135553771478151248e+03 1.099659691314976939e+01 3.508657552624856013e+00 1.236878054710932240e+01 4.366533051771389751e+02 8.892022707989836761e+01
5.342465759004969186e+03 1.163666348245259563e+01 3.503052052798427241e+00 1.222936890575201296e+01 4.254900782057492847e+02 8.746515262102859367e+01
5.536521232092612991e+03 1.082927228713186274e+01 3.453971740235800336e+00 1.293389736166447790e+01 4.292034518819033906e+02 8.325449433098313534e+01
5.615309952763353067e+03 1.114296330115479527e+01 3.664330742429219523e+00 1.241323350274837978e+01 4.445077732891221558e+02 8.366474497897030460e+01
5.849096242314762094e+03 1.124605524229639819e+01 3.599804884353206003e+00 1.339047321629262477e+01 4.261887758986105723e+02 8.795423470504434249e+01
5.728078131782158380e+03 1.153299773769227521e+01 3.787881085168009143e+00 1.318425511665683203e+01 4.431006670173530324e+02 8.756840519559665381e+01
6.084234168574317664e+03 1.108641581222429018e+01 3.728564730344620326e+00 1.345148176885292735e+01 4.354129200707945415e+02 8.527583989245951557e+01
6.012590290305823146e+03 1.103587004482184319e+01 3.687779091915708740e+00 1.257222673576646876e+01 4.470983950170428898e+02 8.915806895712879054e+01
5.972079190094797013e+03 1.129551011115347414e+01 3.805647982348434155e+00 1.292689903554492936e+01 4.215726499479920903e+02 8.759198807527786812e+01
6.198355887431082920e+03 1.082361079639719215e+01 3.508141498679279824e+00 1.280296170075740392e+01 4.110983810476929534e+02 8.695894059765473116e+01
6.429499056739879961e+03 1.171736508251470710e+01 3.562650809620961034e+00 1.243707460628435513e+01 4.427921004725769194e+02 8.269598107416246080e+01
6.480276151360988479e+03 1.074862535974781963e+01 3.731868161757220914e+00 1.361176425671704493e+01 4.178579361199797404e+02 8.547029024038954503e+01
