2.013102457363917797e-01 5.906307774863080340e+00 3.365180288616157256e+00 2.920741315911469904e+00 1.355587878653631606e+03 5.966842155812753390e+02
3.150356316740496609e+01 6.016467655320418828e+00 3.298320893843447621e+00 2.845111356195919150e+00 1.410032332528300913e+03 5.763733698380017358e+02
3.293915564157772735e+01 8.039917867348773228e+00 4.188909056424372501e+00 3.242302905253406031e+00 1.433960752035665337e+03 6.139217981777280784e+02
4.940011378796702957e+01 8.138119231942164689e+00 4.189588515415679559e+00 3.362301530425416463e+00 1.332515970294949284e+03 6.202142159965384280e+02
1.030308051911540872e+02 8.056416825775198021e+00 4.355155885931727866e+00 3.523854001429755467e+00 2.002661929639922676e+02 8.347935140288524281e+01
1.448805520281526640e+02 8.167015089007922057e+00 4.318470209343891142e+00 3.402602238053854311e+00 2.000709438514309682e+02 8.054979223809107225e+01
2.005202059348063131e+02 8.658336504384118726e+00 4.677594676120951256e+00 3.556333999365745679e+00 3.594691981138992674e+02 7.783046601730401903e+01
2.483805781528777175e+02 8.379178830295083813e+00 4.905200329734705988e+00 3.596747276258526416e+00 3.735640461297148249e+02 1.495412099984870906e+02
3.030389354073880668e+02 8.344030663501117218e+00 4.783087966023749971e+00 3.499382943768559517e+00 3.453784234350385418e+02 1.451773207524161649e+02
3.541347967327992023e+02 8.896493467832833346e+00 5.033302924045519156e+00 3.715099727415781761e+00 3.764375168669826053e+02 1.403494300994227046e+02
4.121839007482540751e+02 8.744436213637401423e+00 4.981000581364022572e+00 3.552604804117339921e+00 3.538899404348402982e+02 1.439129995897642971e+02
4.939906744625006354e+02 9.839021360672894900e+00 5.171702795917201279e+00 3.982130716576743446e+00 3.636527494535924916e+02 1.404641645680844988e+02
6.029289300776988512e+02 1.050549664107684755e+01 5.513795646594101818e+00 4.239281187253424399e+00 3.430504772780410576e+02 1.438152867500010927e+02
6.704668398840982491e+02 1.048557538527740896e+01 6.242012774248938634e+00 4.446076691331870556e+00 7.231376324468458279e+02 3.099803645748063445e+02
7.984813346902293461e+02 1.130236803092967790e+01 6.383606505197227499e+00 4.288434791678230162e+00 7.473307106999434382e+02 3.094119957200143745e+02
9.343038639587703074e+02 1.136118422447456133e+01 5.962375145674040589e+00 4.618301988124299484e+00 7.068962446468518692e+02 3.244117388779798148e+02
1.025861860575831088e+03 1.162765132011577229e+01 6.627172804412685636e+00 4.534649435160533315e+00 7.213118784751067096e+02 3.230855654453619081e+02
1.110060751698330932e+03 1.107386318857784246e+01 6.335445679701494193e+00 4.491541843057682115e+00 7.533046347674652452e+02 3.144821862241926169e+02
1.211454984125694182e+03 1.135234386554671104e+01 6.545524998426568430e+00 4.580082669385550531e+00 7.139346429385095689e+02 3.103390710420825940e+02
1.274857880557535509e+03 1.159324850230693293e+01 6.365043501848945517e+00 4.813983060818326720e+00 7.038758033844064812e+02 3.257012789139038773e+02
1.357784702726602291e+03 1.249022288641632450e+01 6.715624201951929884e+00 4.923062194725478236e+00 7.063664623225934065e+02 3.264129209796558371e+02
1.621258478530123739e+03 1.221169720699252714e+01 6.874796496925300815e+00 5.090864584125193382e+00 7.254822440626787738e+02 3.070797095167060888e+02
1.822123301811036981e+03 1.301649124760727538e+01 6.718320093039752194e+00 5.261966187543738904e+00 8.287125150256061943e+02 3.100594773346676902e+02
2.063975792062813525e+03 1.298866077192385049e+01 7.055526488620373904e+00 5.441485344226141052e+00 7.900965385304712072e+02 3.062680249657204286e+02
2.101100601837189060e+03 1.305063364816387050e+01 6.683930731123562730e+00 5.373993333092315972e+00 8.392045354508326227e+02 3.012968415411955334e+02
2.232790301028959675e+03 1.351108619442191561e+01 6.982026873661624222e+00 5.468972335451932842e+00 7.727774200936199804e+02 2.981046439318091075e+02
2.540293500850649252e+03 1.338224076168936705e+01 6.826350562981013503e+00 5.537601613489698593e+00 7.678458402327266867e+02 3.135706342872427399e+02
2.734672996745497585e+03 1.339558041846513881e+01 7.110213871809998309e+00 5.451926845316167558e+00 7.611488915849590740e+02 3.116339733308713562e+02
2.908228302372359849e+03 1.388472372303211699e+01 6.962801312904272066e+00 5.420998251220462194e+00 8.222159526383412640e+02 3.165949600213576787e+02
2.800958250253527240e+03 8.010606489476455039e+00 0.000000000000000000e+00 1.011475764599052418e+01 7.873558047573208114e+02 2.996326335293927059e+02
2.997240406930349309e+03 8.310841929598453248e+00 0.000000000000000000e+00 9.882588034508559716e+00 5.980339632457461994e+04 0.000000000000000000e+00
3.172277617570135135e+03 7.969173678728480148e+00 0.000000000000000000e+00 1.002877246557819646e+01 5.788502229690294189e+04 0.000000000000000000e+00
3.266637896635799279e+03 8.680399107564642946e+00 0.000000000000000000e+00 1.064360187015723369e+01 5.548541876295007387e+04 0.000000000000000000e+00
3.225989483666333399e+03 8.882169324376734565e+00 0.000000000000000000e+00 1.052420514281726938e+01 5.963426949021856854e+04 0.000000000000000000e+00
3.213944891463281692e+03 8.475829093427593719e+00 0.000000000000000000e+00 1.072489209928177090e+01 5.829796367636291689e+04 0.000000000000000000e+00
3.357471181799697206e+03 8.549235391374921278e+00 0.000000000000000000e+00 1.084583630965451029e+01 5.997312079444463598e+04 0.000000000000000000e+00
3.560567374276769897e+03 8.895109419614705359e+00 0.000000000000000000e+00 1.096026415336287485e+01 5.773513658014040993e+04 0.000000000000000000e+00
3.491883343695435087e+03 9.278908773197404258e+00 0.000000000000000000e+00 1.122555457224521369e+01 5.820523097254712047e+04 0.000000000000000000e+00
3.860248618978049763e+03 9.347260037600745974e+00 0.000000000000000000e+00 1.116235459832598664e+01 5.675374240348440071e+04 0.000000000000000000e+00
3.905848464760389561e+03 9.796627382381180027e+00 0.000000000000000000e+00 1.113795853392680435e+01 6.061156153629482287e+04 0.000000000000000000e+00
3.977186256668805981e+03 9.533291773216737042e+00 0.000000000000000000e+00 1.153887917349205239e+01 6.008704533253299451e+04 0.000000000000000000e+00
3.959905808023364898e+03 9.766624185995631535e+00 0.000000000000000000e+00 1.156058490211992407e+01 5.578813803451429703e+04 0.000000000000000000e+00
4.370233202222229011e+03 9.463238895084352009e+00 0.000000000000000000e+00 1.163467844803704310e+01 5.673592212526212097e+04 0.000000000000000000e+00
4.199949109141220106e+03 9.904376837947236112e+00 0.000000000000000000e+00 1.214748540378367636e+01 6.037215542870639183e+04 0.000000000000000000e+00
4.497590706257451529e+03 1.010309434579872345e+01 0.000000000000000000e+00 1.210628379061741455e+01 5.522754333071125438e+04 0.000000000000000000e+00
4.270233247706473776e+03 1.001422225255633336e+01 0.000000000000000000e+00 1.167774501548624322e+01 5.669231524294297560e+04 0.000000000000000000e+00
4.444053509992108957e+03 1.013253682733689587e+01 0.000000000000000000e+00 1.182459480494666515e+01 5.655603082192772126e+04 0.000000000000000000e+00
4.628186163031382421e+03 9.627781822938372258e+00 0.000000000000000000e+00 1.223054883153649186e+01 5.924866268729965668e+04 0.000000000000000000e+00
5.004262195287829854e+03 1.012965747071410760e+01 0.000000000000000000e+00 1.185540699909718576e+01 6.014838788178276445e+04 0.000000000000000000e+00
4.667246226801245939e+03 1.012356435684446154e+01 0.000000000000000000e+00 1.168532125617084994e+01 5.996466636843061860e+04 0.000000000000000000e+00
5.201773799528463314e+03 9.767382141418320174e+00 0.000000000000000000e+00 1.215120201945265244e+01 5.531366533039871138e+04 0.000000000000000000e+00
5.197302064559610699e+03 1.049812809168133043e+01 0.000000000000000000e+00 1.155595001680884870e+01 5.788338292192794324e+04 0.000000000000000000e+00
4.894201840765677844e+03 1.050320737876910826e+01 0.000000000000000000e+00 1.188718871182157066e+01 5.604061824470621650e+04 0.000000000000000000e+00
5.294402100781195259e+03 1.103720620238593497e+01 3.425091040453823066e+00 1.214309507654146891e+01 4.524112642122487955e+02 8.163341260369696784e+01
5.107446729820711880e+03 1.084677028681837996e+01 3.341354188785270463e+00 1.255311557551615564e+01 4.475778737961628053e+02 8.208951769508909990e+01
5.434781882746332485e+03 1.152574826640800687e+01 3.453490311923992806e+00 1.311217763680689430e+01 4.327863850956188685e+02 8.509890954506190042e+01
5.637339206451012615e+03 1.143712086332058142e+01 3.702380402559934502e+00 1.315777116475863728e+01 4.185743485082570032e+02 8.584851233566747908e+01
5.261949555894973855e+03 1.080530109101651348e+01 3.468980880198432537e+00 1.283377572605146710e+01 4.453385097306151579e+02 8.582349148978333631e+01
5.577344077737524458e+03 1.141549112581017233e+01 3.653043270625496053e+00 1.332312534567944162e+01 4.396259085168304637e+02 8.596375809079422936e+01
5.750220838107745294e+03 1.143298725898904777e+01 3.747233429442781816e+00 1.349971391259008158e+01 4.168237225322173458e+02 8.511720329331561175e+01
5.988252193966123741e+03 1.083793399399580437e+01 3.804762112719716427e+00 1.255758311154369444e+01 4.481983735031869855e+02 8.721545225227592368e+01
6.052109798495042014e+03 1.139676012077074496e+01 3.686400043226571555e+00 1.331970753516136341e+01 4.500097563780108203e+02 8.743806184017259397e+01
6.232133208950152039e+03 1.111255009832257024e+01 3.572578207014844409e+00 1.359293148809109653e+01 4.426021814283441245e+02 8.606802463399429826e+01
6.324779493991499294e+03 1.176949875872580087e+01 3.825142035265951090e+00 1.272393402290202147e+01 4.169961557735902034e+02 8.856805683077989499e+01
6.475735455034355255e+03 1.158780353848387357e+01 3.644713386559482515e+00 1.310844296866146586e+01 4.098010342526601448e+02 8.616341571450234937e+01
6.429417849081295572e+03 1.119309629875536061e+01 3.838432420889527741e+00 1.287596246111058029e+01 4.259975757572163957e+02 8.320362344671781329e+01
6.266775845071024378e+03 1.114362036996373817e+01 3.755538840992069805e+00 1.315131361402869103e+01 4.459803371253911450e+02 8.408171310030922996e+01
