-2.863613869431199666e-01 5.760773610896143815e+00 3.275094555849981770e+00 2.847401407482640590e+00 1.399104339253902253e+03 6.024217463354754045e+02
3.290030666437201745e+01 5.544196328033094368e+00 3.430050880083926224e+00 2.825813301378775400e+00 1.372653749191345014e+03 5.865967265671904443e+02
3.375009041678502797e+01 7.421407469646998045e+00 4.242865034315378203e+00 3.164414526492512536e+00 1.462436805439042473e+03 6.059926535157965191e+02
5.063229880668581018e+01 7.463907578716366231e+00 4.198740895788000138e+00 3.476949992679434498e+00 1.455105081089913710e+03 5.780994327965901221e+02
1.018518597899724085e+02 7.879841476146797419e+00 4.529933154882815671e+00 3.216689981340454363e+00 1.989172413577336727e+02 7.886059356995355074e+01
1.442044359996167486e+02 8.282252388343907867e+00 4.312338691936404622e+00 3.375534449918873303e+00 1.998538437656183930e+02 8.147375319313688635e+01
1.958159400475730649e+02 8.427210896926721873e+00 4.716928319081923782e+00 3.594635963032096537e+00 3.509295378675489587e+02 8.284599907648157568e+01
2.465992094008997242e+02 8.804675672389699059e+00 4.752953829620627957e+00 3.592491946998692232e+00 3.489902380180062664e+02 1.425954015462262987e+02
3.079277671072446765e+02 8.175960658667808190e+00 4.802126798962832233e+00 3.408475600232428793e+00 3.509980126966474927e+02 1.377653809201089814e+02
3.667020068012673164e+02 8.863563530105773580e+00 4.897440674907057812e+00 3.443366612821006978e+00 3.519462647118460836e+02 1.490693530884172446e+02
4.175772760719473240e+02 8.599872684559466407e+00 5.094969110734257178e+00 3.811088095288481359e+00 3.764825417150771045e+02 1.480225385879795681e+02
5.132779841455929954e+02 9.624720291169406750e+00 5.103179890249584183e+00 4.042310579962287598e+00 3.626736804356692687e+02 1.423268472768740196e+02
6.239911266266911980e+02 1.057926836170602414e+01 5.662769708152617376e+00 4.197622561508820738e+00 3.457837631801627936e+02 1.491328641904305243e+02
6.566985338394930523e+02 1.076539019742106085e+01 5.885132055201712120e+00 4.289128577705362488e+00 7.644428984684190027e+02 3.128487103960036393e+02
8.401476440092720850e+02 1.122728930290137228e+01 6.249809229876966299e+00 4.582967181824682434e+00 7.482001674460728964e+02 3.130854259919136666e+02
8.665448585003135804e+02 1.077708943028018673e+01 6.057085512004344530e+00 4.707933545180246426e+00 7.232375618726508719e+02 3.088978738340201744e+02
1.009729021159946683e+03 1.140985042990260290e+01 6.215609469110212615e+00 4.620855404834057545e+00 7.676431165168751249e+02 3.235285391907781332e+02
1.146139201823502617e+03 1.195123990871881325e+01 6.645194035286777101e+00 4.900679561619269542e+00 7.602444811918546748e+02 3.172726027301669660e+02
1.242882780271519323e+03 1.202316989108738454e+01 6.728413409350553209e+00 4.827688636866041882e+00 7.534770811132265180e+02 3.205800023403847376e+02
1.297011396164366261e+03 1.156774349462396323e+01 6.646221345715606965e+00 4.634693460648025898e+00 7.180286827040329172e+02 2.965477388137385901e+02
1.370691160878826167e+03 1.217569000560481385e+01 6.730835359108700011e+00 5.059946985026950728e+00 7.109008303725889846e+02 3.275080972552851790e+02
1.629193970324784232e+03 1.268318556870845804e+01 6.467001075194505511e+00 5.191015275918081429e+00 7.078546527170909712e+02 3.056819359829952418e+02
1.743056003083797350e+03 1.204347697408259954e+01 6.688288092791419892e+00 4.950088118818291250e+00 7.920553345528263662e+02 3.232804538572622164e+02
2.048388388383275469e+03 1.229862068011111020e+01 6.869073696052372391e+00 4.957002912482034063e+00 8.220363970841339096e+02 3.218465048047796699e+02
2.199772023765639005e+03 1.308154192379325487e+01 6.805083620062553962e+00 5.553295230982061348e+00 7.792477107721546190e+02 2.972571015775964725e+02
2.328764866955978960e+03 1.288671248176130568e+01 7.164221896173216919e+00 5.137680555555425244e+00 7.729772308588210308e+02 3.272802457195590478e+02
2.613490157526272469e+03 1.302853163011972981e+01 6.869626550621262595e+00 5.271689163007619250e+00 7.905222552639538662e+02 3.047894949038649202e+02
2.654558233348948761e+03 1.379833780069757942e+01 6.994213885101979500e+00 5.654467022595373926e+00 7.616931734754028867e+02 3.078146060726767246e+02
2.864541399005834592e+03 1.329901357159732456e+01 7.119135667331045525e+00 5.435979051277961105e+00 8.023954985193802258e+02 3.203115245556808759e+02
3.034013719916993978e+03 7.800711229560120863e+00 0.000000000000000000e+00 9.246400263285259769e+00 8.346363242195034218e+02 3.164039373147815013e+02
2.978242415833591167e+03 8.368134139638838676e+00 0.000000000000000000e+00 9.911126174856784488e+00 5.778563933581017045e+04 0.000000000000000000e+00
3.158293495701500888e+03 8.495110204629193973e+00 0.000000000000000000e+00 1.048171259059244775e+01 5.734017870319005306e+04 0.000000000000000000e+00
3.066264061398753711e+03 8.383336258965440990e+00 0.000000000000000000e+00 1.060837711749744727e+01 5.570013671557547787e+04 0.000000000000000000e+00
3.269791211202794784e+03 8.284397356410142521e+00 0.000000000000000000e+00 1.049536396908047386e+01 5.893885828919283085e+04 0.000000000000000000e+00
3.409977541640202617e+03 8.525534787294949624e+00 0.000000000000000000e+00 1.070020101926740175e+01 5.583404055163232260e+04 0.000000000000000000e+00
3.376059894748835632e+03 9.223953755710141422e+00 0.000000000000000000e+00 1.024779420301033639e+01 5.566610214415123482e+04 0.000000000000000000e+00
3.590469172631481797e+03 9.048851126061551398e+00 0.000000000000000000e+00 1.091703512487138461e+01 5.947304840484110900e+04 0.000000000000000000e+00
3.550353510505481154e+03 9.609076040964264820e+00 0.000000000000000000e+00 1.095711181144940838e+01 5.499321428260561515e+04 0.000000000000000000e+00
3.886323736491407999e+03 9.552960161026877728e+00 0.000000000000000000e+00 1.099732362052549917e+01 5.502157667499873787e+04 0.000000000000000000e+00
3.716458587173282922e+03 9.514121027660404906e+00 0.000000000000000000e+00 1.128613715012743768e+01 5.589572705551490799e+04 0.000000000000000000e+00
3.792949690780632864e+03 9.260984029781623050e+00 0.000000000000000000e+00 1.124625955046487746e+01 5.877479643712619145e+04 0.000000000000000000e+00
4.273042156373602666e+03 9.312908966262948951e+00 0.000000000000000000e+00 1.153724165964196757e+01 5.553781520413431281e+04 0.000000000000000000e+00
4.131425181351637548e+03 9.841164957951322734e+00 0.000000000000000000e+00 1.125649383028897610e+01 5.997630152009789890e+04 0.000000000000000000e+00
4.303057025542729207e+03 9.393725943005970080e+00 0.000000000000000000e+00 1.163756490797492837e+01 5.500359499521939142e+04 0.000000000000000000e+00
4.589122954512234173e+03 1.009183270890925144e+01 0.000000000000000000e+00 1.117880848776925085e+01 5.701110733895628800e+04 0.000000000000000000e+00
4.499018474394388249e+03 9.440137507841658504e+00 0.000000000000000000e+00 1.177366232366699883e+01 5.533737827898788964e+04 0.000000000000000000e+00
4.670922812694328968e+03 1.027904254989174149e+01 0.000000000000000000e+00 1.169698307424766703e+01 6.044690028843458276e+04 0.000000000000000000e+00
4.462987659846249699e+03 1.005562530929834253e+01 0.000000000000000000e+00 1.183438521186248060e+01 5.686515161157151306e+04 0.000000000000000000e+00
4.805147558253915122e+03 1.013235423568459304e+01 0.000000000000000000e+00 1.170315640789271328e+01 5.620912316515427665e+04 0.000000000000000000e+00
4.979349651990154598e+03 1.003302977296404386e+01 0.000000000000000000e+00 1.169910896071015038e+01 5.685027462719418691e+04 0.000000000000000000e+00
5.211761526203621543e+03 1.070299004117839736e+01 0.000000000000000000e+00 1.168506370050336507e+01 5.866909987074502715e+04 0.000000000000000000e+00
5.003458047511878249e+03 1.024471339961544025e+01 0.000000000000000000e+00 1.245417718792634432e+01 5.953345957499832002e+04 0.000000000000000000e+00
5.321918032632315771e+03 1.058093573079366401e+01 0.000000000000000000e+00 1.223413035748286504e+01 5.622298336685207323e+04 0.000000000000000000e+00
5.397647550501094884e+03 1.083354586474188253e+01 3.474101007658344287e+00 1.239031647769066957e+01 4.429546337214226241e+02 8.467785143903775236e+01
5.205053601087432071e+03 1.052342152579422319e+01 3.515879632049057069e+00 1.233303501465724317e+01 4.653108719198052086e+02 8.737028669397780334e+01
5.531618819292339140e+03 1.121620393483071965e+01 3.709395085292828131e+00 1.268131399030098727e+01 4.303139471124265469e+02 8.419200390320581562e+01
5.108286528971601001e+03 1.123811207666351208e+01 3.567814093072722237e+00 1.342232774157239739e+01 4.265319331110108578e+02 8.422278417394161920e+01
5.599291369315889824e+03 1.152768560847991353e+01 3.564624361600670976e+00 1.334849424277034480e+01 4.413448443082183985e+02 8.840331469202740777e+01
5.604459240971243162e+03 1.121221782385018706e+01 3.462838165963995962e+00 1.323511109140068776e+01 4.524576537566309185e+02 8.826481884899615693e+01
5.925931764055002532e+03 1.148990239881480946e+01 3.568296695526205209e+00 1.330079366373871608e+01 4.576135271903460762e+02 8.625388204021575689e+01
5.654505359438724554e+03 1.102102370212864102e+01 3.449620811509411133e+00 1.245661974353657442e+01 4.211479998075288336e+02 8.614739570292239534e+01
5.591385766705961942e+03 1.098507185742766978e+01 3.627418895209854721e+00 1.317681274095873789e+01 4.511688482658635735e+02 8.610465508234979382e+01
6.225534258441843122e+03 1.114010860895377419e+01 3.604648634716117073e+00 1.324072015548930636e+01 4.429935789981307153e+02 8.302764119205365034e+01
6.238746091528159013e+03 1.116046499142953863e+01 3.797782332116685922e+00 1.246669185759088450e+01 4.212343493750199741e+02 8.713170783717602319e+01
6.065134906881082316e+03 1.176389052019466419e+01 3.696292623918179032e+00 1.306218915682620185e+01 4.109580995467593993e+02 8.632247178459275005e+01
6.547496232872817018e+03 1.163993439218974046e+01 3.647825458900232132e+00 1.265547119116307329e+01 4.290772998439107937e+02 8.530187176116561432e+01
6.341910572014730860e+03 1.118376490885653496e+01 3.680295398517738015e+00 1.336033949945152699e+01 4.247992364769164055e+02 8.206537212759018018e+01
