2.247121127651739991e-01 5.970665640334760660e+00 3.402465677243040165e+00 2.701967966455022907e+00 1.374368566790394198e+03 6.031385547259546911e+02
3.452866091826613371e+01 5.767092432945560176e+00 3.506287605610058478e+00 2.816694638567577957e+00 1.448834184028448135e+03 5.835605446088989083e+02
3.276115610981646142e+01 8.037684254365254688e+00 4.299622815063580461e+00 3.231666346973015358e+00 1.376440403560560753e+03 5.742361153742018587e+02
5.270876909385250286e+01 8.159405190890909765e+00 4.383285558969008733e+00 3.198550829372960091e+00 1.463509142934383590e+03 6.224890480457585227e+02
9.887834821569498445e+01 7.716638553149875790e+00 4.576650129906420617e+00 3.544571710539794029e+00 2.056106731005046413e+02 8.075826975484032744e+01
1.441484320222456290e+02 7.938158719669013763e+00 4.656542645043670881e+00 3.581839477178958564e+00 2.069208422269417724e+02 8.137511022343346667e+01
1.993586861664142305e+02 8.424872252493660341e+00 4.577885079158884096e+00 3.349337130854162403e+00 3.725670670600991343e+02 7.755685143433618123e+01
2.565573696890025417e+02 8.078244835149700265e+00 4.910871990405158982e+00 3.368167712426873628e+00 3.549455429597518332e+02 1.361752110486847016e+02
2.859203949358330874e+02 8.268694166488046449e+00 4.915721245798953198e+00 3.596805567062836495e+00 3.667498136996549647e+02 1.421275537297975973e+02
3.598282259753621020e+02 8.749595170269518718e+00 5.067886157336596753e+00 3.593968348779023714e+00 3.421422468303792357e+02 1.483807237301802502e+02
4.036326474627747984e+02 9.200845069495738215e+00 5.117025363307876162e+00 3.699735551033793701e+00 3.563350941277794277e+02 1.423472090625413955e+02
4.780283070215533598e+02 9.729156275540278287e+00 5.456017143820600879e+00 3.766748467838929582e+00 3.580293088144176181e+02 1.416033817830992803e+02
5.707921041794436405e+02 9.817808195801243087e+00 5.826349751086826956e+00 4.081804583156523059e+00 3.468339324252992810e+02 1.465868180842126378e+02
6.732495580128600068e+02 1.110739040572639702e+01 5.733954695206154639e+00 4.137827681054136342e+00 7.227577875112071979e+02 3.255616251085454564e+02
7.685263536009014160e+02 1.056419718263554053e+01 6.328864187093604876e+00 4.650406098031543145e+00 7.220951485868243935e+02 2.974617728385052260e+02
9.024102565192634984e+02 1.108123628239375158e+01 6.158819599494636421e+00 4.759140760225730737e+00 7.506938523988028464e+02 3.139583736080656990e+02
1.048068573195927002e+03 1.109651453027209733e+01 6.415247484625702157e+00 4.548464143313956320e+00 7.278880575129929866e+02 3.031461871888870405e+02
1.133005276268256921e+03 1.188058965879771556e+01 6.493448825257261525e+00 4.796617340021576581e+00 7.509226776141678101e+02 3.180037414950339212e+02
1.191778352599382288e+03 1.196792478150003092e+01 6.500970544453165800e+00 4.881294403485778588e+00 7.719747539353927550e+02 3.207693285647059156e+02
1.297348135104823541e+03 1.238806866974672083e+01 6.274669245194207434e+00 4.747077145331553005e+00 7.561884464137881423e+02 3.127104270828585300e+02
1.468682102572248368e+03 1.232884082681479043e+01 6.660462715708868942e+00 5.022772464208030918e+00 7.729485013574504819e+02 3.179051071779139761e+02
1.545065561051178975e+03 1.269040530106334330e+01 6.560608669446487795e+00 5.035445747118983739e+00 7.454142104427610320e+02 3.077452446702993711e+02
1.821930802655603884e+03 1.229223497912746588e+01 7.108249431453097955e+00 4.921820217915566786e+00 7.956229558446102601e+02 3.143177765804582009e+02
1.934234119820199567e+03 1.236792502134229998e+01 6.616396115791499000e+00 5.172905991865885511e+00 7.955324652501287801e+02 3.216519371728825831e+02
2.107894591611457599e+03 1.283534594620331504e+01 6.860643136902927708e+00 5.163727894179714895e+00 7.825992824611590777e+02 3.118787219238598709e+02
2.353895986568299577e+03 1.263864211498667345e+01 6.831224536540035253e+00 5.459318845895951178e+00 8.218664577681220180e+02 3.004726934147419115e+02
2.574444085602888208e+03 1.322741656824057799e+01 6.753818529012013627e+00 5.565094298415854013e+00 7.694607918298910363e+02 3.247911685216072328e+02
2.663530236059844356e+03 1.426702206718130483e+01 7.378731394899292972e+00 5.350569778380605435e+00 8.259042421236118798e+02 3.038388053813692409e+02
2.877013455689576404e+03 1.343419793024199471e+01 7.077075257499378935e+00 5.895477135772394739e+00 8.018604478883579532e+02 3.192743160899010491e+02
2.771490040329202657e+03 8.275000426198904080e+00 0.000000000000000000e+00 9.489130583962891663e+00 8.375977556833149720e+02 3.088674734016804564e+02
2.833967727739022394e+03 8.435377396310212106e+00 0.000000000000000000e+00 9.995446387948240030e+00 6.048559308213515760e+04 0.000000000000000000e+00
3.219159617871044247e+03 8.575104911221709258e+00 0.000000000000000000e+00 9.681946084727597324e+00 5.592677342789693648e+04 0.000000000000000000e+00
3.235544679665385047e+03 8.148334606898531618e+00 0.000000000000000000e+00 1.046389981296306360e+01 5.716887551031565818e+04 0.000000000000000000e+00
3.430881922256797225e+03 8.525002675097411498e+00 0.000000000000000000e+00 1.020922973094558195e+01 5.829415557943042950e+04 0.000000000000000000e+00
3.513055337076224532e+03 9.171153383218682009e+00 0.000000000000000000e+00 1.056552824954721714e+01 5.550090914236901153e+04 0.000000000000000000e+00
3.604470486825606713e+03 8.964481093188688021e+00 0.000000000000000000e+00 1.062830914984966313e+01 5.592190662435538252e+04 0.000000000000000000e+00
3.746540272126783748e+03 8.932607285159715360e+00 0.000000000000000000e+00 1.089993265662407929e+01 5.678437779073786078e+04 0.000000000000000000e+00
3.740213555871990593e+03 9.005213649448224444e+00 0.000000000000000000e+00 1.110000386610210832e+01 5.624847891915346554e+04 0.000000000000000000e+00
3.877156718662714866e+03 9.485658809555003401e+00 0.000000000000000000e+00 1.090160461779202450e+01 5.933731289179316809e+04 0.000000000000000000e+00
3.892944122924051044e+03 9.682980533647482346e+00 0.000000000000000000e+00 1.075173987502352446e+01 5.845763932361407933e+04 0.000000000000000000e+00
4.108111843553997460e+03 9.643314561769985360e+00 0.000000000000000000e+00 1.114873369815413184e+01 5.995174825972964027e+04 0.000000000000000000e+00
3.983687309680248291e+03 1.005720204184460442e+01 0.000000000000000000e+00 1.143390265048273768e+01 5.970149425158423401e+04 0.000000000000000000e+00
4.306140671419001592e+03 9.361273712970385574e+00 0.000000000000000000e+00 1.125554330090550081e+01 6.028395222706579079e+04 0.000000000000000000e+00
4.129336584320959446e+03 1.009493552204376243e+01 0.000000000000000000e+00 1.128517777576145953e+01 5.500215171106835624e+04 0.000000000000000000e+00
4.416652394894296776e+03 9.605685908581747867e+00 0.000000000000000000e+00 1.140105781606923152e+01 5.783570820659040328e+04 0.000000000000000000e+00
4.546484237978199417e+03 9.675179921831503549e+00 0.000000000000000000e+00 1.176085519981503325e+01 6.066488109485717723e+04 0.000000000000000000e+00
4.629885036798588771e+03 1.014799519837399444e+01 0.000000000000000000e+00 1.216847546933654733e+01 5.553349599868539372e+04 0.000000000000000000e+00
4.562730022262967395e+03 1.040394798101743667e+01 0.000000000000000000e+00 1.140253505391555677e+01 5.878538769665472500e+04 0.000000000000000000e+00
4.843527353992198186e+03 9.705072890696490262e+00 0.000000000000000000e+00 1.236117962640103762e+01 6.054871428374751122e+04 0.000000000000000000e+00
4.846772258456869167e+03 1.052423497240566519e+01 0.000000000000000000e+00 1.145955221539454350e+01 5.566371416338028212e+04 0.000000000000000000e+00
5.184568243799904849e+03 9.762746691875667793e+00 0.000000000000000000e+00 1.147181341809101696e+01 5.564906527663159795e+04 0.000000000000000000e+00
5.094262060520994964e+03 1.046764195487478766e+01 0.000000000000000000e+00 1.229937700900021724e+01 5.939413690633857914e+04 0.000000000000000000e+00
5.031936375677481919e+03 1.064384981771858918e+01 0.000000000000000000e+00 1.220705510897199453e+01 5.706789430996306328e+04 0.000000000000000000e+00
5.406262313396073296e+03 1.074670791047338447e+01 3.596788013966124353e+00 1.244150249682624221e+01 4.461922280347114906e+02 8.369008600359809691e+01
4.940788718675584278e+03 1.094342233974058409e+01 3.410979170474241595e+00 1.270919763992653273e+01 4.449184901493754865e+02 8.226353180166948675e+01
5.059162674782311115e+03 1.088547363414367020e+01 3.507924505034230478e+00 1.298214728687384678e+01 4.593266485048023355e+02 8.760035805590300129e+01
5.592011282906620181e+03 1.086978385279915749e+01 3.451448523423606751e+00 1.248803312517625486e+01 4.320850858330716164e+02 8.718314257879818285e+01
5.462724497666789830e+03 1.144579853328824903e+01 3.670259236839798600e+00 1.328927111124238358e+01 4.570453760098449720e+02 8.202392324242106270e+01
5.405552579544928449e+03 1.118255996953276288e+01 3.737973329512392251e+00 1.335527589491677070e+01 4.543119593067476103e+02 8.584535207970549209e+01
5.412921446375445157e+03 1.170756579991722113e+01 3.581270307383372486e+00 1.290442061252870509e+01 4.301566773389383798e+02 8.623032353908709524e+01
5.785792990486566850e+03 1.138349559794560939e+01 3.706003954301040348e+00 1.307812539030672205e+01 4.535282223055023678e+02 8.814831757197997320e+01
5.622728201813094529e+03 1.163101052034420491e+01 3.582875423581109775e+00 1.295746058651292287e+01 4.271356001017617245e+02 8.462680074887720139e+01
5.791613758304723888e+03 1.076148518440597535e+01 3.482016070983659173e+00 1.358348551754004241e+01 4.188165841616765306e+02 8.083522110118695991e+01
6.210873622587751925e+03 1.084079814528754149e+01 3.772656890361957061e+00 1.359157048533433887e+01 4.162780956374458015e+02 8.660128788121889443e+01
6.049709799015796307e+03 1.124728806326722719e+01 3.616981649215025740e+00 1.282640385213330703e+01 4.463648392858655711e+02 8.206407662962509164e+01
6.092334434389587841e+03 1.116883922635613402e+01 3.483882229007834841e+00 1.311906809887372027e+01 4.248681156893061939e+02 8.894552168233676070e+01
6.286901139261430217e+03 1.117101081755770764e+01 3.501990042381108559e+00 1.296390049042113723e+01 4.315463164327615004e+02 8.535616923125739675e+01
