3.873135643347992429e-01 5.585544691410465390e+00 3.359603942608139882e+00 2.881834273968015836e+00 1.447143177043663400e+03 6.182140746957064721e+02
3.450732319334304066e+01 5.802875704635267695e+00 3.408401014854527400e+00 2.707248574886485404e+00 1.342336711346795710e+03 6.075077253819623593e+02
3.392411442751015471e+01 8.049206492752100317e+00 4.570176270395577944e+00 3.366557191724478759e+00 1.388984157407985776e+03 5.780257864774200698e+02
4.869742779259285470e+01 7.457096875342883457e+00 4.582427729971450425e+00 3.297013012984879587e+00 1.351393131646608936e+03 5.863099293255454540e+02
9.623954964638627985e+01 8.346991960272935884e+00 4.604524694570176102e+00 3.398031647324572191e+00 2.005862055269656423e+02 8.228907654326853560e+01
1.432823501982523737e+02 7.930926977739521710e+00 4.649246608832646288e+00 3.525628015897725565e+00 2.048962953993915903e+02 8.089923797735264088e+01
2.060149338132411003e+02 8.414296965036395903e+00 4.685963973891953849e+00 3.444979692906231072e+00 3.542822017715565153e+02 8.201692738768369395e+01
2.483893724029057921e+02 8.736929941061484683e+00 4.750985755634212993e+00 3.493162255879061373e+00 3.758198206760120001e+02 1.375453877258648845e+02
3.116885853825359050e+02 8.898726150133787982e+00 4.953916232630598770e+00 3.545050615316487796e+00 3.652391303407267173e+02 1.451970136893995686e+02
3.497361899822556097e+02 8.557743224727445863e+00 4.844880782442722911e+00 3.439619263161519225e+00 3.574794564069393346e+02 1.390275410760366412e+02
4.178335842673042748e+02 9.020408317329067671e+00 5.105802772176132542e+00 3.701872474447221784e+00 3.724528435514404805e+02 1.383628820671800952e+02
5.102302869861474619e+02 9.751907610362065881e+00 5.195630486877163001e+00 3.761449676752210092e+00 3.750581334283070305e+02 1.413922712101441448e+02
6.118920337345475673e+02 9.972217514957458562e+00 5.612686901780413962e+00 4.229420761531895501e+00 3.763731832298075801e+02 1.363780675126692472e+02
6.779012249710544893e+02 1.027789920092670251e+01 5.969605071545587727e+00 4.263608348583843188e+00 7.756878480779937490e+02 3.140461894614500693e+02
7.674226445275572814e+02 1.064351975521949178e+01 6.233256872206832888e+00 4.491465226723626358e+00 7.387564908251430325e+02 2.977064377979443748e+02
9.438592692525107850e+02 1.133074656538087055e+01 5.956575769402720155e+00 4.348069565346118104e+00 7.530716755179455504e+02 3.275327044688262390e+02
1.014299719865476845e+03 1.168757659809000948e+01 6.268891572553122238e+00 4.865539705408718163e+00 7.637946267016309321e+02 2.994594193712971446e+02
1.141539894673643630e+03 1.186752807754340289e+01 6.423631779426025368e+00 4.476404486355467505e+00 7.346214476246469758e+02 3.054493735349713575e+02
1.146962323799899650e+03 1.218337835534269331e+01 6.758790778155962187e+00 4.545207154100439517e+00 7.281042592558577553e+02 3.186479478852596117e+02
1.272195326278616676e+03 1.159906193249711315e+01 6.279997571950300284e+00 4.754733400571001134e+00 7.442213739082794746e+02 3.268157917797144023e+02
1.360019236211235693e+03 1.215842937922519695e+01 6.923353480295200590e+00 4.975201512857506003e+00 7.505968444079549045e+02 3.242694363625090546e+02
1.571694105685165141e+03 1.204346910739914023e+01 7.046867737007102228e+00 5.181593783296166933e+00 7.166136992230989335e+02 3.181866861074005328e+02
1.799230478865505120e+03 1.257338297143850170e+01 6.585771775754340140e+00 5.223249813684783582e+00 8.392896345403786427e+02 3.251854175842923382e+02
1.978837798114066800e+03 1.305752123634263029e+01 6.705695812627819663e+00 5.096415513805245823e+00 7.687986456844369059e+02 3.151924272661261739e+02
2.264457245695588426e+03 1.278478509130383856e+01 6.865985041661545552e+00 5.175664485942496285e+00 7.949316050159018232e+02 3.063467211683034179e+02
2.331430384015697655e+03 1.266812312533306084e+01 7.113653725334456723e+00 5.200236113051349918e+00 7.979627428666777860e+02 3.215057089217366979e+02
2.615479064968421881e+03 1.276614049492296132e+01 7.348996510201152965e+00 5.667575706102126354e+00 7.938923454036638532e+02 3.136728329119175100e+02
2.517043975326713280e+03 1.383546604000237501e+01 7.415449492551180910e+00 5.749857725836030831e+00 7.754197204316657235e+02 3.051348137260925455e+02
2.789778034095515068e+03 1.316492473664711227e+01 7.659758510336341253e+00 5.450501780629834592e+00 7.843571026741191190e+02 3.066381888032638017e+02
2.952771953178692456e+03 8.223380888636629749e+00 0.000000000000000000e+00 9.279753403288763636e+00 7.624085250370562790e+02 3.113736546336378979e+02
2.852244508945752386e+03 7.990822530733524331e+00 0.000000000000000000e+00 9.538487928244308023e+00 5.878186191051308560e+04 0.000000000000000000e+00
2.955231374971828245e+03 8.318275678299023923e+00 0.000000000000000000e+00 1.005666567080418972e+01 5.641521751075359498e+04 0.000000000000000000e+00
3.056238663465401260e+03 8.606378238116869639e+00 0.000000000000000000e+00 1.002672194873955291e+01 5.795472054383896466e+04 0.000000000000000000e+00
3.227058006342339922e+03 8.282748964080107967e+00 0.000000000000000000e+00 9.995878533907941232e+00 5.797416436074479134e+04 0.000000000000000000e+00
3.274347081584484840e+03 8.407426385377762657e+00 0.000000000000000000e+00 1.016158446218570255e+01 6.047972768723962508e+04 0.000000000000000000e+00
3.613407136960517164e+03 8.784843226508996850e+00 0.000000000000000000e+00 1.029001377069841006e+01 6.044007926141651842e+04 0.000000000000000000e+00
3.442515342877949024e+03 9.012296571725675776e+00 0.000000000000000000e+00 1.063473200037653399e+01 5.704179452353867964e+04 0.000000000000000000e+00
3.849114093611776752e+03 9.114514646093262229e+00 0.000000000000000000e+00 1.150714280776612597e+01 5.808760094798610953e+04 0.000000000000000000e+00
3.641681708391583925e+03 8.861833257963631638e+00 0.000000000000000000e+00 1.075718002671171725e+01 5.622202904819969990e+04 0.000000000000000000e+00
4.034877110147152052e+03 9.232377658970385426e+00 0.000000000000000000e+00 1.157796567509970309e+01 5.563910560546815395e+04 0.000000000000000000e+00
3.823635896337657414e+03 9.895341786840488041e+00 0.000000000000000000e+00 1.167382385146787804e+01 5.966824948415564722e+04 0.000000000000000000e+00
4.005185936676752590e+03 9.742965575585007088e+00 0.000000000000000000e+00 1.090194418490207262e+01 5.970309286023880122e+04 0.000000000000000000e+00
4.378535661414316564e+03 9.203530027290531379e+00 0.000000000000000000e+00 1.190273982195715341e+01 5.578402169312808110e+04 0.000000000000000000e+00
4.434974109427605072e+03 1.023212253689756501e+01 0.000000000000000000e+00 1.193937496235859008e+01 6.015080368445788918e+04 0.000000000000000000e+00
4.190050237476037182e+03 9.628500856651410089e+00 0.000000000000000000e+00 1.121167229993157299e+01 5.676452876925252349e+04 0.000000000000000000e+00
4.406236002107270906e+03 9.838790616149440282e+00 0.000000000000000000e+00 1.118199711288312059e+01 5.551047328827360616e+04 0.000000000000000000e+00
4.590350196440328546e+03 9.669845325188560992e+00 0.000000000000000000e+00 1.172733551578815714e+01 5.761891386295342090e+04 0.000000000000000000e+00
4.845820078306766845e+03 1.043875157047015634e+01 0.000000000000000000e+00 1.223423387999234713e+01 5.912589579213256366e+04 0.000000000000000000e+00
4.650351103753189818e+03 9.848730319418750767e+00 0.000000000000000000e+00 1.221974042359791568e+01 5.505529623323873238e+04 0.000000000000000000e+00
5.114101294607552518e+03 9.904307815271369719e+00 0.000000000000000000e+00 1.259392685222529451e+01 5.688839083110529464e+04 0.000000000000000000e+00
5.142389463596465248e+03 1.029543317462555940e+01 0.000000000000000000e+00 1.179417097545862703e+01 5.937276899440349371e+04 0.000000000000000000e+00
5.256397542088731825e+03 1.066159249068085479e+01 0.000000000000000000e+00 1.172718910530632286e+01 6.066614595282829396e+04 0.000000000000000000e+00
5.146060231720523916e+03 1.076380089589405209e+01 0.000000000000000000e+00 1.213228594567612895e+01 5.813333669578794070e+04 0.000000000000000000e+00
5.047024786285483060e+03 1.101494287201093414e+01 3.568775388056465214e+00 1.328245873502618046e+01 4.525755711277360547e+02 8.199733666208474858e+01
5.337876689990514024e+03 1.050146030631518101e+01 3.348394419192959770e+00 1.334438649927003517e+01 4.327437156377513361e+02 8.844682503054613676e+01
5.512652421384989793e+03 1.125143022346348154e+01 3.657946892189052779e+00 1.229291931820035799e+01 4.357262458235592817e+02 8.561225630680031884e+01
5.511231592471556723e+03 1.128012759626004602e+01 3.462396238953410865e+00 1.340427919500581488e+01 4.290296339299715669e+02 8.799908098619582120e+01
5.665133781462257502e+03 1.106581530315133399e+01 3.641871343282951479e+00 1.292274177012774850e+01 4.575574438663205683e+02 8.781846030026559902e+01
5.588919913160329088e+03 1.099398427526155686e+01 3.535834382999096359e+00 1.258621731793703269e+01 4.533751725270405473e+02 8.346874053269604588e+01
5.516548696430711971e+03 1.115582084217541947e+01 3.716842412248495542e+00 1.246613275948596744e+01 4.201562705744690902e+02 8.134561572761072057e+01
5.971091515173362495e+03 1.088899919811957240e+01 3.685458808655381002e+00 1.261913960326861250e+01 4.131398860292663926e+02 8.170868632209641191e+01
5.697062333054895134e+03 1.149679532196318377e+01 3.535113634889140322e+00 1.329809528673150787e+01 4.467654032792041789e+02 8.729050902248638977e+01
6.253081443906608911e+03 1.098527995555461700e+01 3.542094826808880104e+00 1.298304273965235645e+01 4.300613315033314166e+02 8.127352205990057143e+01
6.246918878609048988e+03 1.152893702325111036e+01 3.539285392954944598e+00 1.248340440231676496e+01 4.187215801265586492e+02 8.884546493080898699e+01
6.214406112057548853e+03 1.181059110296587811e+01 3.655645564278810600e+00 1.321627768389338975e+01 4.414404255401929049e+02 8.815164372897952205e+01
6.546378904876999513e+03 1.161478450821384278e+01 3.599239575919614076e+00 1.298054758970980416e+01 4.306498171483407873e+02 8.189422286003755858e+01
6.397319640526484363e+03 1.072978443607977006e+01 3.707300922475314398e+00 1.350709549456290048e+01 4.394384879729902877e+02 8.586761159462513149e+01
