-4.540572231519742763e-01 5.920579072675536736e+00 3.487337500557543102e+00 2.920714685642041619e+00 1.397655809105126309e+03 5.778483894859743941e+02
3.120079240767880790e+01 5.615872333752698786e+00 3.460038591033641975e+00 2.923659599851438085e+00 1.344086625519732252e+03 6.227478387095555945e+02
3.224762286052926186e+01 7.423900920025151784e+00 4.527797492745022190e+00 3.209044856759734721e+00 1.363333946255765341e+03 5.902314314900562522e+02
4.879376820704983686e+01 7.685155757621143557e+00 4.540413924172236548e+00 3.218494667330364045e+00 1.332220507121536230e+03 5.894077785130788243e+02
9.985057761633474627e+01 8.048886698744778911e+00 4.389596639453769100e+00 3.240047288378374191e+00 2.097773918388092227e+02 8.238005195603858510e+01
1.524914197320430276e+02 8.363667129151561852e+00 4.600521960269858823e+00 3.447161789910456964e+00 1.949563095043670558e+02 8.311629647363916717e+01
2.041287914815021907e+02 8.249516697930863174e+00 4.674051261464301277e+00 3.642491928685483771e+00 3.505671239480490726e+02 8.215377757757434551e+01
2.504231419242427990e+02 8.174712319731160193e+00 4.674473366071331348e+00 3.526665222057763671e+00 3.715386701610729006e+02 1.378467515623405006e+02
2.895333002650399976e+02 8.211898142841304704e+00 4.693272893250606259e+00 3.378769565475216563e+00 3.541338180323895131e+02 1.444515362158976757e+02
3.537574865445121191e+02 8.757998111972888466e+00 4.650963361132251173e+00 3.493359687792999768e+00 3.671170372451490493e+02 1.372062642716176981e+02
4.257884775881545352e+02 8.883441056013344550e+00 4.782797686708176954e+00 3.821300259378305864e+00 3.478460555410032953e+02 1.394345106615286909e+02
5.013519312941618864e+02 9.937477110598917918e+00 5.250079069516809582e+00 4.040001364455545030e+00 3.674359606914161986e+02 1.409679479281371925e+02
5.759527338932562088e+02 1.025332156301837649e+01 5.865491464905822738e+00 4.069598732824747600e+00 3.568005720275989461e+02 1.474466475905089169e+02
6.532095356569217302e+02 1.073304457243605192e+01 5.797131079410723586e+00 4.467949300993464767e+00 7.112146343895432210e+02 3.197410867044893621e+02
8.082585648740343913e+02 1.068276585243845211e+01 6.408241885139507765e+00 4.400401736251923879e+00 7.340322360270328090e+02 3.046054971038475401e+02
9.169020425314794238e+02 1.129092162650910858e+01 6.524437181865089030e+00 4.635139245727967428e+00 7.658522384965557421e+02 3.142445061361221406e+02
9.582601354600552668e+02 1.140142203928428444e+01 6.227377494039364692e+00 4.610850563456926565e+00 7.648155383736988142e+02 3.145275868385521107e+02
1.079326777620377698e+03 1.111234406916335793e+01 6.224982968823237428e+00 4.772473569562743378e+00 7.206949242703368554e+02 3.241541226747143583e+02
1.139835355661509084e+03 1.122023398793621496e+01 6.184414707936805478e+00 4.878866159912231382e+00 7.507366831519605057e+02 3.123983918017724477e+02
1.358031385198372391e+03 1.220591080034835585e+01 6.428458543282941307e+00 4.622368611405456740e+00 7.032220025409503705e+02 2.964697745785359757e+02
1.437209125954585488e+03 1.205771644731939674e+01 6.573976589599044296e+00 4.643061524563926845e+00 7.289834372578083048e+02 3.225646675429776451e+02
1.554147148198098421e+03 1.262798768930056958e+01 6.625969436871572249e+00 4.981165250019253143e+00 7.459686406896840936e+02 3.019695932874111008e+02
1.865895611524034848e+03 1.200107304954206633e+01 6.984876268396472021e+00 5.213107417010738764e+00 8.039499628921397516e+02 3.165122550025644159e+02
2.096757214861514058e+03 1.264185291033014025e+01 7.113913668488828890e+00 5.262842358797710673e+00 7.751725618894428180e+02 3.011672673151963409e+02
2.282783804614849487e+03 1.318786580134982245e+01 6.853235205115773887e+00 5.128994853974449875e+00 8.127762125939424322e+02 3.267706580394625462e+02
2.354903219904130765e+03 1.353886705320283390e+01 6.961173660096628524e+00 5.219196968550404492e+00 7.830292470054414480e+02 3.251172743134978305e+02
2.552348746137737635e+03 1.354395413146595040e+01 7.335992546881040077e+00 5.574200245209297577e+00 7.780042344634553046e+02 3.166332309536179537e+02
2.646817534521750076e+03 1.387817942064701526e+01 7.463518289403419104e+00 5.300367422261440531e+00 7.964683426209215895e+02 2.990824787455553064e+02
2.824654071408728669e+03 1.384201528065268327e+01 7.223018126541333572e+00 5.693667535821656855e+00 8.379143908294259973e+02 3.108044632650292556e+02
2.942127390269670741e+03 8.136489370157502066e+00 0.000000000000000000e+00 1.015486111475249231e+01 8.360252770382355720e+02 3.137974810157013508e+02
3.078319640500841160e+03 7.855055551063703234e+00 0.000000000000000000e+00 1.027645128381972484e+01 5.993438132696599496e+04 0.000000000000000000e+00
2.959388176694034883e+03 8.682115141775971878e+00 0.000000000000000000e+00 1.043104714505976816e+01 5.821138826812789193e+04 0.000000000000000000e+00
3.074319007169082397e+03 8.165483159288047688e+00 0.000000000000000000e+00 1.077312764317302296e+01 5.746806800481218670e+04 0.000000000000000000e+00
3.327250383053074529e+03 8.586405941459368307e+00 0.000000000000000000e+00 1.021355888182158544e+01 5.624618523117664881e+04 0.000000000000000000e+00
3.524769072550259352e+03 9.227441711127013946e+00 0.000000000000000000e+00 1.054171386193563187e+01 5.769855850901116355e+04 0.000000000000000000e+00
3.391377479931669313e+03 8.752805907506923333e+00 0.000000000000000000e+00 1.066869746117367512e+01 5.747433659257962427e+04 0.000000000000000000e+00
3.556641329703594693e+03 9.339613584384492739e+00 0.000000000000000000e+00 1.129452522955793015e+01 5.870684294301334739e+04 0.000000000000000000e+00
3.659918456808227347e+03 9.174549812545720329e+00 0.000000000000000000e+00 1.054476319928005523e+01 5.704298529942335153e+04 0.000000000000000000e+00
3.815644308892527988e+03 8.994926252551751489e+00 0.000000000000000000e+00 1.079004875553816767e+01 5.520270351051440230e+04 0.000000000000000000e+00
3.839041923400959604e+03 9.273544344072778500e+00 0.000000000000000000e+00 1.111064109245993237e+01 5.533437329352368397e+04 0.000000000000000000e+00
3.960471387683285684e+03 9.440244639490135370e+00 0.000000000000000000e+00 1.161942886158642807e+01 5.857857657406170620e+04 0.000000000000000000e+00
4.052336572573903140e+03 9.980424144018464006e+00 0.000000000000000000e+00 1.123018634575309527e+01 5.798455760553621076e+04 0.000000000000000000e+00
4.376658077189907090e+03 9.864764378123124899e+00 0.000000000000000000e+00 1.113767333215820443e+01 5.752518290059227729e+04 0.000000000000000000e+00
4.465764151731995298e+03 9.663224158835188149e+00 0.000000000000000000e+00 1.129914029412576681e+01 5.694719661282755260e+04 0.000000000000000000e+00
4.336721286587800932e+03 1.002099946955851273e+01 0.000000000000000000e+00 1.214397900780734751e+01 5.809012850662917481e+04 0.000000000000000000e+00
4.646856223016990043e+03 9.700532784003618403e+00 0.000000000000000000e+00 1.193980697170069583e+01 5.805016255608487700e+04 0.000000000000000000e+00
4.546289493617098742e+03 1.000991733189414568e+01 0.000000000000000000e+00 1.227959957349435882e+01 5.889440373035343509e+04 0.000000000000000000e+00
4.699585744496087500e+03 1.050769686323238972e+01 0.000000000000000000e+00 1.242956716128454886e+01 5.653868909802539565e+04 0.000000000000000000e+00
4.630826610474042354e+03 9.787050750725434511e+00 0.000000000000000000e+00 1.163062635588419802e+01 5.715504639158092323e+04 0.000000000000000000e+00
5.059861063830807325e+03 9.728303173555667982e+00 0.000000000000000000e+00 1.182117808950998494e+01 5.887393187453148130e+04 0.000000000000000000e+00
5.012465256349628362e+03 9.892089354031321946e+00 0.000000000000000000e+00 1.233749725107171891e+01 5.928724608552655263e+04 0.000000000000000000e+00
5.127501401478467415e+03 1.009929664019158047e+01 0.000000000000000000e+00 1.237347914276853800e+01 6.007103304300749733e+04 0.000000000000000000e+00
5.277268211209486253e+03 1.032950025156400109e+01 0.000000000000000000e+00 1.204359629080706817e+01 5.614420296287423844e+04 0.000000000000000000e+00
4.969451732756377169e+03 1.053018782531369801e+01 3.375417751407400857e+00 1.259628841961185231e+01 4.384745618067253190e+02 8.268749460300365683e+01
5.179558732451234391e+03 1.088326243020459572e+01 3.585308035018946793e+00 1.235886232587931310e+01 4.261330945465749096e+02 8.290763964195565450e+01
5.514176337804939067e+03 1.112913172763674829e+01 3.494537979282530404e+00 1.235412202820535121e+01 4.305538186730375969e+02 8.358535807067474366e+01
5.130810096163179878e+03 1.086609534763062790e+01 3.476008087945814395e+00 1.236450110722635110e+01 4.578294611688407372e+02 8.559243342164997159e+01
5.257046875181746145e+03 1.073578862569042158e+01 3.516032448163409097e+00 1.280767858791009672e+01 4.268040493550253132e+02 8.096070636758467742e+01
5.477460520036246635e+03 1.075556246711253827e+01 3.584982362608416739e+00 1.255389114138995765e+01 4.453984121163882719e+02 8.832344779523077705e+01
5.743588300731523304e+03 1.075527985226267447e+01 3.433387359719353160e+00 1.355608460586357289e+01 4.418747723868355024e+02 8.299201201715264631e+01
5.558034195456208181e+03 1.133746377842035535e+01 3.802010362702640478e+00 1.343807179113833250e+01 4.151426533628228412e+02 8.546347620701854453e+01
5.940922020447300383e+03 1.116919293036754546e+01 3.608166278842604324e+00 1.281529014782749698e+01 4.264129443864103450e+02 8.679740690240900847e+01
6.239590531465556523e+03 1.083294481832728451e+01 3.798949536782161740e+00 1.317799504478579742e+01 4.304915465727705737e+02 8.896560919038876136e+01
5.871183387601457071e+03 1.070655529686151652e+01 3.644340296777484500e+00 1.344202862761837736e+01 4.259947691253670996e+02 8.725556696656822453e+01
6.171156049278056344e+03 1.149282441466317550e+01 3.772135838351934112e+00 1.335824497792434862e+01 4.524340995681624236e+02 8.191566139637816946e+01
6.508656503554552728e+03 1.181275705535519549e+01 3.806334787388421681e+00 1.334130108460318986e+01 4.371452920170740413e+02 8.717138750509273848e+01
6.375993631978683879e+03 1.072510762580525423e+01 3.710752974381263503e+00 1.261566007741778783e+01 4.113847520953169692e+02 8.442336110938120441e+01
