2.000000000000000111e-01 3.110532616646022319e+00
1.000000000000000056e-01 3.166532616646022369e+00
5.000000000000000278e-02 3.418532616646022149e+00
3.333333333333333287e-02 3.776532616646022245e+00
2.000000000000000042e-02 4.086532616646022298e+00
1.250000000000000069e-02 4.222532616646022419e+00
1.000000000000000021e-02 4.278532616646022468e+00
6.666666666666667095e-03 4.410532616646022142e+00
5.000000000000000104e-03 4.562532616646022277e+00
4.000000000000000083e-03 4.720532616646022639e+00
3.333333333333333547e-03 4.862532616646022099e+00
