-2.194111089447678964e-01 5.692374796118899738e+00 3.267597257077861084e+00 2.787688981428163792e+00 1.369699017297057708e+03 5.910391983600294452e+02
3.102594045772339726e+01 5.786369331662151616e+00 3.343092810389563851e+00 2.795071632451219035e+00 1.396179297960215081e+03 6.080290308889777862e+02
3.454820315854313151e+01 8.034253050831999587e+00 4.407006277909349734e+00 3.290106266729913020e+00 1.389468979676751133e+03 6.011491643493170614e+02
5.181818606328635468e+01 7.599804608412234153e+00 4.537814487262950891e+00 3.177144223932002021e+00 1.347821178005833417e+03 5.792289455202592308e+02
9.750454562892065269e+01 7.813752032270172343e+00 4.468378730824845491e+00 3.409050010621164528e+00 2.054528153067843164e+02 8.215076183397967213e+01
1.468735100790735544e+02 7.748931096913524108e+00 4.690588225290729163e+00 3.544148997810025126e+00 2.075922733419203041e+02 8.199601220393739709e+01
1.944823273152020704e+02 8.129748184704935099e+00 4.765461524755504996e+00 3.563294744671228198e+00 3.709107579157341092e+02 8.373854707581358525e+01
2.534758981233429154e+02 8.497954698049584366e+00 4.627426394306294100e+00 3.472209983934588795e+00 3.770675789740830623e+02 1.427772051741363839e+02
3.095590097043136666e+02 8.960033326398905373e+00 4.802407873188147214e+00 3.445178743963238865e+00 3.465244567613826234e+02 1.423597498171144480e+02
3.395371190235715630e+02 8.958815110769906553e+00 4.900618184818238632e+00 3.552680571034821266e+00 3.469698427616057188e+02 1.456445965201754973e+02
4.179131003573273802e+02 9.392375173908805053e+00 4.926443874725126904e+00 3.657537819481074148e+00 3.497144450007217529e+02 1.462941472081932943e+02
4.787876361090786759e+02 9.626558212827069028e+00 5.202255691578068664e+00 3.968239138299599844e+00 3.595955055839075385e+02 1.497422475983287313e+02
5.757282137290756054e+02 1.005988811575344855e+01 5.655371340668867930e+00 4.035690268564906980e+00 3.447914613309608853e+02 1.452248301360882294e+02
6.757790437683339633e+02 1.114528630468227632e+01 6.159242495618127755e+00 4.471087337187614530e+00 7.588683146182534074e+02 3.237725390013978881e+02
8.391501800255847456e+02 1.143646944497900186e+01 5.942718215189898956e+00 4.240736893799482488e+00 7.504164637940593821e+02 3.148796562233387704e+02
8.839835798777598939e+02 1.159257261571738340e+01 6.130867656715736302e+00 4.644668099557589969e+00 7.350320968536353803e+02 2.973111969099349494e+02
1.024697786687333746e+03 1.157886142686820996e+01 6.648519737816172004e+00 4.481215670222728598e+00 7.315906974012295905e+02 3.180371358759528562e+02
1.110608346715785956e+03 1.128244431406261050e+01 6.734732289934195038e+00 4.597345021215606842e+00 7.170796317164328002e+02 3.108575081527589532e+02
1.143475299407495868e+03 1.195790111512793708e+01 6.686467398943054974e+00 4.652560153456309244e+00 7.074583834898334089e+02 3.160721861425537327e+02
1.274707880773011539e+03 1.182482187703457299e+01 6.854452580704539777e+00 5.009362720314462614e+00 7.363521055785641920e+02 3.084491375822434520e+02
1.465221353547493436e+03 1.187717977451698026e+01 6.655940717041561427e+00 4.691259993137296469e+00 7.704576647084485330e+02 3.034179680726240349e+02
1.677571390665091712e+03 1.244998258979590311e+01 6.561140875340046641e+00 4.895553467083132659e+00 7.732178101021498833e+02 3.229310656608029149e+02
1.817195338647544759e+03 1.191830601077638363e+01 7.119171657063457559e+00 5.295713422530954340e+00 8.158598560709381218e+02 3.255541707837822969e+02
2.003891943589216908e+03 1.227293695691913733e+01 6.751592650379240723e+00 5.437426005048142663e+00 8.366684824502739275e+02 3.109306418124738798e+02
2.254182592979979745e+03 1.331684946826844929e+01 6.727514110718615825e+00 5.273432256308652200e+00 7.714015558475797434e+02 3.094072576063824158e+02
2.402838051020828971e+03 1.300434257017206718e+01 6.906284640182201784e+00 5.469827805689378764e+00 8.385125588061248436e+02 3.228123204912338906e+02
2.636827128148295287e+03 1.339885867342856507e+01 6.981364066463298990e+00 5.654443496990229079e+00 7.717949500247976857e+02 2.972356244896462840e+02
2.626409834867535665e+03 1.401480036669920182e+01 6.928320434304577446e+00 5.343160177374236319e+00 8.110915863946248692e+02 3.050341191019679741e+02
2.791693835592798223e+03 1.394394739156533625e+01 7.178329939463787390e+00 5.591914306211295482e+00 7.782687225916176885e+02 3.180979298238867727e+02
2.992822922071033190e+03 7.959063332379368028e+00 0.000000000000000000e+00 9.392317256263638114e+00 8.032410995480240672e+02 3.008851786045365770e+02
3.037628962621527990e+03 8.488470799589817872e+00 0.000000000000000000e+00 1.017377308731282781e+01 5.843641224705729110e+04 0.000000000000000000e+00
2.938200588802528273e+03 8.623280075030651304e+00 0.000000000000000000e+00 9.799333611645705489e+00 5.781741606405327184e+04 0.000000000000000000e+00
3.317756057703693386e+03 8.916629886691334050e+00 0.000000000000000000e+00 1.016669054937035277e+01 5.559359779711985902e+04 0.000000000000000000e+00
3.184477984135075076e+03 8.574299956546255430e+00 0.000000000000000000e+00 1.020676650207852809e+01 5.870905701256511384e+04 0.000000000000000000e+00
3.330507254764627760e+03 8.628168336995999610e+00 0.000000000000000000e+00 1.014956272172669571e+01 5.708832383547374047e+04 0.000000000000000000e+00
3.595350085182502880e+03 9.054740967407907348e+00 0.000000000000000000e+00 1.097352634080869649e+01 5.685101931571303430e+04 0.000000000000000000e+00
3.658186411041289830e+03 8.701395485001023999e+00 0.000000000000000000e+00 1.083675974900457284e+01 5.549566356286889641e+04 0.000000000000000000e+00
3.560169580000255792e+03 9.118016040917757081e+00 0.000000000000000000e+00 1.085108793000043192e+01 5.908357096838249709e+04 0.000000000000000000e+00
3.896847475332036538e+03 9.421301421925264208e+00 0.000000000000000000e+00 1.067268287451181052e+01 6.069527477068765438e+04 0.000000000000000000e+00
3.937015669353974772e+03 9.369673335990944096e+00 0.000000000000000000e+00 1.075604740250930824e+01 5.587837530574122502e+04 0.000000000000000000e+00
3.960511113864470644e+03 9.929619884185365564e+00 0.000000000000000000e+00 1.098662996511472123e+01 5.669536422227533330e+04 0.000000000000000000e+00
4.163572843806354285e+03 9.967555580195737619e+00 0.000000000000000000e+00 1.094821213820292805e+01 5.803089570370951697e+04 0.000000000000000000e+00
4.254591676696995819e+03 9.363153256932909230e+00 0.000000000000000000e+00 1.141951351816059024e+01 5.677414829669671599e+04 0.000000000000000000e+00
4.403426657215548403e+03 9.509269999444034838e+00 0.000000000000000000e+00 1.147661287700485211e+01 6.008724307046754257e+04 0.000000000000000000e+00
4.424946085609811234e+03 9.726915346313141697e+00 0.000000000000000000e+00 1.110566104308632696e+01 5.686956698232570488e+04 0.000000000000000000e+00
4.520779000878765146e+03 9.424831482184785614e+00 0.000000000000000000e+00 1.130124715919356326e+01 5.764601865430460748e+04 0.000000000000000000e+00
4.758985534157757684e+03 9.972711990119051961e+00 0.000000000000000000e+00 1.151624764078249896e+01 5.844392067885785218e+04 0.000000000000000000e+00
4.841956258072346827e+03 9.748565275713595213e+00 0.000000000000000000e+00 1.187593981450248748e+01 5.975449336014182336e+04 0.000000000000000000e+00
4.800561789504813532e+03 1.042549211954649024e+01 0.000000000000000000e+00 1.166469234829319213e+01 5.723319730724098190e+04 0.000000000000000000e+00
4.983520272348667277e+03 1.050111355585038453e+01 0.000000000000000000e+00 1.144443687197829007e+01 5.722104096266304259e+04 0.000000000000000000e+00
4.722073839997833602e+03 1.020580826951079878e+01 0.000000000000000000e+00 1.162069029473425097e+01 5.682858931021129683e+04 0.000000000000000000e+00
4.971547027655701640e+03 1.071143080157419902e+01 0.000000000000000000e+00 1.171960830100876905e+01 5.821699396599442116e+04 0.000000000000000000e+00
5.198316739162841259e+03 9.874392824157867565e+00 0.000000000000000000e+00 1.205704637212639518e+01 5.693339624423589703e+04 0.000000000000000000e+00
5.275468113060576798e+03 1.144005984769446904e+01 3.573728696772372704e+00 1.234670305603475349e+01 4.631442305008915810e+02 8.149399520658488427e+01
4.942491058336358037e+03 1.129216416454661420e+01 3.502914130456084241e+00 1.337072491908800309e+01 4.646717857864260850e+02 8.671726272313793515e+01
5.120326080375968559e+03 1.055422458993481882e+01 3.709435911485401860e+00 1.281567261648600109e+01 4.416998097183873710e+02 8.309346184978858219e+01
5.428936954894367773e+03 1.095215506967155861e+01 3.405473062190087052e+00 1.286257206766904382e+01 4.217020748369961325e+02 8.254972834305480944e+01
5.267788224880351663e+03 1.107524548770926920e+01 3.646268866776507078e+00 1.266488931879970536e+01 4.523041538749963593e+02 8.390792729030671637e+01
5.807972145663612537e+03 1.108171060744442649e+01 3.422544088341129331e+00 1.269047325983751229e+01 4.510421203121609892e+02 8.388348863958800905e+01
5.852573641196830067e+03 1.087173595915269253e+01 3.719083733497274835e+00 1.318395357428674686e+01 4.524097818476972179e+02 8.765554136986398248e+01
5.487912239888285512e+03 1.081866856436465696e+01 3.808122396516190555e+00 1.302045844842980316e+01 4.155656428421265218e+02 8.557143370719761322e+01
5.756309705870212383e+03 1.141692840543224818e+01 3.750435389037892087e+00 1.263263669658180710e+01 4.420220762166288182e+02 8.742267944723998596e+01
6.136724806247869310e+03 1.108437084785420268e+01 3.595133857998575877e+00 1.345380785723520667e+01 4.487350813861596066e+02 8.482286436629661353e+01
6.027498240614612769e+03 1.105586372559105790e+01 3.762473439803661002e+00 1.300444973369870283e+01 4.450966741990282003e+02 8.396229664299849560e+01
6.360163310657005241e+03 1.080135298739503824e+01 3.541337726264466745e+00 1.265307548572840446e+01 4.219883479699186637e+02 8.865886041240374027e+01
6.190433304167487222e+03 1.163013622805776848e+01 3.547328706151684941e+00 1.287764463271542859e+01 4.420061099822920596e+02 8.915392960032305325e+01
6.602032290122116137e+03 1.106179093979435812e+01 3.777827397457200753e+00 1.339106011466126667e+01 4.138423110842172719e+02 8.692183323951306306e+01
