1.669030394616688451e-02 6.072105200185916374e+00 3.501913781471607923e+00 2.780607863090198251e+00 1.347846707473119523e+03 6.086776833201932959e+02
3.325165800321257592e+01 5.793629953410873057e+00 3.413312342148622225e+00 2.907436297039379003e+00 1.451047590707859399e+03 5.955474908159035294e+02
3.110985381805011585e+01 7.470848465961708484e+00 4.320874768339843186e+00 3.174119811313838468e+00 1.455210870021782739e+03 5.923385011524225092e+02
5.273017745094300324e+01 8.013986568871340310e+00 4.534342276259946125e+00 3.257082028879962898e+00 1.384150446060266631e+03 6.163890199761766553e+02
1.042444030068104865e+02 8.088692251375938724e+00 4.556838820577868709e+00 3.398597137067781215e+00 1.930577973326661549e+02 8.273258790583740563e+01
1.516771576332697009e+02 7.890341548514705927e+00 4.301892573371135953e+00 3.396654832137579572e+00 2.046496367716268878e+02 7.654868861131100743e+01
1.972352967786250986e+02 8.006567463270455320e+00 4.645987493868947382e+00 3.369207381894321784e+00 3.668581456791919209e+02 8.058730474677849998e+01
2.568817303988436720e+02 8.254871048747014939e+00 4.651495510592632776e+00 3.608913516470864558e+00 3.549009243824322652e+02 1.455647872252430375e+02
3.021694726863033793e+02 8.462380871956582951e+00 4.925400778181860950e+00 3.625544160876845723e+00 3.713328839757409128e+02 1.464509699699434577e+02
3.415649446012243970e+02 9.032548665366324059e+00 4.810183905817040362e+00 3.511990246105221036e+00 3.498196610538879554e+02 1.396370740890954210e+02
3.988973748807742368e+02 9.026703673201156519e+00 4.979921494526708514e+00 3.773738505884382644e+00 3.588369112931280256e+02 1.360038742978395589e+02
5.064796868951953002e+02 9.843228795970683009e+00 5.334104337513427829e+00 3.916893243459136364e+00 3.681427812270468394e+02 1.363519705136239111e+02
6.072964961726514730e+02 1.008929807251511690e+01 5.403301980210248878e+00 3.950535746200151799e+00 3.777805787919531895e+02 1.466412864700469925e+02
6.745996871455698738e+02 1.065157215816382497e+01 6.238749472300821886e+00 4.378097797661410162e+00 7.649026567016205718e+02 3.121020951531752416e+02
8.017170813149704145e+02 1.047987375384344233e+01 5.870478667167394526e+00 4.612185791673399926e+00 7.176218633445142814e+02 3.238379291087796332e+02
9.334494532779099245e+02 1.065995362854846995e+01 6.229710845782365780e+00 4.383479357347257022e+00 7.670553720789434919e+02 3.184112246583522392e+02
9.984097852790354182e+02 1.127356807853130327e+01 6.563381554774077919e+00 4.616824807300639044e+00 7.087477371063462215e+02 3.098183108358512641e+02
1.086246908331380610e+03 1.139699438010604204e+01 6.570504919117279741e+00 4.657061169598334160e+00 7.460764827382301974e+02 3.025362097901315792e+02
1.243534525421170429e+03 1.149552038398345388e+01 6.822224602518168979e+00 4.686467637790606489e+00 7.737029081271774658e+02 3.268900037140192580e+02
1.246011703706764592e+03 1.240056262431935608e+01 6.727527303411709347e+00 4.589483976918124597e+00 7.133560815225789611e+02 3.026137485362403936e+02
1.465374581395737096e+03 1.196076983254053161e+01 6.938336851787941129e+00 4.843814064736459812e+00 7.350153251056729005e+02 2.964909002115524004e+02
1.632520977593415864e+03 1.171714064279271028e+01 6.533139433759177273e+00 4.871866179675486741e+00 7.576718623826177463e+02 3.275870080968608704e+02
1.740990248411203538e+03 1.255626471528442956e+01 6.799082262025240020e+00 5.049486116493123511e+00 7.657433036522918428e+02 3.206789676837481693e+02
2.094302534848927280e+03 1.255794100664671653e+01 6.993621482324244631e+00 4.974253767086461053e+00 7.780043400124229720e+02 2.989289653626218524e+02
2.133441232989354830e+03 1.283957969778528252e+01 7.027021116359179587e+00 5.168958732682741974e+00 8.394648337367303839e+02 3.159519650080196129e+02
2.267256029672004843e+03 1.336387804260980161e+01 7.191994500776192289e+00 5.411036783055695132e+00 8.238382906676283710e+02 3.128416032060031853e+02
2.712651194589584520e+03 1.347352209358642128e+01 7.425827953074114696e+00 5.569551511789785359e+00 7.948135840408158401e+02 3.114470054860797177e+02
2.609122573434858623e+03 1.321034670403198774e+01 6.969859252170619968e+00 5.605996289559868728e+00 8.015877789678341969e+02 3.104982483821777350e+02
2.829986840236159878e+03 1.351468023238703786e+01 7.110787059420749401e+00 5.594544818096090388e+00 8.098704926121779408e+02 3.079105662894457964e+02
3.017833500959236972e+03 7.946492979679701030e+00 0.000000000000000000e+00 9.220507455761373095e+00 8.327650563449069523e+02 2.984464976139020109e+02
2.884410669152841365e+03 8.152416319846672366e+00 0.000000000000000000e+00 9.720108628256198813e+00 6.044060946472854994e+04 0.000000000000000000e+00
3.074204257626766321e+03 8.347776818394670784e+00 0.000000000000000000e+00 1.006087521642105287e+01 5.660057730604051176e+04 0.000000000000000000e+00
3.151503807051498825e+03 8.439482248929518704e+00 0.000000000000000000e+00 1.021216102964909034e+01 5.858182194214458286e+04 0.000000000000000000e+00
3.306358083836418245e+03 8.244533883883292447e+00 0.000000000000000000e+00 1.018696154149354527e+01 5.666824831661675125e+04 0.000000000000000000e+00
3.229965997195018190e+03 8.718642286228048377e+00 0.000000000000000000e+00 1.062307645530836275e+01 5.742154439510746306e+04 0.000000000000000000e+00
3.547944592274610841e+03 9.366255185797964344e+00 0.000000000000000000e+00 1.021318210419189398e+01 5.813903546351801924e+04 0.000000000000000000e+00
3.447489396033681260e+03 9.417637336720659391e+00 0.000000000000000000e+00 1.043566990099445135e+01 5.923174217121589754e+04 0.000000000000000000e+00
3.828356169231016338e+03 9.625224597687047634e+00 0.000000000000000000e+00 1.056508507271388275e+01 5.804027003925157624e+04 0.000000000000000000e+00
3.725344924898610316e+03 8.923613600498059739e+00 0.000000000000000000e+00 1.109218588847001108e+01 5.797273758278167224e+04 0.000000000000000000e+00
4.011686678674913310e+03 9.834224780889407214e+00 0.000000000000000000e+00 1.074879051821423914e+01 5.994848013401415665e+04 0.000000000000000000e+00
3.929012617862819297e+03 9.855196274280819679e+00 0.000000000000000000e+00 1.146883982434084714e+01 5.672896590153154830e+04 0.000000000000000000e+00
4.044313446862595811e+03 9.141548890633311331e+00 0.000000000000000000e+00 1.124903810829481010e+01 5.782760402075331513e+04 0.000000000000000000e+00
4.063905768784029078e+03 9.754798653004829845e+00 0.000000000000000000e+00 1.200676172537816910e+01 5.647415329468979326e+04 0.000000000000000000e+00
4.166633927927524383e+03 9.353962139887846305e+00 0.000000000000000000e+00 1.118049164584826727e+01 5.997210767373777344e+04 0.000000000000000000e+00
4.438952680696798780e+03 9.444767661891592780e+00 0.000000000000000000e+00 1.142201779287199592e+01 5.752903961448228802e+04 0.000000000000000000e+00
4.349681684577763008e+03 1.016625115386394462e+01 0.000000000000000000e+00 1.119577564371994605e+01 5.895841442245832150e+04 0.000000000000000000e+00
4.443232611780631487e+03 1.031512229260551905e+01 0.000000000000000000e+00 1.195677894079061510e+01 5.844557062458194559e+04 0.000000000000000000e+00
4.659363392616489364e+03 9.623165389324576324e+00 0.000000000000000000e+00 1.229257300426436572e+01 5.587315398646945687e+04 0.000000000000000000e+00
4.606596852473530816e+03 1.029619173911966357e+01 0.000000000000000000e+00 1.222515721621814144e+01 5.986512373039787781e+04 0.000000000000000000e+00
4.917337594486939452e+03 1.028126143411250837e+01 0.000000000000000000e+00 1.210350847956981646e+01 5.791333453344542067e+04 0.000000000000000000e+00
4.858527041672748965e+03 1.063720091200631224e+01 0.000000000000000000e+00 1.192685432875682849e+01 5.646753535668124096e+04 0.000000000000000000e+00
5.126291523866875650e+03 1.027619515024635177e+01 0.000000000000000000e+00 1.218384782761144436e+01 5.912591531443951681e+04 0.000000000000000000e+00
5.270705016049681035e+03 1.054104091921774256e+01 0.000000000000000000e+00 1.252134853903495326e+01 5.648182081126656703e+04 0.000000000000000000e+00
5.205847762624983261e+03 1.116045168888278560e+01 3.433994698660871148e+00 1.257943392092826862e+01 4.342838295439340754e+02 8.889551567880288019e+01
4.958175195143988276e+03 1.055922537737306222e+01 3.545497653620881096e+00 1.272328098086968318e+01 4.611461506711640368e+02 8.792714743138981248e+01
5.533059284400947035e+03 1.096526724296733057e+01 3.401004738777950287e+00 1.292969637700004526e+01 4.339724358795927515e+02 8.278968803730091963e+01
5.364829654036489956e+03 1.096067162754119728e+01 3.515418736406159983e+00 1.263697929619804583e+01 4.436769718009057897e+02 8.712226863999482873e+01
5.347324924693062712e+03 1.080688305397752025e+01 3.525447452309233398e+00 1.323026945737496263e+01 4.570156521592497256e+02 8.575525008872679678e+01
5.435646622228893648e+03 1.151677356681706144e+01 3.581418971894632097e+00 1.334622970094773997e+01 4.554125019508263108e+02 8.699927318800966702e+01
5.477661252867476833e+03 1.118061447980167245e+01 3.605766508740421816e+00 1.255279259257623536e+01 4.359563335210654031e+02 8.244595763768882080e+01
5.990663527696769052e+03 1.130114673291227767e+01 3.464451066473732688e+00 1.289265160906859187e+01 4.513408321238634358e+02 8.458424437893945935e+01
5.701327996827972129e+03 1.146349371381286097e+01 3.676573070728827997e+00 1.310439705128219146e+01 4.246054199304088570e+02 8.533481614809021210e+01
5.966455648869321521e+03 1.122461408520124948e+01 3.634841946377944222e+00 1.291751754617957637e+01 4.478155662735020428e+02 8.827640506705108692e+01
5.968892798454864533e+03 1.176040382902469439e+01 3.745238786330752134e+00 1.323362634479430611e+01 4.475207055405726351e+02 8.367520781773463057e+01
6.262835637503641919e+03 1.075197304688451005e+01 3.816760040575479351e+00 1.341036944273315079e+01 4.293010791954887964e+02 8.226997272212483381e+01
6.487244414291993962e+03 1.105857632777705923e+01 3.578032997389821723e+00 1.258240821770701245e+01 4.501368679049140269e+02 8.755135337108114868e+01
6.467946991137742771e+03 1.126818961309720457e+01 3.724510776232609288e+00 1.324586508337894131e+01 4.292881124142359113e+02 8.468069301940390403e+01
