2.871264878611879956e-01 5.965720810739875368e+00 3.315946215799753016e+00 2.706692955045528315e+00 1.409657605590413596e+03 6.291446827622556839e+02
3.214395133788841008e+01 5.955617195951020015e+00 3.313384715658900692e+00 2.935328937299623409e+00 1.465692628573848651e+03 5.879021148361433688e+02
3.094202033517589712e+01 7.699068993210438805e+00 4.429615659048003806e+00 3.217861088817647097e+00 1.432198819867744305e+03 5.743451166657780504e+02
4.901140541715439269e+01 8.138709883763436181e+00 4.311271076284295845e+00 3.290344333172925406e+00 1.448811709493538046e+03 5.755445710194992444e+02
9.587489277739410909e+01 7.962679546180563506e+00 4.371361984995726147e+00 3.443502170782178684e+00 1.971684951179647953e+02 8.338065898796853048e+01
1.568283774108617763e+02 8.031662009034590710e+00 4.716833205747303914e+00 3.340489257854328820e+00 2.045933579834746752e+02 8.336540332121225561e+01
2.094040464990762871e+02 8.052430000879878591e+00 4.784736100929781522e+00 3.635250944831394548e+00 3.724588178146237283e+02 7.842281069449933284e+01
2.438421930610662969e+02 8.064921496070422080e+00 4.855814098870609108e+00 3.380881535991857145e+00 3.725667363921180595e+02 1.435609383591420851e+02
3.126831085993154602e+02 8.986013023887959861e+00 4.926764765730970552e+00 3.496037322344822229e+00 3.545660985796905607e+02 1.366895546774770480e+02
3.369962582092107368e+02 8.873004756755651812e+00 4.721922399598804887e+00 3.648409094089215543e+00 3.422926188456220302e+02 1.386488401097945200e+02
4.286508111415408280e+02 8.778151791485496958e+00 4.794846442350768179e+00 3.743750292420893633e+00 3.583589554989032990e+02 1.374535517497965884e+02
4.917990642081666692e+02 9.415784926175701841e+00 5.500818929565713944e+00 3.789524912097880449e+00 3.580833585321661303e+02 1.418841035744457315e+02
6.177126145666134107e+02 1.025111800531735717e+01 5.690095472665124277e+00 4.231914037124067995e+00 3.521248593033122916e+02 1.463232191268690485e+02
6.987087514324687163e+02 1.117982493884773199e+01 5.741438566228839413e+00 4.385088332316577464e+00 7.126923957261885789e+02 3.252511293944387489e+02
8.225780758850734173e+02 1.101559065435221996e+01 6.403577711853469800e+00 4.294138177228400188e+00 7.323113503732167828e+02 3.119904734097648884e+02
9.271428032185043548e+02 1.111839960145575112e+01 5.972084398473769262e+00 4.741189276511970085e+00 7.455152085202358876e+02 3.001606417290637410e+02
9.766492185556807044e+02 1.184779940718402891e+01 6.649171503337432121e+00 4.745525489324477597e+00 7.451168503724576340e+02 2.988317020929520140e+02
1.108783685562656956e+03 1.099003570393196938e+01 6.455893651996512439e+00 4.514067421330869578e+00 7.227949492004216836e+02 3.271588236801991343e+02
1.174040095299793620e+03 1.129475384865407683e+01 6.654978826072453835e+00 4.634757968268582218e+00 7.110899404911235706e+02 3.175476046891936335e+02
1.278335232531770998e+03 1.143773406217982824e+01 6.799639202557100859e+00 4.912603939795717523e+00 7.344063982679076616e+02 3.190286267696451432e+02
1.351334450525557941e+03 1.217394686281370042e+01 6.651449171580719799e+00 5.064173898380682104e+00 7.741960018326597037e+02 3.162341911110444812e+02
1.622431071375783404e+03 1.250317706590229250e+01 6.794366804430919338e+00 4.949991325602186798e+00 7.578206782368837366e+02 3.256088642181610453e+02
1.755966748173014594e+03 1.255886452339269965e+01 6.593779408677375997e+00 4.898196801473969408e+00 8.224860145924142216e+02 3.029791468134352499e+02
2.042264118357306870e+03 1.333136098699870331e+01 7.176536898027202405e+00 5.458650002428318437e+00 7.803603052934536208e+02 3.233537805591582242e+02
2.161386068596577388e+03 1.306729837992632604e+01 7.249078271956239661e+00 5.366406149017588056e+00 8.233789212461740590e+02 3.254183785146678929e+02
2.370264757534459022e+03 1.308116653384171180e+01 7.075438030675847756e+00 5.111830956945103033e+00 8.113407456546129879e+02 3.094576810787559111e+02
2.678984044833948701e+03 1.308909657641020452e+01 6.795068195449027293e+00 5.332075288238463884e+00 7.850516921975452078e+02 3.023732206297617040e+02
2.554376356329551527e+03 1.304457333423231269e+01 7.610568946060097595e+00 5.376312335145781773e+00 7.991233783283433922e+02 3.166523933830147826e+02
2.874628616993007654e+03 1.395951954957685714e+01 7.506721784018789201e+00 5.669822339351473062e+00 7.685860939716160374e+02 3.153458242689239910e+02
2.817703912937155110e+03 8.412155285865310361e+00 0.000000000000000000e+00 9.969845305068876229e+00 7.610457810971610115e+02 3.114649181508780771e+02
2.957888560787866027e+03 8.434996718077265143e+00 0.000000000000000000e+00 1.024632662735939448e+01 5.567658488592821959e+04 0.000000000000000000e+00
3.056515968911056916e+03 8.620086359001245313e+00 0.000000000000000000e+00 1.031813032342126846e+01 5.978685293004422419e+04 0.000000000000000000e+00
3.323445238423757019e+03 8.174381507147357340e+00 0.000000000000000000e+00 1.064332195639238599e+01 5.837803969534986390e+04 0.000000000000000000e+00
3.330054025235048357e+03 8.954592322840360552e+00 0.000000000000000000e+00 1.057987088836122602e+01 6.019923918515907280e+04 0.000000000000000000e+00
3.353571546369764746e+03 8.913103056308889549e+00 0.000000000000000000e+00 1.111049764267358775e+01 5.967995297551796102e+04 0.000000000000000000e+00
3.414249488271751488e+03 9.075312324948313858e+00 0.000000000000000000e+00 1.113082598077336627e+01 5.558359474806690559e+04 0.000000000000000000e+00
3.575870969913475165e+03 9.382438336916081312e+00 0.000000000000000000e+00 1.074289822303573949e+01 5.822913483128437656e+04 0.000000000000000000e+00
3.719685998469480182e+03 8.947953945016550392e+00 0.000000000000000000e+00 1.128288181677287660e+01 5.715413866809887986e+04 0.000000000000000000e+00
3.889885501709416076e+03 8.899699625469240871e+00 0.000000000000000000e+00 1.161179318001827632e+01 5.960540150664222165e+04 0.000000000000000000e+00
3.721893956824827455e+03 9.683954712840904477e+00 0.000000000000000000e+00 1.165928977076517548e+01 5.580871127620388143e+04 0.000000000000000000e+00
4.083128860776364036e+03 9.163156818809413906e+00 0.000000000000000000e+00 1.118062258214841087e+01 5.839767215124359791e+04 0.000000000000000000e+00
4.077446983544733484e+03 9.908163839609777312e+00 0.000000000000000000e+00 1.086896675684231717e+01 5.652567985366380890e+04 0.000000000000000000e+00
4.283337455416052762e+03 9.648697497161487391e+00 0.000000000000000000e+00 1.112261250853320149e+01 5.849623124844507402e+04 0.000000000000000000e+00
4.316806474208714462e+03 9.280346675615449570e+00 0.000000000000000000e+00 1.172927834889642185e+01 5.880105144356299570e+04 0.000000000000000000e+00
4.456603263453113868e+03 1.010908178564027260e+01 0.000000000000000000e+00 1.183084825732370682e+01 5.986819114753964095e+04 0.000000000000000000e+00
4.419054452891667097e+03 9.831203111500114389e+00 0.000000000000000000e+00 1.174531529953077857e+01 5.964223273181900004e+04 0.000000000000000000e+00
4.748617633852028121e+03 1.047573412590078945e+01 0.000000000000000000e+00 1.162059865439852935e+01 5.948011330848952639e+04 0.000000000000000000e+00
4.841170391214618576e+03 9.882225845453950441e+00 0.000000000000000000e+00 1.217959082875752230e+01 5.630688196370656078e+04 0.000000000000000000e+00
4.981603194298441849e+03 1.054983818888394254e+01 0.000000000000000000e+00 1.140827326838561895e+01 5.780742319380294066e+04 0.000000000000000000e+00
4.737854063750902242e+03 1.008211682279539367e+01 0.000000000000000000e+00 1.148449981406056430e+01 5.817293216198424489e+04 0.000000000000000000e+00
4.999063444018887822e+03 1.025052457518853721e+01 0.000000000000000000e+00 1.201030990397463505e+01 5.899112662124463532e+04 0.000000000000000000e+00
5.262164490804841989e+03 1.049841791081412978e+01 0.000000000000000000e+00 1.239184819959457151e+01 5.743677454817766557e+04 0.000000000000000000e+00
5.125353151360469383e+03 1.040790849258129214e+01 0.000000000000000000e+00 1.216914343654982567e+01 6.008597657856559090e+04 0.000000000000000000e+00
5.081293394931741204e+03 1.061848714872676602e+01 3.467709707719989876e+00 1.275398984168619698e+01 4.502623741771969890e+02 8.665255371166530551e+01
4.946058118537734117e+03 1.090844328168964772e+01 3.431386078267121054e+00 1.263791877381715167e+01 4.595515842964107947e+02 8.848221830799876386e+01
5.390481606826633652e+03 1.135982902643554482e+01 3.615684046105862137e+00 1.318343604300129357e+01 4.241611753895151082e+02 8.787249114698754227e+01
5.244156365930914035e+03 1.162173657820406447e+01 3.640733186079776029e+00 1.348162703920645100e+01 4.444984437426493287e+02 8.279384626730914931e+01
5.428675344707642580e+03 1.092760670519955823e+01 3.521185362289647625e+00 1.272086466809055416e+01 4.262845712283122452e+02 8.345662157926173563e+01
5.380406111982861148e+03 1.084387575198369191e+01 3.522432302754402667e+00 1.318434115211071678e+01 4.207716832029834109e+02 8.910493342323667321e+01
5.571723985959195488e+03 1.084244460042840252e+01 3.507846241636641160e+00 1.295770464345228845e+01 4.568046230421556402e+02 8.839600315666082508e+01
5.815475006872098675e+03 1.160588482955882128e+01 3.542625961460063699e+00 1.288713593819777081e+01 4.440110091644258432e+02 8.428014853173267795e+01
6.111556915084483080e+03 1.087596226809345978e+01 3.698014570630577591e+00 1.340906222162574934e+01 4.492626234956509848e+02 8.635161422563555789e+01
6.126473660881197247e+03 1.142559251286115263e+01 3.637617709946702416e+00 1.314315259558278903e+01 4.147948970655924654e+02 8.843744361603665993e+01
5.860680550670513185e+03 1.140079827290603731e+01 3.582479118881711777e+00 1.253106708862007324e+01 4.221302860882175878e+02 8.254782427448844828e+01
6.269170916017620584e+03 1.078728575576251991e+01 3.709312782939250042e+00 1.302140413446098144e+01 4.233344372895254537e+02 8.334635731115248802e+01
6.039885469780170752e+03 1.161384843909200271e+01 3.761697443647092243e+00 1.266885345491945358e+01 4.104993091648121322e+02 8.733142439469827423e+01
6.465755880261465791e+03 1.121228528272513181e+01 3.515302899171718565e+00 1.343971680191424589e+01 4.095891850786059081e+02 8.717278984761438210e+01
