1.181425928531085745e-01 5.619216322763733729e+00 3.267380274985695721e+00 2.880978053581306764e+00 1.439650000022641507e+03 5.864502301781060396e+02
3.183017390839471616e+01 6.000510757692210539e+00 3.213709893258788419e+00 2.797301301335845647e+00 1.363381538068161262e+03 5.973251700946615301e+02
3.382236140962296389e+01 8.019382547973537001e+00 4.217400958253172405e+00 3.346832745319067381e+00 1.393310946452817461e+03 5.776307168974082060e+02
5.142382250199992200e+01 7.839577358628482706e+00 4.364606334279804045e+00 3.488290799944415710e+00 1.469857733944573283e+03 5.914383750110993105e+02
9.947316205609136830e+01 8.121240628782985027e+00 4.661831721189175326e+00 3.433512196353560419e+00 2.052597392997767258e+02 7.643173088328937581e+01
1.516252231667722583e+02 7.742791030830707300e+00 4.476521036483564586e+00 3.591767059134845397e+00 1.977105754072535149e+02 8.108390989039905605e+01
1.974085465586540806e+02 8.488651003424056540e+00 4.650146378521054835e+00 3.416434220071737915e+00 3.458140284410125673e+02 8.130482394750856656e+01
2.575032209554009910e+02 8.368457433947890323e+00 4.483094459486255623e+00 3.567951187769937249e+00 3.531191763785376452e+02 1.476324174695817248e+02
2.962370186276525601e+02 8.883146416439382520e+00 4.983527188280847398e+00 3.557812474396796709e+00 3.490313520768384024e+02 1.384074277099507242e+02
3.323730534768729967e+02 8.459641056548621307e+00 5.055321828255104677e+00 3.691913865586875954e+00 3.638898779759314266e+02 1.396748422491212693e+02
4.163310062612998195e+02 9.403559962197535427e+00 5.104477809675411315e+00 3.536797992467899387e+00 3.635478641704758616e+02 1.487923896512892270e+02
5.013378408702185993e+02 9.372883732241655608e+00 5.025563560523241158e+00 3.911725673984149942e+00 3.474915927502126465e+02 1.406521648536197517e+02
6.069655442737001749e+02 1.016151699808779796e+01 5.521943222914860172e+00 4.233080472383599080e+00 3.712663075267806221e+02 1.436922110335309810e+02
6.445999327128145069e+02 1.087113026256278836e+01 6.227826456551269096e+00 4.567937185771661746e+00 7.390602136478661350e+02 3.065291492794112855e+02
7.989041738067131746e+02 1.151356852579476531e+01 6.130726308939363101e+00 4.567557277433680341e+00 7.201149029841728861e+02 3.100904227400883997e+02
9.380540581408336038e+02 1.082276867513695784e+01 6.039663555296193920e+00 4.534846922315616702e+00 7.182841457151697568e+02 3.085385301677040957e+02
9.947416436186114197e+02 1.156143874090007451e+01 6.305066129631342164e+00 4.485010454787086154e+00 7.303751978541970402e+02 3.021191806257124881e+02
1.098689040104824016e+03 1.193700174029290473e+01 6.399327700484492176e+00 4.684923442345252376e+00 7.217639002719519112e+02 2.973249556663768658e+02
1.229985701130681264e+03 1.211641230182672224e+01 6.500494815366202772e+00 4.533212820454143532e+00 7.553162469930404086e+02 3.070644998138864139e+02
1.318477958347818685e+03 1.169840369122110957e+01 6.313657497189684165e+00 4.988700288094133128e+00 7.429788020294649868e+02 2.986604255176646348e+02
1.468938672960297026e+03 1.238373619603732578e+01 6.722553543514984575e+00 5.045998501024048899e+00 7.760006408319602542e+02 3.108796212099528020e+02
1.619997447403028673e+03 1.228185408855852323e+01 6.486001257540355169e+00 4.933447945217488417e+00 7.708397674357308915e+02 2.997709547456200312e+02
1.848867720614960717e+03 1.243004842285829348e+01 6.604149070282968381e+00 5.117970723026101787e+00 7.777936014180374968e+02 3.014780544362034220e+02
1.906234871785389487e+03 1.338181664144882532e+01 7.096819337600138056e+00 5.141241853514990190e+00 7.664687363261050450e+02 3.016445923237301940e+02
2.142453181559344557e+03 1.302738002563522635e+01 6.694368893072043747e+00 5.479234226993073165e+00 8.131637203926004531e+02 3.081012851899334350e+02
2.306161024498423103e+03 1.328402572093612655e+01 6.978474491520884726e+00 5.398239489665966673e+00 8.349202518113619362e+02 3.128296615849897080e+02
2.501980981876407441e+03 1.287205521161157940e+01 6.899400947264734185e+00 5.464295195915209291e+00 8.036616533491054497e+02 3.149900855257400281e+02
2.621213620109484964e+03 1.430240049775211908e+01 7.411897379719951218e+00 5.685255623911020351e+00 7.717343966426172983e+02 3.162899759963589759e+02
2.833314556022863599e+03 1.415836884796922845e+01 7.647034369225364614e+00 5.453309410048004402e+00 8.394828428861624161e+02 3.251871568284291243e+02
3.017469328505382691e+03 7.718540129535202965e+00 0.000000000000000000e+00 9.571410861036982354e+00 7.915851471107310999e+02 3.053983047069261829e+02
2.899367330044625305e+03 8.561511614109013735e+00 0.000000000000000000e+00 9.651783631656524420e+00 5.995164889580570889e+04 0.000000000000000000e+00
3.026718195451755037e+03 8.773415157384294005e+00 0.000000000000000000e+00 9.746740284593832016e+00 5.643727730164712557e+04 0.000000000000000000e+00
3.102391738677643843e+03 8.883386071806155471e+00 0.000000000000000000e+00 1.045605745905709405e+01 5.595877703672263306e+04 0.000000000000000000e+00
3.150516554789182464e+03 8.723693646830049886e+00 0.000000000000000000e+00 9.968044949324177395e+00 5.886189745830190077e+04 0.000000000000000000e+00
3.246647449086024608e+03 8.379041519224141865e+00 0.000000000000000000e+00 1.093684696915466503e+01 5.532404582201811718e+04 0.000000000000000000e+00
3.638092691574617220e+03 8.663478698980876302e+00 0.000000000000000000e+00 1.110831257950338014e+01 6.014835718601717235e+04 0.000000000000000000e+00
3.502323000043411866e+03 8.806039012244136543e+00 0.000000000000000000e+00 1.094065924198197415e+01 5.801372845945902372e+04 0.000000000000000000e+00
3.541705569689017921e+03 8.880208438248200054e+00 0.000000000000000000e+00 1.100811611222315634e+01 5.747205671876073029e+04 0.000000000000000000e+00
3.909198891361235837e+03 9.718990466858151933e+00 0.000000000000000000e+00 1.162875184441212895e+01 5.630015113594486320e+04 0.000000000000000000e+00
3.829441160196557121e+03 9.799293589659294312e+00 0.000000000000000000e+00 1.070112641075645321e+01 5.947171258813120949e+04 0.000000000000000000e+00
3.958539373946186060e+03 9.924221979258412318e+00 0.000000000000000000e+00 1.090618199006586053e+01 5.793223849865650118e+04 0.000000000000000000e+00
4.200197219933730594e+03 9.708746143007431328e+00 0.000000000000000000e+00 1.163293520837017958e+01 5.527699175081010617e+04 0.000000000000000000e+00
4.376492383668818547e+03 9.365948180653042243e+00 0.000000000000000000e+00 1.185927701692905600e+01 5.965410382753906015e+04 0.000000000000000000e+00
4.397506042618842912e+03 9.499984295291058700e+00 0.000000000000000000e+00 1.157517592410912677e+01 5.790390496536956925e+04 0.000000000000000000e+00
4.282768767997285977e+03 1.007439758356706427e+01 0.000000000000000000e+00 1.110966362044291955e+01 5.571630514795164345e+04 0.000000000000000000e+00
4.454265535834337243e+03 9.760786071349459192e+00 0.000000000000000000e+00 1.136250392976464596e+01 5.767789592050497595e+04 0.000000000000000000e+00
4.535996507008958361e+03 9.801923917612086257e+00 0.000000000000000000e+00 1.208817546174457469e+01 5.537576444113838807e+04 0.000000000000000000e+00
4.590823230396738836e+03 1.055768449412233245e+01 0.000000000000000000e+00 1.198347706182887507e+01 5.778386068338688347e+04 0.000000000000000000e+00
4.778848068946219428e+03 1.062233161851282226e+01 0.000000000000000000e+00 1.240119336014199014e+01 5.977206109587007086e+04 0.000000000000000000e+00
4.866878408874370507e+03 1.024584763185410274e+01 0.000000000000000000e+00 1.237597802193947771e+01 5.669557272498287784e+04 0.000000000000000000e+00
4.856522744162255549e+03 1.061052017249214430e+01 0.000000000000000000e+00 1.205745929629657631e+01 5.660754115691014158e+04 0.000000000000000000e+00
5.161500345932176970e+03 1.008912215835501236e+01 0.000000000000000000e+00 1.162802855076124509e+01 5.877359418766596355e+04 0.000000000000000000e+00
5.233290503394339794e+03 1.080416624503661538e+01 0.000000000000000000e+00 1.179196304586847610e+01 5.735670838341157651e+04 0.000000000000000000e+00
5.078621593466929880e+03 1.148352743014549304e+01 3.419126478621596466e+00 1.307749135343920699e+01 4.297345069187381910e+02 8.310107593361369993e+01
4.917637797698986105e+03 1.052676866897863484e+01 3.520592646590051888e+00 1.309855896179134582e+01 4.401983688537386570e+02 8.652117433279804004e+01
5.415374857341011193e+03 1.072622877785356721e+01 3.499272185966326276e+00 1.272259967622587418e+01 4.513896650037613654e+02 8.154740607189535240e+01
5.447811919485317048e+03 1.093171226321378953e+01 3.415402593953033250e+00 1.299921766678075485e+01 4.596400518784852807e+02 8.895087927043519471e+01
5.311492572344790460e+03 1.120198607777392041e+01 3.473906539136274674e+00 1.307885793732494584e+01 4.474671727934099295e+02 8.694585814842365323e+01
5.319298757376408503e+03 1.066427722945696388e+01 3.526766002703709102e+00 1.314914022199099897e+01 4.349496531208873762e+02 8.896191439149833968e+01
5.416449738084214914e+03 1.109825922610565918e+01 3.472225042473644940e+00 1.307613154617319218e+01 4.169335790466602703e+02 8.823403385835908352e+01
5.493104825768195042e+03 1.160811325238123715e+01 3.543459286196436242e+00 1.263832424764485296e+01 4.390563241016931215e+02 8.901746733913172704e+01
5.999601009567461006e+03 1.077794371555862973e+01 3.540366747742032860e+00 1.271205704401814529e+01 4.306113120053814782e+02 8.262743169038125757e+01
5.995137553399568787e+03 1.125997164279426954e+01 3.575266654538447053e+00 1.280144723488552572e+01 4.452953815280462209e+02 8.644927158021370417e+01
6.119396090927390105e+03 1.167756007948770147e+01 3.796967274283419069e+00 1.282144892500471656e+01 4.385778825198073037e+02 8.398349147538843340e+01
6.241197024388358841e+03 1.144611138941881734e+01 3.686880075558750747e+00 1.355986945411829048e+01 4.303781477637985518e+02 8.769725887171698275e+01
6.426425978681722881e+03 1.143171841616360851e+01 3.705706371689065470e+00 1.348681919022830122e+01 4.231951054507503045e+02 8.881737789298837527e+01
6.182238000009367170e+03 1.174132244316441387e+01 3.767924767040448764e+00 1.320136226999298046e+01 4.396758932921850942e+02 8.539905965479621841e+01
