-2.951755961219255653e-01 6.003230857755825767e+00 3.342796883299023580e+00 2.910096237203128489e+00 1.330528968685737709e+03 5.787407142737089316e+02
3.128167134497483204e+01 5.964363663049598863e+00 3.494533886135857692e+00 2.888442238512799243e+00 1.396548798002011154e+03 5.895979997001143147e+02
3.414288275466141442e+01 8.134142803448272119e+00 4.227845850996517107e+00 3.384929110055474588e+00 1.429425289613983750e+03 5.829014584256312901e+02
5.253516603120255013e+01 7.642751282337671981e+00 4.238180014424880682e+00 3.324494902408251740e+00 1.396688691219236034e+03 5.863461320664107461e+02
9.715921328254810874e+01 7.779674401041626552e+00 4.266774574352430349e+00 3.273756765348552200e+00 1.902166193136724814e+02 8.274525438698918833e+01
1.453493923900496725e+02 7.869350083302316889e+00 4.722219949483044132e+00 3.398676782980288635e+00 2.036813459816254976e+02 7.659028601525490387e+01
2.074238722886174457e+02 8.492511605773364280e+00 4.394759009832892360e+00 3.528812227545889968e+00 3.548319808856435884e+02 7.908032016301706335e+01
2.602151334286621704e+02 8.212463154567252843e+00 4.512199612903531332e+00 3.520376902362669647e+00 3.621655823489294903e+02 1.499422434257717498e+02
2.888719042685264071e+02 8.330060503092944657e+00 4.702719961895489575e+00 3.399640287274359629e+00 3.743021660826587436e+02 1.436108856277304255e+02
3.649280697746454507e+02 8.472023535499213054e+00 4.874936051574154661e+00 3.747519062035026050e+00 3.734088738067590043e+02 1.490971799210494737e+02
4.160002632481420051e+02 9.344686670960777874e+00 5.034546790247712345e+00 3.634832064243855410e+00 3.568256167268654622e+02 1.454246922261037298e+02
5.033982829688436027e+02 9.297661452726437403e+00 5.026085375593163818e+00 4.050611239433214550e+00 3.533554238642136625e+02 1.380979818206534162e+02
6.015742065169648640e+02 1.040400941090697806e+01 5.905693572874404218e+00 4.288945358451507595e+00 3.601402395541638271e+02 1.395740278681275015e+02
7.028449208132700505e+02 1.125489945732106989e+01 6.220508010138901867e+00 4.230365205809608398e+00 7.603739331113866911e+02 3.043108106134764625e+02
8.034093487861553058e+02 1.069394618048049317e+01 6.017522930001777404e+00 4.497878306427170791e+00 7.383802332724967528e+02 3.268171617840674799e+02
8.947523883112392014e+02 1.092673751947410388e+01 5.962335460691100764e+00 4.541304629709032703e+00 7.431758395639395758e+02 3.245892360859963333e+02
9.849143694019676332e+02 1.105489422817145062e+01 6.397707952328504533e+00 4.780924634121565653e+00 7.400037769459449919e+02 3.200988191634019131e+02
1.133155913174478428e+03 1.202020150466836590e+01 6.211827300959812170e+00 4.518955052213681434e+00 7.092461369420834671e+02 3.131073661915709181e+02
1.203911579832542429e+03 1.197982857552565150e+01 6.583951364136887641e+00 4.987379864687627062e+00 7.639942330643693822e+02 3.182648932393177574e+02
1.266035709635723379e+03 1.145189379590464895e+01 6.565543486195693390e+00 5.003511187527712956e+00 7.223198944808360693e+02 2.984866805239615246e+02
1.367739684980450193e+03 1.207707918157140803e+01 6.560082217001984795e+00 5.004614400139185904e+00 7.333487375786112352e+02 3.116351774746875662e+02
1.554110003519837392e+03 1.175328823152294966e+01 6.739399197997467006e+00 4.960200716361273798e+00 7.295853295134211294e+02 3.066419755095113828e+02
1.814687314480367377e+03 1.270387534927054141e+01 6.641732936282050304e+00 4.934537668825774936e+00 7.976920916593520587e+02 3.026660133751603894e+02
2.088635833861381798e+03 1.217846140920211617e+01 7.253957963498519845e+00 5.296396408066126327e+00 7.794981671384542778e+02 3.021037048728003924e+02
2.102046965228875251e+03 1.304786607014865751e+01 7.288795201827629633e+00 5.362857723355984874e+00 8.135675336703645826e+02 3.160140962791435300e+02
2.231782228220127763e+03 1.368370538659592661e+01 7.138832841504735960e+00 5.576931019647731524e+00 8.124915497270965261e+02 3.167889700940241937e+02
2.577635426438219383e+03 1.335261822352417305e+01 7.296763129857034791e+00 5.323780746353579119e+00 8.376336256480938118e+02 3.047374326457680809e+02
2.717081287917910686e+03 1.409228232508074541e+01 7.461650885802680655e+00 5.718231002617485181e+00 7.826267249078257464e+02 3.265654026032634079e+02
3.007056083896916789e+03 1.407169864224946210e+01 7.344160189660151161e+00 5.473955894376747011e+00 7.903784105511093685e+02 3.224258710986921983e+02
2.837715531433320848e+03 7.866498275038623866e+00 0.000000000000000000e+00 9.449393643526571296e+00 7.861312395638614134e+02 3.077343282403638227e+02
2.835955540076233774e+03 8.118817171890492901e+00 0.000000000000000000e+00 1.032591972810245551e+01 5.786196102509969205e+04 0.000000000000000000e+00
3.208932215853993966e+03 8.146338387743710996e+00 0.000000000000000000e+00 1.028947586863538177e+01 5.931782174565816968e+04 0.000000000000000000e+00
3.321318117676402380e+03 8.529794086376133677e+00 0.000000000000000000e+00 1.052186281064641094e+01 5.808819353210839472e+04 0.000000000000000000e+00
3.388060210524078229e+03 9.051948366548781877e+00 0.000000000000000000e+00 1.052915511816179794e+01 5.542235960874772718e+04 0.000000000000000000e+00
3.335765375800089259e+03 9.147097535549828962e+00 0.000000000000000000e+00 1.014706125933981085e+01 5.935384709886491328e+04 0.000000000000000000e+00
3.418371316873257911e+03 8.938826314656234118e+00 0.000000000000000000e+00 1.025542274781713381e+01 5.945558604656864918e+04 0.000000000000000000e+00
3.430144238757184212e+03 9.314133768559116788e+00 0.000000000000000000e+00 1.090215344224533922e+01 5.746631189201118832e+04 0.000000000000000000e+00
3.790312632164745537e+03 8.711595599106392029e+00 0.000000000000000000e+00 1.149924862194654551e+01 5.913081390199455200e+04 0.000000000000000000e+00
3.635429916803442666e+03 9.166795130838055528e+00 0.000000000000000000e+00 1.118215640976736758e+01 5.757164724962544278e+04 0.000000000000000000e+00
3.900738242557015838e+03 9.833533220009467612e+00 0.000000000000000000e+00 1.077386666369809198e+01 6.030861025754790171e+04 0.000000000000000000e+00
3.931093677539376586e+03 9.424154193972640314e+00 0.000000000000000000e+00 1.135232783693549408e+01 5.620651618199947552e+04 0.000000000000000000e+00
3.928353505096390109e+03 9.577830702434070531e+00 0.000000000000000000e+00 1.087736204624031799e+01 5.584682486592806526e+04 0.000000000000000000e+00
4.018796117137626879e+03 9.729943136121768532e+00 0.000000000000000000e+00 1.148797336329277030e+01 5.980098996082033409e+04 0.000000000000000000e+00
4.303943192447424735e+03 9.411179251111130739e+00 0.000000000000000000e+00 1.184605340434029408e+01 5.526649016943834431e+04 0.000000000000000000e+00
4.499233863817095880e+03 9.695646673629076062e+00 0.000000000000000000e+00 1.127903164129213565e+01 5.999108776586991007e+04 0.000000000000000000e+00
4.260224926144465826e+03 1.021057973861377022e+01 0.000000000000000000e+00 1.162877653723159810e+01 5.520303377027658280e+04 0.000000000000000000e+00
4.404713129165350438e+03 1.041099999274443455e+01 0.000000000000000000e+00 1.153140244340680809e+01 5.847392551612499665e+04 0.000000000000000000e+00
4.786722748425780992e+03 1.032119007744612382e+01 0.000000000000000000e+00 1.224978900298895113e+01 5.807143444086247473e+04 0.000000000000000000e+00
4.865951267885497145e+03 9.818729958278014536e+00 0.000000000000000000e+00 1.143783155917242489e+01 5.500129576479941170e+04 0.000000000000000000e+00
4.702215073468683840e+03 9.930942702323063642e+00 0.000000000000000000e+00 1.168936090496611868e+01 5.819950001706334297e+04 0.000000000000000000e+00
5.038132207341249341e+03 1.073295960148503703e+01 0.000000000000000000e+00 1.206013967406108378e+01 5.688672539058136317e+04 0.000000000000000000e+00
4.973661994439462433e+03 1.080046963401450810e+01 0.000000000000000000e+00 1.252314726057623062e+01 5.985882695373182651e+04 0.000000000000000000e+00
4.989385971893282658e+03 1.058615973255304965e+01 0.000000000000000000e+00 1.266216179687786081e+01 5.621929437540777144e+04 0.000000000000000000e+00
5.152456956001875369e+03 1.054266154366500530e+01 3.368974961138101243e+00 1.302317471827013762e+01 4.428979123091777979e+02 8.309144735661979553e+01
5.167375317251518027e+03 1.072037197527611596e+01 3.365875494409267699e+00 1.220752558432706536e+01 4.458961273263806788e+02 8.078972009733671200e+01
5.095030775117817939e+03 1.106536465893064225e+01 3.613367086120392813e+00 1.250187759153888223e+01 4.440688017119326219e+02 8.494690522525998233e+01
5.512095319888081576e+03 1.134420225589650322e+01 3.698872098587089763e+00 1.321542225401481474e+01 4.323279248691342787e+02 8.212953275213266124e+01
5.552866358215154833e+03 1.093311188113873023e+01 3.643198978810677779e+00 1.324094289959085735e+01 4.408557127182768909e+02 8.326110888860411308e+01
5.758366458163389325e+03 1.124326630659928128e+01 3.422699879688912539e+00 1.251025123120483507e+01 4.457833262337430256e+02 8.369962585323156645e+01
5.575595558163444366e+03 1.168682581802665155e+01 3.531125701302924469e+00 1.352928373158578879e+01 4.213448975100488951e+02 8.307101122707460661e+01
5.548107296526406572e+03 1.075603296258920594e+01 3.528509551494838359e+00 1.341263925642761912e+01 4.289568734145094595e+02 8.499669782745547764e+01
5.597984707683228407e+03 1.090400969303524548e+01 3.732647113241915893e+00 1.328877479784366145e+01 4.421444097535719493e+02 8.511380558162613852e+01
5.714321067494094677e+03 1.081928817837907886e+01 3.506774660395312271e+00 1.246819497694257883e+01 4.176707899449173169e+02 8.756476143247091670e+01
6.333735381153773233e+03 1.104362700551657284e+01 3.592204344389670734e+00 1.321642632881051860e+01 4.398638371605275665e+02 8.715341566188577360e+01
6.220947065501889483e+03 1.098245979477650280e+01 3.490019727576323394e+00 1.296681313485836817e+01 4.264991040711835808e+02 8.798228708956474975e+01
6.235178289657327696e+03 1.097743358185143592e+01 3.484150082314159125e+00 1.299027701372179955e+01 4.124075985932843196e+02 8.136316239845403686e+01
6.505148030811029457e+03 1.159002988998469341e+01 3.800855885424879510e+00 1.285002236458879032e+01 4.517916968173481109e+02 8.620075180742932730e+01
