2.000000000000000111e-01 3.252858690895648053e+00
1.000000000000000056e-01 3.450858690895648451e+00
5.000000000000000278e-02 3.892858690895648177e+00
3.333333333333333287e-02 4.036858690895648749e+00
2.000000000000000042e-02 4.154858690895648188e+00
1.250000000000000069e-02 4.220858690895648024e+00
1.000000000000000021e-02 4.254858690895648721e+00
6.666666666666667095e-03 4.352858690895648586e+00
5.000000000000000104e-03 4.480858690895647811e+00
4.000000000000000083e-03 4.638858690895648174e+00
3.333333333333333547e-03 4.802858690895648763e+00
