2.625343186543749319e-01 5.852742580954530816e+00 3.337228009987606381e+00 2.791086693652654827e+00 1.407482444273241526e+03 5.980970088475451121e+02
3.092346553976616619e+01 5.536234938976912545e+00 3.317459227731281768e+00 2.925165673847827552e+00 1.395215523934658677e+03 6.166662474485028724e+02
3.261904076012318399e+01 7.574911650164307453e+00 4.371128343431467833e+00 3.331318318087858277e+00 1.397556999518300017e+03 5.943338385271962352e+02
4.882873168023635202e+01 8.080463191541044310e+00 4.213225290869305972e+00 3.213651414949761698e+00 1.369087930242432549e+03 5.885072012533713632e+02
9.919747593173623557e+01 7.649506318531071436e+00 4.612764409262879006e+00 3.500605518217601908e+00 1.955329933911788203e+02 7.788286809165872171e+01
1.480687244315738269e+02 8.113885543678554413e+00 4.587897317992725377e+00 3.422697795363093487e+00 1.904719086400255605e+02 7.995697279923922451e+01
2.087515495700993426e+02 8.582419075608751058e+00 4.492369191002032913e+00 3.483869693795158096e+00 3.524962745706569649e+02 8.269301201499740728e+01
2.484627356426590836e+02 8.825960696647740633e+00 4.545966154417500960e+00 3.644865452854619381e+00 3.629188639418376283e+02 1.482779365286095015e+02
3.033843982557007735e+02 8.916063627627909938e+00 4.752647688215096977e+00 3.529458040731848545e+00 3.588544884480149335e+02 1.463856880144427350e+02
3.653258968885494937e+02 8.596496801051129566e+00 4.902202510074228137e+00 3.534420329050020460e+00 3.446025106242660740e+02 1.449353690452742001e+02
3.973199164923538547e+02 8.742471749655248203e+00 5.011993829404511658e+00 3.777015421973404230e+00 3.522405079689120839e+02 1.366514633053459420e+02
4.981262650901178972e+02 9.737080652323982122e+00 5.548705873477303818e+00 3.834092456702267171e+00 3.647465689405669877e+02 1.383015267104056250e+02
5.731519944025743598e+02 1.034322206998375826e+01 5.432654487806570565e+00 4.271466038715018065e+00 3.527393899317723367e+02 1.462993735164362477e+02
6.481014399480368411e+02 1.056147811338318654e+01 5.962069606197735183e+00 4.153936949094827469e+00 7.578555525517120941e+02 3.012302185636295349e+02
7.811481623201227649e+02 1.099750672404893770e+01 6.318911817768656292e+00 4.369849376767685811e+00 7.152621653931728360e+02 3.252308088398362997e+02
8.660812853093560761e+02 1.158344437975352825e+01 6.108191386990744931e+00 4.361528428432356996e+00 7.727358849309335938e+02 3.230285931785418256e+02
9.697961007143862844e+02 1.162018617773813567e+01 6.545183771008801443e+00 4.597555070797556986e+00 7.448021385977899627e+02 3.194616294427556227e+02
1.045142848655103990e+03 1.170908947811451739e+01 6.119965963756066607e+00 4.539971053205524854e+00 7.634273512593388205e+02 3.004191730626568528e+02
1.143995916425408495e+03 1.169256343700845413e+01 6.627411868843141818e+00 4.972338747946958293e+00 7.361660468033732059e+02 3.261679904068698761e+02
1.324426649721067179e+03 1.198230229438570404e+01 6.493905689302884809e+00 4.863033917698000863e+00 7.455850931364408325e+02 3.078114117140906387e+02
1.427590111177083145e+03 1.191123295231173174e+01 6.839457494814138450e+00 4.845366648169668444e+00 7.633348066011024002e+02 3.143874409747058394e+02
1.564626682214497123e+03 1.287063378392805468e+01 6.707694791250152555e+00 5.115460043782541710e+00 7.151505304923493895e+02 2.981005188583708332e+02
1.886820086006748625e+03 1.244179169810954733e+01 6.550333587480069220e+00 5.079941920649345910e+00 8.043765654638804108e+02 3.275686009922133621e+02
1.987806147738496520e+03 1.226082268566550049e+01 7.127057387697951718e+00 5.017541184973482338e+00 7.615401105060348073e+02 3.252351720112463909e+02
2.144487327884632123e+03 1.309975560907622949e+01 6.675428281072295356e+00 5.451990450595361359e+00 7.780235071439849435e+02 3.155803233637359426e+02
2.337940014666619845e+03 1.371578273151694383e+01 6.829974742444637315e+00 5.372474270532847207e+00 8.394967500911225216e+02 3.038660704955060510e+02
2.531597028691387550e+03 1.260445471864163203e+01 6.868487168119102648e+00 5.635466582685078940e+00 8.238637968484390512e+02 3.166652076532292881e+02
2.548882960909763369e+03 1.388423105528242907e+01 6.953790038541429297e+00 5.716264011245924870e+00 8.075838899605413417e+02 3.009705105123240401e+02
2.782210593679121303e+03 1.351543299240664453e+01 7.388346100867152266e+00 5.737757754940284727e+00 8.311616218986337117e+02 3.004462477289902154e+02
2.907481648752324418e+03 7.790172216489286150e+00 0.000000000000000000e+00 1.016410825554072872e+01 7.973520082400392539e+02 3.125987836374112590e+02
2.894309375593753884e+03 8.199362232046061294e+00 0.000000000000000000e+00 1.022775472848320177e+01 5.978608879823877942e+04 0.000000000000000000e+00
3.052865293614049278e+03 8.540548323720511092e+00 0.000000000000000000e+00 1.028583227484429408e+01 5.938873014945061732e+04 0.000000000000000000e+00
3.119664280707437229e+03 8.737938520472601667e+00 0.000000000000000000e+00 9.821555319948148011e+00 6.065972467455441074e+04 0.000000000000000000e+00
3.399076695042682331e+03 8.314701990734741699e+00 0.000000000000000000e+00 1.067993861913237730e+01 6.014637494384638558e+04 0.000000000000000000e+00
3.299529076387863824e+03 8.528108643440262426e+00 0.000000000000000000e+00 1.093738430269644901e+01 5.737585660860547068e+04 0.000000000000000000e+00
3.537504234038166942e+03 8.803351110660504020e+00 0.000000000000000000e+00 1.086131680910964192e+01 5.694537709819053998e+04 0.000000000000000000e+00
3.494350422619215351e+03 9.450679848292596219e+00 0.000000000000000000e+00 1.114817943561792823e+01 5.635760993373394740e+04 0.000000000000000000e+00
3.670450895687364209e+03 9.055416709167110056e+00 0.000000000000000000e+00 1.114649503996316504e+01 5.640195624499829137e+04 0.000000000000000000e+00
3.832535358410556455e+03 9.418438374641443289e+00 0.000000000000000000e+00 1.065482768195614760e+01 5.849728949395798554e+04 0.000000000000000000e+00
3.952697962835491580e+03 9.343655521759837157e+00 0.000000000000000000e+00 1.144988008486101450e+01 5.582982055113101524e+04 0.000000000000000000e+00
3.885141896556448955e+03 9.519051076817717671e+00 0.000000000000000000e+00 1.170365544268381264e+01 5.773854453947367438e+04 0.000000000000000000e+00
4.112832834662197456e+03 9.199174910218166801e+00 0.000000000000000000e+00 1.187771967804785689e+01 6.017568722059790161e+04 0.000000000000000000e+00
4.126846370351510814e+03 9.603366452362697814e+00 0.000000000000000000e+00 1.095013858208169033e+01 5.615699999560215656e+04 0.000000000000000000e+00
4.071911694401926525e+03 9.565850573500364717e+00 0.000000000000000000e+00 1.154522549642775964e+01 5.551804224254366272e+04 0.000000000000000000e+00
4.362087912313240849e+03 1.019648807048257844e+01 0.000000000000000000e+00 1.108452885293155887e+01 5.713771028408718121e+04 0.000000000000000000e+00
4.272296146141035024e+03 1.017899191212798371e+01 0.000000000000000000e+00 1.187397104275234305e+01 5.880285334675564809e+04 0.000000000000000000e+00
4.564312698984107556e+03 9.601673247036009329e+00 0.000000000000000000e+00 1.133244716401367036e+01 5.694146454117806570e+04 0.000000000000000000e+00
4.625160531850046027e+03 1.044209049108285470e+01 0.000000000000000000e+00 1.160448102381982238e+01 6.063544514404268557e+04 0.000000000000000000e+00
4.565817648491411092e+03 9.737620471439669245e+00 0.000000000000000000e+00 1.215184416890388874e+01 5.915823464137258270e+04 0.000000000000000000e+00
5.043306881474820329e+03 1.040310021074288827e+01 0.000000000000000000e+00 1.186050770699034196e+01 5.743467906409196439e+04 0.000000000000000000e+00
5.213901317589353312e+03 1.060704473069008280e+01 0.000000000000000000e+00 1.191673841544718826e+01 5.839820854053846415e+04 0.000000000000000000e+00
5.074939948594876114e+03 1.051302214305431271e+01 0.000000000000000000e+00 1.192550567944232576e+01 5.532157280333102244e+04 0.000000000000000000e+00
5.227510734784864326e+03 1.058242017640750277e+01 0.000000000000000000e+00 1.247291621425503294e+01 5.711036532853056997e+04 0.000000000000000000e+00
5.382295867917957366e+03 1.073289590511027392e+01 3.426263572014097036e+00 1.321252613749509663e+01 4.281026529638236866e+02 8.688399201056815002e+01
5.216360489916880397e+03 1.120030414193277046e+01 3.445354555620861792e+00 1.274168631719989975e+01 4.453292057992788955e+02 8.089011744281494032e+01
5.102852067778545461e+03 1.121196082774073588e+01 3.687752839485058498e+00 1.334691651217502972e+01 4.344556039229276507e+02 8.316433690748104368e+01
5.399973592179139814e+03 1.076625395333252477e+01 3.474293033094055350e+00 1.350186338426681054e+01 4.373262177781676314e+02 8.545359578829021530e+01
5.636491731836884355e+03 1.128976747420984594e+01 3.741370913647352747e+00 1.267356626920708962e+01 4.318269018286904952e+02 8.877743469758468109e+01
5.379366877361584557e+03 1.156371465380724572e+01 3.441067901738760870e+00 1.261453487100267701e+01 4.532599768222606258e+02 8.108138543780739838e+01
5.711153377716191244e+03 1.112166846651031804e+01 3.699481956694889551e+00 1.357035546250558689e+01 4.475039303379881517e+02 8.713996302709924180e+01
5.864464594203462184e+03 1.176262447679985712e+01 3.766132501567914126e+00 1.260310859589731258e+01 4.220654293511142896e+02 8.638886215943826130e+01
5.664618340897248345e+03 1.136150082329316113e+01 3.654958661792409469e+00 1.346727838869537663e+01 4.517255415658390234e+02 8.266682834802981006e+01
5.918079884591677910e+03 1.120682077183109726e+01 3.654928020663194221e+00 1.359874339832476764e+01 4.224196477508566545e+02 8.388382931146780663e+01
6.303592286335916469e+03 1.161396741225760998e+01 3.815644652105164791e+00 1.339257023536634073e+01 4.219673842508910866e+02 8.141502445179696679e+01
5.917983647518813086e+03 1.104730122389553237e+01 3.553889229174854059e+00 1.326165659545877240e+01 4.343861226523530945e+02 8.190530856357847256e+01
6.085370300935827800e+03 1.158352071347277068e+01 3.822589884837000795e+00 1.271854203879515666e+01 4.204187078780633442e+02 8.166921874507400503e+01
6.256298787074251777e+03 1.133971251630758736e+01 3.634095121280757734e+00 1.346371179856135036e+01 4.230867863259498449e+02 8.640867057768346626e+01
