4.123309177144420801e-01 6.077499518712061288e+00 3.247930873296644094e+00 2.786486643118810225e+00 1.437979966984625207e+03 5.988670475817292527e+02
3.113709967637170806e+01 6.036496704060531293e+00 3.470876594802657422e+00 2.924707669266514820e+00 1.335966179960255204e+03 6.295236607460863070e+02
3.461831592354722176e+01 8.137478795518608976e+00 4.521252034634763994e+00 3.256699215315951523e+00 1.337604543633937737e+03 6.030616828298985865e+02
5.296784753223264630e+01 7.991495613925033936e+00 4.211978224692112249e+00 3.246029763610084107e+00 1.468669225486619325e+03 6.111590107083326302e+02
9.497530444482370626e+01 7.780602213168703152e+00 4.307169451787416392e+00 3.493617082766599324e+00 1.941444254711215081e+02 7.924361810676825257e+01
1.482659877853489832e+02 7.844844034259534027e+00 4.361787260039740488e+00 3.408603970038513342e+00 2.041874056472548489e+02 8.090612514706566571e+01
2.023971555362900290e+02 8.181886226194230005e+00 4.659466431541680720e+00 3.320435633819017518e+00 3.561760865473743820e+02 8.182711949991031020e+01
2.381296815978762424e+02 8.166058233154748436e+00 4.556522626306777290e+00 3.592341502139960063e+00 3.468420209784224539e+02 1.483387923799321300e+02
3.121549591769328345e+02 8.783915438033050194e+00 4.728351171607838133e+00 3.389050658614024769e+00 3.462331272915052409e+02 1.366710844974671204e+02
3.565282176341576132e+02 8.432708324788384502e+00 4.689329039527897258e+00 3.461607946909261990e+00 3.685816311444362441e+02 1.387316189516220959e+02
4.211136421609948002e+02 8.975754450976937804e+00 5.175248173727688084e+00 3.766848106081180259e+00 3.455937653604485718e+02 1.413707449218207728e+02
5.174883402136331370e+02 1.000980638287792601e+01 5.391990014142921339e+00 3.689137641972597415e+00 3.677590207959274267e+02 1.420079675017206569e+02
6.012877646108810268e+02 1.056646971291498360e+01 5.782388160723582970e+00 4.260992070794978659e+00 3.773296222339394035e+02 1.443823269573890968e+02
7.016473937535052983e+02 1.040147847568382389e+01 5.848665670140829498e+00 4.316666752775028648e+00 7.378943076356910069e+02 2.970965404886388228e+02
7.831783215761116708e+02 1.151720928408581557e+01 5.959805908538020169e+00 4.351721281400624086e+00 7.739776222720468013e+02 3.258762210283352374e+02
8.856505912819166042e+02 1.145435565277181666e+01 6.296003016029174226e+00 4.362546914719665381e+00 7.652288475063081705e+02 3.219710638310425566e+02
1.048713979784863341e+03 1.132713420864026332e+01 6.426543476393492327e+00 4.786265632408060355e+00 7.544749244474049874e+02 3.042504531978087812e+02
1.054654104172300549e+03 1.143436766613124256e+01 6.736927510665639218e+00 4.789102508432157457e+00 7.491670849775050556e+02 3.273143268532062393e+02
1.231565725639725542e+03 1.144986131991959866e+01 6.256339939130687533e+00 4.967332886711687934e+00 7.495238662839940389e+02 3.215917633620312586e+02
1.236940510560517851e+03 1.218133161796501440e+01 6.665071131625536438e+00 4.691586109655449199e+00 7.251075838408452228e+02 3.272223933824686242e+02
1.374777309271683180e+03 1.170931143257204532e+01 6.666582271381321867e+00 4.693397764902345948e+00 7.258319526226785001e+02 3.242848427294616727e+02
1.630484606985497066e+03 1.217334480171246547e+01 6.428731678719051601e+00 4.858239111864822490e+00 7.115783699819190815e+02 3.214141392957552625e+02
1.782850649936870695e+03 1.218076747109241964e+01 6.834636819552267539e+00 4.952842397390718077e+00 7.750114022163731988e+02 2.987050011445069231e+02
2.069981142657273722e+03 1.224648654760209077e+01 6.904859598708025459e+00 5.359287534354249871e+00 8.287554940888048804e+02 3.256907585854214631e+02
2.181420630490280473e+03 1.263309708091693473e+01 6.898050833151540218e+00 5.556173125686100889e+00 8.170118269336395542e+02 3.192791135056281746e+02
2.393235490934576319e+03 1.340055793905809622e+01 7.421539863419485350e+00 5.502171189932990814e+00 7.632763155087828864e+02 3.133108638685878873e+02
2.505026967462166795e+03 1.373149256623299053e+01 7.054477804096958238e+00 5.506399721245216483e+00 7.769679633728085264e+02 3.073004811219712451e+02
2.709989867761159530e+03 1.330324036659480846e+01 6.935538074310416690e+00 5.850383393054706005e+00 8.014597648855888110e+02 3.135257544558829750e+02
2.864219246802360885e+03 1.424843422946306504e+01 7.212640117859086430e+00 5.952777110145866857e+00 7.774323600900654583e+02 3.059315070824027885e+02
2.796188678953711587e+03 7.746334850241988867e+00 0.000000000000000000e+00 9.234893533043575076e+00 7.779725883847497698e+02 3.201062984535360556e+02
2.872319222069040279e+03 8.079776730767276760e+00 0.000000000000000000e+00 9.733652421336079996e+00 5.996601705365117959e+04 0.000000000000000000e+00
3.213947343216923855e+03 8.208563555122996291e+00 0.000000000000000000e+00 1.005222581192530384e+01 5.501820326211038628e+04 0.000000000000000000e+00
3.218939356123626567e+03 8.682631320770058281e+00 0.000000000000000000e+00 1.073676880278927293e+01 5.918128264236638643e+04 0.000000000000000000e+00
3.347899677762940428e+03 9.011413446898341562e+00 0.000000000000000000e+00 1.009006557827829553e+01 5.946221543107103207e+04 0.000000000000000000e+00
3.233652960344816165e+03 8.897860938963439992e+00 0.000000000000000000e+00 1.056469820637470036e+01 5.673577391872611770e+04 0.000000000000000000e+00
3.370310048232213376e+03 9.097230750673187316e+00 0.000000000000000000e+00 1.059540116076403748e+01 5.853425188958265790e+04 0.000000000000000000e+00
3.676340803533514645e+03 9.499479787984936863e+00 0.000000000000000000e+00 1.051045556574593576e+01 5.801063628027298546e+04 0.000000000000000000e+00
3.503664536259048418e+03 9.226663564638323933e+00 0.000000000000000000e+00 1.097348738107597121e+01 5.803944673013335705e+04 0.000000000000000000e+00
3.590876006737656098e+03 9.457154801366758790e+00 0.000000000000000000e+00 1.068175958813638005e+01 5.981820031067677337e+04 0.000000000000000000e+00
3.730361251489473034e+03 8.951041284951806176e+00 0.000000000000000000e+00 1.081392735604700306e+01 6.042426055813470884e+04 0.000000000000000000e+00
3.938174402008364723e+03 9.601419304769986951e+00 0.000000000000000000e+00 1.119381378764401980e+01 5.512531903724721633e+04 0.000000000000000000e+00
3.949746422752906255e+03 9.192143183270806261e+00 0.000000000000000000e+00 1.187187232003173243e+01 5.618070952064982703e+04 0.000000000000000000e+00
4.374346765056608092e+03 9.885915483587565333e+00 0.000000000000000000e+00 1.128678931233355343e+01 5.818101696042948606e+04 0.000000000000000000e+00
4.166538189326759493e+03 9.953192050168400584e+00 0.000000000000000000e+00 1.178893200468606395e+01 5.676270321641169721e+04 0.000000000000000000e+00
4.317803342198598330e+03 9.875035558395065749e+00 0.000000000000000000e+00 1.120638334977479467e+01 5.557446933659181377e+04 0.000000000000000000e+00
4.416855520296377108e+03 1.027769152189116220e+01 0.000000000000000000e+00 1.148508687520654448e+01 5.640961648448202322e+04 0.000000000000000000e+00
4.417341488557274715e+03 1.036158598876380310e+01 0.000000000000000000e+00 1.147727325661193376e+01 5.741002030106187885e+04 0.000000000000000000e+00
4.785652345565208634e+03 9.570121643131340505e+00 0.000000000000000000e+00 1.168904854028094320e+01 5.782598233556360356e+04 0.000000000000000000e+00
4.722632199084897366e+03 9.851332325760830955e+00 0.000000000000000000e+00 1.170077588274100044e+01 5.573329892274578742e+04 0.000000000000000000e+00
4.962069868869964012e+03 1.059726261146013826e+01 0.000000000000000000e+00 1.236352974648266390e+01 6.025587707279548340e+04 0.000000000000000000e+00
4.985972362132586568e+03 1.022356210301872892e+01 0.000000000000000000e+00 1.254275707511750326e+01 5.691680426848345087e+04 0.000000000000000000e+00
5.089800040442395584e+03 9.862389292290400178e+00 0.000000000000000000e+00 1.174679288314217374e+01 5.946716880754730664e+04 0.000000000000000000e+00
5.296944458641794881e+03 1.040037067008949556e+01 0.000000000000000000e+00 1.233063705082675021e+01 5.909960408970175195e+04 0.000000000000000000e+00
5.109758220984087529e+03 1.105202635173579573e+01 3.507502512582358900e+00 1.217408268429961282e+01 4.512866590283636015e+02 8.092928745253669831e+01
5.075025067549901905e+03 1.153521478364234909e+01 3.553086863980879695e+00 1.220602893425139435e+01 4.424348411788415660e+02 8.831657750818128250e+01
5.322828244661951430e+03 1.081893936214850882e+01 3.641224379924371757e+00 1.334166917041018330e+01 4.649797729791517327e+02 8.216603859443335978e+01
5.114950484329451683e+03 1.135206358825103123e+01 3.538837011748801054e+00 1.272773611068325650e+01 4.237825070574604069e+02 8.906080600447384654e+01
5.245700453861363712e+03 1.161377295680195587e+01 3.548421948054765185e+00 1.352087070052110285e+01 4.250293462053635380e+02 8.453569622389447602e+01
5.792859278216931671e+03 1.134274528710307273e+01 3.683920810638350307e+00 1.284361184094743535e+01 4.233334104227963053e+02 8.775035139138438467e+01
5.883389307409011053e+03 1.093892506515095064e+01 3.514150781918929489e+00 1.233944875944308706e+01 4.379539158246568604e+02 8.769816537086227015e+01
5.533318081849441114e+03 1.070570044055797432e+01 3.608330058388065531e+00 1.365454440206674391e+01 4.466013023895288825e+02 8.583156923862063081e+01
5.811974730688806630e+03 1.171589296024549753e+01 3.809050254132315239e+00 1.329867532383306106e+01 4.343793063250890896e+02 8.219933046902609419e+01
5.718936392469402563e+03 1.085108296223139490e+01 3.822574657228732686e+00 1.249485293557195220e+01 4.149871382408858267e+02 8.775839404317446224e+01
6.083736520448860574e+03 1.105036095300296139e+01 3.575497210336861631e+00 1.258966634150119468e+01 4.434044316418198832e+02 8.846734982618126253e+01
6.334406044579959598e+03 1.157053122729113959e+01 3.491225677832535457e+00 1.288743726012999780e+01 4.158674895314680384e+02 8.332453150127159347e+01
6.004149894154907088e+03 1.091106775111356697e+01 3.695203127096193807e+00 1.244272689881566762e+01 4.105174379714341057e+02 8.908704002368946817e+01
6.620846267607348636e+03 1.113496567912119239e+01 3.590171250152474514e+00 1.324817300955702848e+01 4.402523689979955179e+02 8.114315641457254458e+01
