-1.189211563530457871e-01 5.533370642733473233e+00 3.251986003028281225e+00 2.736859474161735140e+00 1.432874407924522529e+03 5.876104095288849294e+02
3.497665657244684212e+01 5.620693194839148532e+00 3.414397573274936981e+00 2.684439367654282815e+00 1.411082308029069509e+03 6.138499904392184590e+02
3.444790311380998560e+01 7.527715272040621741e+00 4.343656411438361786e+00 3.360144878152610648e+00 1.429251793776883915e+03 5.809645536874934351e+02
5.221758733920259488e+01 7.811420820877008175e+00 4.396430925430751202e+00 3.483788225979258968e+00 1.343938301355402018e+03 5.795097114795572679e+02
9.687436583601198947e+01 8.216473211868262183e+00 4.422165812417198083e+00 3.437396595267724120e+00 2.063664971587901391e+02 7.865952913245149603e+01
1.574015532223279195e+02 8.403293601630455356e+00 4.384570001537908546e+00 3.540752587956974118e+00 2.048495597736586831e+02 7.762242469025586900e+01
2.078914118388720169e+02 8.096379313378248455e+00 4.492706780956391199e+00 3.403616176062512100e+00 3.501520051755480836e+02 7.682809433073465755e+01
2.418019547686832880e+02 8.515422648219159285e+00 4.817769917413828651e+00 3.478884429751899710e+00 3.710098363437413127e+02 1.361424445721577285e+02
2.892766552346353706e+02 8.741594998253873428e+00 4.659780125087434222e+00 3.379343544642056774e+00 3.747822410093930330e+02 1.484033028814602631e+02
3.447917707809797889e+02 8.326135919024366672e+00 4.621789191803826746e+00 3.694767510943907762e+00 3.493826951660978466e+02 1.389024742880865517e+02
3.992917559159332654e+02 9.362767508048941423e+00 4.791732492665775389e+00 3.742157585378842466e+00 3.519517375384579623e+02 1.450724794142987832e+02
5.176295815945472896e+02 9.702301017770556868e+00 5.133543257972513096e+00 3.728862186691299208e+00 3.586004544245728880e+02 1.363568144951494219e+02
6.120176584664084203e+02 1.002207999219999657e+01 5.770752057540784463e+00 4.091015121430366719e+00 3.773587938291975661e+02 1.429872881835266014e+02
6.716589223399801085e+02 1.123570856077341062e+01 6.272754084669603714e+00 4.286083143817320362e+00 7.622559211891731366e+02 3.261234077492768506e+02
7.665931963560771010e+02 1.083182242111326055e+01 6.256442645278356807e+00 4.341773186868564061e+00 7.741460704053213249e+02 3.085754142651643974e+02
9.147337980183216359e+02 1.110248585918335351e+01 6.060482458181077448e+00 4.482899056483619304e+00 7.252891871941145610e+02 3.156065247509291112e+02
1.011620668194131099e+03 1.113141576343360484e+01 6.400107452508910555e+00 4.458616722720219805e+00 7.768591198540503910e+02 3.121786684644744128e+02
1.058445342001793733e+03 1.184232232041641097e+01 6.133618818705853570e+00 4.746491576008266655e+00 7.127775623012488495e+02 3.060524644411665918e+02
1.200723300191924409e+03 1.170371993061454141e+01 6.281062780656101907e+00 4.592643098689811687e+00 7.219075020160564691e+02 3.231353226424128593e+02
1.362886949225161516e+03 1.165261409499633238e+01 6.733986979357525549e+00 4.826271250298193927e+00 7.117365192759908723e+02 3.271295278802962798e+02
1.383706834854912358e+03 1.230350432347695566e+01 6.475976549169091712e+00 4.795785876897637579e+00 7.676601187966023190e+02 3.238178482812544985e+02
1.612402064532179793e+03 1.260996313050454454e+01 6.411832264617761901e+00 4.758126924386850476e+00 7.115157205218935133e+02 3.188139279003584079e+02
1.871190163826212483e+03 1.276675177102506886e+01 6.778856964305676414e+00 5.187998983094366245e+00 7.895732821662012384e+02 3.200526420387083135e+02
2.092906108910772673e+03 1.241625161671655242e+01 6.821849976693260764e+00 5.075223770610545415e+00 8.372481257877014968e+02 3.077966981384859082e+02
2.263413022729193472e+03 1.286194155409915041e+01 7.051883509943250417e+00 5.244610624015744627e+00 7.938438594779764799e+02 3.193613379627000768e+02
2.404971046633444985e+03 1.340550196338226918e+01 6.971208739170884350e+00 5.374822809958379466e+00 7.866449516022159969e+02 3.023283373593661736e+02
2.673015075448635798e+03 1.315742084388736899e+01 7.041568557631940450e+00 5.287472969515707888e+00 8.339648797165639280e+02 3.133695680433606867e+02
2.668261002882827597e+03 1.384460821996208502e+01 7.095914029153295388e+00 5.775952822973628109e+00 7.992387599956026634e+02 3.066148159381023675e+02
2.825352216736197988e+03 1.430335238409703891e+01 7.081429075434799714e+00 5.705050563723913726e+00 7.936502965713117419e+02 3.020716310296970732e+02
2.944611054371129740e+03 7.958314539432223889e+00 0.000000000000000000e+00 9.452289570862857815e+00 7.827945403739626045e+02 3.127885839597751669e+02
2.832268133883157589e+03 8.106946802947961217e+00 0.000000000000000000e+00 1.012465555261054106e+01 5.585086564707179787e+04 0.000000000000000000e+00
3.028102354924536485e+03 8.758195126470459613e+00 0.000000000000000000e+00 1.026860215220311190e+01 6.053893095649365569e+04 0.000000000000000000e+00
3.099326225503819387e+03 8.742295735117981081e+00 0.000000000000000000e+00 1.069104522169334359e+01 5.790889160062583687e+04 0.000000000000000000e+00
3.240611258422153242e+03 8.989827932019398560e+00 0.000000000000000000e+00 1.024919637143239370e+01 5.760420367484014423e+04 0.000000000000000000e+00
3.271547101613461564e+03 9.211100335121045646e+00 0.000000000000000000e+00 1.019846326295696137e+01 5.978390043449257064e+04 0.000000000000000000e+00
3.518452024141232869e+03 9.025727054251504455e+00 0.000000000000000000e+00 1.027350462790590946e+01 5.929291733296956954e+04 0.000000000000000000e+00
3.546404834216304607e+03 9.455450798566724657e+00 0.000000000000000000e+00 1.103804442189059287e+01 5.586564989896680345e+04 0.000000000000000000e+00
3.656086488439716504e+03 9.518773845235786624e+00 0.000000000000000000e+00 1.079799330130133406e+01 6.008593031927674019e+04 0.000000000000000000e+00
3.715839222038188836e+03 9.218012918968744529e+00 0.000000000000000000e+00 1.091089663095789142e+01 5.699733112093225645e+04 0.000000000000000000e+00
3.715985437198821728e+03 9.007377506095441078e+00 0.000000000000000000e+00 1.126453047000287278e+01 5.691833515808645461e+04 0.000000000000000000e+00
3.817010259762188070e+03 9.428868815411282966e+00 0.000000000000000000e+00 1.081590581547774299e+01 5.638765591137360025e+04 0.000000000000000000e+00
4.203179884874692107e+03 9.482206970172066818e+00 0.000000000000000000e+00 1.083515532814747750e+01 5.603864715481133317e+04 0.000000000000000000e+00
4.284403496869011178e+03 9.992328471294221970e+00 0.000000000000000000e+00 1.143489771212904138e+01 5.850640349086309288e+04 0.000000000000000000e+00
4.232457996467745033e+03 9.834983363442848514e+00 0.000000000000000000e+00 1.134080815882700577e+01 5.697360649015122181e+04 0.000000000000000000e+00
4.312494316304606400e+03 9.698860335024454216e+00 0.000000000000000000e+00 1.223216887277990672e+01 5.937693476255935821e+04 0.000000000000000000e+00
4.424216942276258123e+03 1.033603046939644443e+01 0.000000000000000000e+00 1.229905323656211991e+01 5.906248087638136349e+04 0.000000000000000000e+00
4.425643850967198887e+03 9.578721962682912761e+00 0.000000000000000000e+00 1.213606084324191059e+01 5.711314603866955440e+04 0.000000000000000000e+00
4.691256416116113542e+03 9.823784048392599999e+00 0.000000000000000000e+00 1.139778969052071744e+01 5.846592876394768246e+04 0.000000000000000000e+00
4.641739905119090508e+03 1.014416300349197364e+01 0.000000000000000000e+00 1.242511856278504467e+01 6.033686395286282641e+04 0.000000000000000000e+00
5.007995044524215700e+03 1.043482660817172025e+01 0.000000000000000000e+00 1.184752556893565156e+01 5.704009387468062778e+04 0.000000000000000000e+00
4.898956534391417335e+03 1.073280941670106436e+01 0.000000000000000000e+00 1.191096256290221334e+01 5.775714337430840533e+04 0.000000000000000000e+00
4.821630540976318116e+03 1.015380222922111919e+01 0.000000000000000000e+00 1.159181569792296607e+01 6.011937644809639460e+04 0.000000000000000000e+00
5.167124424970264045e+03 9.905449991493187056e+00 0.000000000000000000e+00 1.265437131658216963e+01 5.729994453954574419e+04 0.000000000000000000e+00
5.036867957871606450e+03 1.155563478097915464e+01 3.374918323201427928e+00 1.274141664636644755e+01 4.232733129161899797e+02 8.597637195825507206e+01
5.139431742402872260e+03 1.055075564068381588e+01 3.352515913170656781e+00 1.295949438621821592e+01 4.251744562673544579e+02 8.702961151244910809e+01
5.014606615860229795e+03 1.138966615623822420e+01 3.695194926802679802e+00 1.342761488340728704e+01 4.248351833323314395e+02 8.733748003654471859e+01
5.588833645568122847e+03 1.090131483934140633e+01 3.516243533804529253e+00 1.348406361081031335e+01 4.494618201092074514e+02 8.698419689140467881e+01
5.619379312419329835e+03 1.098100869634938626e+01 3.600463099874051220e+00 1.275836350065032221e+01 4.223080688980127206e+02 8.477015683221402753e+01
5.669595198733181860e+03 1.094642076586731960e+01 3.723841782909866005e+00 1.269057423835343101e+01 4.316890437073205362e+02 8.630099594651574080e+01
5.495578290018358530e+03 1.119737091421094988e+01 3.631571693945439883e+00 1.280797324327352449e+01 4.367184025417045063e+02 8.475905955715161610e+01
5.829838665556748310e+03 1.068102723916094199e+01 3.593067719052093434e+00 1.274892515750017452e+01 4.464350207681855522e+02 8.175028945554423387e+01
5.614499038875731458e+03 1.103038328480076657e+01 3.749930123423738770e+00 1.342299213142299763e+01 4.520292334286913842e+02 8.809956665299637280e+01
5.941047012243266181e+03 1.163808905632712332e+01 3.788081106570200252e+00 1.288911919897360292e+01 4.188154941335526473e+02 8.837038491809794039e+01
6.302115676306092610e+03 1.141198165077176796e+01 3.696230085041526170e+00 1.350813656651510364e+01 4.391293635837581633e+02 8.349418758508836902e+01
6.361786748788064870e+03 1.083071345554063925e+01 3.641308344135792741e+00 1.368261970751204615e+01 4.463059416513291353e+02 8.454257638446864576e+01
6.508515300745506465e+03 1.125609536236058794e+01 3.593308666741620527e+00 1.243401334022156668e+01 4.099362778925132034e+02 8.167528116598609245e+01
6.145546692811148205e+03 1.098083856986192153e+01 3.786261878828760086e+00 1.340403172122306685e+01 4.348360036370396529e+02 8.492853653795930313e+01
