-4.525637636547175102e-02 5.539905677217568325e+00 3.509507806681072761e+00 2.815364264001272598e+00 1.412329169537547386e+03 5.785648938326072539e+02
3.263258501622846097e+01 5.909006728989629309e+00 3.218365881475349521e+00 2.693133130879116877e+00 1.342579511517140872e+03 6.105099652545774234e+02
3.367305130757441134e+01 7.877139951134750184e+00 4.168789787265053448e+00 3.220826735762498672e+00 1.331016912928464990e+03 5.761613387968254756e+02
4.814392886398077565e+01 7.590912687082907340e+00 4.187228498905777307e+00 3.372350013866022955e+00 1.364990780070961364e+03 6.150619471279218260e+02
9.906987919410481425e+01 7.668617060734262303e+00 4.337382973685294907e+00 3.504020722407087174e+00 1.908782291277883871e+02 8.384893533388191145e+01
1.495379475726733745e+02 8.398047278237731561e+00 4.672925467051624260e+00 3.555723050819217246e+00 2.080522019256038675e+02 7.648226840063814791e+01
2.045680592987960722e+02 8.177963974549193438e+00 4.689777347966243681e+00 3.328436376659423601e+00 3.494735943082728795e+02 7.910385192541728827e+01
2.580890789196344031e+02 8.395363313210458145e+00 4.507916330246022341e+00 3.588828535874526882e+00 3.755504065992149663e+02 1.465548351517271612e+02
3.145119703845073786e+02 8.935741650924995838e+00 4.742278248892127124e+00 3.376981827848429152e+00 3.470059638825035790e+02 1.397617689442973870e+02
3.626833143848755867e+02 9.134423872624953589e+00 4.983643424849949710e+00 3.739734632743091147e+00 3.463781059818446124e+02 1.421921688760997711e+02
3.951119723489996431e+02 8.977830323496847953e+00 4.951134004728303672e+00 3.502932724820615906e+00 3.584918841985691529e+02 1.419079281444550702e+02
4.785735754011195127e+02 9.529568858882017324e+00 5.297343135354102728e+00 3.762110730314976781e+00 3.629736260132638108e+02 1.399068771672940557e+02
6.261405562092684249e+02 1.047268910911535400e+01 5.510293166249218721e+00 4.212457407109388541e+00 3.640996147507801197e+02 1.420819839789149057e+02
6.493709972736842246e+02 1.035152760898980340e+01 5.768459930260685375e+00 4.515353391802121585e+00 7.041564056295143246e+02 3.128007772232052162e+02
8.007269643475445946e+02 1.064405272226646737e+01 6.287119729697576709e+00 4.546909742185293091e+00 7.431286377315265099e+02 3.153700353974108452e+02
9.304467123675041194e+02 1.173054635703072535e+01 6.171160333763550554e+00 4.569423232704350468e+00 7.752953112199439829e+02 3.175845367160998194e+02
1.038355519166544127e+03 1.182366142265546216e+01 6.146206045960282083e+00 4.524037442223765026e+00 7.086693882363440480e+02 3.124535500942901081e+02
1.125303377477043341e+03 1.170906997476257594e+01 6.737178850329675228e+00 4.488766590898103814e+00 7.594664893920477198e+02 3.084703154701540484e+02
1.202422082255046234e+03 1.135160556213219074e+01 6.534283945891598222e+00 4.752447496048853637e+00 7.059182271798900956e+02 3.023408756765877001e+02
1.283682631312485000e+03 1.201281069473761676e+01 6.842730822929317114e+00 4.594670434736138454e+00 7.727597940942409878e+02 3.052592207362535532e+02
1.332115999256791156e+03 1.197009369591280326e+01 6.581390909990007643e+00 5.011326603215072062e+00 7.337947546652247865e+02 3.258380619432256253e+02
1.661700684486015007e+03 1.272370157083919651e+01 7.017271385403870632e+00 5.158989301960427376e+00 7.209159989533064845e+02 3.128747672881173116e+02
1.723065455402671887e+03 1.230911412131699478e+01 6.977954231170875765e+00 5.229402631852448913e+00 8.379198427369149158e+02 3.188734636645542651e+02
2.028675125155739806e+03 1.288230301425126179e+01 6.693685377163152594e+00 5.239054982396695870e+00 8.301130524834659354e+02 3.088678235854740137e+02
2.184228173984607565e+03 1.267523329771180762e+01 6.973227284909981449e+00 5.082058456351856712e+00 8.264978906248419435e+02 3.227255993451685754e+02
2.214384919298704972e+03 1.270344619580741607e+01 7.222644574179048149e+00 5.102557736637881369e+00 8.104439465385478343e+02 3.130825421503797088e+02
2.532137055116872034e+03 1.346811229350936046e+01 6.975178919636159769e+00 5.565226547341683982e+00 8.115620799623222865e+02 2.996703703797253411e+02
2.495231425773788033e+03 1.398481424866689160e+01 7.452124076357648619e+00 5.492370144836703716e+00 8.024765588402901813e+02 3.002274245829490837e+02
2.893508828946853100e+03 1.398077173131767559e+01 7.329743773913453886e+00 5.499735534282178762e+00 7.918358138223883316e+02 3.025963894321463954e+02
2.978350131310310189e+03 8.250786694244466091e+00 0.000000000000000000e+00 1.018252313971329137e+01 7.753451676266595314e+02 3.007938693989666490e+02
2.822489934945888763e+03 7.944927319023714851e+00 0.000000000000000000e+00 9.732964654650505310e+00 5.931045913596217724e+04 0.000000000000000000e+00
3.150544325940200451e+03 8.088938462279623209e+00 0.000000000000000000e+00 9.775804072601950168e+00 5.643850544953955250e+04 0.000000000000000000e+00
3.293501023515406359e+03 8.686474186287439281e+00 0.000000000000000000e+00 1.025122670049097628e+01 6.065846492240320367e+04 0.000000000000000000e+00
3.344350066031463030e+03 8.923775124308718887e+00 0.000000000000000000e+00 1.073655280113713850e+01 5.586689703631209704e+04 0.000000000000000000e+00
3.521907775350996417e+03 9.051789924226545381e+00 0.000000000000000000e+00 1.074445504441563592e+01 5.599460897905114689e+04 0.000000000000000000e+00
3.336677719956783221e+03 9.178669246245410918e+00 0.000000000000000000e+00 1.061067694107470061e+01 5.632111028353284928e+04 0.000000000000000000e+00
3.559326153728896315e+03 9.404918951744406286e+00 0.000000000000000000e+00 1.064950205138198491e+01 5.973642512056329724e+04 0.000000000000000000e+00
3.759264794694389821e+03 9.587031761766592552e+00 0.000000000000000000e+00 1.086284022477236988e+01 5.985721528287090769e+04 0.000000000000000000e+00
3.729964430999518754e+03 9.008554871312005830e+00 0.000000000000000000e+00 1.120635168851041996e+01 5.494304016302216769e+04 0.000000000000000000e+00
3.960288848874632095e+03 9.793528410690726105e+00 0.000000000000000000e+00 1.070675557538103817e+01 5.650572180527198361e+04 0.000000000000000000e+00
4.021577041737039508e+03 9.524550314077401936e+00 0.000000000000000000e+00 1.140844044832194548e+01 5.880870557941574225e+04 0.000000000000000000e+00
4.195194253964070413e+03 9.687755543301268091e+00 0.000000000000000000e+00 1.113427964509290291e+01 5.530617968762797682e+04 0.000000000000000000e+00
4.104530297390830128e+03 1.007195672461523905e+01 0.000000000000000000e+00 1.150461019303258503e+01 5.609230700924979465e+04 0.000000000000000000e+00
4.243579011401906428e+03 9.733474362762532195e+00 0.000000000000000000e+00 1.105143681541073697e+01 5.699672949494181375e+04 0.000000000000000000e+00
4.232803107346164325e+03 1.027522421346195003e+01 0.000000000000000000e+00 1.166505012305912103e+01 5.881793788510739250e+04 0.000000000000000000e+00
4.340785898445506064e+03 9.782864996820649139e+00 0.000000000000000000e+00 1.142532135336941401e+01 5.574895324910877389e+04 0.000000000000000000e+00
4.655298404883715193e+03 1.034106405117562488e+01 0.000000000000000000e+00 1.126041321526037109e+01 5.980326261095982773e+04 0.000000000000000000e+00
4.778279568815349194e+03 1.037842373676457264e+01 0.000000000000000000e+00 1.216689032688526062e+01 5.894111925892050203e+04 0.000000000000000000e+00
4.896482238523721207e+03 1.027265500806205800e+01 0.000000000000000000e+00 1.233835135589083976e+01 5.649060712708020583e+04 0.000000000000000000e+00
5.070590519462673001e+03 9.744863158342914389e+00 0.000000000000000000e+00 1.196052607468044293e+01 5.608423026047042367e+04 0.000000000000000000e+00
4.772207425762862840e+03 9.769913517045672791e+00 0.000000000000000000e+00 1.192651114232061715e+01 5.793104775546109158e+04 0.000000000000000000e+00
5.194098237540796617e+03 1.052611439818653949e+01 0.000000000000000000e+00 1.216692014945299682e+01 5.982943418800598738e+04 0.000000000000000000e+00
5.212534417482413119e+03 1.079158481627622379e+01 0.000000000000000000e+00 1.190554596175602065e+01 5.561107797813027719e+04 0.000000000000000000e+00
5.195236639165604174e+03 1.069964760668881176e+01 3.372805024055812062e+00 1.254190939404286098e+01 4.487846029461903754e+02 8.332204728271098304e+01
5.315315324208967468e+03 1.131722465404922673e+01 3.599830899454114164e+00 1.223860785223838654e+01 4.661258672223076474e+02 8.684720558568488968e+01
5.330244004704620238e+03 1.087937067048455830e+01 3.570641081765579816e+00 1.257054921645249479e+01 4.547997020471251517e+02 8.375806754655415887e+01
5.503339424858035272e+03 1.072527907598172625e+01 3.436490786816759790e+00 1.287746842143319448e+01 4.484317201212189730e+02 8.275532684043479037e+01
5.624343483299559921e+03 1.150832325520310384e+01 3.757038654354292628e+00 1.234449623130515938e+01 4.427073426507597560e+02 8.596816153306113506e+01
5.303538525261283212e+03 1.146523172062193474e+01 3.610122338484564875e+00 1.242183904196288147e+01 4.522772274027636854e+02 8.803385550044153263e+01
5.876344218855234431e+03 1.149374182044033610e+01 3.612145699069533311e+00 1.283856169609494025e+01 4.212684396615343871e+02 8.166212949012698630e+01
5.648117454787588940e+03 1.064748918630070484e+01 3.775355523280183423e+00 1.351431452058414528e+01 4.531781417428871350e+02 8.439182313276542402e+01
5.685379485412953727e+03 1.153549481831232804e+01 3.590063097848222640e+00 1.347203252344271185e+01 4.311597077926138013e+02 8.668786001441512212e+01
5.843263173933743019e+03 1.172978126066183258e+01 3.519113532792990995e+00 1.303533508494721005e+01 4.382528557405233869e+02 8.588553400138262361e+01
5.824941665902738350e+03 1.178768519427520900e+01 3.589736427963538201e+00 1.332490562994380667e+01 4.167148139641857369e+02 8.192571578549066658e+01
6.208100631563130264e+03 1.087968251140815212e+01 3.819436301368924092e+00 1.286793126601506820e+01 4.341576578621509839e+02 8.843251882934436026e+01
6.008619177327185753e+03 1.075170889231947413e+01 3.838051549274334118e+00 1.307334544312172220e+01 4.506092700634146127e+02 8.752067856821510361e+01
6.218745529706677189e+03 1.163113188171674217e+01 3.578508261121996270e+00 1.269514857350854342e+01 4.126422335731663793e+02 8.664207657634668180e+01
