-1.381017560373315467e-01 5.901361546107430911e+00 3.269017075007668360e+00 2.939208621358351703e+00 1.468575103716603962e+03 6.083749196669682533e+02
3.342351305569042097e+01 5.672860021850348211e+00 3.347981527868443941e+00 2.917491590117120115e+00 1.449296680480438681e+03 5.983263738299752958e+02
3.145850520774414605e+01 7.704444083342401939e+00 4.150656264425429676e+00 3.187108441753436772e+00 1.361632415089988399e+03 6.164064001463965496e+02
5.095113197161119700e+01 7.719414317705544981e+00 4.178660220060123720e+00 3.361583016194689133e+00 1.440999411780536548e+03 6.061272800419528721e+02
1.017107396249468962e+02 7.781663305069943526e+00 4.557256442085740211e+00 3.271361442872064540e+00 1.954529332672130124e+02 7.819679997852287556e+01
1.442593368882846505e+02 8.009450602593974011e+00 4.534078444614899617e+00 3.331808871778898951e+00 1.957248669639981529e+02 7.779517696161430251e+01
1.929057761490314817e+02 7.894168540726266947e+00 4.557624905524924941e+00 3.497344242711155182e+00 3.773944703385280945e+02 7.951895157939986802e+01
2.423553601243945366e+02 8.730503778871803178e+00 4.633046047094625308e+00 3.371256538269428393e+00 3.748510039817917914e+02 1.365407042913637099e+02
2.875605931213400481e+02 8.320333029143871073e+00 4.675693377395838901e+00 3.581207002029861197e+00 3.743746192922992009e+02 1.414619154527925957e+02
3.455149173176536124e+02 8.351306925259052605e+00 4.700679478398312128e+00 3.678859624895816971e+00 3.600338493725749913e+02 1.436488193958541899e+02
4.024859943036321965e+02 8.687265229558587265e+00 5.054849373188068817e+00 3.805894206281201342e+00 3.468886522529369927e+02 1.395231980165886512e+02
5.188699838520234380e+02 9.370231121542287767e+00 5.216454456674733287e+00 3.986025484475102409e+00 3.589459172448619029e+02 1.384133966524724144e+02
5.701831107015365205e+02 1.047495412984270402e+01 5.469843755857080936e+00 4.081651632480782332e+00 3.553732284978692633e+02 1.437017559120148746e+02
6.526054309699519536e+02 1.112703999547567868e+01 6.047247911981205704e+00 4.376985872700008606e+00 7.487570147657809230e+02 3.187880201389992294e+02
8.340306553884637424e+02 1.056340892369107820e+01 5.922720722680595351e+00 4.670236805935436664e+00 7.284369342218849397e+02 3.149828396326886946e+02
8.605105758231246682e+02 1.088086765116720933e+01 6.210292475819288782e+00 4.530171385985243049e+00 7.331005386939493746e+02 2.967236387995992573e+02
9.658800952727283402e+02 1.143227454234078166e+01 6.101201244670513724e+00 4.661340197337722202e+00 7.151997776839739345e+02 3.020260284645420370e+02
1.091514207828530061e+03 1.129624569206265328e+01 6.429454862954342431e+00 4.837443232127525583e+00 7.185655146491892538e+02 3.173301529572284494e+02
1.203243024566602116e+03 1.154264016916618552e+01 6.352410013571382130e+00 5.000000548008983081e+00 7.205322648011155025e+02 3.212810309228055416e+02
1.305921997820451679e+03 1.193958186998806958e+01 6.527139347439544714e+00 4.739454386193067137e+00 7.673044261949252132e+02 3.187902356952208720e+02
1.408584778771494939e+03 1.246002254160724654e+01 6.319290470624782330e+00 5.082575089512597621e+00 7.293579393610185662e+02 3.103627484160297172e+02
1.535055719520144521e+03 1.172418853191479116e+01 6.613112012085926139e+00 4.864866105807153396e+00 7.643043307856758020e+02 3.251390162568309847e+02
1.876135007531017209e+03 1.203785347466119582e+01 6.854715652331993425e+00 5.056445829253624069e+00 7.692291153917427664e+02 2.974175283347964296e+02
2.009989260499608463e+03 1.293151832438355697e+01 6.677157504266642007e+00 5.059573562965631766e+00 8.307142048518944648e+02 3.090876380311214575e+02
2.149040282188968376e+03 1.252876608013976423e+01 7.085579142768009042e+00 5.276279359165023664e+00 7.957765896048593959e+02 3.055611275586830402e+02
2.247740743601480517e+03 1.299068292883715969e+01 6.720137596043617378e+00 5.272847306376984733e+00 7.889804096872888977e+02 3.165104198635347075e+02
2.643310648996781310e+03 1.296845388767278351e+01 7.163442006768060644e+00 5.222386855713434528e+00 8.081039888679612204e+02 3.031079509915454651e+02
2.497419884556270517e+03 1.313536119228037435e+01 7.097924575611475717e+00 5.625749316141608780e+00 8.239613187177844793e+02 3.109822193237623082e+02
2.779696612363556142e+03 1.315926363483487371e+01 7.532348855845454771e+00 5.966392887264012401e+00 8.377870534548331989e+02 2.966773014408165636e+02
2.891140403005229018e+03 8.225263280241987829e+00 0.000000000000000000e+00 9.617102540903935903e+00 7.926945070950974923e+02 3.005790542176479221e+02
3.037510451514118813e+03 7.793664108629204001e+00 0.000000000000000000e+00 1.019986095268763293e+01 6.044097279300657101e+04 0.000000000000000000e+00
3.019905746419082334e+03 8.456254871341180035e+00 0.000000000000000000e+00 1.011194770679409771e+01 5.673029132175138511e+04 0.000000000000000000e+00
3.193356108319114810e+03 8.314310080694909288e+00 0.000000000000000000e+00 9.978533907132865366e+00 5.719404578763789323e+04 0.000000000000000000e+00
3.395149662418715252e+03 8.577920391804754630e+00 0.000000000000000000e+00 1.031360700260125718e+01 6.006929436192465801e+04 0.000000000000000000e+00
3.477100001151601191e+03 8.984382122167405171e+00 0.000000000000000000e+00 1.056606854484223845e+01 5.507086473086022306e+04 0.000000000000000000e+00
3.387746833653623980e+03 9.053471169688419806e+00 0.000000000000000000e+00 1.108272499009485834e+01 5.651518086210380716e+04 0.000000000000000000e+00
3.648634632226227041e+03 9.316608978367593608e+00 0.000000000000000000e+00 1.085666816267506007e+01 5.905270536766802252e+04 0.000000000000000000e+00
3.523038313435221880e+03 9.354902354767821393e+00 0.000000000000000000e+00 1.102297262858051674e+01 6.068583543677350099e+04 0.000000000000000000e+00
3.643952460727663492e+03 9.694232173408497744e+00 0.000000000000000000e+00 1.133131090897936666e+01 5.765123266207307461e+04 0.000000000000000000e+00
4.017474736592248519e+03 9.236005864294977385e+00 0.000000000000000000e+00 1.122173349645566631e+01 6.008805217041602737e+04 0.000000000000000000e+00
3.853536102439716615e+03 9.473157760574828501e+00 0.000000000000000000e+00 1.153619865312427706e+01 5.734655686633905862e+04 0.000000000000000000e+00
4.002008515533575064e+03 9.643839692041531464e+00 0.000000000000000000e+00 1.119520096101647155e+01 5.517745759171729878e+04 0.000000000000000000e+00
4.004708563803842480e+03 9.920106196448131186e+00 0.000000000000000000e+00 1.138834345043203378e+01 5.614508837909169961e+04 0.000000000000000000e+00
4.429908752433360860e+03 9.780643878433656013e+00 0.000000000000000000e+00 1.172423814321609825e+01 5.765484394535949832e+04 0.000000000000000000e+00
4.244058640569859563e+03 9.957610894366094811e+00 0.000000000000000000e+00 1.115518733081317571e+01 5.819534096498427971e+04 0.000000000000000000e+00
4.279262979187336896e+03 1.026813153324799543e+01 0.000000000000000000e+00 1.221440005762307202e+01 5.896819737651421747e+04 0.000000000000000000e+00
4.575237813075604208e+03 9.904161171795722751e+00 0.000000000000000000e+00 1.222661985318319644e+01 5.946762381064532383e+04 0.000000000000000000e+00
4.836575646991092981e+03 1.014189234843972898e+01 0.000000000000000000e+00 1.188407115931415525e+01 5.515237667849195714e+04 0.000000000000000000e+00
4.887585711465769236e+03 1.009056930231714944e+01 0.000000000000000000e+00 1.227094532092240442e+01 5.949306565550206869e+04 0.000000000000000000e+00
5.074545580800197058e+03 1.053991581100868835e+01 0.000000000000000000e+00 1.187645424407998362e+01 5.885765837200230453e+04 0.000000000000000000e+00
4.868827796115390811e+03 1.018871407768227222e+01 0.000000000000000000e+00 1.200287189552438782e+01 5.625105936732901318e+04 0.000000000000000000e+00
4.880468266340055379e+03 1.050246295147496056e+01 0.000000000000000000e+00 1.242751466040098229e+01 5.829629740955879970e+04 0.000000000000000000e+00
5.204844908693406978e+03 1.021465262782488104e+01 0.000000000000000000e+00 1.236752269355822165e+01 5.828887823492996540e+04 0.000000000000000000e+00
4.999654046915196886e+03 1.065587723957683153e+01 3.430835784987992465e+00 1.283831857630475248e+01 4.281828635558119913e+02 8.892864553215244428e+01
5.351558193630075039e+03 1.156920908273022874e+01 3.354814132026604057e+00 1.228658752784763664e+01 4.400598937650714788e+02 8.574466158785138248e+01
5.160624107010329681e+03 1.075419405332748646e+01 3.399116514062922256e+00 1.237842990517308195e+01 4.500948611728652509e+02 8.527462029372638597e+01
5.465861253288023363e+03 1.137247992217995574e+01 3.506950262660941675e+00 1.332480272162978352e+01 4.195878234939884237e+02 8.087612597700440631e+01
5.232121169597588960e+03 1.101091802633328243e+01 3.404300405160166410e+00 1.253925702797654473e+01 4.457755656362364221e+02 8.566564050648199213e+01
5.562217451725417959e+03 1.139222707768923115e+01 3.593918174597845461e+00 1.346340559402803905e+01 4.206282897182198326e+02 8.468586981542171088e+01
5.680079156575808156e+03 1.099644077389617181e+01 3.757857309434287529e+00 1.289916779822329218e+01 4.418426628965513032e+02 8.106126479546585983e+01
5.661018490667646802e+03 1.127303586853409456e+01 3.775024284517404904e+00 1.240956714611853151e+01 4.381890424177789782e+02 8.610115945065743404e+01
6.130082596617267882e+03 1.155877974931712338e+01 3.767636937548517029e+00 1.260189287547285275e+01 4.365908097164393098e+02 8.220632090311262630e+01
6.007980982154576850e+03 1.084574548526697413e+01 3.793950662557041387e+00 1.332484572543452117e+01 4.308672769528321851e+02 8.548843659576074572e+01
6.323398218256040309e+03 1.090834172595807594e+01 3.633552571402747677e+00 1.256857392850052868e+01 4.163812692810206499e+02 8.718778156037750193e+01
6.233232646336543439e+03 1.069614348671834847e+01 3.624556843244536086e+00 1.351946632361372203e+01 4.232479764034656000e+02 8.288217750873617717e+01
6.390783990168831224e+03 1.163814695488693829e+01 3.561037945247714109e+00 1.358114195885666753e+01 4.494926288441145061e+02 8.876824383429155318e+01
6.434693900577189197e+03 1.086549932803844065e+01 3.702679566065671501e+00 1.281853078791376710e+01 4.454678392955934214e+02 8.114527395336264703e+01
