-1.308984606656549143e-01 5.805926036508823884e+00 3.504767037768883320e+00 2.810725365769418893e+00 1.341503842618122917e+03 6.178727519824416277e+02
3.308455258829548029e+01 6.010646393720184832e+00 3.495466457871065025e+00 2.854024123147541836e+00 1.449207059631655738e+03 5.948272035819617258e+02
3.264172025696693424e+01 7.497390929670538995e+00 4.471026248072851317e+00 3.333885763425270099e+00 1.342117651023644385e+03 5.748888818572935406e+02
4.724863490342234229e+01 7.552741170340392607e+00 4.564757153029184167e+00 3.410911180308439761e+00 1.333311096098292637e+03 5.853455371086225796e+02
1.005409812178980360e+02 8.034019776370106669e+00 4.433631662625714398e+00 3.432852980447679059e+00 1.961529940190012553e+02 8.252987031351244696e+01
1.420299544179198676e+02 8.343104098622587728e+00 4.428373171140663089e+00 3.270017638108078550e+00 1.968309270722348572e+02 8.088537225239227269e+01
1.985271009160802009e+02 7.882812023035777216e+00 4.815094587700453843e+00 3.565787469942108601e+00 3.509556684645036739e+02 8.273586066624872615e+01
2.542984209627128678e+02 8.693266648510528327e+00 4.863439326010809971e+00 3.427870395708255913e+00 3.463910788358545574e+02 1.420529898093087127e+02
3.001745456689797606e+02 8.572970143576851498e+00 4.668487285782296325e+00 3.655918642579849998e+00 3.645529924701311302e+02 1.385778465981222780e+02
3.407578825227856782e+02 8.573997435962441571e+00 5.011019510539752808e+00 3.524673461702866550e+00 3.623474685876201988e+02 1.381025142487889070e+02
4.233085286626132984e+02 8.819661082552537223e+00 4.719494359945266559e+00 3.750756303125931890e+00 3.587033270872357207e+02 1.498791591499874016e+02
4.910095757153819136e+02 9.982583899270274230e+00 5.156468559851545841e+00 3.969000548516312232e+00 3.529000519263608453e+02 1.435892669442586964e+02
5.811776260234023539e+02 9.943522187915874611e+00 5.770456579504674721e+00 3.927455171793483579e+00 3.732011469471738678e+02 1.467440789849552516e+02
6.732222410669888859e+02 1.069616717942368211e+01 6.257486840007533857e+00 4.167318109360988565e+00 7.633137073614934707e+02 3.019405075256948976e+02
7.850311040036006034e+02 1.131536454650877843e+01 6.073754122894879259e+00 4.541726368907696987e+00 7.191675791103263009e+02 3.071901775120153957e+02
8.740082007025466737e+02 1.136252825556981882e+01 6.124172724788787825e+00 4.577437340530425836e+00 7.472033407371093290e+02 3.017906920709918950e+02
9.577739117845376313e+02 1.171611641938527804e+01 6.123697705438057248e+00 4.745523127778781713e+00 7.576885928114363651e+02 3.144153728497607858e+02
1.065092961630446553e+03 1.181559667869537300e+01 6.631790778916148987e+00 4.645531573382274182e+00 7.367871795322831758e+02 3.252444247542410949e+02
1.217017417540359929e+03 1.211778135165105219e+01 6.705691447972590424e+00 4.814931383243810536e+00 7.729892718636970130e+02 3.107556358755734891e+02
1.331600382119194137e+03 1.141593994947233526e+01 6.676486248460660633e+00 4.610680886976064485e+00 7.111506648468729281e+02 3.238310104486836849e+02
1.339465621355525855e+03 1.193379642731043688e+01 6.722005038851606606e+00 5.029855531517749334e+00 7.494738622520923172e+02 3.050016735661009193e+02
1.534651299015452196e+03 1.209764924727112856e+01 6.972742770806784840e+00 4.875182121203605945e+00 7.638142615291098991e+02 3.128643303645958440e+02
1.788467043520515972e+03 1.195296527166007650e+01 6.867411500669095226e+00 5.258526650484357745e+00 8.207637975558355947e+02 3.264919197310894106e+02
2.076746539822933755e+03 1.296902644497233226e+01 7.177763411814879646e+00 4.956564261380680847e+00 8.249257980034979028e+02 3.198009872518944121e+02
2.150781768159846706e+03 1.263576023062487153e+01 6.698734047124237811e+00 5.567119473925925988e+00 7.859443747850359614e+02 3.200004691549870017e+02
2.217940708361411453e+03 1.342164053050885997e+01 7.145092015650832629e+00 5.127474074616839239e+00 7.767307926496392838e+02 2.989986878986903776e+02
2.541431821170230251e+03 1.284182021639681714e+01 6.976467441889444565e+00 5.282976132596067131e+00 7.885524810922656798e+02 3.124639389570660342e+02
2.563370296685816356e+03 1.428664712290733441e+01 7.466294917515670093e+00 5.375526638963095571e+00 8.013008359059010672e+02 3.194417406856765069e+02
3.011682915611446788e+03 1.406348740036639455e+01 7.364820725054147310e+00 5.631015465745838888e+00 8.262539491719744547e+02 3.127106752146527242e+02
2.907392005326249091e+03 7.763958453485125588e+00 0.000000000000000000e+00 1.008722210758110194e+01 7.761049204826308596e+02 3.270535479152482594e+02
2.977464710835490678e+03 7.913658967408816913e+00 0.000000000000000000e+00 1.005177682710446696e+01 5.800242905032232375e+04 0.000000000000000000e+00
3.031744688533706267e+03 8.667565464710012435e+00 0.000000000000000000e+00 1.031518033428108971e+01 5.970532258023520990e+04 0.000000000000000000e+00
3.129743636424575925e+03 8.731552381292745579e+00 0.000000000000000000e+00 1.017883608194546952e+01 6.025694473631832807e+04 0.000000000000000000e+00
3.125287182947633937e+03 8.610428309414373871e+00 0.000000000000000000e+00 1.057431550116355012e+01 5.993866749767858710e+04 0.000000000000000000e+00
3.450215359630628882e+03 8.784694866254072920e+00 0.000000000000000000e+00 1.104315034843443222e+01 5.587030592299707496e+04 0.000000000000000000e+00
3.609507756403733765e+03 9.034817238918158466e+00 0.000000000000000000e+00 1.032368167150957916e+01 5.958818597842465533e+04 0.000000000000000000e+00
3.546508984379655885e+03 8.606072654002419497e+00 0.000000000000000000e+00 1.053763739404818445e+01 5.725746938575527747e+04 0.000000000000000000e+00
3.683397011983282482e+03 9.027500698178650751e+00 0.000000000000000000e+00 1.047796812909958497e+01 5.501539460940498975e+04 0.000000000000000000e+00
3.736875827651849249e+03 9.183020902425258924e+00 0.000000000000000000e+00 1.126520236536862107e+01 5.885903057808770245e+04 0.000000000000000000e+00
3.867992747877891816e+03 8.921713290046064060e+00 0.000000000000000000e+00 1.161407619380667988e+01 5.835551111912107444e+04 0.000000000000000000e+00
4.156263482436536833e+03 9.446709114687601883e+00 0.000000000000000000e+00 1.101525685240330432e+01 6.066037753257426812e+04 0.000000000000000000e+00
4.183617729785415577e+03 9.854272967083629098e+00 0.000000000000000000e+00 1.168463220622625443e+01 5.690993742256178666e+04 0.000000000000000000e+00
3.997151069455413108e+03 9.455368780736492340e+00 0.000000000000000000e+00 1.110393932922459115e+01 5.700571983680849371e+04 0.000000000000000000e+00
4.375438188800936587e+03 9.679384869360331933e+00 0.000000000000000000e+00 1.155371549880156223e+01 5.661855042954462260e+04 0.000000000000000000e+00
4.483150145305225124e+03 9.364598419485567149e+00 0.000000000000000000e+00 1.194050911432306172e+01 5.641933261435981694e+04 0.000000000000000000e+00
4.338822904328908407e+03 9.584592062615104879e+00 0.000000000000000000e+00 1.144905450213741815e+01 5.734768655273814511e+04 0.000000000000000000e+00
4.594009511934243164e+03 1.023554465515750600e+01 0.000000000000000000e+00 1.138770751065433373e+01 5.793292857811041176e+04 0.000000000000000000e+00
4.462516841602506247e+03 1.038925968799585320e+01 0.000000000000000000e+00 1.212769169532764302e+01 5.808439528510775563e+04 0.000000000000000000e+00
4.739846412076899469e+03 1.013532446031052814e+01 0.000000000000000000e+00 1.198807906810417556e+01 5.969407376630984072e+04 0.000000000000000000e+00
4.721925765771181432e+03 1.048939213694853478e+01 0.000000000000000000e+00 1.235206882936178019e+01 5.883743919757931144e+04 0.000000000000000000e+00
4.777693302179716738e+03 9.982799711040314605e+00 0.000000000000000000e+00 1.187815602730117170e+01 5.733695286744477926e+04 0.000000000000000000e+00
5.320083225774455968e+03 1.048759024636177450e+01 0.000000000000000000e+00 1.209538678440191184e+01 5.544845349403087312e+04 0.000000000000000000e+00
5.082320096389968057e+03 1.073112682807205509e+01 0.000000000000000000e+00 1.161861980042651865e+01 5.736638765427711041e+04 0.000000000000000000e+00
5.164807664866000778e+03 1.100525861460443089e+01 3.451008438885511787e+00 1.315861734452772502e+01 4.466197870830825991e+02 8.857179248318655596e+01
5.358247548622672184e+03 1.131903480628713332e+01 3.404493225445504034e+00 1.271726971600325662e+01 4.316506380619595689e+02 8.725096625726656896e+01
5.144470629712193841e+03 1.088588757943965923e+01 3.379270214315103438e+00 1.255185659299361767e+01 4.393925162203558443e+02 8.689329726581884472e+01
5.623248131349225332e+03 1.106252962228926506e+01 3.677433362703834252e+00 1.349447056586567939e+01 4.517005743982949184e+02 8.126468114014804200e+01
5.310247537086706870e+03 1.123951214973478407e+01 3.757352995483741243e+00 1.268015100679738794e+01 4.447312374244611419e+02 8.877897426569920469e+01
5.438563496004087028e+03 1.171739163525960770e+01 3.581092951507681477e+00 1.318843278175134515e+01 4.204556793509544832e+02 8.306019252573932476e+01
5.546193083120668234e+03 1.155087763473394702e+01 3.790470894569077487e+00 1.356135811551891734e+01 4.190824838961320893e+02 8.167766609822051294e+01
5.804620948348270758e+03 1.172228312815033746e+01 3.462377589476036466e+00 1.340863674845040876e+01 4.518402558555754354e+02 8.772487870481529626e+01
5.674590429414040045e+03 1.139258716199418764e+01 3.506091124596556696e+00 1.267820947449829205e+01 4.329756134851785419e+02 8.695695996369219927e+01
6.202592505283218088e+03 1.162008915682723753e+01 3.591762046441835388e+00 1.355891185464807158e+01 4.399788016839274292e+02 8.844026913307006055e+01
5.982221987303055357e+03 1.173641974058648607e+01 3.796041957382263465e+00 1.261425951095622189e+01 4.290466802808701345e+02 8.864789753932535632e+01
5.877868008257227302e+03 1.177712193205623770e+01 3.515208164731511431e+00 1.302883233497013116e+01 4.347478632364628766e+02 8.153680732378001039e+01
6.460607036695988427e+03 1.115105614846397586e+01 3.695262923753624751e+00 1.279904062574484769e+01 4.510109958862332178e+02 8.445222882647622953e+01
6.369827212798587425e+03 1.075042482930887999e+01 3.503353956555125936e+00 1.316257020216053242e+01 4.510986949189962729e+02 8.133359858505586715e+01
