-2.740042955051315010e-01 5.905817992346254819e+00 3.348594548927892767e+00 2.696245209915840046e+00 1.382430525335787479e+03 6.255552328007718188e+02
3.329899266118877676e+01 5.896737699590981485e+00 3.278903433172843052e+00 2.887485342412130951e+00 1.465992920068926196e+03 6.072516764360494790e+02
3.281587966795813571e+01 7.835582430715375857e+00 4.369951084505862227e+00 3.249043122942112394e+00 1.407435426301861298e+03 6.189740820608369631e+02
4.759219141311312740e+01 8.065978211086221705e+00 4.374473150877447480e+00 3.319663390804549863e+00 1.373338692095309852e+03 5.760094387679273495e+02
1.041834383722423070e+02 7.653767587179209464e+00 4.658326330077399824e+00 3.448841450975068224e+00 1.953994665632665999e+02 8.089709622049582549e+01
1.575314292813637280e+02 8.107356594096890134e+00 4.441278975838768517e+00 3.362696576819268479e+00 2.096269888982761529e+02 7.719463276725564072e+01
2.058516363112638032e+02 8.512255319465182879e+00 4.644089978016437747e+00 3.460039839436074960e+00 3.643961451756987913e+02 7.999438708521603303e+01
2.476496952136795358e+02 8.271481692693024357e+00 4.763465179353723045e+00 3.335775752841070751e+00 3.655231946043260791e+02 1.469175082922627098e+02
3.129717217814686023e+02 8.545252990618045885e+00 4.721603874026703451e+00 3.624172985870854458e+00 3.430093543908920992e+02 1.396077452920781639e+02
3.393949940633760320e+02 8.343023848257670849e+00 4.676852857085555648e+00 3.741646570925482251e+00 3.483643560012013722e+02 1.397424245068891651e+02
3.991724131669723761e+02 9.231378194207465526e+00 5.076762916198375386e+00 3.478344235751130054e+00 3.663745590966305485e+02 1.381372597712205277e+02
4.865997046142788349e+02 9.846385079808507967e+00 5.231163085633569132e+00 4.005952959631002841e+00 3.596910055513175166e+02 1.441615218805386860e+02
6.165196188472392578e+02 1.010266571030384064e+01 5.449677703193902545e+00 4.215443793746026735e+00 3.693248702961603271e+02 1.479560154350985499e+02
6.828602773072061609e+02 1.128240798297453296e+01 6.192749341957745735e+00 4.244690888159516895e+00 7.603448054710592032e+02 3.095270219576221393e+02
7.709582384668146915e+02 1.151500373565044910e+01 6.059012642789509684e+00 4.366882537939818398e+00 7.338294164967337565e+02 3.166564902396128787e+02
8.617117813865534117e+02 1.170286783491721749e+01 6.515846335272362566e+00 4.409111086932658630e+00 7.464823365421362951e+02 3.113667239453308184e+02
9.598400449372956018e+02 1.093502767255623098e+01 6.170943545042502087e+00 4.797834845226510936e+00 7.500690783640208110e+02 3.044174914946983108e+02
1.114709103087764788e+03 1.115152663644326303e+01 6.449711657182241709e+00 4.567881131842466580e+00 7.597908841922122747e+02 3.176829333102635360e+02
1.212626748998956373e+03 1.204941926575756206e+01 6.636339298269401610e+00 4.563129057236007924e+00 7.036789528552145612e+02 3.180340774625631752e+02
1.363944885017403067e+03 1.193476562647131622e+01 6.821186438500699722e+00 4.612587102441159992e+00 7.607584675787870765e+02 3.088232913102247608e+02
1.378446188688240909e+03 1.248190897670217403e+01 6.444281291690388436e+00 4.846272950616938857e+00 7.074100302587214628e+02 3.157861886080183922e+02
1.564129595110962782e+03 1.257681498906714346e+01 6.640593074316629263e+00 4.781478592233961322e+00 7.264051575332350694e+02 3.073749188664728536e+02
1.808421597800151858e+03 1.255320529928674134e+01 6.581055966332546525e+00 5.148318498965249290e+00 7.855088369229778209e+02 3.254194846803985115e+02
2.088134038221327046e+03 1.237144156229399528e+01 6.669912121082489875e+00 5.161588856911326850e+00 7.877427191168145555e+02 3.009764310619597723e+02
2.272318108068823676e+03 1.267134517074045341e+01 6.854868595627050532e+00 5.507120569887375972e+00 8.368308541882041709e+02 3.242779990435728337e+02
2.396248938865797754e+03 1.339391744882411750e+01 7.142866312377240234e+00 5.610188286073620745e+00 8.317663083618690507e+02 3.081295416740245514e+02
2.603879168764829501e+03 1.290613447082216858e+01 7.049216531105484407e+00 5.285922579346815198e+00 8.204966504656621282e+02 3.229256337213569736e+02
2.569228080470769328e+03 1.319535466933757739e+01 6.992406691067213131e+00 5.650035674872857072e+00 8.270012991407851359e+02 2.986279547246389825e+02
2.789183001408722703e+03 1.396944061649610447e+01 7.556759124925303439e+00 5.574402640960089528e+00 7.860352239721944443e+02 3.031490866575467749e+02
2.947322507863282226e+03 7.793062558699628717e+00 0.000000000000000000e+00 9.477577171657181054e+00 7.926547312084564965e+02 3.081569845651276296e+02
2.881025972175283641e+03 7.881480535362427098e+00 0.000000000000000000e+00 1.040429220065634830e+01 6.002178253751089505e+04 0.000000000000000000e+00
2.986610556734250622e+03 8.266293576615014516e+00 0.000000000000000000e+00 9.877610048251680652e+00 5.640719821603551827e+04 0.000000000000000000e+00
3.305914464949908506e+03 8.727952296591537262e+00 0.000000000000000000e+00 1.005984070969216582e+01 5.508312063064356335e+04 0.000000000000000000e+00
3.262651600179187881e+03 8.550484644648529198e+00 0.000000000000000000e+00 1.047087429811311488e+01 5.554209845426333777e+04 0.000000000000000000e+00
3.435227871367746047e+03 8.613815022087607076e+00 0.000000000000000000e+00 1.025568672329648479e+01 5.559494540897527622e+04 0.000000000000000000e+00
3.434645915146434618e+03 8.488512636588231075e+00 0.000000000000000000e+00 1.038375415124432344e+01 5.821174225843586464e+04 0.000000000000000000e+00
3.492516613918620351e+03 8.998954547019923922e+00 0.000000000000000000e+00 1.060754848397650285e+01 5.709965876859995478e+04 0.000000000000000000e+00
3.724338167624843209e+03 9.378208617700826366e+00 0.000000000000000000e+00 1.126795433466276997e+01 5.982707913775415363e+04 0.000000000000000000e+00
3.712681004058299550e+03 9.342533143017549335e+00 0.000000000000000000e+00 1.160915406936881134e+01 5.575829152816232818e+04 0.000000000000000000e+00
3.875004182127263448e+03 9.210759022623761894e+00 0.000000000000000000e+00 1.123793280268435879e+01 6.008067263645634375e+04 0.000000000000000000e+00
4.101736467220863233e+03 9.792723378340150830e+00 0.000000000000000000e+00 1.176546626076119395e+01 5.733655599410543073e+04 0.000000000000000000e+00
4.237359251167804359e+03 9.776897871233799719e+00 0.000000000000000000e+00 1.105934717320337768e+01 5.904269898948296031e+04 0.000000000000000000e+00
4.005708455444316769e+03 9.608930270034626631e+00 0.000000000000000000e+00 1.155949180059423576e+01 5.737211280695726600e+04 0.000000000000000000e+00
4.342994902492760957e+03 9.566355870343720369e+00 0.000000000000000000e+00 1.103630036038219941e+01 5.932636031238871510e+04 0.000000000000000000e+00
4.276034595882877511e+03 9.805557692871117226e+00 0.000000000000000000e+00 1.111499427646577587e+01 5.625984519355589146e+04 0.000000000000000000e+00
4.429286244893986805e+03 9.799332678679684605e+00 0.000000000000000000e+00 1.186832797513962667e+01 5.767757365466764168e+04 0.000000000000000000e+00
4.783566709943462229e+03 1.023892945128779353e+01 0.000000000000000000e+00 1.176091342868140899e+01 5.574607668499378633e+04 0.000000000000000000e+00
4.773466330443821789e+03 1.004633079791899242e+01 0.000000000000000000e+00 1.217928504902772957e+01 6.046588068707326602e+04 0.000000000000000000e+00
4.613263631031055411e+03 1.017553912543590755e+01 0.000000000000000000e+00 1.251912916530106301e+01 5.766662591367580899e+04 0.000000000000000000e+00
4.656493512841882875e+03 1.065409810933274493e+01 0.000000000000000000e+00 1.144946758188121905e+01 6.015506560930799606e+04 0.000000000000000000e+00
4.837543539365419747e+03 1.034586518691982882e+01 0.000000000000000000e+00 1.187878666758005330e+01 5.970076829540894687e+04 0.000000000000000000e+00
4.930374512218091695e+03 1.019670150333965708e+01 0.000000000000000000e+00 1.162056813709366665e+01 5.784595539655289758e+04 0.000000000000000000e+00
5.402355423334293846e+03 1.030747020100705313e+01 0.000000000000000000e+00 1.199395214783275421e+01 5.805961215311765409e+04 0.000000000000000000e+00
4.943571390262704881e+03 1.054919913407572274e+01 3.617457058901677236e+00 1.251975602470941951e+01 4.233036847755557801e+02 8.768671121861605400e+01
4.977200886877099947e+03 1.104023632884803696e+01 3.647851525351420321e+00 1.282309306749909972e+01 4.577088513507390530e+02 8.232500441221228016e+01
5.113731388678394978e+03 1.122042154940234937e+01 3.589173851631090262e+00 1.251796510861056788e+01 4.616833942061982725e+02 8.462758277503623106e+01
5.416816291527226895e+03 1.063141574697416836e+01 3.486466574368979998e+00 1.313330510266880857e+01 4.560030740574072183e+02 8.783747314491863278e+01
5.308799996071486930e+03 1.140260681385408326e+01 3.509770394022845075e+00 1.336008090468371101e+01 4.174452766227712459e+02 8.698577692480721169e+01
5.640302316674152280e+03 1.156577482141221402e+01 3.739240799296064566e+00 1.265887828002227877e+01 4.369193997728801833e+02 8.886834961941428901e+01
5.723079314466174765e+03 1.094825160285362564e+01 3.694922521134734517e+00 1.348640942683513266e+01 4.403089544403592868e+02 8.658644000813102082e+01
6.040350888345988096e+03 1.089437383711989149e+01 3.508938709814220402e+00 1.241392073523713790e+01 4.291657202479905209e+02 8.205388588097819991e+01
5.674832561756682480e+03 1.123525167286656412e+01 3.521148816959521088e+00 1.253505218477539884e+01 4.185877664015758910e+02 8.877029686582898194e+01
5.848747290086781504e+03 1.174233255442526591e+01 3.786682123297637315e+00 1.369102660070246102e+01 4.317640351245777310e+02 8.144449537899329528e+01
6.047122615308919194e+03 1.114512174089965590e+01 3.826896941534615237e+00 1.307793883447046035e+01 4.381022426310798323e+02 8.868945203210908801e+01
6.056322562615298011e+03 1.118997966097811947e+01 3.710358746702305588e+00 1.317378897265935755e+01 4.266474603047388428e+02 8.478321110975360853e+01
6.188276287221032362e+03 1.075513283881023519e+01 3.500407377672587916e+00 1.337668220299377886e+01 4.505602580378154585e+02 8.536809350987333289e+01
6.076969128161583285e+03 1.073892404109884247e+01 3.848867730255326691e+00 1.322539258503143245e+01 4.332132382218256339e+02 8.301053192026614624e+01
