-3.707376938349198348e-01 5.678021657323461646e+00 3.497521253913833394e+00 2.736180642614435499e+00 1.392047141265150685e+03 6.092282412355763199e+02
3.463651314876825893e+01 5.912480048115224207e+00 3.501708655777390877e+00 2.933558997949195390e+00 1.456321388242157582e+03 5.706626000465986408e+02
3.374129945175117484e+01 7.521628318369949717e+00 4.533384927189403335e+00 3.427133753672313876e+00 1.363935076260732103e+03 6.205341054499957636e+02
5.228364913103516187e+01 7.750696867780453303e+00 4.211363224118282567e+00 3.322300186092814300e+00 1.381852910871423546e+03 5.989478627535845590e+02
1.041817902327749294e+02 8.291977096102186806e+00 4.342890417911180911e+00 3.336415741055763551e+00 2.073523909654473414e+02 7.727913650428719450e+01
1.451545011338492088e+02 8.005567096060390853e+00 4.333663964770316568e+00 3.512566891453605233e+00 2.004403849745908133e+02 8.152219659529798435e+01
2.090093625840332550e+02 8.588680183937022150e+00 4.381788694158669450e+00 3.587019402501697041e+00 3.490790460701550160e+02 7.655991021277364439e+01
2.549163591974887311e+02 8.652023730630421738e+00 4.618506798249271128e+00 3.576419920770937289e+00 3.766418550724241072e+02 1.363564982154096015e+02
2.923067258911240174e+02 8.233920008221366160e+00 4.993093993137480702e+00 3.497290037622409642e+00 3.770533904541115930e+02 1.380049229872815033e+02
3.662098362528823827e+02 9.111069616003447891e+00 4.781310843464532390e+00 3.726010863597982947e+00 3.539616364796314656e+02 1.368412022440379587e+02
4.214172218004106867e+02 8.987199983618200605e+00 5.186030721960507961e+00 3.583909115916126265e+00 3.620480301435986235e+02 1.468951729793817833e+02
5.165125997542813820e+02 9.343289976164300015e+00 5.129032055263010648e+00 3.852105944287436134e+00 3.665248064311538201e+02 1.455832227121849769e+02
5.959959334849488641e+02 1.041391368141524332e+01 5.416104607989756126e+00 4.260963176174453082e+00 3.570800219474982100e+02 1.385957080863824444e+02
6.968454934885506873e+02 1.061096610803148721e+01 6.138996089563774738e+00 4.464412189272850107e+00 7.075401998861530046e+02 3.082181347434162717e+02
8.168558903829003839e+02 1.146104314207360986e+01 6.320126139888170513e+00 4.249737279969521886e+00 7.080017797652419631e+02 3.195734047206361765e+02
9.404582984508276695e+02 1.085688712055728544e+01 6.171235571266755038e+00 4.724281248574046188e+00 7.208480881323440599e+02 3.090061870914581732e+02
9.864586878225564988e+02 1.179195590251540260e+01 6.340323260246964132e+00 4.660510255764299892e+00 7.378692500038283697e+02 3.069850929895307559e+02
1.098013614141802691e+03 1.109394791498963606e+01 6.130470401352996923e+00 4.507234231066192365e+00 7.394762411270369284e+02 3.059410771969302800e+02
1.197921634500392884e+03 1.114562293966720041e+01 6.764440502149760448e+00 4.600323687284723739e+00 7.645029249882419435e+02 2.983277035565673145e+02
1.321405166652529033e+03 1.203021782064811696e+01 6.605818789836492400e+00 4.883910606623767414e+00 7.459845954615180972e+02 3.141835174950296050e+02
1.399913663500260327e+03 1.187537275884890775e+01 6.390110596339037663e+00 4.746393983024868923e+00 7.243196010221652159e+02 2.967503416678870281e+02
1.587307961028128602e+03 1.190773391183394203e+01 6.393798895165820895e+00 5.042402787557293209e+00 7.255475538341665924e+02 3.229131298759286324e+02
1.877934932608097824e+03 1.219929675728388396e+01 6.791659344384446406e+00 4.936890346184156897e+00 7.980773762436393781e+02 3.221547164516175599e+02
2.036294032140670652e+03 1.271966847254626032e+01 7.200229176122423524e+00 5.208359365674139596e+00 7.734084756076870235e+02 3.042042325842271566e+02
2.252388390006715326e+03 1.258797666195892972e+01 7.281745158369147042e+00 5.510654395540974804e+00 7.722712592708051034e+02 2.980468232604602576e+02
2.188859003736080922e+03 1.362400989373517746e+01 7.267736990821137333e+00 5.484811475177101769e+00 7.763538583431550251e+02 3.145885542150781475e+02
2.559721558770913362e+03 1.372778716394633847e+01 7.343035843350544489e+00 5.216748594761874358e+00 7.679713776114988377e+02 3.189082990791658290e+02
2.729795319944882522e+03 1.319742350022697863e+01 6.968919015065643485e+00 5.595202263261098707e+00 7.780555230836530427e+02 3.164218283470683559e+02
2.754170333551350268e+03 1.328519913214295656e+01 7.441037298606797634e+00 5.648099914063124061e+00 8.261998985787168976e+02 3.000949034042329231e+02
2.972145132745663432e+03 8.251298308770589784e+00 0.000000000000000000e+00 9.487656007597616181e+00 7.990392276634697737e+02 2.976329780117766290e+02
3.108065691042276740e+03 8.317363621775665905e+00 0.000000000000000000e+00 1.045638661636384370e+01 5.532012832341009926e+04 0.000000000000000000e+00
3.082976872174087475e+03 8.651790156628731410e+00 0.000000000000000000e+00 1.030508209822842502e+01 6.014814507564588712e+04 0.000000000000000000e+00
3.017999999688550361e+03 8.859998025464385307e+00 0.000000000000000000e+00 1.027124187362207763e+01 5.834320900731455185e+04 0.000000000000000000e+00
3.358458337696204580e+03 8.971891011561575979e+00 0.000000000000000000e+00 1.040672801825751748e+01 6.034813700521678402e+04 0.000000000000000000e+00
3.344895616200826225e+03 9.179786055079654616e+00 0.000000000000000000e+00 1.045726058280999382e+01 5.915616813978662685e+04 0.000000000000000000e+00
3.514350068688136162e+03 8.853585958627009589e+00 0.000000000000000000e+00 1.098225638660777825e+01 5.748072550958200009e+04 0.000000000000000000e+00
3.437201905784279916e+03 9.420743266493690982e+00 0.000000000000000000e+00 1.098650205859278906e+01 5.730558390308608796e+04 0.000000000000000000e+00
3.655861015830517772e+03 9.554776264528390683e+00 0.000000000000000000e+00 1.114397033250381241e+01 5.828789472173515969e+04 0.000000000000000000e+00
3.649099265164887129e+03 9.140986048867555169e+00 0.000000000000000000e+00 1.160168454475240019e+01 5.888953468901446467e+04 0.000000000000000000e+00
3.785214394161712335e+03 8.945949786317706653e+00 0.000000000000000000e+00 1.155216432875362109e+01 5.500367634979477589e+04 0.000000000000000000e+00
4.050662965131052260e+03 9.829539382272166392e+00 0.000000000000000000e+00 1.106872542231306866e+01 5.830633353482637176e+04 0.000000000000000000e+00
4.237795739673946628e+03 9.666317355233704944e+00 0.000000000000000000e+00 1.186544610227437246e+01 5.854203251882015320e+04 0.000000000000000000e+00
4.268367594368186474e+03 9.935960597458930010e+00 0.000000000000000000e+00 1.124893766662709815e+01 6.015495523705828964e+04 0.000000000000000000e+00
4.322911733048111273e+03 9.676690976070542405e+00 0.000000000000000000e+00 1.110498575743270422e+01 5.824638561998608202e+04 0.000000000000000000e+00
4.537394732098942768e+03 1.006287908853319735e+01 0.000000000000000000e+00 1.203511310217782793e+01 6.011750247891012259e+04 0.000000000000000000e+00
4.542729109427634285e+03 9.603187230513821504e+00 0.000000000000000000e+00 1.219358343372716824e+01 5.636279258052287332e+04 0.000000000000000000e+00
4.641947363192710327e+03 9.749438155837227171e+00 0.000000000000000000e+00 1.132726942877147813e+01 5.569995498387627595e+04 0.000000000000000000e+00
4.533905648966252556e+03 9.666052047485495180e+00 0.000000000000000000e+00 1.208823497345779430e+01 5.549454110406796099e+04 0.000000000000000000e+00
4.621261942313019972e+03 9.623867121225107013e+00 0.000000000000000000e+00 1.251216493889169001e+01 5.917314756423917424e+04 0.000000000000000000e+00
4.699573770710915596e+03 1.037942340902076310e+01 0.000000000000000000e+00 1.188251228799253667e+01 5.568447289629549050e+04 0.000000000000000000e+00
5.047003471144675132e+03 9.902191079843106536e+00 0.000000000000000000e+00 1.220733410373355809e+01 5.510074289115880674e+04 0.000000000000000000e+00
5.176060804857653238e+03 9.965779816514528378e+00 0.000000000000000000e+00 1.176733210145536646e+01 5.769974226418476610e+04 0.000000000000000000e+00
5.384327317010932347e+03 1.055552896484880421e+01 0.000000000000000000e+00 1.175646846328452000e+01 5.593617655290701077e+04 0.000000000000000000e+00
5.071407897795033932e+03 1.065465250453000223e+01 3.653809237903784535e+00 1.225434078756117096e+01 4.352238674020555891e+02 8.125701258242261815e+01
4.920201516098964021e+03 1.107176340768166689e+01 3.352874003661201474e+00 1.247036337252628613e+01 4.661547341185778350e+02 8.335528668941105934e+01
5.476579553181184565e+03 1.120422053295781595e+01 3.668213077841413483e+00 1.258601438232146918e+01 4.478030891728452048e+02 8.216632107524509365e+01
5.534494315090371856e+03 1.123529201981249059e+01 3.676254599071185680e+00 1.348904835275593683e+01 4.416497399047507884e+02 8.186425970809308694e+01
5.538320562803746725e+03 1.066148200529839762e+01 3.547657159323224452e+00 1.308766825624502950e+01 4.530207688195470723e+02 8.670098968718184551e+01
5.391276249147151248e+03 1.104159701677886929e+01 3.580680965872724553e+00 1.296916311984002945e+01 4.537972451354715986e+02 8.365384962837627825e+01
5.443216192473071715e+03 1.101503591646377878e+01 3.785952224047456571e+00 1.348359080629523810e+01 4.213315409190605578e+02 8.660368572136761145e+01
5.827901371772025414e+03 1.111837656757543513e+01 3.736484981605352473e+00 1.335469016186925373e+01 4.341009693346892959e+02 8.755179152491285777e+01
6.119206305553059792e+03 1.152085573913269556e+01 3.699077627171222460e+00 1.260455277558720333e+01 4.114213236910059095e+02 8.799120990473549853e+01
5.748950439663767611e+03 1.096873062616549177e+01 3.481416791015135015e+00 1.363370308933193620e+01 4.406799242583982164e+02 8.106143619953466839e+01
6.123083933212659758e+03 1.172698526774485295e+01 3.528953619142972009e+00 1.344330104639459300e+01 4.398001980692593520e+02 8.873823141710889217e+01
5.908276323351773499e+03 1.177663086215390820e+01 3.500115170001158571e+00 1.363599386042383799e+01 4.171381970657856186e+02 8.207820855550562555e+01
6.391980712747876169e+03 1.121141896676532745e+01 3.730074882417653725e+00 1.329358515119823458e+01 4.237676536654695383e+02 8.388372277312258518e+01
6.373314688559120441e+03 1.142061789933981508e+01 3.619822564225204875e+00 1.248872452731235150e+01 4.499637523392456160e+02 8.862486145981806374e+01
