1.438911549733447037e-01 5.763536780788760971e+00 3.200267036687985289e+00 2.708058929100573220e+00 1.448487731746594363e+03 5.998526677048636202e+02
3.141089835212206793e+01 5.883321471743074405e+00 3.303453050130411128e+00 2.758191338660938019e+00 1.346800486823125766e+03 5.794920733206125760e+02
3.280951016041255031e+01 7.796299536156760190e+00 4.159005176805945503e+00 3.186854352466966578e+00 1.459898432208741042e+03 6.192906316103470772e+02
5.284298957383392548e+01 7.838451153102749203e+00 4.325330993670776891e+00 3.232103967170782521e+00 1.449551804385147989e+03 5.878643493949646199e+02
1.040397549200038441e+02 8.182333930031207458e+00 4.324537317862398922e+00 3.480249893042285603e+00 1.909248218091973115e+02 8.094967975755727707e+01
1.440196117232913480e+02 8.100502517859439422e+00 4.702130893688183377e+00 3.344725822662947046e+00 2.031619185264181056e+02 7.713559340634878936e+01
1.933224481561886705e+02 8.548531725563185191e+00 4.746015634682736462e+00 3.440889554382298599e+00 3.433431513951587135e+02 7.889627800371277999e+01
2.571959675326045840e+02 8.763697793308544703e+00 4.801216712848502155e+00 3.346995566260270394e+00 3.436790346654976247e+02 1.462534362236136474e+02
3.036227673966818088e+02 8.638140137945741870e+00 4.957506123015953392e+00 3.476468233066739799e+00 3.637255833016472479e+02 1.374042191100665775e+02
3.501573058123424289e+02 9.045028857793200316e+00 4.892797989771246137e+00 3.725435106622262627e+00 3.764378518385794337e+02 1.460239195154805714e+02
4.276752982386323083e+02 9.328395483502660568e+00 5.118999333248992478e+00 3.565017995271225093e+00 3.724578577250450735e+02 1.475149956253408163e+02
4.844560518835858716e+02 1.002463639716407506e+01 5.346909219719965023e+00 3.832702258086739810e+00 3.437033758895536835e+02 1.488216136268608523e+02
6.301226282018579923e+02 1.005017141685726578e+01 5.520877621751917985e+00 3.939275109140861986e+00 3.478639215670226577e+02 1.378226111893044106e+02
7.007812693654225313e+02 1.115703690587012709e+01 5.734169459179318196e+00 4.158920845167203950e+00 7.707292720576715510e+02 3.130739015791001520e+02
8.316417506501417165e+02 1.075541602963189547e+01 6.240387721432004042e+00 4.254549521427493097e+00 7.276931524575757066e+02 3.019726149032328522e+02
9.424095840301472435e+02 1.146614497355899687e+01 6.422817403159196914e+00 4.338062380290117481e+00 7.064730797375814291e+02 3.250512985190415520e+02
9.627430344493188841e+02 1.114017059540689303e+01 6.467916393266595065e+00 4.859829300918286243e+00 7.117752716388318959e+02 3.259605138177767003e+02
1.072597733857472804e+03 1.180884250748152198e+01 6.188545862101663353e+00 4.845193587612912189e+00 7.169844119319679976e+02 3.171695572064897988e+02
1.146130604409186617e+03 1.189367696191297874e+01 6.656108793315315353e+00 4.983620981798881466e+00 7.596076039387747869e+02 2.979002949565833092e+02
1.278345734056892979e+03 1.153166329507636512e+01 6.799252915455608282e+00 4.945692654702529722e+00 7.561657625670662810e+02 2.998707718126865984e+02
1.331661586001585874e+03 1.223914109792924165e+01 6.483859643540560214e+00 4.868234824041681286e+00 7.212417882149964043e+02 3.027287953615239076e+02
1.570646495338414979e+03 1.180705574887078946e+01 6.704836646872752048e+00 5.143602777993974584e+00 7.730331381372600390e+02 3.055111648800996136e+02
1.888227885050081113e+03 1.279054313907461804e+01 6.521483853817449550e+00 5.314173717040715950e+00 8.261491158628771245e+02 3.248651470762977169e+02
1.923121604555240083e+03 1.244068920432655290e+01 6.623645269527644430e+00 5.066448379309497874e+00 8.354948426708180023e+02 3.006239048891524703e+02
2.229251210405410347e+03 1.314927482910495549e+01 7.351173460303566998e+00 5.394392445018979743e+00 8.270494943241538977e+02 3.037505522142976702e+02
2.198347765821203666e+03 1.299787002227862232e+01 6.810446592112866071e+00 5.408638398972034800e+00 8.272592685016611540e+02 3.234441027262637363e+02
2.544968017235484695e+03 1.383104607791117857e+01 6.937426493377408576e+00 5.396665638045147873e+00 8.349406469913777755e+02 3.208330901623506861e+02
2.718500316554986512e+03 1.309007049196901207e+01 6.988298951927003344e+00 5.785316139822079151e+00 8.040261107107351108e+02 3.134848434469118956e+02
2.939837093294614533e+03 1.410997358681311908e+01 7.374009081821141898e+00 5.754191866337688310e+00 7.600930715560625686e+02 3.180774912449148246e+02
3.020758771333478762e+03 7.982339455236163950e+00 0.000000000000000000e+00 1.005224917675261587e+01 7.722783296686692438e+02 3.175360401454432235e+02
3.014277954036218489e+03 8.130928058538566816e+00 0.000000000000000000e+00 9.657168344208791666e+00 5.600672249631327577e+04 0.000000000000000000e+00
3.200385426164898035e+03 8.557138591167388952e+00 0.000000000000000000e+00 1.029705438061560585e+01 5.694370903769691358e+04 0.000000000000000000e+00
3.126380855320061073e+03 8.777525148954962830e+00 0.000000000000000000e+00 1.049075947516147700e+01 5.986111276123302378e+04 0.000000000000000000e+00
3.248401262976133239e+03 8.234730260232323573e+00 0.000000000000000000e+00 1.097931958207805003e+01 5.894736951927150949e+04 0.000000000000000000e+00
3.465417973367530067e+03 8.719159082644322822e+00 0.000000000000000000e+00 1.028320224095145363e+01 5.532104183663897857e+04 0.000000000000000000e+00
3.564206087554124224e+03 8.635581890183891218e+00 0.000000000000000000e+00 1.040493405599182353e+01 6.014601223167691933e+04 0.000000000000000000e+00
3.512519528550871655e+03 8.898592096802229179e+00 0.000000000000000000e+00 1.106798073656999115e+01 5.586334145140335750e+04 0.000000000000000000e+00
3.800035210859866311e+03 9.583395561457910716e+00 0.000000000000000000e+00 1.084977738879665843e+01 5.506733820374511561e+04 0.000000000000000000e+00
3.638390900763157788e+03 8.975790426478354789e+00 0.000000000000000000e+00 1.088043905333394434e+01 5.633940369192515936e+04 0.000000000000000000e+00
3.931987267505577620e+03 9.261625598359339406e+00 0.000000000000000000e+00 1.092868302298976602e+01 5.843601106144597725e+04 0.000000000000000000e+00
4.030772810373430275e+03 9.647931797052693881e+00 0.000000000000000000e+00 1.166776878220032820e+01 6.028124589836724044e+04 0.000000000000000000e+00
4.095294459838738021e+03 9.899945353612437771e+00 0.000000000000000000e+00 1.173402458639257162e+01 6.050688148380064376e+04 0.000000000000000000e+00
4.170984642473253189e+03 9.999870461966050783e+00 0.000000000000000000e+00 1.193676381425772703e+01 5.677500104364901927e+04 0.000000000000000000e+00
4.123808125561738962e+03 1.007830273634420060e+01 0.000000000000000000e+00 1.172409632590688489e+01 5.775439149782873574e+04 0.000000000000000000e+00
4.180135459838666975e+03 9.493425515752196731e+00 0.000000000000000000e+00 1.108599129167790487e+01 5.767206697204045486e+04 0.000000000000000000e+00
4.331864869277096659e+03 9.658268090660554250e+00 0.000000000000000000e+00 1.175616648219227223e+01 5.720806161491484818e+04 0.000000000000000000e+00
4.540897192496543539e+03 9.675313600909406730e+00 0.000000000000000000e+00 1.233698280507523215e+01 5.807453586022255331e+04 0.000000000000000000e+00
4.529041393401999812e+03 1.004963252951685071e+01 0.000000000000000000e+00 1.244244253890878582e+01 5.858336830793177796e+04 0.000000000000000000e+00
4.599351992230509495e+03 9.730255951810161008e+00 0.000000000000000000e+00 1.190663319100922379e+01 5.654467095126894856e+04 0.000000000000000000e+00
4.883183536973409900e+03 9.748977941828790961e+00 0.000000000000000000e+00 1.206629532597143495e+01 5.494970889479332982e+04 0.000000000000000000e+00
5.114970175945675692e+03 9.757754281009313857e+00 0.000000000000000000e+00 1.254573196308003880e+01 5.527393263711947657e+04 0.000000000000000000e+00
5.036224969157718078e+03 1.007217277062115812e+01 0.000000000000000000e+00 1.157791718100840939e+01 5.686943316477223561e+04 0.000000000000000000e+00
5.319881871044063701e+03 9.962328291777341249e+00 0.000000000000000000e+00 1.243022139609141519e+01 5.878720037540580233e+04 0.000000000000000000e+00
5.293267385769388966e+03 1.137592432787788077e+01 3.538810310147161520e+00 1.286983460259713574e+01 4.535969812091477138e+02 8.764889804567513920e+01
4.956813450562626713e+03 1.097975509479136491e+01 3.666404378790971030e+00 1.246775183365741313e+01 4.502493019795583677e+02 8.717775993825451053e+01
5.109035205264324759e+03 1.124822853716566229e+01 3.431350076987198960e+00 1.317156552139005754e+01 4.560810545205976041e+02 8.328668286001808951e+01
5.169045539814102085e+03 1.119799567647997662e+01 3.671280001815723892e+00 1.299015969912103508e+01 4.518178442197335585e+02 8.664727171156788188e+01
5.628410429047004982e+03 1.111166652493386664e+01 3.756888897090805202e+00 1.269429993819604796e+01 4.578074340281647778e+02 8.274731750909657535e+01
5.313174467453760371e+03 1.114680399902042751e+01 3.559590670109771260e+00 1.264283885372027427e+01 4.489966741460104913e+02 8.329615157410749759e+01
5.648749115528463335e+03 1.062596467565325575e+01 3.486470919951266012e+00 1.333843968329188989e+01 4.142250729063497374e+02 8.650149556810623608e+01
6.010711407871763186e+03 1.153869543989883439e+01 3.659877535638550228e+00 1.296989612511521095e+01 4.312780574145343166e+02 8.224825949780442613e+01
5.756915750369652415e+03 1.076424666103019767e+01 3.533809864076889795e+00 1.351637496792177373e+01 4.382420830316144134e+02 8.192275849698499712e+01
5.752470907779453228e+03 1.173123962083107408e+01 3.756239046599290088e+00 1.261884111833512101e+01 4.403355974097700596e+02 8.656858513897360297e+01
6.172491788647101203e+03 1.156116478375277978e+01 3.487973285350006059e+00 1.302344100500712543e+01 4.104404969538384762e+02 8.278622776909313075e+01
6.147495085005556575e+03 1.078868835604588483e+01 3.500470390981155866e+00 1.338086311964332076e+01 4.321148871468555512e+02 8.234293358948590935e+01
6.358873424800641260e+03 1.107157963457067851e+01 3.544325284814446864e+00 1.262312476183018894e+01 4.339461148590934840e+02 8.810491240250496503e+01
6.199380018479980208e+03 1.158217375361893886e+01 3.598243444289681570e+00 1.266312843045077763e+01 4.207768346170695395e+02 8.716766227225919295e+01
