-4.480783550045388530e-01 6.029281603602844264e+00 3.157782222373513026e+00 2.696902231236752989e+00 1.529819424680096517e+03 5.421795754004417631e+02
3.470556717280786785e+01 5.348820669270923922e+00 3.042308930822156920e+00 2.559615430856384322e+00 1.490570939753055200e+03 6.135291630759875261e+02
3.673179130279724092e+01 7.128183849354100765e+00 4.702590823261861175e+00 3.236869709217990110e+00 1.282885029419715238e+03 5.721350556210321656e+02
3.968067704873408985e+01 7.835351380651986553e+00 4.273303788446096263e+00 3.044413974631094977e+00 1.282057614827857833e+03 6.364029310574193232e+02
1.024645346162455724e+02 8.733988199238840622e+00 4.865486755960946041e+00 3.560860322339668205e+00 2.011763714918589301e+02 7.757397341543452285e+01
1.724640996362312535e+02 7.782464086569913952e+00 4.589796568640717389e+00 3.609623689148434789e+00 2.017229281584938008e+02 8.423014300335914584e+01
2.122229497418191499e+02 8.323813608029634992e+00 4.989245178116274104e+00 3.170038138977067543e+00 3.756607817827557483e+02 8.777548182021345724e+01
2.607084514307546215e+02 7.796146520724338558e+00 4.576184275462598983e+00 3.274640854766991627e+00 3.800822020339869027e+02 1.390196066559936412e+02
2.416281751177810406e+02 9.067838289447385236e+00 4.623338017976248437e+00 3.227212640551915701e+00 3.245188085247047525e+02 1.383280405257321490e+02
3.638272211828055447e+02 8.655478310572391365e+00 5.123763825647809966e+00 3.901296586784671838e+00 3.282527329856179108e+02 1.491600683068591877e+02
4.586846961380247762e+02 8.095862821332177717e+00 5.385646284161990316e+00 3.398849831436577595e+00 3.517394407570999419e+02 1.305724182703056897e+02
5.472124291200150310e+02 1.000217465827643437e+01 5.469681270179067134e+00 3.755107043261221023e+00 3.449034482791142295e+02 1.463152491869313678e+02
6.288181714396448569e+02 1.075795451941050374e+01 5.229550915816526313e+00 4.156862668829777618e+00 3.676491162489270437e+02 1.505472129877456950e+02
7.285233926341944652e+02 1.087977009479345547e+01 6.219672804382648579e+00 4.341847869146017835e+00 7.531183322467654762e+02 3.093839630830246392e+02
7.865679083510859755e+02 1.000219021577621525e+01 6.490850504333436355e+00 4.582891615246295736e+00 7.033744958926570234e+02 3.140003612184037252e+02
1.002322925828980601e+03 1.058991831114708404e+01 6.697431679765426082e+00 4.943790764092074852e+00 7.465185800546274777e+02 2.857742776478121414e+02
1.191478317298554430e+03 1.082684076650194704e+01 6.861630723938155541e+00 4.423087944309304298e+00 7.029641094580475738e+02 3.289266673072486356e+02
1.018165715683397138e+03 1.179312189158448554e+01 6.452826295102664034e+00 4.893343113329589933e+00 7.549176140866952665e+02 3.086201375740537287e+02
1.435959300616544169e+03 1.207068870666163818e+01 6.118779681076290444e+00 4.365588314049117180e+00 7.553013913222440578e+02 2.999353690497267166e+02
1.536513423068824522e+03 1.181418493773627887e+01 6.477252027321567240e+00 4.990537893886746623e+00 7.158399068618188039e+02 2.980230163917766504e+02
1.254602590579297612e+03 1.182876492380512801e+01 6.190080070817517210e+00 4.695690888503644800e+00 7.918057483610953113e+02 3.020088184463381253e+02
1.866576560541351000e+03 1.281688728512156494e+01 7.303730703097806476e+00 5.360221113210613453e+00 7.925455441003064152e+02 3.422426582764978207e+02
1.461534255656670894e+03 1.374653220545458332e+01 7.073261830639301806e+00 5.585308520384210773e+00 7.527924362555437483e+02 3.181038673500059417e+02
1.628057364850075828e+03 1.327050514219998156e+01 6.394422107292060176e+00 5.163034280487214467e+00 8.252979409377836646e+02 3.371212122226378938e+02
2.403090723709656231e+03 1.304065522575771396e+01 7.294073427119736941e+00 5.500719468149276814e+00 8.632795697618128088e+02 2.913069391349309285e+02
2.002029673164892301e+03 1.368905807576533995e+01 7.541555647211491298e+00 5.271892816044083219e+00 8.297611654479684375e+02 3.374270979237824690e+02
2.474606083098366980e+03 1.325801131114060105e+01 6.568369286793200423e+00 5.411128878075561310e+00 8.065211867776021109e+02 2.992877719308739302e+02
3.044807923850316456e+03 1.424316925872975936e+01 6.584080128209933491e+00 5.233997358240307207e+00 7.659701421244949415e+02 2.985735844328240773e+02
3.080653675610999926e+03 1.464664159124906817e+01 6.626862481208557476e+00 6.053946257370573569e+00 8.634400514498789789e+02 3.328403687207672874e+02
3.275952889842469631e+03 8.224219014818217488e+00 0.000000000000000000e+00 9.933007543602220935e+00 7.698632792611043669e+02 3.049471870067787336e+02
3.414560689112590353e+03 8.518206837216196092e+00 0.000000000000000000e+00 9.320920764601082098e+00 5.799821662193660450e+04 0.000000000000000000e+00
2.849415226749963495e+03 8.674230844032452481e+00 0.000000000000000000e+00 1.078411009524393904e+01 6.161722773772111395e+04 0.000000000000000000e+00
3.595531249169783223e+03 8.375700565551785104e+00 0.000000000000000000e+00 1.069162546448227502e+01 5.705062863688018842e+04 0.000000000000000000e+00
3.916487643026634487e+03 7.992398927010441412e+00 0.000000000000000000e+00 1.123192830810232756e+01 5.784603915629573748e+04 0.000000000000000000e+00
3.759755194107387524e+03 9.380384866641341191e+00 0.000000000000000000e+00 1.124239143622657089e+01 5.822785396223632415e+04 0.000000000000000000e+00
4.135108871358861506e+03 9.042512969096819120e+00 0.000000000000000000e+00 1.088832185833194188e+01 5.648555023518325470e+04 0.000000000000000000e+00
2.880351120634086783e+03 9.452998577136893843e+00 0.000000000000000000e+00 1.033083726835909566e+01 5.734183265672471316e+04 0.000000000000000000e+00
3.462064193655373856e+03 9.527161083006733477e+00 0.000000000000000000e+00 9.932639005279462197e+00 5.638901212743763608e+04 0.000000000000000000e+00
4.065739775164540333e+03 9.319065210644232877e+00 0.000000000000000000e+00 1.095954728671981471e+01 6.335630007918092451e+04 0.000000000000000000e+00
3.330614177072353414e+03 9.367470823425330551e+00 0.000000000000000000e+00 1.095917103337083276e+01 5.932305934424635780e+04 0.000000000000000000e+00
3.351850834123963068e+03 9.454586856865290656e+00 0.000000000000000000e+00 1.229667631399068917e+01 6.264072281178468256e+04 0.000000000000000000e+00
3.831571734449787982e+03 1.049000601555886902e+01 0.000000000000000000e+00 1.099900272642230803e+01 5.854470798758027377e+04 0.000000000000000000e+00
4.980493669333642174e+03 9.643717348270538281e+00 0.000000000000000000e+00 1.187577463098685726e+01 5.672045226488682238e+04 0.000000000000000000e+00
3.743134919157820150e+03 9.408883672813184162e+00 0.000000000000000000e+00 1.076876475242417897e+01 5.965010654815867747e+04 0.000000000000000000e+00
4.748986708622526749e+03 9.317460936277282002e+00 0.000000000000000000e+00 1.203484629263683736e+01 5.673932358003297122e+04 0.000000000000000000e+00
4.595587479080382764e+03 1.028384830122984361e+01 0.000000000000000000e+00 1.180708629616121286e+01 6.293683561101807572e+04 0.000000000000000000e+00
4.669739727388750907e+03 1.014438428489601485e+01 0.000000000000000000e+00 1.241923547215476731e+01 6.207327150078987324e+04 0.000000000000000000e+00
5.368983886534350859e+03 9.109564310191156977e+00 0.000000000000000000e+00 1.191407871139900720e+01 6.038619349304507341e+04 0.000000000000000000e+00
5.189851138637691292e+03 1.083332040101978144e+01 0.000000000000000000e+00 1.199221301649517102e+01 6.222388642419545067e+04 0.000000000000000000e+00
5.331395680265118244e+03 9.991481197032621608e+00 0.000000000000000000e+00 1.245136973135442915e+01 5.838974101832116139e+04 0.000000000000000000e+00
5.099924266049349171e+03 1.103717051260048265e+01 0.000000000000000000e+00 1.279955837428076215e+01 5.367124511520301166e+04 0.000000000000000000e+00
5.147382420109545819e+03 1.085400734419810043e+01 0.000000000000000000e+00 1.210142785729949289e+01 5.647064159739337629e+04 0.000000000000000000e+00
5.755111250512387414e+03 1.054228513475901963e+01 0.000000000000000000e+00 1.287263074986346290e+01 5.939259742567927606e+04 0.000000000000000000e+00
5.306287527289485297e+03 9.975532577699555148e+00 3.541908763095054535e+00 1.232568060160874346e+01 4.617071664030531224e+02 8.521652970835049246e+01
5.861649993724159685e+03 1.110484533675441199e+01 3.301732381300734431e+00 1.275229449363290968e+01 4.617620692448159048e+02 8.550988957889968844e+01
5.343315412346280937e+03 1.010086396367614725e+01 3.738887808570415583e+00 1.257820083063627337e+01 4.322593488942574140e+02 8.490543382817782003e+01
4.941851348815093843e+03 1.221431208689948100e+01 3.365194509569248815e+00 1.331143920930466251e+01 4.484199907941638799e+02 7.984349225203172296e+01
5.113888146444643098e+03 1.005037110255235966e+01 3.820408423462906988e+00 1.354070281408119847e+01 4.078877663929105211e+02 9.309316943302950165e+01
6.409904521628048315e+03 1.098217642338012112e+01 3.585279024885557497e+00 1.250233132348471976e+01 4.656093858125992710e+02 8.971692953793167646e+01
5.282371730486873275e+03 1.038369977738971528e+01 3.508443500277596439e+00 1.345302674541229315e+01 4.380167332313721431e+02 9.075201550051433230e+01
4.810566089124964492e+03 1.195823658388404809e+01 3.438318213353451114e+00 1.238992065129002818e+01 4.156106988633168839e+02 9.284472084026732830e+01
4.736839938618970336e+03 1.022612796369208787e+01 3.438560389037247145e+00 1.177908791563388213e+01 4.739277119149297732e+02 9.093584657670005811e+01
6.525086204729414931e+03 1.043393383680991704e+01 3.322128678653915035e+00 1.299885757376051210e+01 4.352527580927096551e+02 8.911871123310409359e+01
5.616490971330374123e+03 1.014478946044800622e+01 3.534346188757794494e+00 1.408689708088444092e+01 4.302362200094349305e+02 7.870512005128971111e+01
7.090492559385162167e+03 1.078090806893451870e+01 3.952475349706205066e+00 1.194856633125881906e+01 4.298110972105021119e+02 8.382434287177879639e+01
6.176399478023167831e+03 1.208840256149174586e+01 3.653662422780135977e+00 1.309986499848914754e+01 4.535660878433354242e+02 9.296599848202782823e+01
7.071970076824822172e+03 1.103259117412709678e+01 3.485477840593352639e+00 1.271047444968366946e+01 4.200327854865724930e+02 8.356908000458673769e+01
