4.024455568526310589e-01 5.581782392620488586e+00 3.453368052489279361e+00 2.934369924793092110e+00 1.334445228043178304e+03 5.893480288694315732e+02
3.347530919942430216e+01 5.914141679036520216e+00 3.371900335240933355e+00 2.723308063978033378e+00 1.400552712408352363e+03 6.205092280984511035e+02
3.117265984751813335e+01 7.462353807338151235e+00 4.469608390113276819e+00 3.373970265768397869e+00 1.385402935824650740e+03 5.968628368406648406e+02
4.813199183423852645e+01 8.089782514531281166e+00 4.223742580631820509e+00 3.271825768843841686e+00 1.372251708345596398e+03 5.897277215892069080e+02
9.972421546570559769e+01 7.967413927079541658e+00 4.246229956535960248e+00 3.286652525395502789e+00 2.047861470284838390e+02 7.903590879602700170e+01
1.560910746471137998e+02 8.344239671345597742e+00 4.486548363709263576e+00 3.478610408766711348e+00 1.976292550100932601e+02 7.922584091158958586e+01
2.035730432683723734e+02 7.916160593701803805e+00 4.523054000532721552e+00 3.463593809559509129e+00 3.618590161369438647e+02 8.315540751977030709e+01
2.496650984599741321e+02 8.102886116365915825e+00 4.841843406997925925e+00 3.463694152674011928e+00 3.772044431438967536e+02 1.389154633649996811e+02
3.011459165450514206e+02 8.325987138774021190e+00 4.694857702361161955e+00 3.595300789390587060e+00 3.724206983293117332e+02 1.484283675056063601e+02
3.518282054510356716e+02 8.496323978206035576e+00 4.800038067860850965e+00 3.450388787509510724e+00 3.519757305057988219e+02 1.438863887266086579e+02
4.022294787709759021e+02 9.162721756621458269e+00 5.195454526741135837e+00 3.760663255845333008e+00 3.426190701499888860e+02 1.396661907140261860e+02
5.052759214206436695e+02 9.476631753931236801e+00 5.080750180629257429e+00 3.780759143082267126e+00 3.595711795266672652e+02 1.438667411946161110e+02
5.911504091741689990e+02 1.019059762382428502e+01 5.417303989296958555e+00 3.987384230784600803e+00 3.667290964901878851e+02 1.401130688009643563e+02
6.398622896418785331e+02 1.060625371463794409e+01 6.188639720758897234e+00 4.370385430965942675e+00 7.643028828861781676e+02 3.229568968703671317e+02
7.887051892479456683e+02 1.082523500269495642e+01 6.084697498011339079e+00 4.255451734353811410e+00 7.401010774091944313e+02 2.976153197954375287e+02
8.897015485144938793e+02 1.145095860350019379e+01 6.541705356242895064e+00 4.332961774697536406e+00 7.642693795361798266e+02 2.968092940403048487e+02
9.642120461058798355e+02 1.176449573470721610e+01 6.207600177442765599e+00 4.564463000632813738e+00 7.451135087090849538e+02 3.270858331107668846e+02
1.117380652530388943e+03 1.185686685088527170e+01 6.570102796533818790e+00 4.479237766389286612e+00 7.489649182639860783e+02 3.211982017051624894e+02
1.170864066394274005e+03 1.150669439911923853e+01 6.710697698876299633e+00 4.882165231437755715e+00 7.030928835880038150e+02 3.031916992127493131e+02
1.275183986459199559e+03 1.174972374802954356e+01 6.308846032204215248e+00 5.064602802746198229e+00 7.338787480380482293e+02 3.147749810619912978e+02
1.396316774554958329e+03 1.193807091508030460e+01 6.846650354323472243e+00 5.008768511032104520e+00 7.697944500695116403e+02 2.991324501937452283e+02
1.528272868736487453e+03 1.252048450869025409e+01 6.852117271698081602e+00 4.763904527568296743e+00 7.347537574026119955e+02 3.231649398980482601e+02
1.782432870843602586e+03 1.216855089326348605e+01 6.961665275450404700e+00 4.974924619304672113e+00 8.237940819673133319e+02 3.080902982103046952e+02
2.000618377858097119e+03 1.255697057970431096e+01 7.082364480725859224e+00 5.455184780436072245e+00 8.172217441419384159e+02 3.221361987843955035e+02
2.208329932921121781e+03 1.252280409060695732e+01 6.953833729563611676e+00 5.241906082550502610e+00 7.947475112312022247e+02 3.157387000546772242e+02
2.290568479875884350e+03 1.298079027496338256e+01 7.249336517053227347e+00 5.596386093440777643e+00 7.614870269694931721e+02 3.201655508618795807e+02
2.554080582211001001e+03 1.293155889671498393e+01 7.158449040413464637e+00 5.382967630134800174e+00 7.805644176648557959e+02 3.199894443048395942e+02
2.717504086235428986e+03 1.380176546831483186e+01 7.181029439521960711e+00 5.522268752225755861e+00 8.332543981530582187e+02 3.141402630476926561e+02
2.801342976156599889e+03 1.346885994071296189e+01 7.023634533610517039e+00 5.448071380907617112e+00 7.985570082724740359e+02 3.270935527373521268e+02
2.892288817744530206e+03 8.449619029102240830e+00 0.000000000000000000e+00 9.547770294614743136e+00 7.823906268774661612e+02 3.062424791776331290e+02
2.986906361633064535e+03 8.383231978423925312e+00 0.000000000000000000e+00 1.034203762587508457e+01 5.682912161501392984e+04 0.000000000000000000e+00
3.068684890686815379e+03 8.330259416603521316e+00 0.000000000000000000e+00 1.029498510757379393e+01 6.043985406388509728e+04 0.000000000000000000e+00
3.050176830701731433e+03 8.843233671546149921e+00 0.000000000000000000e+00 1.047151823669048376e+01 6.058910267180776282e+04 0.000000000000000000e+00
3.421321339764635013e+03 8.310729664612633627e+00 0.000000000000000000e+00 1.014269536688904161e+01 6.045585963017647737e+04 0.000000000000000000e+00
3.365562952608569503e+03 8.674618034057544946e+00 0.000000000000000000e+00 1.039773570100167710e+01 5.633743062643637677e+04 0.000000000000000000e+00
3.544819180842140213e+03 8.962575586329760924e+00 0.000000000000000000e+00 1.103098495163205151e+01 5.745383205186727719e+04 0.000000000000000000e+00
3.561263329485936993e+03 8.913057245385742178e+00 0.000000000000000000e+00 1.132373688637874309e+01 6.017728257386430778e+04 0.000000000000000000e+00
3.581438089547590153e+03 9.528828519471366221e+00 0.000000000000000000e+00 1.052868653900648610e+01 5.731419235951313021e+04 0.000000000000000000e+00
3.885552715982621521e+03 8.968484768275136076e+00 0.000000000000000000e+00 1.070502469768982934e+01 5.507875666217198159e+04 0.000000000000000000e+00
3.898808355194940305e+03 9.356174667745175810e+00 0.000000000000000000e+00 1.153234461575298120e+01 6.028963608387528075e+04 0.000000000000000000e+00
4.134112570499236426e+03 9.035221026101233122e+00 0.000000000000000000e+00 1.155290104087471192e+01 5.700965093359001912e+04 0.000000000000000000e+00
4.118388464646938701e+03 9.699088612526862718e+00 0.000000000000000000e+00 1.110268714917257782e+01 5.855638165070828109e+04 0.000000000000000000e+00
4.296346251196407138e+03 9.866750953018421200e+00 0.000000000000000000e+00 1.107446043636226740e+01 5.728924079038455238e+04 0.000000000000000000e+00
4.097441887145568217e+03 9.457157202844816979e+00 0.000000000000000000e+00 1.207870654023034618e+01 5.707413334939590277e+04 0.000000000000000000e+00
4.419269642873748126e+03 9.960944697298707240e+00 0.000000000000000000e+00 1.123668788626048531e+01 5.978778100189087127e+04 0.000000000000000000e+00
4.316276066503651236e+03 1.017303753805161826e+01 0.000000000000000000e+00 1.228808019050567069e+01 5.897739704787195660e+04 0.000000000000000000e+00
4.696913172458009285e+03 1.026316090446360718e+01 0.000000000000000000e+00 1.187716840065356827e+01 5.772846665615242091e+04 0.000000000000000000e+00
4.697966648148769309e+03 1.007574182991582923e+01 0.000000000000000000e+00 1.179903056906521286e+01 5.705572153847956361e+04 0.000000000000000000e+00
4.721055804729430747e+03 1.050738831027991083e+01 0.000000000000000000e+00 1.159802299342728737e+01 5.779377529366922681e+04 0.000000000000000000e+00
4.823255208705211771e+03 1.030281953082433333e+01 0.000000000000000000e+00 1.193174116749172597e+01 5.549552047883401974e+04 0.000000000000000000e+00
5.064395458600250095e+03 9.790135826660110396e+00 0.000000000000000000e+00 1.173190109483255839e+01 6.025530891654305015e+04 0.000000000000000000e+00
5.246436931098126479e+03 1.027122511276222383e+01 0.000000000000000000e+00 1.186575802393789481e+01 5.524206091970504349e+04 0.000000000000000000e+00
4.920633027909672819e+03 9.965636835978232355e+00 0.000000000000000000e+00 1.179261894114299736e+01 5.925585110045968759e+04 0.000000000000000000e+00
4.942585736888152496e+03 1.067154963199676487e+01 3.481020709442264938e+00 1.219809426783009343e+01 4.610227634495247457e+02 8.694397697223431010e+01
5.025583382771534161e+03 1.156462492893762750e+01 3.560734146639982445e+00 1.289037332579063744e+01 4.329563326537320336e+02 8.100728773750033440e+01
5.076921245522980826e+03 1.059699047434068575e+01 3.676976708395764515e+00 1.261782541020433079e+01 4.308578771564086765e+02 8.625895625271817835e+01
5.381701581089801948e+03 1.151269004650301397e+01 3.481835583206287055e+00 1.311781681128762500e+01 4.341478315130734700e+02 8.677725486774548358e+01
5.376072236352469190e+03 1.059821350315998423e+01 3.476250706028740201e+00 1.296751033558494193e+01 4.484998528523583445e+02 8.545297172489583204e+01
5.812328839323582542e+03 1.113342521187625600e+01 3.660977160943743147e+00 1.309296033503607859e+01 4.435601865688379348e+02 8.527082959228827974e+01
5.521231344142082889e+03 1.107755326081668379e+01 3.762460832475450268e+00 1.267741224637025077e+01 4.173010231771508529e+02 8.606832224395829201e+01
5.853917710554440418e+03 1.087345800677549690e+01 3.674023903649294986e+00 1.308341274857905212e+01 4.147874134107344730e+02 8.507921224161265172e+01
5.627894208009256545e+03 1.137414298817391511e+01 3.693003622081947768e+00 1.268639106784659276e+01 4.235401947232140856e+02 8.571877237347347034e+01
5.738866899916662078e+03 1.090059634003150180e+01 3.573654060022420254e+00 1.264775978700405190e+01 4.343278651775011667e+02 8.656236692387142284e+01
6.287140284855516256e+03 1.134617623483084259e+01 3.816927391814234571e+00 1.321674784464217112e+01 4.493946699090620314e+02 8.514073027769859436e+01
6.294144730717135644e+03 1.086346178739138502e+01 3.509097558091282210e+00 1.305862810591100320e+01 4.136303350818033664e+02 8.682188495704114928e+01
6.496451679313669956e+03 1.169540588625894451e+01 3.582229540801737500e+00 1.278075685244928295e+01 4.146267349532237745e+02 8.246985659590392004e+01
6.603275697119006509e+03 1.126047780996803560e+01 3.736100848839784216e+00 1.355829588535466712e+01 4.137331667662162999e+02 8.923054973823600733e+01
