1.200655471455075674e+00 5.913618965002743089e+00 3.311670868540333768e+00 2.523612537500956154e+00 1.432921082977190053e+03 6.482810437472406875e+02
3.084151263300766743e+01 6.122671143945495054e+00 3.084957957249423455e+00 2.744341596854009691e+00 1.370496049128453706e+03 5.832343596673870252e+02
2.626110660871169245e+01 7.695971978251709089e+00 4.050798631897069235e+00 3.044965540418167471e+00 1.481563568147900241e+03 5.826033725971390140e+02
5.766765459850692821e+01 7.380587158454588348e+00 4.062979709884761093e+00 3.616456482867442368e+00 1.315404352261188706e+03 5.727224731501431734e+02
9.102966151628021407e+01 7.956120065242608952e+00 4.099728238976575234e+00 3.051027534035458455e+00 1.929825973753000881e+02 7.651427558533818285e+01
1.587334637339165795e+02 7.668308220323429403e+00 4.679528732552685533e+00 3.482204922223758992e+00 2.186442244737282294e+02 7.794187948256674758e+01
2.073850266020791082e+02 8.875427366238836768e+00 4.240653388628367715e+00 3.781857531523273863e+00 3.548274360478316112e+02 7.207561324120835877e+01
2.865611361615643773e+02 8.510439828771037440e+00 4.346271111497806316e+00 3.389102159824770588e+00 3.784698467414199285e+02 1.551797710564626982e+02
3.500074394242327003e+02 8.243821663344911954e+00 4.925986139173691214e+00 3.482870319430197981e+00 3.358561670518739675e+02 1.448436372883377317e+02
2.845099785987545147e+02 8.912166227040382083e+00 5.295106581125357259e+00 3.702135652861506365e+00 3.945163550781486492e+02 1.493046963508291753e+02
4.179979393856295928e+02 8.986584231938245182e+00 4.993831292861899307e+00 3.304607890738677778e+00 3.383780229694420427e+02 1.377135381615454435e+02
5.238017403160424692e+02 1.028836261709905386e+01 5.293285260248573820e+00 4.049713612061680124e+00 3.684164355122925372e+02 1.499782188103423266e+02
5.057205674162572677e+02 1.014098668798012071e+01 5.381799333838523935e+00 4.086486256146412366e+00 3.855436118607985918e+02 1.450950438377809633e+02
6.544134651195822698e+02 1.012849320299989309e+01 5.861204789077605781e+00 4.365506025041951510e+00 7.947761435350208785e+02 3.424506649878931057e+02
6.556771957062585443e+02 1.028167652442899715e+01 6.316742003298698727e+00 4.806636102335010818e+00 7.578455024470185890e+02 3.277090174693221343e+02
8.143518355836009732e+02 1.101743335305771154e+01 6.294891005137026596e+00 4.539800363547828788e+00 7.742158486256057586e+02 3.082407015288163166e+02
8.372926708715860968e+02 1.081324058470638327e+01 5.894511681814128323e+00 4.319421326010392193e+00 6.676187412731006816e+02 2.958553533173628125e+02
1.275106105289435618e+03 1.237022693570315290e+01 6.681298059222590346e+00 5.035570166715543472e+00 8.079241866149759517e+02 2.954761402721736090e+02
1.343477581373303565e+03 1.166860328091186005e+01 6.009717111968265080e+00 4.877644109611475542e+00 6.685651542419848283e+02 3.394290859358827106e+02
1.068657695109553742e+03 1.261318044128998217e+01 6.493820044877486986e+00 4.449438112094639131e+00 7.466828676362046053e+02 2.892059786522107174e+02
1.146603903179025110e+03 1.217856211481470474e+01 6.027539802180678308e+00 4.903969095065225048e+00 7.858613683853262728e+02 2.965059009978080553e+02
1.459761541808670472e+03 1.316988902068063361e+01 6.789733780981188183e+00 5.044431645575816248e+00 7.182157576104694954e+02 3.038281927828338667e+02
1.858044526831893108e+03 1.216471512246710240e+01 7.035994078929348028e+00 4.837473318993367855e+00 7.856074256041102899e+02 2.948757684830757171e+02
2.270098342801880790e+03 1.295920768657547661e+01 7.126191510866261680e+00 4.748471651273288074e+00 7.617421110149202832e+02 3.007865600485750406e+02
2.128505237073359694e+03 1.382709562227602262e+01 7.644102750323906292e+00 4.861521506497467726e+00 8.757684999741284173e+02 2.820616083077087524e+02
2.426055836895489392e+03 1.334958726598076062e+01 7.109860494072393067e+00 5.437427675305350760e+00 7.263205742100630005e+02 3.017397232389082546e+02
2.794238002386039625e+03 1.427535644103094903e+01 6.662627816687424875e+00 5.608079084527167524e+00 8.794548525550119393e+02 3.085321595177653649e+02
2.924130173842993372e+03 1.265898830764193583e+01 6.816928800041510250e+00 5.444818796084271995e+00 7.810359862203248440e+02 3.297094042147924711e+02
3.214328738677946603e+03 1.282974709895759169e+01 6.951901450966013307e+00 5.674199954390450884e+00 7.841920166626772470e+02 3.256395741310288940e+02
3.333886172369971064e+03 7.619277080630354249e+00 0.000000000000000000e+00 9.023974379592125672e+00 8.707230005619644544e+02 3.392411735993021011e+02
2.438230674098320378e+03 8.996534905864917775e+00 0.000000000000000000e+00 9.390052849322648498e+00 5.812404507100042247e+04 0.000000000000000000e+00
3.436071558438171451e+03 7.896636435113053132e+00 0.000000000000000000e+00 1.093283703312066635e+01 5.843491920572402887e+04 0.000000000000000000e+00
2.849114874352592324e+03 7.731080399478241993e+00 0.000000000000000000e+00 1.085691408119286372e+01 6.099293974912106205e+04 0.000000000000000000e+00
2.855034760504396672e+03 7.905225426350449780e+00 0.000000000000000000e+00 1.063047068066227041e+01 5.852174302018029266e+04 0.000000000000000000e+00
3.057010908016430221e+03 8.490750425615187780e+00 0.000000000000000000e+00 9.694576162960103716e+00 5.758508957181657752e+04 0.000000000000000000e+00
2.876789496208233686e+03 8.438234375792177389e+00 0.000000000000000000e+00 1.179448029403770626e+01 5.893999795777833788e+04 0.000000000000000000e+00
3.267293535017556678e+03 8.436502306388566907e+00 0.000000000000000000e+00 1.028621615648290089e+01 5.542667663818180154e+04 0.000000000000000000e+00
3.001990676085094492e+03 8.694332655313838032e+00 0.000000000000000000e+00 1.197854921780708004e+01 5.311094775700139871e+04 0.000000000000000000e+00
4.165744402463388724e+03 9.632256049897158334e+00 0.000000000000000000e+00 1.124716942495247984e+01 5.238052966740156990e+04 0.000000000000000000e+00
3.737390059518575072e+03 8.846778107456554352e+00 0.000000000000000000e+00 1.151003753620323522e+01 5.374572723213081190e+04 0.000000000000000000e+00
3.736944745967054587e+03 9.467261714305136522e+00 0.000000000000000000e+00 1.056248921361365056e+01 5.278035080530846608e+04 0.000000000000000000e+00
3.897041583032799281e+03 9.456188831999257971e+00 0.000000000000000000e+00 1.132551378946035570e+01 5.278264157522987807e+04 0.000000000000000000e+00
4.770685525547747602e+03 9.941011333351655210e+00 0.000000000000000000e+00 1.220402627339882784e+01 5.900413184767300118e+04 0.000000000000000000e+00
4.898748104682392295e+03 8.983652535953567053e+00 0.000000000000000000e+00 1.090701467551713222e+01 5.727774135646672948e+04 0.000000000000000000e+00
4.015134247189883808e+03 9.311008434376580212e+00 0.000000000000000000e+00 1.236021214464981810e+01 5.510935369825856469e+04 0.000000000000000000e+00
4.521342734584850405e+03 1.014698549428892527e+01 0.000000000000000000e+00 1.085515898641210875e+01 6.246895061342097324e+04 0.000000000000000000e+00
4.958584118489078719e+03 9.209473797674052165e+00 0.000000000000000000e+00 1.271012708135994096e+01 5.283302436237916118e+04 0.000000000000000000e+00
3.912558068546973118e+03 1.042563437818020589e+01 0.000000000000000000e+00 1.239039877976391146e+01 6.173019794284721866e+04 0.000000000000000000e+00
5.012563219511769603e+03 9.314729992350143206e+00 0.000000000000000000e+00 1.127398094341571166e+01 5.937434276441679685e+04 0.000000000000000000e+00
5.100887271674273507e+03 9.798215441272500215e+00 0.000000000000000000e+00 1.205813979167626293e+01 6.272398562481524277e+04 0.000000000000000000e+00
5.427385527994083532e+03 1.043017883926714973e+01 0.000000000000000000e+00 1.252472544077149408e+01 5.255594782134783600e+04 0.000000000000000000e+00
5.327920151771472774e+03 9.850486223619297377e+00 0.000000000000000000e+00 1.255412499192199682e+01 5.638299381353153149e+04 0.000000000000000000e+00
5.331486446410465760e+03 1.064637583757858685e+01 0.000000000000000000e+00 1.166666014695227460e+01 6.172890601072958816e+04 0.000000000000000000e+00
4.837533893010000611e+03 1.091301745422989811e+01 3.180992541214985536e+00 1.328949933193989530e+01 4.295620629940269168e+02 7.736341104113532197e+01
5.660082677226979285e+03 1.140417757478400418e+01 3.809922839466773681e+00 1.333160232788160116e+01 4.152790300262030314e+02 9.288526493515422544e+01
5.986981038221910239e+03 1.181440160620749680e+01 3.289350347478437353e+00 1.265507895104778946e+01 4.340084817498215557e+02 8.859601044732968944e+01
5.071593797441997594e+03 1.071075538574404185e+01 3.398679856115215170e+00 1.185349729908688587e+01 4.141827463447500008e+02 7.752210687102115116e+01
5.888808986736347833e+03 1.209667797894903885e+01 3.708653539511145514e+00 1.386784956303973892e+01 4.806063864652264783e+02 8.370023568632768729e+01
5.831703067561729767e+03 1.200481350206353426e+01 3.394905110392349989e+00 1.223735463582363714e+01 4.040365837443784471e+02 8.889003007619095342e+01
5.479719263423519806e+03 1.145654499574951046e+01 3.384595750723365715e+00 1.369558908526062879e+01 4.257135509987566024e+02 8.973320665017951114e+01
6.415912799958618962e+03 1.073880492391507424e+01 3.867944350872640769e+00 1.339175703521787675e+01 4.388840097296550766e+02 8.309703969091125941e+01
4.758846655992677370e+03 1.011862496672498146e+01 3.356644501345560805e+00 1.261780692094966838e+01 4.003257890514607311e+02 8.950384971171709481e+01
5.154205281414043384e+03 1.036357914390008261e+01 4.000781087577769846e+00 1.386832598584387277e+01 4.250372589308450983e+02 7.896062665298693162e+01
5.853624484771478819e+03 1.210084148540806126e+01 3.760887091661571535e+00 1.224803419361922963e+01 4.439336181679932452e+02 9.104697485739056617e+01
6.547089812898012497e+03 1.195243782902714358e+01 3.639705300931762810e+00 1.248480642800004681e+01 4.255027711142222984e+02 7.980130881182878966e+01
5.527015262999618244e+03 1.212854996384151463e+01 3.659087161755294471e+00 1.385175442564418979e+01 4.356870333275493294e+02 7.830971244469816384e+01
6.424484203647538379e+03 1.163346043781584882e+01 3.977678907601527314e+00 1.428965370771831545e+01 4.149681093913268342e+02 8.881795750526475786e+01
