1.497395128387777330e-01 5.857068846873478840e+00 3.387033865202781602e+00 2.893830965102417885e+00 1.448902504743756708e+03 5.811049979364088358e+02
3.361431162763391001e+01 5.732912597429675294e+00 3.465928884235232932e+00 2.727932896379119398e+00 1.348924490374186689e+03 5.992368043212239854e+02
3.323480599956180015e+01 8.047860475477694564e+00 4.253257007509803067e+00 3.361801329624096724e+00 1.457953560854375155e+03 6.126933832046398720e+02
5.088793134307593391e+01 8.171595706931674030e+00 4.354227891965860131e+00 3.218402454942166813e+00 1.444785517529143590e+03 6.145434831520905163e+02
9.722187277279626016e+01 7.779048192202995260e+00 4.512030882074008709e+00 3.421665875814553726e+00 1.906090098827519341e+02 8.398882283497601975e+01
1.570871671992208576e+02 7.789275991570121960e+00 4.687764968667088361e+00 3.555789179468798356e+00 1.997169869157380049e+02 8.047362634397359216e+01
1.912296049810658474e+02 8.063277049607666669e+00 4.493185102472730286e+00 3.480810273827857682e+00 3.751107022173983978e+02 7.865944557874713894e+01
2.436451541545073951e+02 8.076561997111259217e+00 4.575156903128671182e+00 3.375635502981496838e+00 3.627621240811868120e+02 1.458990826271012509e+02
3.151212699040064535e+02 8.290399974898514657e+00 4.749925448368030878e+00 3.381253359920144419e+00 3.431928528262505438e+02 1.387005348755347995e+02
3.584683640750884024e+02 9.150281654599041303e+00 4.706548043009995297e+00 3.531199167217261792e+00 3.485853055849480029e+02 1.390370278310156777e+02
4.172350810298564738e+02 9.150235585555892115e+00 5.087011879411575066e+00 3.613255072528695599e+00 3.585349121805788855e+02 1.443077107269023429e+02
4.832568121543249617e+02 9.475339590912181365e+00 5.432312940800390955e+00 3.915687363079626504e+00 3.472292418714239375e+02 1.487158721691257028e+02
6.153091888713991011e+02 9.807015758989447107e+00 5.385840383677462206e+00 3.967464328578475197e+00 3.431388161130357730e+02 1.486437497102708107e+02
6.634147717536108075e+02 1.111634998971246802e+01 6.099844248721915108e+00 4.544171310808571285e+00 7.579342126922886109e+02 3.072503876343774323e+02
7.764480271121549322e+02 1.154256612148549088e+01 6.430786292083184641e+00 4.302206389620486071e+00 7.502219227432866546e+02 3.007512535150962663e+02
8.959774302755829467e+02 1.078450456208876851e+01 6.455916546471673456e+00 4.440660966513692465e+00 7.051865257319992679e+02 3.126283581979384962e+02
1.018004131531606049e+03 1.195394294217487641e+01 6.094767882213368182e+00 4.505771091183960131e+00 7.585416281696838041e+02 3.191615992484008757e+02
1.117503084017985884e+03 1.186538937305605046e+01 6.660270883430505329e+00 4.680496038613173759e+00 7.677860115808721275e+02 3.237084821417230955e+02
1.228801087540942262e+03 1.168726758782559827e+01 6.500604684371446673e+00 4.779378523454907324e+00 7.094407057973347719e+02 3.026949996237644882e+02
1.281117506885016610e+03 1.179651052891719409e+01 6.321391727831931817e+00 4.875660738875018829e+00 7.319090275766670857e+02 3.230019375783293185e+02
1.428393322750938069e+03 1.197804732431853836e+01 6.947972401472156001e+00 4.676180266927689289e+00 7.155667343010097738e+02 3.208301677897146078e+02
1.668130461858913122e+03 1.202622979113437296e+01 6.693610133927960781e+00 4.836470354088859835e+00 7.514986675302034200e+02 3.217799703522368304e+02
1.723348200187981320e+03 1.248887981804846525e+01 6.666014463934304857e+00 5.169948428266039286e+00 8.173905543040694965e+02 3.164291956108718864e+02
2.070521231321495179e+03 1.311751821536256557e+01 6.669451396388375031e+00 5.189099003050869463e+00 7.704791008691612433e+02 3.268261641796365780e+02
2.261030870846209382e+03 1.256237238960066982e+01 6.865665782540173012e+00 5.177124028203638595e+00 7.647130318813826761e+02 3.213077059228830308e+02
2.218660976833229597e+03 1.312516473185708676e+01 6.969916422883136953e+00 5.626092405606478941e+00 7.704443068749245640e+02 3.147509964207815756e+02
2.684997084614906271e+03 1.301288460440244066e+01 7.089601535678077049e+00 5.392691089249461278e+00 7.993098149896477480e+02 3.253390465715435198e+02
2.651476734480407231e+03 1.366500696588752817e+01 7.113453542748963798e+00 5.807303904010120199e+00 8.001714440940311306e+02 3.239425680273387229e+02
2.887180712334180953e+03 1.319776452938093492e+01 7.376686418521972044e+00 5.929204624964376613e+00 7.618243730920798953e+02 3.263362865252046277e+02
2.924780233350026720e+03 8.025050226254606400e+00 0.000000000000000000e+00 9.667952934361812467e+00 7.635791159913512729e+02 3.224337899930444564e+02
2.882567861874706978e+03 8.540160287995005817e+00 0.000000000000000000e+00 1.012252593381140109e+01 5.663343513739464834e+04 0.000000000000000000e+00
3.120177302491594219e+03 8.354280045309447900e+00 0.000000000000000000e+00 1.064472214708225550e+01 5.805216245807428641e+04 0.000000000000000000e+00
3.029684029455268956e+03 8.696526881065260284e+00 0.000000000000000000e+00 1.077934138883450643e+01 5.593704874064710748e+04 0.000000000000000000e+00
3.361285270919567665e+03 8.282390862199809689e+00 0.000000000000000000e+00 1.087437460030523795e+01 5.975422756680374005e+04 0.000000000000000000e+00
3.219227945453976645e+03 8.921449918200645257e+00 0.000000000000000000e+00 1.054867105659046977e+01 5.731158525126200402e+04 0.000000000000000000e+00
3.347102404575020500e+03 9.044264530772506916e+00 0.000000000000000000e+00 1.020615656527159132e+01 5.973206054767245951e+04 0.000000000000000000e+00
3.395975814410317071e+03 8.885306102420777563e+00 0.000000000000000000e+00 1.035212102486378249e+01 5.955041918999165500e+04 0.000000000000000000e+00
3.626641458867113215e+03 9.392256191475743421e+00 0.000000000000000000e+00 1.084098010059281236e+01 5.795505957198703982e+04 0.000000000000000000e+00
3.860860552480921342e+03 8.895759606059364444e+00 0.000000000000000000e+00 1.055867968188838191e+01 5.703065981880997424e+04 0.000000000000000000e+00
4.025803169466738382e+03 9.656888470464899399e+00 0.000000000000000000e+00 1.092526034663624479e+01 5.636120988476780622e+04 0.000000000000000000e+00
4.049964935103835614e+03 9.019698419859491167e+00 0.000000000000000000e+00 1.125315056974475070e+01 5.639407918619442353e+04 0.000000000000000000e+00
4.003679917748417665e+03 9.392602154454573693e+00 0.000000000000000000e+00 1.126538362355753087e+01 5.793093171698872175e+04 0.000000000000000000e+00
4.193711006845051998e+03 9.600078848261482278e+00 0.000000000000000000e+00 1.195673019786392466e+01 6.007971406283938268e+04 0.000000000000000000e+00
4.477757144457820687e+03 9.492166804243050038e+00 0.000000000000000000e+00 1.185944801163262596e+01 5.559754424337846285e+04 0.000000000000000000e+00
4.572812746195904765e+03 9.967882321267987678e+00 0.000000000000000000e+00 1.201672083557845205e+01 5.740027723187258380e+04 0.000000000000000000e+00
4.556312427773802483e+03 9.891643031505806150e+00 0.000000000000000000e+00 1.192568145163480153e+01 5.533382698959423578e+04 0.000000000000000000e+00
4.512568017259850421e+03 9.524967021427173108e+00 0.000000000000000000e+00 1.159456183490585346e+01 5.804930238181621826e+04 0.000000000000000000e+00
4.859304067644638963e+03 1.003470281066261727e+01 0.000000000000000000e+00 1.242656165578704552e+01 5.652164830968020397e+04 0.000000000000000000e+00
4.693720303510050144e+03 9.793035917481454078e+00 0.000000000000000000e+00 1.223182973030557896e+01 5.554521447437506140e+04 0.000000000000000000e+00
4.960275385567082594e+03 1.061450552870244479e+01 0.000000000000000000e+00 1.147781097761972369e+01 5.991426634798406303e+04 0.000000000000000000e+00
5.194317415038543913e+03 1.001596212397719476e+01 0.000000000000000000e+00 1.174147501899014756e+01 5.962050220543326577e+04 0.000000000000000000e+00
5.218829538515142303e+03 1.010154808503065027e+01 0.000000000000000000e+00 1.197534703934606881e+01 5.671259134371741675e+04 0.000000000000000000e+00
5.356670591541039357e+03 1.046233968400571257e+01 0.000000000000000000e+00 1.270493591185505444e+01 5.520248593351145973e+04 0.000000000000000000e+00
5.358651344505171437e+03 1.134882678957601776e+01 3.676898287268990373e+00 1.258352268502462756e+01 4.488156635060076383e+02 8.662915018039311121e+01
5.407466887942316134e+03 1.122689173782741356e+01 3.540293182677116679e+00 1.279289655963323291e+01 4.670780301781666708e+02 8.870071486326375521e+01
5.484878214078518795e+03 1.111474309714499675e+01 3.600971638989610923e+00 1.283160646122442294e+01 4.271684168943045279e+02 8.527634311583499027e+01
5.501308554763832944e+03 1.095297135152581447e+01 3.536859032224370036e+00 1.285951950562686719e+01 4.422761330211181985e+02 8.847570573338761335e+01
5.487769026675391615e+03 1.153741269679079018e+01 3.542915485633461259e+00 1.233593264586438387e+01 4.251227036096529446e+02 8.317260519900547422e+01
5.422464494328824912e+03 1.163910193051573927e+01 3.543173918388073496e+00 1.265135739516535729e+01 4.279201696771673937e+02 8.162456360329400695e+01
5.569930299318506513e+03 1.097297891761064292e+01 3.435985446751957273e+00 1.260154400237133387e+01 4.187888340013428206e+02 8.646029215904265186e+01
5.850503424505893236e+03 1.082614847952674175e+01 3.559396277068620051e+00 1.282469986541550533e+01 4.385071474905913078e+02 8.145422560109027188e+01
5.598438143271956505e+03 1.174129124818869840e+01 3.648169304165060023e+00 1.313962320529894967e+01 4.369933246821279909e+02 8.823588698043484158e+01
6.110026409811725898e+03 1.121668547553924711e+01 3.475911804782729764e+00 1.281256009576133792e+01 4.415659713079255084e+02 8.078042678961070067e+01
6.326733419883799797e+03 1.078213979829668467e+01 3.734749605044644039e+00 1.320020339412299393e+01 4.473274204900808400e+02 8.446536764267129627e+01
6.221965959383542213e+03 1.071504936062786939e+01 3.741752585808102882e+00 1.315229945705866399e+01 4.264667284614736218e+02 8.261386061051777574e+01
6.251744319192795956e+03 1.126422281008970039e+01 3.805075948266854358e+00 1.251865732596523806e+01 4.368794253177500764e+02 8.812563452636115358e+01
6.252153993741145314e+03 1.177204453943249618e+01 3.708000396080933125e+00 1.259104682693277688e+01 4.517316397075070995e+02 8.485584978400807188e+01
