4.241348048624766776e-01 6.025997992349802601e+00 3.298094847815881359e+00 2.806926320510789274e+00 1.396959085154563354e+03 5.924889033880400575e+02
3.279410073159228034e+01 5.881868657339131445e+00 3.333673404074129820e+00 2.755573153366934314e+00 1.386425806525154940e+03 5.941169315015386019e+02
3.341794010595336317e+01 8.051921891680418497e+00 4.505502285510571525e+00 3.368535767304385864e+00 1.384797033178975198e+03 5.843150815184582143e+02
5.213900675804984530e+01 7.919210468483675491e+00 4.519483373801709725e+00 3.414475487936287301e+00 1.422890008664536253e+03 6.297381905795136845e+02
9.564281436987984364e+01 7.618615702200083994e+00 4.549465262137794674e+00 3.433104045082212341e+00 1.913693346122497303e+02 7.873068582157772255e+01
1.442799678949717475e+02 7.903314942307983593e+00 4.414972038240524199e+00 3.463453948754247502e+00 2.009728183184009822e+02 8.241280937516901872e+01
2.002660108393834548e+02 8.117759175953874973e+00 4.606883419916759870e+00 3.458115754271335884e+00 3.499954024956481362e+02 7.739718205890693525e+01
2.392621805746247219e+02 8.334831688220280199e+00 4.486609158615081583e+00 3.448808591828580017e+00 3.510281065063919641e+02 1.500998271418903585e+02
2.940626848329229688e+02 8.303535343273519942e+00 4.948984535355657854e+00 3.467312691713131834e+00 3.576138412544270864e+02 1.364782167037213867e+02
3.662391018726581251e+02 8.933420217173294375e+00 4.796874557770097525e+00 3.729174534201875613e+00 3.611467812568400291e+02 1.386495748021748398e+02
3.961583162788813866e+02 8.781662668752433731e+00 4.725501222537586976e+00 3.600217776872071340e+00 3.677596269754498621e+02 1.460254503406742685e+02
4.750206629834545424e+02 9.663478957471907549e+00 5.284571914157409900e+00 3.899530625956721952e+00 3.503384057455884886e+02 1.406214954742534076e+02
6.168413928700276756e+02 1.060305856475679498e+01 5.886546010349526625e+00 4.100249910572528300e+00 3.751537128276729618e+02 1.474195441977141172e+02
6.605133052604917339e+02 1.064509888295340367e+01 5.741995435610433240e+00 4.141884213526418002e+00 7.749660998536982106e+02 3.178162903662423560e+02
7.826943243882365095e+02 1.120553298329552305e+01 5.988130888302084287e+00 4.369379915950246662e+00 7.094723801706902577e+02 3.091698302257897240e+02
9.013646643571297545e+02 1.173770112728599990e+01 6.259848336000450431e+00 4.462191675641701494e+00 7.460281613246989991e+02 3.027557241275498541e+02
1.039585398773865336e+03 1.123801384860555785e+01 6.594343676520795228e+00 4.585005131753662866e+00 7.685167023889737266e+02 3.246367060281410772e+02
1.151902993096088267e+03 1.173425837807202221e+01 6.606245791552028734e+00 4.880670448504639936e+00 7.317003221325205686e+02 3.193204172503214409e+02
1.208839227134821613e+03 1.135050737795645937e+01 6.262033677990372027e+00 4.722566151510481092e+00 7.680467479417233108e+02 3.025077326552415116e+02
1.264224550019962408e+03 1.142661095035046692e+01 6.680226096074193265e+00 4.778998637861051613e+00 7.057059434351476739e+02 3.120507809905075192e+02
1.344405848400466084e+03 1.209191527300860614e+01 6.492047978821926080e+00 5.053985857101662482e+00 7.703829382742508187e+02 3.108508788835511609e+02
1.522256252772667267e+03 1.169577833075900664e+01 6.530729034168650138e+00 4.881378885543956159e+00 7.341221968573249796e+02 3.058266123575390338e+02
1.827530535369709696e+03 1.248861047283664405e+01 6.666053942063458138e+00 5.081727446990035979e+00 7.916569700402991430e+02 3.180547536323900317e+02
2.003381139146228861e+03 1.333787319438670949e+01 6.943259713563906921e+00 5.461327844359633588e+00 7.654556136709752536e+02 3.093790696140733871e+02
2.143362572071582690e+03 1.260343233659211926e+01 6.781631432188331310e+00 5.486852215298107183e+00 8.360196549645493178e+02 3.198355424811904868e+02
2.413532717952701205e+03 1.295048880221811594e+01 7.393186324573320256e+00 5.254561201530709269e+00 7.692197669255207302e+02 3.077684135610238627e+02
2.549730023066897502e+03 1.277709563307117158e+01 7.125726567453497751e+00 5.447084877180238927e+00 8.242612349366759190e+02 3.020138341044004733e+02
2.728910317598093570e+03 1.391340027205194296e+01 7.393267823341942879e+00 5.397842137868574142e+00 7.738631017782365689e+02 3.233472398472315490e+02
2.830460749759752161e+03 1.348033466649939704e+01 7.452752894622187263e+00 5.421126800346597996e+00 8.025319169981107734e+02 3.155561155013148777e+02
2.866969727350932772e+03 8.137115692880659168e+00 0.000000000000000000e+00 1.001700632811890479e+01 7.693717472361560112e+02 3.136104396756123833e+02
3.009375047402442306e+03 8.010089216439983062e+00 0.000000000000000000e+00 1.017703301234229940e+01 5.662708320005833230e+04 0.000000000000000000e+00
3.224948902297089717e+03 8.044600424110372572e+00 0.000000000000000000e+00 1.044267360514996490e+01 6.028049198615045316e+04 0.000000000000000000e+00
3.047384801857928323e+03 8.483464976324324169e+00 0.000000000000000000e+00 1.018279780701840664e+01 6.062079979732093489e+04 0.000000000000000000e+00
3.182601360299275257e+03 8.909448185383222807e+00 0.000000000000000000e+00 1.006509149135785641e+01 5.896916758372986078e+04 0.000000000000000000e+00
3.455936490805594985e+03 8.820128518678139073e+00 0.000000000000000000e+00 1.076832096248709369e+01 5.528972387769623310e+04 0.000000000000000000e+00
3.319717443171230116e+03 8.974539354339087893e+00 0.000000000000000000e+00 1.103108460345090158e+01 5.986092695219293819e+04 0.000000000000000000e+00
3.547233867402986107e+03 9.462630208488302941e+00 0.000000000000000000e+00 1.119194062709733117e+01 5.614751072374243813e+04 0.000000000000000000e+00
3.745631223707075151e+03 8.890527298592202143e+00 0.000000000000000000e+00 1.061420265558794540e+01 6.028230897997415013e+04 0.000000000000000000e+00
3.615615226023480318e+03 9.129569628435323381e+00 0.000000000000000000e+00 1.129368611945558953e+01 5.540462216366382199e+04 0.000000000000000000e+00
3.786961151717187931e+03 9.777363893993081589e+00 0.000000000000000000e+00 1.116710092224665196e+01 5.636771715547097119e+04 0.000000000000000000e+00
3.842661753306830633e+03 9.774391937290937804e+00 0.000000000000000000e+00 1.155190870703159156e+01 5.567792257017426891e+04 0.000000000000000000e+00
4.263696630486603681e+03 9.529659196156915257e+00 0.000000000000000000e+00 1.096555603463864337e+01 5.730663196785534092e+04 0.000000000000000000e+00
4.112107372657144879e+03 9.589682712433585721e+00 0.000000000000000000e+00 1.094843304002634810e+01 5.640702269831480226e+04 0.000000000000000000e+00
4.160187975397770970e+03 9.558955661709386931e+00 0.000000000000000000e+00 1.151423349912760408e+01 5.751185288774804212e+04 0.000000000000000000e+00
4.384694410954545674e+03 1.023581351308265575e+01 0.000000000000000000e+00 1.176632422846918757e+01 5.914227109084715630e+04 0.000000000000000000e+00
4.694955017315207442e+03 9.439056613242399862e+00 0.000000000000000000e+00 1.120067447254813153e+01 5.753046414393585292e+04 0.000000000000000000e+00
4.764279802556524373e+03 9.671410933681322319e+00 0.000000000000000000e+00 1.162556121682591481e+01 5.523647667887373245e+04 0.000000000000000000e+00
4.863354436769795939e+03 1.036367712692442034e+01 0.000000000000000000e+00 1.146173309845330301e+01 5.945692969099633046e+04 0.000000000000000000e+00
4.979486607971428384e+03 1.044481046623701559e+01 0.000000000000000000e+00 1.226998902703233618e+01 5.728782983878904633e+04 0.000000000000000000e+00
4.645189464494073036e+03 9.916938764106188131e+00 0.000000000000000000e+00 1.171043977564858629e+01 5.810831653382020158e+04 0.000000000000000000e+00
5.180619510214155525e+03 9.836083931318786000e+00 0.000000000000000000e+00 1.203540401533998683e+01 5.955504546532520180e+04 0.000000000000000000e+00
5.023802247626314056e+03 1.057535676646772238e+01 0.000000000000000000e+00 1.206479340367371123e+01 5.810980411992747395e+04 0.000000000000000000e+00
5.098754617956097718e+03 1.016428985346525060e+01 0.000000000000000000e+00 1.261396048605204179e+01 6.005791680091168382e+04 0.000000000000000000e+00
5.111852954993036292e+03 1.077431912144739456e+01 3.384781233244577692e+00 1.291596163507384531e+01 4.672481704136757230e+02 8.704888885363833140e+01
5.069729179489256239e+03 1.136130567607567876e+01 3.548492605000546973e+00 1.322473731673571962e+01 4.466722193231651659e+02 8.585672774015081643e+01
5.114744020022288169e+03 1.114568534416273060e+01 3.553258428269283620e+00 1.311889042792305027e+01 4.383128522013900010e+02 8.665296200969537210e+01
5.555743103314484870e+03 1.055726692002231637e+01 3.680493815215030384e+00 1.328165590396127449e+01 4.614358689384503691e+02 8.868189756891722197e+01
5.343516513594727257e+03 1.164072639176869828e+01 3.644168445673049650e+00 1.340222947311052515e+01 4.413988788645982027e+02 8.347635838726085922e+01
5.389959741943543122e+03 1.128905899685169345e+01 3.606980733919149973e+00 1.238745656387632366e+01 4.248290942771990331e+02 8.471211744438051028e+01
5.832982419390681571e+03 1.081602115494960792e+01 3.742629026546310023e+00 1.267836184311604875e+01 4.507410487947220190e+02 8.077112169172832523e+01
5.758750132828523419e+03 1.156475145828407136e+01 3.677340692317345727e+00 1.344785220802437031e+01 4.502490213776728183e+02 8.531674229424757527e+01
5.711635754752434877e+03 1.138287664629742935e+01 3.649777537558809293e+00 1.321698024064940213e+01 4.309035560469904453e+02 8.875284691492453248e+01
5.892831766552763838e+03 1.069514225658577899e+01 3.790089351140228935e+00 1.306665630858443805e+01 4.250447520245075452e+02 8.154139266131956276e+01
6.023117810420470960e+03 1.070287308634141610e+01 3.692596257532602788e+00 1.295035985725196248e+01 4.172526718640711465e+02 8.807270696968089396e+01
6.225500254373117059e+03 1.131681702244681098e+01 3.844574067143041507e+00 1.325879612015837239e+01 4.298609435210403831e+02 8.594387811328168425e+01
6.220631479277441940e+03 1.162822570480812345e+01 3.493303976070207817e+00 1.357250987187771685e+01 4.445051274522188578e+02 8.437570045447328937e+01
6.451303168755401202e+03 1.127281504733771555e+01 3.495326894460570433e+00 1.308053960063654131e+01 4.341419960839280066e+02 8.309646002988972668e+01
