7.208637329701661489e-02 5.659517141738456658e+00 3.338625055222996352e+00 2.724201339320098114e+00 1.380900053070127115e+03 6.291132967088536816e+02
3.355943382667648223e+01 5.746721980820826303e+00 3.304522696781514668e+00 2.863224880879243983e+00 1.449784086027215380e+03 6.041485024913794177e+02
3.285791114800294110e+01 7.389809217207808700e+00 4.205486122155411621e+00 3.477182464880936852e+00 1.371803258152892795e+03 6.039750478722130538e+02
4.823894431043808595e+01 7.976984868376677973e+00 4.218287564191513184e+00 3.283087142120080237e+00 1.429886094510538896e+03 6.173141149558742882e+02
1.034755767282970993e+02 7.932347067486923642e+00 4.511692771711125260e+00 3.433313059455811889e+00 1.997408878564973520e+02 7.685572382694050475e+01
1.577262450879980520e+02 7.890858070869410490e+00 4.333194964353715761e+00 3.454852264631415260e+00 2.088177080623955817e+02 7.661468199889510799e+01
2.000909534518700355e+02 8.385255622907529016e+00 4.819132317299557045e+00 3.529237889111517923e+00 3.445061293612643567e+02 7.994453806028842280e+01
2.425948435916066899e+02 8.676149801009449547e+00 4.902591213324329900e+00 3.427320118957845274e+00 3.597090672267788136e+02 1.458489786777564916e+02
2.968650446877965692e+02 8.969803471838174502e+00 4.716010209513727069e+00 3.427716568375712036e+00 3.450599361132986473e+02 1.431640901960406325e+02
3.405545778235917282e+02 9.021090141216928870e+00 4.959789713395075239e+00 3.454053818587360603e+00 3.747343934757575425e+02 1.390633295929827966e+02
3.929213221056405132e+02 9.379740858698637496e+00 4.786915718826831423e+00 3.595141454566924466e+00 3.771371930834939690e+02 1.494848474064803838e+02
4.959483731404212676e+02 9.577286073735146843e+00 5.024054381690770121e+00 3.948430917185615563e+00 3.562788960258247926e+02 1.454428679847667070e+02
6.212516854737792755e+02 1.074440010024095393e+01 5.736259408328701070e+00 4.144550623972799386e+00 3.715843510192158874e+02 1.369449031704109245e+02
6.853638729650965615e+02 1.068032310856424871e+01 5.883518767625060875e+00 4.548868829703623717e+00 7.631529311642040057e+02 3.225947242520512646e+02
8.063001039886263470e+02 1.106696643173532379e+01 5.865610551832972419e+00 4.630759259169603403e+00 7.048524936315055811e+02 3.091871390806242630e+02
9.158866927709510719e+02 1.165070679302737666e+01 6.098009585801836607e+00 4.551599961645043102e+00 7.637728558893592208e+02 3.257723914314231024e+02
1.044291594647361762e+03 1.185146230917144017e+01 6.592582414028679061e+00 4.538412836822527829e+00 7.355461215361241329e+02 2.981063465026379049e+02
1.105274886172804827e+03 1.149217584101583967e+01 6.509749748134916025e+00 4.802751607289855507e+00 7.268304036323607988e+02 2.997150691840981267e+02
1.227755779927503681e+03 1.164187823971115421e+01 6.543838500555456683e+00 4.641940987235271265e+00 7.432821678165155390e+02 3.160479401551430101e+02
1.348714472827721011e+03 1.244077033127782350e+01 6.343002395506139202e+00 5.034957782537937909e+00 7.284670279034125997e+02 3.114156822230769421e+02
1.463198778190867188e+03 1.172013933074675762e+01 6.294747551256031137e+00 4.729203314483719112e+00 7.318131780618040239e+02 3.121615334943616062e+02
1.677436602889292317e+03 1.249394557029446595e+01 6.905745484533365008e+00 4.863012499732147553e+00 7.162165680506301442e+02 2.983115049981859102e+02
1.767446329508474264e+03 1.258639534363690693e+01 6.664490391307067441e+00 4.883640989319524728e+00 8.229975616344495393e+02 3.175286699486838415e+02
1.973822002022158358e+03 1.267689056558784166e+01 6.967697206766759521e+00 5.040496252673536404e+00 8.247779797350905255e+02 3.104369388664563871e+02
2.129182962923975992e+03 1.347206360151583837e+01 7.260991174886585853e+00 5.093309333000170191e+00 8.052461129035624481e+02 3.196491746764910999e+02
2.270820853684488611e+03 1.273993422261202646e+01 6.988391701179236470e+00 5.152482907203791207e+00 7.841979420860961909e+02 3.264956148965746365e+02
2.712850572948918398e+03 1.293283052984585879e+01 6.736720163535279582e+00 5.522426069674205351e+00 8.039265889197306478e+02 2.990084234380487374e+02
2.474379349723106770e+03 1.387222340397290665e+01 7.460351885450590359e+00 5.575981133679191792e+00 7.979628027840083178e+02 3.083428657508722495e+02
2.968786218274173734e+03 1.305057400152296232e+01 6.986933398419159502e+00 5.532529567935081438e+00 7.749117784708518002e+02 3.212697727047548142e+02
2.975986630021419387e+03 7.877279816960252035e+00 0.000000000000000000e+00 9.494452163679243384e+00 7.726212336342022127e+02 3.033075906062467197e+02
2.824533823572267465e+03 8.001730001931463221e+00 0.000000000000000000e+00 9.900905549631458413e+00 5.993170649795123609e+04 0.000000000000000000e+00
3.155110364204649159e+03 8.673173805086234367e+00 0.000000000000000000e+00 9.693388856863171199e+00 5.697229056752803444e+04 0.000000000000000000e+00
3.037482991074907659e+03 8.204006667319472257e+00 0.000000000000000000e+00 1.061399555683930451e+01 5.497318360126071639e+04 0.000000000000000000e+00
3.323768137556209240e+03 8.242454173756112112e+00 0.000000000000000000e+00 1.085943754393094451e+01 5.705997278558641847e+04 0.000000000000000000e+00
3.442491081161486363e+03 8.968360292103131570e+00 0.000000000000000000e+00 1.029359568018995397e+01 5.830538810343793739e+04 0.000000000000000000e+00
3.521010319853988221e+03 8.713544426913696128e+00 0.000000000000000000e+00 1.065698094821790320e+01 5.744831648439835408e+04 0.000000000000000000e+00
3.624257584695389141e+03 9.339781576972571386e+00 0.000000000000000000e+00 1.064083578892575055e+01 5.549292722077957296e+04 0.000000000000000000e+00
3.761578923797282187e+03 9.317467389542617440e+00 0.000000000000000000e+00 1.064641000501252499e+01 5.843732562359957228e+04 0.000000000000000000e+00
3.685961780751876177e+03 9.367049211233320349e+00 0.000000000000000000e+00 1.085214924286988136e+01 5.992269165901577799e+04 0.000000000000000000e+00
4.045790669552603504e+03 9.103960496621349208e+00 0.000000000000000000e+00 1.099279331502102330e+01 5.522147984758263192e+04 0.000000000000000000e+00
3.864472252022701014e+03 9.040450448320585863e+00 0.000000000000000000e+00 1.178386900641365820e+01 5.725621979595323501e+04 0.000000000000000000e+00
4.124389771528192796e+03 9.421300106647679584e+00 0.000000000000000000e+00 1.192889965592954660e+01 5.934449409302864660e+04 0.000000000000000000e+00
4.184789567401455315e+03 9.383494387484921262e+00 0.000000000000000000e+00 1.115881546643928779e+01 5.940941790851234691e+04 0.000000000000000000e+00
4.366283021259218003e+03 9.918172964146897641e+00 0.000000000000000000e+00 1.140317566544797501e+01 5.922819995556062349e+04 0.000000000000000000e+00
4.441024427882992313e+03 9.692386321321494691e+00 0.000000000000000000e+00 1.203275391514248582e+01 5.907761220655331272e+04 0.000000000000000000e+00
4.487264603620753405e+03 1.000033053999590749e+01 0.000000000000000000e+00 1.221729263632603946e+01 5.505472180313388526e+04 0.000000000000000000e+00
4.526851570518912013e+03 1.037096741733814653e+01 0.000000000000000000e+00 1.191628874243396119e+01 5.890501512094625650e+04 0.000000000000000000e+00
4.486567648258198460e+03 9.746965727027099291e+00 0.000000000000000000e+00 1.208355282160613875e+01 5.590263129808699887e+04 0.000000000000000000e+00
4.777717152754057679e+03 9.892274459022136313e+00 0.000000000000000000e+00 1.185246984331857689e+01 5.623808935185790324e+04 0.000000000000000000e+00
4.778397447561726040e+03 1.017503831732943098e+01 0.000000000000000000e+00 1.246770436949403837e+01 5.556325253447040450e+04 0.000000000000000000e+00
4.884786764612002116e+03 1.007656559123973850e+01 0.000000000000000000e+00 1.196008866937386195e+01 5.645084266729364754e+04 0.000000000000000000e+00
4.882758631601882371e+03 1.081497162671883139e+01 0.000000000000000000e+00 1.267542004101981590e+01 5.621030407708056737e+04 0.000000000000000000e+00
5.310578121340264261e+03 1.069026076195756758e+01 0.000000000000000000e+00 1.206946428942833727e+01 5.769586643226126762e+04 0.000000000000000000e+00
5.105453123273270648e+03 1.096773345277991751e+01 3.406947899362320786e+00 1.300903602693506400e+01 4.321819735400479772e+02 8.800436593786530182e+01
5.292852717349315753e+03 1.124377308603129144e+01 3.511950556550258451e+00 1.277689469481443929e+01 4.426474329589455579e+02 8.642326648942041345e+01
5.113758442865471807e+03 1.090860736521171681e+01 3.532157146017227412e+00 1.254922202785385466e+01 4.580005677755526676e+02 8.715386106833062740e+01
5.513914650482655816e+03 1.126762285263384378e+01 3.409768294886483364e+00 1.281566650791152995e+01 4.296001992797288835e+02 8.839335284486676869e+01
5.394188513333234368e+03 1.118278273467146633e+01 3.506538132314891421e+00 1.252341522769877535e+01 4.189621861071200897e+02 8.456528213489413304e+01
5.420352189726354482e+03 1.147120598786420409e+01 3.501145095565104004e+00 1.281193077034014571e+01 4.339872633889237932e+02 8.433787880809578041e+01
5.671603634869067719e+03 1.103814809053300650e+01 3.788196656293689291e+00 1.297710471831204870e+01 4.340158413823625096e+02 8.276442172428410515e+01
5.895784155786385782e+03 1.139763766724190042e+01 3.545784280285731782e+00 1.348452012240282905e+01 4.397999578622502668e+02 8.728583515123904135e+01
5.793183030976235386e+03 1.131317072528307044e+01 3.766280865916915133e+00 1.241494820245339348e+01 4.349313659423572744e+02 8.908680340455859437e+01
5.939835921236692229e+03 1.122345303018852647e+01 3.705843752926059054e+00 1.349263896557006071e+01 4.284857442518633093e+02 8.891351171808749143e+01
6.039395216200986397e+03 1.177899821324906249e+01 3.806568064547574348e+00 1.338625983626331006e+01 4.281620446373059394e+02 8.114032414019169437e+01
6.159116918706252363e+03 1.119816980608799284e+01 3.647017308279118630e+00 1.348024100550859750e+01 4.484490285121694910e+02 8.164202067313746625e+01
6.145101767317089980e+03 1.117623542580910367e+01 3.668818872356065519e+00 1.360998829839520674e+01 4.325568446527777269e+02 8.555957808331885417e+01
6.341642175448567286e+03 1.140923305906352070e+01 3.606230422990986284e+00 1.297765652272503800e+01 4.165301662844370867e+02 8.862136656239637489e+01
