-4.066503289950778033e-01 6.022814362851208081e+00 3.336814131896340463e+00 2.823336320449874481e+00 1.453175396644194961e+03 6.108677669765891096e+02
3.438836353524330747e+01 5.841981871164238171e+00 3.212225229704731788e+00 2.793697767149416311e+00 1.352682982969331988e+03 5.888964550227025256e+02
3.427263277922457263e+01 7.971654080805652853e+00 4.253640300474369695e+00 3.164600187757780958e+00 1.459788281609115757e+03 6.170095968931607331e+02
4.806439858280502619e+01 7.733904227239625229e+00 4.385325464331710776e+00 3.201563925341925465e+00 1.403777071221624510e+03 6.249035810458045717e+02
1.052102728112143382e+02 8.180987114631756540e+00 4.606023395963853240e+00 3.359888865321301488e+00 2.016600837936628920e+02 7.666469223136381572e+01
1.499064847151166191e+02 8.236955800749740320e+00 4.489072226221859196e+00 3.592032688074536573e+00 1.985084586369110298e+02 7.947549633736613828e+01
2.028694515976911248e+02 8.626981743042691164e+00 4.588166718749686623e+00 3.572283421062671049e+00 3.565559401690362051e+02 7.929231763194769655e+01
2.410864032206027616e+02 8.031929781123949397e+00 4.463113859644118442e+00 3.527387223018630280e+00 3.541077370346535531e+02 1.381320051160358844e+02
3.133596119888864564e+02 8.303842640126438468e+00 4.551307723555961360e+00 3.422583042711554668e+00 3.535697899924528542e+02 1.459962387592414075e+02
3.402022893252791960e+02 8.757030658330931416e+00 4.732201694182438523e+00 3.698704067743242785e+00 3.621303220828479539e+02 1.500698316447750358e+02
3.921768706673314000e+02 9.330861522630431892e+00 4.926661890879294958e+00 3.816284810888155299e+00 3.675994372498166740e+02 1.496302595748578312e+02
5.045062928386318504e+02 9.797285144808984825e+00 5.457856500383566178e+00 3.895889341140386986e+00 3.438087627237991342e+02 1.435039449460448395e+02
6.264294382169895243e+02 9.857941383838163318e+00 5.806200493433337328e+00 4.062919699445458832e+00 3.556731025709236746e+02 1.493943965539133103e+02
6.458763298169873224e+02 1.040996260072932067e+01 5.828848075879645485e+00 4.523618826908628598e+00 7.671399731100821100e+02 3.273332814441025107e+02
7.760846856300172476e+02 1.095209847500276368e+01 6.393533933605884734e+00 4.386417501485746939e+00 7.368536844076993475e+02 3.254599395757218190e+02
9.243097025920329770e+02 1.157579280550437240e+01 6.246491311670717472e+00 4.696931152542614285e+00 7.668634950371156265e+02 3.056955085400267649e+02
1.033155361979005193e+03 1.134305610943304998e+01 6.571436955752901987e+00 4.729796161347080030e+00 7.071935705620088584e+02 3.072354880376366850e+02
1.128314836321099619e+03 1.172506091284983931e+01 6.595965610792529077e+00 4.734358984677847104e+00 7.192998729458710159e+02 2.991283067123046067e+02
1.254318052688792932e+03 1.136689019814088120e+01 6.696181315124260180e+00 4.699671317365643475e+00 7.556188079483102911e+02 2.996634454865268253e+02
1.349684755389310112e+03 1.149795843376561777e+01 6.755211998868231760e+00 4.739128142505263597e+00 7.112625895614859246e+02 3.137064613378054787e+02
1.426957312748642607e+03 1.239378790571010747e+01 6.839965748362215159e+00 4.979625907987507816e+00 7.035062619585974062e+02 3.261717564509612544e+02
1.532773474700587713e+03 1.279089145185617227e+01 6.745566285985831634e+00 5.101409650530932538e+00 7.308411880118226236e+02 3.045126769639162490e+02
1.771896101391591856e+03 1.284680353877899783e+01 6.964293240123345718e+00 5.112120917680064380e+00 8.172196126419624989e+02 3.060081195032063306e+02
1.987360653534259882e+03 1.320312848494825353e+01 6.830551184347274152e+00 5.236149613652536061e+00 7.994849623952338789e+02 3.222475909059859873e+02
2.115127237363843960e+03 1.317339202133698350e+01 6.683902862089665220e+00 5.570129120499554887e+00 7.642097004084009768e+02 3.139926842220082222e+02
2.269040952051736895e+03 1.353328410536749438e+01 6.777975855425165008e+00 5.333117816798665700e+00 8.372011103832026038e+02 3.026395215597238462e+02
2.619159311665987843e+03 1.333195097094468728e+01 7.197384604097217142e+00 5.289576156918638361e+00 7.849173353640267123e+02 3.002496137691336457e+02
2.588103795438606994e+03 1.358398340087067346e+01 7.188452327567063094e+00 5.568373364063722519e+00 7.759335002241174379e+02 3.219840561641783552e+02
3.027360450383052466e+03 1.409206714905680080e+01 7.513686634455016389e+00 5.690324560874116422e+00 8.279974812842115170e+02 3.113078276619607436e+02
2.835150543582648424e+03 7.854238935025502855e+00 0.000000000000000000e+00 9.336522150577955870e+00 7.607722212123646841e+02 3.094438891289817661e+02
2.862238077309929849e+03 8.381681411685685035e+00 0.000000000000000000e+00 9.534318124661268712e+00 5.746098104647095897e+04 0.000000000000000000e+00
3.014896349612756694e+03 8.187574500624307916e+00 0.000000000000000000e+00 1.037175270345301925e+01 5.895994808430870762e+04 0.000000000000000000e+00
3.113915325034455691e+03 8.385610645686265130e+00 0.000000000000000000e+00 1.071476770632441955e+01 5.898428294858316804e+04 0.000000000000000000e+00
3.262529937587841232e+03 8.248327382400816532e+00 0.000000000000000000e+00 1.020467631031117328e+01 5.879717684377361002e+04 0.000000000000000000e+00
3.336592065643685146e+03 8.734993525125251068e+00 0.000000000000000000e+00 1.045974197358524727e+01 5.730904300798720215e+04 0.000000000000000000e+00
3.411532640090558743e+03 8.751907064176952744e+00 0.000000000000000000e+00 1.025126378286638484e+01 5.823769679467745300e+04 0.000000000000000000e+00
3.396899355303167795e+03 8.612500246301353357e+00 0.000000000000000000e+00 1.033737415260065085e+01 5.824779344293741451e+04 0.000000000000000000e+00
3.817361081802710487e+03 9.593415870706646587e+00 0.000000000000000000e+00 1.082208408045831582e+01 5.721376038057984988e+04 0.000000000000000000e+00
3.953951974877365956e+03 9.378546172686190729e+00 0.000000000000000000e+00 1.108621995340532962e+01 5.562209878616288188e+04 0.000000000000000000e+00
3.858807479626640543e+03 9.244299099695028943e+00 0.000000000000000000e+00 1.168265690252809996e+01 5.770692224778688251e+04 0.000000000000000000e+00
4.130650159192284264e+03 9.616250507779513512e+00 0.000000000000000000e+00 1.097955283845801411e+01 5.868073197646241169e+04 0.000000000000000000e+00
4.091025738315833223e+03 9.335339729975352441e+00 0.000000000000000000e+00 1.191193685646707401e+01 5.806883285042708303e+04 0.000000000000000000e+00
4.060174685677492562e+03 9.186015914509994218e+00 0.000000000000000000e+00 1.175972321662424669e+01 5.698302879446446605e+04 0.000000000000000000e+00
4.408170521922193984e+03 9.443293349182486196e+00 0.000000000000000000e+00 1.172221224661370975e+01 5.941868670065555489e+04 0.000000000000000000e+00
4.544433739100496496e+03 9.681013747651350698e+00 0.000000000000000000e+00 1.112678419588508660e+01 6.042946201936419675e+04 0.000000000000000000e+00
4.292129709873725915e+03 9.741114282356956977e+00 0.000000000000000000e+00 1.167008035480511730e+01 5.745120117491979909e+04 0.000000000000000000e+00
4.418974301786166507e+03 1.017629033970851005e+01 0.000000000000000000e+00 1.214483080100871248e+01 5.878911646713008668e+04 0.000000000000000000e+00
4.496616339947921006e+03 9.757541074838471218e+00 0.000000000000000000e+00 1.149205044301608147e+01 6.052644019308411225e+04 0.000000000000000000e+00
4.614969752881494969e+03 9.911433792675198973e+00 0.000000000000000000e+00 1.172008694031869780e+01 5.923556888744451135e+04 0.000000000000000000e+00
5.034801655494115948e+03 1.009800334244401832e+01 0.000000000000000000e+00 1.185480372278208883e+01 5.947712570925628825e+04 0.000000000000000000e+00
4.743881126500685241e+03 1.054686313191887415e+01 0.000000000000000000e+00 1.232215322979665828e+01 5.741580650262277777e+04 0.000000000000000000e+00
5.022537124623942873e+03 1.000386300394217187e+01 0.000000000000000000e+00 1.206518323104877410e+01 5.499742069240043929e+04 0.000000000000000000e+00
5.388891217589365624e+03 1.042767363782540713e+01 0.000000000000000000e+00 1.174032208538103994e+01 5.746540494948056585e+04 0.000000000000000000e+00
5.038495856374928735e+03 1.156081206554018870e+01 3.629023871857791406e+00 1.299979374144368549e+01 4.550083907383765904e+02 8.449736568788982538e+01
5.122382956142128933e+03 1.058933884561738203e+01 3.603673725029187036e+00 1.237296445210177254e+01 4.402863233358352204e+02 8.209957610452659083e+01
5.426825217112923383e+03 1.128697986645965656e+01 3.643727517337967736e+00 1.332510837342696774e+01 4.598979771594051158e+02 8.924308951149205882e+01
5.302062789434871775e+03 1.138306486730266620e+01 3.384433647963984715e+00 1.315964512574500311e+01 4.589635716040848479e+02 8.274071836081638764e+01
5.694752497913816114e+03 1.072410310331070171e+01 3.665423432510244606e+00 1.278576558998491386e+01 4.417317777333927893e+02 8.597158977976863525e+01
5.633510057854700790e+03 1.161161768199476718e+01 3.457590010735970054e+00 1.331570344485689361e+01 4.529408673223592814e+02 8.401984138355241782e+01
5.809696722011341080e+03 1.172328489000908114e+01 3.686690506763408148e+00 1.233333272693220906e+01 4.412782564064665394e+02 8.234524087867754361e+01
5.920301422517365609e+03 1.098482712531736460e+01 3.651555697616390539e+00 1.354477159930878472e+01 4.211326874841377048e+02 8.489191135226752749e+01
5.654992241823507356e+03 1.167711452958518059e+01 3.744296832247266504e+00 1.302710718862489081e+01 4.437225276293379466e+02 8.620272975222023604e+01
5.705593381539607435e+03 1.174879841706786721e+01 3.711698473150084165e+00 1.289409930459874332e+01 4.260973237985810442e+02 8.799010092780257253e+01
6.032806040711101559e+03 1.178177879316559640e+01 3.613618530702456422e+00 1.354300805389420503e+01 4.488538712901952294e+02 8.342192406345640165e+01
6.160094152302222938e+03 1.165343343133441323e+01 3.623270262760679650e+00 1.352621765592962966e+01 4.242075691188629207e+02 8.390177076185075578e+01
5.957156158934831183e+03 1.166169558449569799e+01 3.622254158743762442e+00 1.351293677163256568e+01 4.469004109563599059e+02 8.187999841614721674e+01
6.390740164037760223e+03 1.166848868688427032e+01 3.813181425252544887e+00 1.338303397185308796e+01 4.242722209509956315e+02 8.761572389487791668e+01
