-3.939795558810443854e-02 5.901696816583811511e+00 3.338004875978388242e+00 2.789356747407990333e+00 1.405074998966679004e+03 5.724594033195511429e+02
3.104638095973172796e+01 5.779070625187551435e+00 3.329883826502014976e+00 2.822692282570478106e+00 1.349432819628691050e+03 6.066027123921874136e+02
3.344001666256537675e+01 7.952027352713701980e+00 4.415276057819319533e+00 3.414599667146071216e+00 1.461569683475832790e+03 5.822970241957322060e+02
4.907554757445220872e+01 8.090307738962101425e+00 4.414331370613230554e+00 3.266959444941036406e+00 1.424991949955254086e+03 5.945466518342112749e+02
9.928964058521356151e+01 7.809555707631383292e+00 4.269725550880360210e+00 3.247782032347438008e+00 1.966543023970660897e+02 8.184407200225444967e+01
1.566350995135188100e+02 8.122561683928990917e+00 4.524768255561034458e+00 3.335871442826347177e+00 2.071412849840789647e+02 7.812990191219968494e+01
2.052351055395650405e+02 8.058604531820192207e+00 4.404493895853870633e+00 3.443383362408674930e+00 3.614290283294866981e+02 7.703807783282437072e+01
2.595928298210683351e+02 8.459600708924590151e+00 4.601354160616183187e+00 3.478612666352160598e+00 3.761305608592836620e+02 1.453519900822125237e+02
2.941268469926439479e+02 8.257854382139452554e+00 4.949083710199831287e+00 3.514158262227021545e+00 3.620120687999357187e+02 1.359654193280129562e+02
3.457068751625203618e+02 8.690997137124558236e+00 4.629409525741719378e+00 3.603472525804640725e+00 3.681968694708626231e+02 1.390221038580191646e+02
4.137147812898438133e+02 8.945414980550541628e+00 4.989847295451987463e+00 3.727672789722290769e+00 3.595262208755224833e+02 1.461159177272473642e+02
4.985680626638658168e+02 9.196039890920479465e+00 5.316352004231119643e+00 3.737653288378250949e+00 3.618687427484855448e+02 1.467271626055348293e+02
6.101669144748509552e+02 9.751118609067100707e+00 5.711427750099430156e+00 3.944517777495853750e+00 3.634001095976826718e+02 1.377702736322086992e+02
6.646066756845362988e+02 1.042780932220244416e+01 5.915139489494054992e+00 4.467037599968710637e+00 7.724749375592714387e+02 2.984610284613535214e+02
7.809988178468415754e+02 1.096383254908813498e+01 5.933489116979718148e+00 4.675420245636777494e+00 7.321053439598533714e+02 2.973483915547132028e+02
9.032142005631983466e+02 1.104228979153417001e+01 6.507085367792020847e+00 4.396878469134354539e+00 7.646811117403429989e+02 3.023508844302281773e+02
1.033487207688154513e+03 1.162712784460479121e+01 6.432696680553341650e+00 4.564468626415568053e+00 7.402480855315741337e+02 3.130127351513401663e+02
1.075098660037784157e+03 1.109271559598250256e+01 6.672252583821394190e+00 4.600126993526319374e+00 7.486894477648210113e+02 3.102098409399859520e+02
1.243682967494723243e+03 1.209465459458483139e+01 6.452894631887285293e+00 4.548293425269639201e+00 7.570400898635792828e+02 3.225993138320912976e+02
1.289992369274034218e+03 1.205122587845839455e+01 6.601372959186447176e+00 4.850292393438236260e+00 7.449536216559513377e+02 3.263632607033507611e+02
1.392971395111743277e+03 1.224981253303066531e+01 6.514845882088625473e+00 4.875965057944484649e+00 7.165435164363785816e+02 3.253107266356882974e+02
1.543401068552743482e+03 1.241175221579516297e+01 6.455237052048000024e+00 5.170401063688713883e+00 7.554875195815161533e+02 3.197693486156287577e+02
1.770351438807585509e+03 1.268116869265334046e+01 6.973252290991849733e+00 5.263118012960187109e+00 8.114875647954303304e+02 3.139461538787130621e+02
1.998165667023223932e+03 1.279669182152139761e+01 7.063984254387579931e+00 5.374573294204486373e+00 7.609965241484150056e+02 3.186740881199771138e+02
2.158665253795775698e+03 1.325459396975045401e+01 7.304932851775936875e+00 5.200564665395085662e+00 8.171784119965515174e+02 3.142667245664407574e+02
2.277762199160096770e+03 1.276574004955067565e+01 7.233676227768992995e+00 5.204355471884187345e+00 7.636099226632950376e+02 2.985537839368938080e+02
2.560168958423871572e+03 1.341374387644904687e+01 7.084035963407377068e+00 5.581858635663937918e+00 8.102511829334993081e+02 3.130049634083885621e+02
2.711047373098564094e+03 1.301731020908999348e+01 7.645755680521805431e+00 5.475429481494122896e+00 8.034269552919362241e+02 3.091157951253632632e+02
2.940169574663864296e+03 1.351527202158376362e+01 7.203438584254717725e+00 5.695537275122140031e+00 8.101594931366703349e+02 3.189751581141481438e+02
2.904804609337283637e+03 7.849357661061296731e+00 0.000000000000000000e+00 9.962129832422570885e+00 7.668484611448945998e+02 3.143095805853556612e+02
3.095473372800542620e+03 8.225545264958681102e+00 0.000000000000000000e+00 9.972749362234143433e+00 6.045764494224364898e+04 0.000000000000000000e+00
3.094550219930416006e+03 8.756955319828843898e+00 0.000000000000000000e+00 1.016326019331866526e+01 5.623336959999414103e+04 0.000000000000000000e+00
3.116244109771451349e+03 8.133763618823207864e+00 0.000000000000000000e+00 9.975820424231150341e+00 5.544032775988878711e+04 0.000000000000000000e+00
3.223572338685390605e+03 8.384449723089330675e+00 0.000000000000000000e+00 1.012838203530312065e+01 5.505242103789099201e+04 0.000000000000000000e+00
3.294941422091570530e+03 8.846266686842744420e+00 0.000000000000000000e+00 1.088339808631350003e+01 6.021641391620670765e+04 0.000000000000000000e+00
3.409041469345545465e+03 8.634740535277446227e+00 0.000000000000000000e+00 1.022674013731003839e+01 5.586263298449441209e+04 0.000000000000000000e+00
3.491148855483817442e+03 9.165733300926932614e+00 0.000000000000000000e+00 1.036536618634337792e+01 6.016468306202082749e+04 0.000000000000000000e+00
3.563347323912388219e+03 9.155162081035751243e+00 0.000000000000000000e+00 1.094792780003215782e+01 5.854835884951266053e+04 0.000000000000000000e+00
3.858072467421400688e+03 9.678475327575970510e+00 0.000000000000000000e+00 1.113265371790563485e+01 5.868444910164631438e+04 0.000000000000000000e+00
4.045956997226752719e+03 9.472077506109629397e+00 0.000000000000000000e+00 1.121533925732500414e+01 5.826871408010615414e+04 0.000000000000000000e+00
3.965557040988697736e+03 9.587159851243090003e+00 0.000000000000000000e+00 1.127468254005211890e+01 5.904411765365872270e+04 0.000000000000000000e+00
3.901193445114486167e+03 9.304023583313012935e+00 0.000000000000000000e+00 1.155493131890023228e+01 5.911159411828337034e+04 0.000000000000000000e+00
3.979660850528283390e+03 9.906275184783924104e+00 0.000000000000000000e+00 1.143885945562493056e+01 5.575534250189208251e+04 0.000000000000000000e+00
4.454018440653199832e+03 9.495959496231389352e+00 0.000000000000000000e+00 1.103172377693094397e+01 5.614199653991910600e+04 0.000000000000000000e+00
4.496787362119834143e+03 1.031697437331672518e+01 0.000000000000000000e+00 1.214464526508302988e+01 5.907296234783429827e+04 0.000000000000000000e+00
4.287190073383681010e+03 9.838871269950226761e+00 0.000000000000000000e+00 1.184750575581139209e+01 6.058637687028805522e+04 0.000000000000000000e+00
4.631688219544619642e+03 1.028580571563619550e+01 0.000000000000000000e+00 1.198569472415709392e+01 5.924025306530301896e+04 0.000000000000000000e+00
4.720263456853830576e+03 9.895244218099669808e+00 0.000000000000000000e+00 1.191029360216812805e+01 6.013006323164296191e+04 0.000000000000000000e+00
4.995466649341924494e+03 1.043809444660562136e+01 0.000000000000000000e+00 1.246264189717028614e+01 5.856014330666955357e+04 0.000000000000000000e+00
5.090220027631259654e+03 1.035501911355341775e+01 0.000000000000000000e+00 1.191226046797924276e+01 5.597746767875870864e+04 0.000000000000000000e+00
4.944063329509834148e+03 9.941879387903210130e+00 0.000000000000000000e+00 1.158594481457180869e+01 5.539137140294818528e+04 0.000000000000000000e+00
5.025926582986194262e+03 9.934141229183349964e+00 0.000000000000000000e+00 1.243733733491065330e+01 5.711032496327137778e+04 0.000000000000000000e+00
4.961920371104562037e+03 1.011078234649687602e+01 0.000000000000000000e+00 1.183091477573679562e+01 5.835892654419125756e+04 0.000000000000000000e+00
4.902945912680691436e+03 1.090399139906688930e+01 3.560675315006097019e+00 1.304079012281405348e+01 4.629796617229218327e+02 8.784966451420589806e+01
4.946879853614093918e+03 1.112208050531170933e+01 3.339203380484036643e+00 1.336553060373267243e+01 4.319740266666042885e+02 8.254691292899865118e+01
5.448439984838953933e+03 1.125809830798511335e+01 3.424647205973166297e+00 1.332671202040652858e+01 4.405299779672299678e+02 8.849464295608046882e+01
5.413663896747511899e+03 1.124731188122639658e+01 3.573641569757057823e+00 1.282783520623276097e+01 4.260742773187400871e+02 8.884213026726818896e+01
5.324486723063425416e+03 1.066480461780030531e+01 3.421609609946902442e+00 1.230822345743909096e+01 4.590161440041459286e+02 8.242801827769848444e+01
5.819926846340539669e+03 1.108050460878298971e+01 3.444407859369222002e+00 1.340142072863993583e+01 4.500072174644066081e+02 8.709640564080891068e+01
5.451210106557998188e+03 1.127193428517657203e+01 3.684143105118451889e+00 1.312599274199824961e+01 4.512749735070908628e+02 8.643771139867553188e+01
5.957501363263055282e+03 1.146448145658252749e+01 3.567182624894571941e+00 1.359176248059531211e+01 4.545998699871485655e+02 8.766464555381401169e+01
5.963455197692529509e+03 1.103675215811219346e+01 3.692315958633661577e+00 1.326735277089204068e+01 4.438188184846983404e+02 8.374276762532007012e+01
6.033157712008156523e+03 1.154577340475907299e+01 3.787739244377794190e+00 1.342430598020903965e+01 4.147812490925224438e+02 8.431914288618723674e+01
5.890661950848831111e+03 1.128362406132102258e+01 3.591331640649074952e+00 1.265475468188004449e+01 4.477410153038939029e+02 8.175854532519488771e+01
5.969489789861298050e+03 1.069559619703864861e+01 3.588892631610909323e+00 1.334613908251914971e+01 4.454590617389947624e+02 8.707070586236331167e+01
6.106206616799941912e+03 1.173555582310443945e+01 3.687649093354264718e+00 1.334760459181071113e+01 4.161521611196941990e+02 8.563943800323157518e+01
6.135128692942909765e+03 1.156526165406098094e+01 3.754545482544167978e+00 1.310280863298020471e+01 4.486794237280357720e+02 8.145527831426137766e+01
