-1.137553889510649618e-01 6.018263000001927487e+00 3.369719195257145472e+00 2.935343008123795894e+00 1.442393536506502187e+03 5.791972630055140598e+02
3.415664924978816686e+01 5.997520864183602640e+00 3.396024400055160708e+00 2.897788759076535658e+00 1.395408587955333360e+03 6.277379303878653900e+02
3.467131845552327007e+01 7.625746817935826982e+00 4.547968645577697977e+00 3.333820992798597782e+00 1.371243765753181151e+03 6.278170584760545125e+02
5.033118446983742444e+01 8.017495242026919655e+00 4.211108546000597030e+00 3.363547041015700234e+00 1.437101464027897237e+03 5.862060405583645206e+02
9.629946088643096402e+01 7.834330274052249798e+00 4.339292324864279848e+00 3.384956929810418735e+00 1.939038853361184636e+02 7.866825820141548320e+01
1.429203716201313910e+02 8.052404841557459392e+00 4.585662362741195430e+00 3.555111315908454195e+00 2.037094247440975323e+02 8.012993707711272862e+01
2.021893940770253550e+02 8.201563751257662460e+00 4.454000217857037924e+00 3.549589777618838315e+00 3.778864782352828797e+02 7.768756178755576514e+01
2.502162968614797762e+02 8.463536028810885625e+00 4.747656422104643781e+00 3.631219858549732837e+00 3.546556272088860737e+02 1.401222171872377942e+02
3.147001595541684082e+02 8.378499335089120592e+00 4.930917615343944682e+00 3.644782082929185041e+00 3.538776465502763813e+02 1.462783010667235715e+02
3.631131055958579168e+02 8.355449766502463405e+00 4.613839130224491214e+00 3.507951204006330759e+00 3.448478163271746553e+02 1.490982050122742066e+02
4.197084222276738501e+02 8.815983002301953420e+00 4.839531209981759119e+00 3.610378283142821498e+00 3.640678861505837176e+02 1.423522767588616773e+02
5.180441803900308742e+02 9.416649583505735777e+00 5.529432618958162848e+00 3.963314939435417461e+00 3.534118764740401275e+02 1.422650190271117197e+02
5.742584200436946276e+02 1.058416926677956305e+01 5.923148521249008702e+00 3.926694366562249794e+00 3.616528244610934166e+02 1.378352311302074895e+02
6.985345027794945736e+02 1.043497046108720028e+01 5.706106933069285070e+00 4.468573062278710317e+00 7.276549851307308927e+02 3.050898810313979084e+02
7.819972608131737388e+02 1.055492791169143274e+01 6.195789003443318954e+00 4.575007149727109201e+00 7.144292465116052426e+02 3.037441444816226976e+02
8.574989879408383331e+02 1.115149069543054772e+01 6.457043962145377236e+00 4.381934092539826686e+00 7.406432396389922133e+02 2.994782268891111698e+02
1.012102289501212454e+03 1.133998921721092401e+01 6.671630552348708498e+00 4.823733592607866605e+00 7.354822630196807722e+02 3.054301037012353959e+02
1.120006467587829775e+03 1.183306510727987160e+01 6.574461337936597261e+00 4.828039175186654930e+00 7.703776346516684725e+02 3.097046585355141701e+02
1.188142534906085984e+03 1.174586889790323774e+01 6.377554688562369734e+00 4.997633092483639849e+00 7.539748518381372833e+02 3.050786541741935025e+02
1.349095071513755101e+03 1.160781681312161062e+01 6.433276348637519071e+00 4.824360831671271832e+00 7.145179947139064325e+02 3.086593250917806017e+02
1.392853430037691851e+03 1.193001127055968347e+01 6.648383127854867958e+00 4.766135815053621272e+00 7.367745261742222738e+02 3.022317987207983379e+02
1.606437517864938400e+03 1.220039052417016734e+01 6.886169243715779764e+00 4.906659489960966347e+00 7.411860558086781339e+02 3.191907611322471325e+02
1.745559127118742936e+03 1.239029448653586840e+01 6.934396385149081077e+00 5.208651788054397436e+00 7.714770799967184303e+02 3.206486440686765036e+02
2.046642932978125600e+03 1.307392261610428186e+01 7.203461978850734582e+00 5.128287824278705997e+00 8.069516202688830617e+02 3.173050178982355192e+02
2.245987161129501601e+03 1.342745468024233091e+01 6.728755958562192774e+00 5.119011169075490031e+00 7.854003478946700625e+02 3.203960739840483143e+02
2.354629530785040060e+03 1.267852534007238852e+01 7.127887930291920249e+00 5.552045163878922551e+00 7.855205139126007907e+02 3.114979324034986803e+02
2.543285438332244212e+03 1.317635131315331876e+01 6.764698080449604412e+00 5.359073077963336651e+00 7.768491950203011811e+02 3.102380185553941487e+02
2.611384078494728328e+03 1.427297255041420243e+01 7.190590675583693248e+00 5.515617929061682467e+00 8.046633253521292772e+02 3.264526962661344101e+02
2.961525671637683899e+03 1.383769030970578306e+01 7.054001478371517031e+00 5.584577363039724851e+00 7.600539188722967765e+02 3.167909771250626250e+02
2.809928102311773273e+03 8.106213016878792033e+00 0.000000000000000000e+00 1.017148811759232174e+01 8.191341043860638820e+02 3.087505938762737401e+02
3.106667654915908315e+03 8.378278240154770629e+00 0.000000000000000000e+00 1.051149823109642334e+01 5.500360286249094497e+04 0.000000000000000000e+00
3.036086354427074184e+03 8.553832945586908210e+00 0.000000000000000000e+00 1.059467461967568269e+01 5.979923357996631239e+04 0.000000000000000000e+00
3.324306251248184253e+03 8.495543826890193273e+00 0.000000000000000000e+00 1.024354110920539895e+01 5.750636453476491442e+04 0.000000000000000000e+00
3.207455100188699816e+03 9.056030194740110062e+00 0.000000000000000000e+00 1.008720906388081318e+01 5.605755369700815208e+04 0.000000000000000000e+00
3.521070320790127425e+03 8.986459315873606357e+00 0.000000000000000000e+00 1.031802302880388389e+01 5.665679984547103231e+04 0.000000000000000000e+00
3.392704365908959517e+03 8.555515837380951893e+00 0.000000000000000000e+00 1.079843561308275213e+01 5.804931475351459812e+04 0.000000000000000000e+00
3.574932019381620194e+03 9.024180275326203926e+00 0.000000000000000000e+00 1.074045283670969297e+01 6.067853579881588666e+04 0.000000000000000000e+00
3.556908610095763834e+03 9.435691769716877175e+00 0.000000000000000000e+00 1.123460407452760457e+01 5.497628732645523996e+04 0.000000000000000000e+00
3.678275587677998828e+03 9.419368093900933658e+00 0.000000000000000000e+00 1.064977827976305846e+01 6.039695525734934199e+04 0.000000000000000000e+00
4.031216179105022547e+03 8.983213185400122924e+00 0.000000000000000000e+00 1.156119150743077029e+01 5.775147041537019686e+04 0.000000000000000000e+00
3.864191523583012440e+03 9.789343313021520387e+00 0.000000000000000000e+00 1.072939417173081367e+01 5.894080145988655568e+04 0.000000000000000000e+00
4.168226086907560784e+03 9.702159091121165702e+00 0.000000000000000000e+00 1.121378257283428859e+01 5.887384075316983217e+04 0.000000000000000000e+00
4.124094965864497681e+03 9.475208202924090273e+00 0.000000000000000000e+00 1.143341516948937375e+01 5.509411119146343844e+04 0.000000000000000000e+00
4.346897751659572350e+03 1.008709337202305178e+01 0.000000000000000000e+00 1.136738415852509121e+01 5.531697388054359180e+04 0.000000000000000000e+00
4.293755593874248007e+03 1.032590129731321227e+01 0.000000000000000000e+00 1.154488337287678057e+01 5.894376512489066226e+04 0.000000000000000000e+00
4.617065772504029155e+03 1.026414434863268355e+01 0.000000000000000000e+00 1.143518067890284406e+01 5.602234971971876075e+04 0.000000000000000000e+00
4.472100236604429483e+03 1.044580728108869216e+01 0.000000000000000000e+00 1.172597650752604359e+01 5.791553762645408278e+04 0.000000000000000000e+00
4.854072593779806994e+03 9.936254535730599358e+00 0.000000000000000000e+00 1.208838002941112144e+01 5.525871645485074987e+04 0.000000000000000000e+00
4.967233572657389232e+03 9.950945747025592425e+00 0.000000000000000000e+00 1.244223656161230096e+01 5.749883298914827901e+04 0.000000000000000000e+00
4.638166616806202001e+03 9.884502363435831995e+00 0.000000000000000000e+00 1.234085040637646102e+01 5.610194594664970646e+04 0.000000000000000000e+00
5.211604965470633033e+03 9.884328424937949720e+00 0.000000000000000000e+00 1.153584997152142577e+01 5.906879308096864406e+04 0.000000000000000000e+00
4.973419754379630831e+03 9.943892685510274276e+00 0.000000000000000000e+00 1.153909500846369873e+01 5.612304998298194550e+04 0.000000000000000000e+00
5.202644079317889918e+03 1.063557191685050185e+01 0.000000000000000000e+00 1.266215862954413574e+01 5.500104891544571001e+04 0.000000000000000000e+00
5.070384394483217875e+03 1.135897644985445432e+01 3.610248641196051711e+00 1.315027242385395567e+01 4.588789740369468859e+02 8.747585740842342261e+01
5.206454878588670908e+03 1.102342711811729714e+01 3.413569734198052874e+00 1.239479188168389712e+01 4.603294491551859551e+02 8.093553505032595297e+01
5.295440116078589199e+03 1.119051238760498279e+01 3.580204843774062340e+00 1.260698370372131194e+01 4.630499695935234854e+02 8.782266731786644698e+01
5.123759820940718782e+03 1.138448921671512792e+01 3.725096760733569656e+00 1.231889227748515481e+01 4.271536347911548432e+02 8.881143180439462981e+01
5.523167550790278256e+03 1.138579485788047840e+01 3.494630089678063101e+00 1.263488447592723851e+01 4.392835500765237384e+02 8.595736586273646651e+01
5.529913231196909692e+03 1.162454926559436785e+01 3.534885031278702794e+00 1.279656071732800982e+01 4.398946544716374660e+02 8.429892773154246299e+01
5.547502666452423000e+03 1.151554359351663415e+01 3.473094698263838431e+00 1.298027204373306276e+01 4.189058540681425029e+02 8.110645564734365109e+01
5.796814973188071235e+03 1.117038761619325804e+01 3.635437258593521737e+00 1.267891910573483294e+01 4.216462911139525431e+02 8.573823541316571095e+01
6.072885807249700520e+03 1.118588708439243362e+01 3.737618056851505610e+00 1.255251205154265826e+01 4.125520819671132813e+02 8.175662252606019820e+01
5.899308896692009512e+03 1.120035413663600643e+01 3.747349508139735885e+00 1.265252808603353252e+01 4.425990133983601140e+02 8.438966831643458022e+01
6.171465171058774104e+03 1.132031111077499652e+01 3.689206665293367049e+00 1.288809009532670480e+01 4.327606068435758857e+02 8.670964752029099998e+01
6.315225219362863754e+03 1.165213777949933416e+01 3.724845500846930779e+00 1.302002616236833354e+01 4.122393573565028078e+02 8.599758756153151751e+01
6.085343263347891479e+03 1.159199383506585335e+01 3.688320029152539536e+00 1.277506947156362571e+01 4.236475371942262882e+02 8.584780381157632689e+01
6.659471390700092343e+03 1.109362639941745954e+01 3.832476790961279356e+00 1.356400094672242673e+01 4.292060325316508624e+02 8.323445397305461313e+01
