7.917670250240782526e-02 5.661239846026009381e+00 3.465508169512595327e+00 2.916831707359919257e+00 1.388671451744802880e+03 6.020336197431478240e+02
3.456162732569678298e+01 5.787287165768032260e+00 3.463280253549374077e+00 2.938221542478395953e+00 1.378253037694498744e+03 6.263083755492936007e+02
3.488761833419700764e+01 7.536617633833322394e+00 4.243581843512094665e+00 3.192182084487475091e+00 1.383978249755147544e+03 5.940090932527732548e+02
5.161929199231718002e+01 7.577648007748237546e+00 4.423619084342834462e+00 3.290985611329147353e+00 1.434417119146959749e+03 5.893522539284330151e+02
9.862668592527828082e+01 8.259095585901206960e+00 4.549699318046594776e+00 3.537912467528421701e+00 1.929906495695886690e+02 8.280329840138372788e+01
1.575444790361368632e+02 7.712107741448471110e+00 4.414404665659430904e+00 3.550900184763464029e+00 1.975309729485946377e+02 7.724503512511020631e+01
2.054322972609187730e+02 8.285374228581362743e+00 4.766617986390478734e+00 3.586438625793944457e+00 3.661984297180021599e+02 7.919487112097498027e+01
2.447798471361025747e+02 8.327480960636597374e+00 4.892867084219176377e+00 3.535091529121186404e+00 3.680328005272663177e+02 1.414677724561161369e+02
3.057474403536357386e+02 8.812341608808468507e+00 4.650274450959336114e+00 3.581608290999593436e+00 3.767092038365017288e+02 1.383589900728349562e+02
3.357712136902372322e+02 8.465383410798461128e+00 5.082569965193862949e+00 3.635720415281116225e+00 3.428194611227024780e+02 1.398771719399222775e+02
4.041800171261961054e+02 8.750391171648985278e+00 4.879250407407937473e+00 3.782966807107942309e+00 3.723719225908021713e+02 1.358660689997387010e+02
5.198340272854537716e+02 9.242201044814605027e+00 5.315339589941676657e+00 4.036298775686575802e+00 3.526382127045635571e+02 1.428163201428754974e+02
6.241869390472154464e+02 9.854622080273548690e+00 5.558625668501540495e+00 4.012931220986667213e+00 3.448912636711146433e+02 1.493779745828260843e+02
6.523479305887510691e+02 1.112341032233509175e+01 5.942484658419513011e+00 4.246002328290521710e+00 7.277949848494845355e+02 3.052187008978855829e+02
8.119347344726784286e+02 1.057714954323995649e+01 5.972894465827766730e+00 4.583403161838034201e+00 7.569217492096121305e+02 2.965702952312965408e+02
8.942062773602013976e+02 1.096241695734143207e+01 6.410297501016928301e+00 4.373991160341854645e+00 7.214570215508065303e+02 3.131482778187085501e+02
9.734985516678259501e+02 1.179684303476502727e+01 6.587078074174447906e+00 4.873814622830555443e+00 7.644387681366143852e+02 3.015590538394238251e+02
1.140041233004482137e+03 1.211949674841391555e+01 6.502944267800438993e+00 4.647003326732567885e+00 7.446024478157651174e+02 3.128406295140413818e+02
1.182247466630568397e+03 1.159252442000431316e+01 6.321972059332278349e+00 4.928105992908335509e+00 7.541370262395470263e+02 2.977290918515040516e+02
1.353548034720587111e+03 1.157724530457846157e+01 6.457370098306305373e+00 4.984755418270315097e+00 7.717811299147020918e+02 3.156852258438252079e+02
1.373024746198206685e+03 1.212899077063458009e+01 6.832553685708766089e+00 4.681026723887669938e+00 7.473810862184827783e+02 3.074558777267623668e+02
1.623539307192557544e+03 1.195181286113196428e+01 6.787588243862118453e+00 5.086126424981192606e+00 7.049739383900159737e+02 3.007158274291431326e+02
1.837009014751837412e+03 1.294112575733407411e+01 6.936492873189520125e+00 5.074843250541659856e+00 8.341144251435385968e+02 3.036795859563269460e+02
2.044963966797455669e+03 1.279878609036403248e+01 7.162475012808038777e+00 5.116594104739354165e+00 7.656350883677642969e+02 3.212220864295640013e+02
2.266965209237991530e+03 1.291420960486457048e+01 6.956053979869495585e+00 5.285611493313350451e+00 8.098738115322895510e+02 2.968808790101205091e+02
2.375001060360276824e+03 1.341319430769213383e+01 7.092168401464699734e+00 5.547503558784958599e+00 7.973678570127648300e+02 3.011286211488738331e+02
2.567210301751903899e+03 1.278859703734925546e+01 7.168871873918824633e+00 5.165058130377180312e+00 7.923137309951684983e+02 3.265004082440454454e+02
2.726651903409546776e+03 1.326827132859664182e+01 7.358276082870411905e+00 5.424820669985185084e+00 8.361817883877607755e+02 3.043980659618081290e+02
2.891400510319905152e+03 1.315474140917562629e+01 7.106179711662039544e+00 5.653986516826805975e+00 8.274876150338459411e+02 3.005917911914886531e+02
3.035009051878695573e+03 8.327819149699507761e+00 0.000000000000000000e+00 9.532933429471333042e+00 7.686329186189046823e+02 3.100803787910177221e+02
2.940312393956637152e+03 7.957213703712896269e+00 0.000000000000000000e+00 9.973540626676152598e+00 5.635711997640135087e+04 0.000000000000000000e+00
3.000587831014595849e+03 8.530703964001000728e+00 0.000000000000000000e+00 9.904692031882261105e+00 6.023982291690581769e+04 0.000000000000000000e+00
3.031018276209191299e+03 8.410374723454182799e+00 0.000000000000000000e+00 1.032900175555313993e+01 5.683257422782441427e+04 0.000000000000000000e+00
3.338278611294990696e+03 8.351843433956220863e+00 0.000000000000000000e+00 1.028058185065557950e+01 6.062297043449892954e+04 0.000000000000000000e+00
3.252645974123242013e+03 9.050638978573172011e+00 0.000000000000000000e+00 1.040582401139195134e+01 5.815327635017349530e+04 0.000000000000000000e+00
3.623084393464700042e+03 8.753588786224419493e+00 0.000000000000000000e+00 1.063863180757918592e+01 5.932536413038274623e+04 0.000000000000000000e+00
3.399157029512755344e+03 9.140874618630599358e+00 0.000000000000000000e+00 1.049326359009318210e+01 5.595513518044148077e+04 0.000000000000000000e+00
3.577774598515604794e+03 9.427726111982781987e+00 0.000000000000000000e+00 1.054403695168998212e+01 5.533687373568966723e+04 0.000000000000000000e+00
3.834678334588756570e+03 9.359373903550052276e+00 0.000000000000000000e+00 1.084127782246716798e+01 5.939006361585183913e+04 0.000000000000000000e+00
3.833171894801627786e+03 9.197730821507692056e+00 0.000000000000000000e+00 1.144329471898704220e+01 5.854143416055136913e+04 0.000000000000000000e+00
3.868453316767085653e+03 9.922164653461287287e+00 0.000000000000000000e+00 1.126207116544487086e+01 5.497192634006225126e+04 0.000000000000000000e+00
4.240188762164827494e+03 9.992908415785247911e+00 0.000000000000000000e+00 1.106214419088074052e+01 5.837010083028359804e+04 0.000000000000000000e+00
4.212554735139385230e+03 9.339513860131008371e+00 0.000000000000000000e+00 1.099951029041257655e+01 5.599194618691885262e+04 0.000000000000000000e+00
4.377830274745999304e+03 1.018764591351554216e+01 0.000000000000000000e+00 1.163282399780832854e+01 5.503396468626808200e+04 0.000000000000000000e+00
4.417915460239836648e+03 9.652452081124213379e+00 0.000000000000000000e+00 1.204957750239907455e+01 5.526312972925792565e+04 0.000000000000000000e+00
4.665915552696740633e+03 1.006201101349992477e+01 0.000000000000000000e+00 1.170083836960131940e+01 5.775161332179840247e+04 0.000000000000000000e+00
4.461093689232872748e+03 9.886365410700960865e+00 0.000000000000000000e+00 1.185151507076206201e+01 5.900966011104072095e+04 0.000000000000000000e+00
4.699529808092257554e+03 1.026207453353067578e+01 0.000000000000000000e+00 1.159898053401476758e+01 6.061445772519482125e+04 0.000000000000000000e+00
4.567682916975139051e+03 1.017374204700835882e+01 0.000000000000000000e+00 1.225901523249595648e+01 5.513215064318334771e+04 0.000000000000000000e+00
4.875751832582552197e+03 1.002614193980768320e+01 0.000000000000000000e+00 1.196510729096007886e+01 6.006332913367763103e+04 0.000000000000000000e+00
4.751264794392949625e+03 1.052769558442225595e+01 0.000000000000000000e+00 1.261578743701069172e+01 6.020577479532412690e+04 0.000000000000000000e+00
5.273048338865697588e+03 1.080688196877582818e+01 0.000000000000000000e+00 1.236873415808249632e+01 5.717445065102120861e+04 0.000000000000000000e+00
5.060647785642992858e+03 1.058546577760194829e+01 0.000000000000000000e+00 1.219231884623463458e+01 5.863365606264515372e+04 0.000000000000000000e+00
5.068180994124325480e+03 1.055863622612345232e+01 3.531107396723775160e+00 1.306455251771046377e+01 4.562853002307942347e+02 8.495523489839271747e+01
5.055384017304335430e+03 1.133379463593000480e+01 3.360864020492158932e+00 1.250806768936661406e+01 4.234882977644097082e+02 8.219267987878875203e+01
5.516831910871123910e+03 1.118875821540951065e+01 3.641450867383936973e+00 1.314549647743380945e+01 4.522745365027255389e+02 8.723503394842532543e+01
5.606944767088609296e+03 1.110502487951694661e+01 3.525496505443313389e+00 1.227850802598100444e+01 4.560359966438593347e+02 8.833129977653200626e+01
5.557792974731412869e+03 1.090671648817453487e+01 3.749954187945445661e+00 1.288811103695142712e+01 4.357984003407145224e+02 8.615497668381037499e+01
5.780169766234420422e+03 1.157665165164540255e+01 3.614239682352950123e+00 1.292794898096706824e+01 4.535395433314275238e+02 8.594423212628181830e+01
5.895591692077773587e+03 1.104531799026171157e+01 3.620991716810487482e+00 1.260904140422145581e+01 4.333420954530772065e+02 8.475161299304197371e+01
5.764822723956005575e+03 1.159346164338936624e+01 3.537392743879772539e+00 1.241794469883827290e+01 4.396188138750832195e+02 8.371389758541647552e+01
5.836460874541829980e+03 1.074544813243164043e+01 3.679365536720237362e+00 1.308183800367884686e+01 4.534571726661803268e+02 8.733715253918654753e+01
5.936002589248762888e+03 1.120876997073213310e+01 3.591640554949210529e+00 1.252488916340442593e+01 4.303018199701949698e+02 8.366252674887313390e+01
5.859624421654792968e+03 1.136420771100870120e+01 3.762544568540520551e+00 1.369676184692348286e+01 4.325262208137874040e+02 8.350711447799460529e+01
6.309808024376538924e+03 1.093490944373585627e+01 3.755582923025224229e+00 1.290249567871773451e+01 4.421683080945642246e+02 8.183891381818382627e+01
6.442189560201860331e+03 1.173242288723123039e+01 3.845253282409232920e+00 1.295680524159719837e+01 4.399292282375168952e+02 8.484573390803113568e+01
6.239583839443692341e+03 1.111797046948170120e+01 3.620983961288602337e+00 1.321479609077240447e+01 4.380113013506482957e+02 8.674725282255401737e+01
