-2.034881100528268538e-01 5.835475203838325520e+00 3.516771460090073464e+00 2.860833482530075411e+00 1.461078204778260442e+03 5.805516614629177639e+02
3.234433914963300083e+01 5.616463992486071533e+00 3.303896645343902705e+00 2.877803915076956098e+00 1.359093541262442386e+03 5.865085567276179290e+02
3.251842199605131611e+01 7.417964592240890553e+00 4.170403243892967460e+00 3.176062915024572053e+00 1.399956390437208483e+03 6.236470742505758835e+02
4.841647428412476728e+01 7.715425279789294599e+00 4.495261360522648353e+00 3.179603646614218349e+00 1.347844419508146302e+03 6.141287829853486073e+02
1.045455269408890899e+02 7.782935390824569311e+00 4.588127949216904256e+00 3.344653106773217921e+00 1.957912106009908086e+02 8.397329402616395555e+01
1.447408855894083501e+02 7.828678921680075398e+00 4.550980161284507552e+00 3.435427921662504325e+00 1.978101334959058306e+02 8.028778580584976510e+01
2.039035057052022353e+02 8.599810983796622565e+00 4.523986703869579351e+00 3.299740307234058090e+00 3.630024785691495026e+02 7.756852534704394486e+01
2.468258447278983567e+02 8.163553506053331077e+00 4.854568686320644311e+00 3.590349741798094296e+00 3.479558936952693102e+02 1.434868626713776223e+02
2.989020505930217837e+02 8.656035306292432452e+00 4.646946941600855752e+00 3.451615167512148030e+00 3.720278995851023751e+02 1.490389773240117108e+02
3.551850274577574282e+02 8.812887105444309199e+00 4.812389737563402825e+00 3.479768834232617625e+00 3.557685398076932870e+02 1.413226922471520766e+02
3.948276753587502412e+02 9.393731009568046630e+00 4.837603083619508304e+00 3.704551581545019179e+00 3.480648403139072116e+02 1.464820562446445820e+02
5.176332815029383028e+02 9.956355312379905342e+00 5.137332552405206698e+00 3.698953803310282673e+00 3.488252524185630818e+02 1.412736640924008782e+02
5.751285249026358315e+02 1.002562257268663792e+01 5.656820806203738172e+00 3.905952506117843726e+00 3.584022131249520271e+02 1.389887984465959505e+02
6.639903241327903061e+02 1.023848695047725244e+01 6.108707713906989412e+00 4.370895505853531482e+00 7.137506338706617726e+02 3.104465716340031918e+02
8.001568478210353987e+02 1.152722006478739658e+01 6.374812606037350449e+00 4.599866948030271629e+00 7.118562053236744305e+02 2.980765148874026522e+02
9.420076907840016247e+02 1.102024594814895586e+01 6.278514360270738059e+00 4.335152897607375877e+00 7.226159928315294110e+02 3.029073791475891539e+02
1.028314803973890321e+03 1.188507753444261894e+01 6.220750750232185489e+00 4.881988512743459019e+00 7.750211305324622799e+02 2.966432820958345928e+02
1.125938250886954165e+03 1.116546685140266959e+01 6.170541098604611641e+00 4.883849104942509456e+00 7.733718833938471562e+02 2.964413792093081952e+02
1.186853323109279472e+03 1.191886341504740621e+01 6.558972483395885789e+00 4.889632471045872286e+00 7.369631302942462980e+02 3.141030806867331080e+02
1.362418251436846049e+03 1.178503287942982780e+01 6.561394651770114272e+00 4.801475010073141370e+00 7.141540933802615427e+02 3.130429056064313613e+02
1.386393764326707014e+03 1.215379813857866864e+01 6.488045109088654172e+00 5.017720633522555929e+00 7.386120534158195596e+02 3.207805175049422246e+02
1.546951264892972858e+03 1.221999006328726445e+01 6.961147393977471509e+00 4.845189113777751189e+00 7.156000700283498190e+02 3.175215080713085740e+02
1.857432700888668705e+03 1.236951055428241197e+01 6.491662006165589638e+00 4.852766577815335047e+00 7.863648093887891264e+02 3.083577462861468348e+02
1.921992927818328326e+03 1.322535082460442091e+01 6.860406000112875269e+00 5.260614962898209512e+00 8.155895171773057655e+02 3.112401509458574083e+02
2.094168646684540818e+03 1.303531483911537947e+01 7.293228443228500169e+00 5.470042923809987911e+00 7.654305521273032582e+02 3.251302241789030063e+02
2.252605911434682639e+03 1.322163314131034895e+01 6.954771149260927210e+00 5.329103113883292941e+00 7.898532387352112210e+02 3.223886622935868331e+02
2.624559476159409769e+03 1.364746486299972794e+01 7.032919877329027791e+00 5.502878881281087153e+00 7.833470167850905455e+02 3.035251683099405113e+02
2.660773585867034399e+03 1.345191730293193189e+01 7.518130815441036674e+00 5.654506810618565638e+00 7.808908289024385567e+02 3.027808628687579926e+02
2.901747697987004813e+03 1.368239039223989550e+01 7.212212874297140530e+00 5.822243295649064621e+00 8.252982720949157738e+02 3.161026492510429193e+02
2.985392377553748247e+03 8.093730504496436495e+00 0.000000000000000000e+00 1.016947400101200571e+01 8.099822761459948879e+02 3.144593315308578099e+02
2.852000455897062238e+03 8.005094404795283225e+00 0.000000000000000000e+00 1.018575260267084204e+01 5.798776538170537970e+04 0.000000000000000000e+00
2.929461030987034519e+03 8.595454011192558141e+00 0.000000000000000000e+00 9.677894299302266745e+00 5.801445264278390823e+04 0.000000000000000000e+00
3.192865185096934056e+03 8.544162922651032943e+00 0.000000000000000000e+00 1.077976499710880276e+01 5.927644017115683528e+04 0.000000000000000000e+00
3.293586706318670622e+03 8.420326412998889509e+00 0.000000000000000000e+00 1.062204409599040034e+01 5.563385804408952390e+04 0.000000000000000000e+00
3.390209084401442851e+03 8.598054726821082738e+00 0.000000000000000000e+00 1.111571798204127859e+01 5.633349857078725472e+04 0.000000000000000000e+00
3.372011574780808132e+03 9.017117190762023782e+00 0.000000000000000000e+00 1.101232478422137007e+01 5.526078276958222705e+04 0.000000000000000000e+00
3.417083649717004391e+03 9.292652961462172456e+00 0.000000000000000000e+00 1.084706643388403258e+01 6.061601952696360240e+04 0.000000000000000000e+00
3.641134699682698283e+03 9.543555000880568073e+00 0.000000000000000000e+00 1.073188302142290240e+01 5.956391686296641274e+04 0.000000000000000000e+00
3.821516692639038865e+03 9.658194234077427609e+00 0.000000000000000000e+00 1.138375663944202110e+01 5.951372415129331785e+04 0.000000000000000000e+00
3.977098344990743499e+03 9.391583145520948861e+00 0.000000000000000000e+00 1.076463665327988117e+01 6.070480176767527882e+04 0.000000000000000000e+00
3.879277435237450845e+03 9.409588549089999532e+00 0.000000000000000000e+00 1.100816409296106002e+01 5.663648800336439308e+04 0.000000000000000000e+00
3.897440306153875099e+03 9.811914449087138834e+00 0.000000000000000000e+00 1.170800699364976616e+01 5.549004008029398392e+04 0.000000000000000000e+00
3.986540376404338076e+03 9.657504739405680994e+00 0.000000000000000000e+00 1.183666207411826399e+01 5.587461311250620201e+04 0.000000000000000000e+00
4.335068886380782715e+03 9.906898948573063635e+00 0.000000000000000000e+00 1.202977045562733771e+01 5.667198109411545738e+04 0.000000000000000000e+00
4.567136923849921914e+03 1.024726717679902777e+01 0.000000000000000000e+00 1.115211548289524934e+01 6.056218004509712773e+04 0.000000000000000000e+00
4.650573123067701999e+03 1.028234389961303208e+01 0.000000000000000000e+00 1.209241240947702423e+01 5.826876900835740526e+04 0.000000000000000000e+00
4.751712320168836413e+03 1.032748799769145265e+01 0.000000000000000000e+00 1.127941983314012120e+01 6.003721497122863366e+04 0.000000000000000000e+00
4.538185896488788785e+03 9.898846486382357313e+00 0.000000000000000000e+00 1.154204712321566539e+01 6.042204822807441087e+04 0.000000000000000000e+00
4.536718035767330548e+03 1.004489786407373764e+01 0.000000000000000000e+00 1.203226389623702808e+01 5.725255831336987467e+04 0.000000000000000000e+00
4.944342426553549558e+03 1.018014609953512029e+01 0.000000000000000000e+00 1.173020699501189945e+01 5.630077138665871462e+04 0.000000000000000000e+00
4.751918461037051202e+03 1.023693196451822374e+01 0.000000000000000000e+00 1.164403063786515169e+01 5.567396026895559771e+04 0.000000000000000000e+00
4.988716619153998181e+03 1.007168663763078165e+01 0.000000000000000000e+00 1.269716563284931432e+01 5.902431991849595215e+04 0.000000000000000000e+00
5.367378987709153989e+03 1.086547538744592245e+01 0.000000000000000000e+00 1.159921902737935007e+01 5.918451067054049781e+04 0.000000000000000000e+00
5.119367568101886718e+03 1.112728053943979134e+01 3.550545242467574969e+00 1.266433898658041812e+01 4.386782821874018055e+02 8.744565051806766576e+01
5.158292166413085397e+03 1.064520616728714231e+01 3.438477685985897647e+00 1.271078870364890534e+01 4.595437847121285699e+02 8.459139808190225551e+01
5.193238138444196011e+03 1.117970690610261641e+01 3.496767046561773729e+00 1.231638983839677159e+01 4.547090320412418123e+02 8.287202649512551034e+01
5.336800316613447649e+03 1.090983458079449520e+01 3.501477639194305880e+00 1.258548209709463173e+01 4.283209644071785647e+02 8.091556866808107884e+01
5.640960796855959416e+03 1.085415871503587404e+01 3.463319267735376350e+00 1.253797235898929863e+01 4.363304159639474733e+02 8.527389602041981220e+01
5.685677769305785660e+03 1.111659286660177237e+01 3.685230536846070049e+00 1.349908198877941956e+01 4.515295773997600008e+02 8.612509759709350021e+01
5.428667069397081832e+03 1.098164538036175308e+01 3.731454695692525636e+00 1.267611255007383519e+01 4.155915091527850791e+02 8.740631776032314804e+01
5.763066215859535987e+03 1.137020849308214032e+01 3.458057973823181364e+00 1.265325439864439439e+01 4.464868873445379336e+02 8.428907728231887120e+01
5.594547323123108981e+03 1.110814531379332948e+01 3.468784598644311767e+00 1.280340108263306753e+01 4.215910007161671729e+02 8.691724741770367757e+01
5.865516283003672470e+03 1.124343427708972243e+01 3.561956005798471825e+00 1.271056684415800220e+01 4.394264984330692414e+02 8.833309198728180434e+01
6.316501222729533765e+03 1.153011253112523349e+01 3.738003278842536137e+00 1.336250827951763220e+01 4.111342878230425413e+02 8.428650420851741387e+01
6.305312848291677255e+03 1.086546883688836651e+01 3.835366906652540209e+00 1.264464647667957209e+01 4.233373769289151483e+02 8.118203385307135989e+01
6.024149785705502836e+03 1.111172731125396496e+01 3.549245592624376222e+00 1.276316986978489965e+01 4.323271772876741466e+02 8.338564392002518844e+01
6.469903540318635351e+03 1.112021128301439532e+01 3.830629148008784401e+00 1.352139571217312586e+01 4.421090185706556781e+02 8.191900291296485648e+01
