-1.984229325267398147e-01 5.943213322037898649e+00 3.463720942881987508e+00 2.685983830226055247e+00 1.393364117471879354e+03 6.034842577062255486e+02
3.467720557122608227e+01 5.832708727210043520e+00 3.475195460347681564e+00 2.790375640767842835e+00 1.354242326061483027e+03 5.878487280258768806e+02
3.315765624849552040e+01 7.624562312157353361e+00 4.198445458719632484e+00 3.395020027523936168e+00 1.354225888425066614e+03 5.929683296889060102e+02
4.936278317800132953e+01 7.748379902598710345e+00 4.290223753837027587e+00 3.189257833450432233e+00 1.432979961555209684e+03 5.949566764676203547e+02
9.754307442895166957e+01 8.120917868376732685e+00 4.333676639489858928e+00 3.260659388968016881e+00 1.908668990611587049e+02 8.365626775640421897e+01
1.504009554314420996e+02 8.352456752498889969e+00 4.547751939147481437e+00 3.286307546988441963e+00 2.076670885246646776e+02 8.127676245695647594e+01
2.098718054065875265e+02 8.282510277048331204e+00 4.481899513851643313e+00 3.397708357840687032e+00 3.763154016350362099e+02 7.822701476869553971e+01
2.449065136445493920e+02 8.065037874296747233e+00 4.561276438322471982e+00 3.626990663666651127e+00 3.607697534942171842e+02 1.376361285219986428e+02
3.085479338580623789e+02 8.457489997715160968e+00 4.585360274815328374e+00 3.681535987102900975e+00 3.668707933509099917e+02 1.404528882395751452e+02
3.668569058755422247e+02 9.053754052763970606e+00 4.825448289766752552e+00 3.603833815128551166e+00 3.729133480714549478e+02 1.455304756139179290e+02
4.288044562542489189e+02 9.261862526066977352e+00 5.081809785239682853e+00 3.511927791356333373e+00 3.688978871339837156e+02 1.431062008151577345e+02
5.095605240911932015e+02 9.485705325821953693e+00 5.074834590380452148e+00 3.841495786674379076e+00 3.508923349041308484e+02 1.443756466479936194e+02
6.139106630657026926e+02 1.035731520888280244e+01 5.390415259910478873e+00 4.136019520593329446e+00 3.752251025525204682e+02 1.482785975747154907e+02
6.604528642301419268e+02 1.074085102154669435e+01 5.847481818497435313e+00 4.185083979553105848e+00 7.433639943974725384e+02 3.122492062002339139e+02
8.115051420675711142e+02 1.129570811414502884e+01 5.944183970351209823e+00 4.681125764303945225e+00 7.181671409566964712e+02 3.244801782291276027e+02
9.190378573391084274e+02 1.157413840440672104e+01 6.126363086625802090e+00 4.402204241191557621e+00 7.092321904845238123e+02 3.247728933477122268e+02
1.018942281593585676e+03 1.101559120041478756e+01 6.043562489943210991e+00 4.671145298945764246e+00 7.109365417048263680e+02 3.143775082378641059e+02
1.102958360474528718e+03 1.115083221947945447e+01 6.687798526546465006e+00 4.614455307803384976e+00 7.151349332842368085e+02 3.182404065723249005e+02
1.193811052718769361e+03 1.134497387398508828e+01 6.639201274942418962e+00 4.733655880592150922e+00 7.413188105455348023e+02 3.091914310056245085e+02
1.253111040447419555e+03 1.132240809295876538e+01 6.823408031983600353e+00 4.900133144366273896e+00 7.624057597740294341e+02 2.966038124420857116e+02
1.447404094824866888e+03 1.165443573502332519e+01 6.580075657945404721e+00 5.008412823024003480e+00 7.109873531456679530e+02 3.072013600049240267e+02
1.554095523794627297e+03 1.261277334527854599e+01 6.900307621072837350e+00 5.152252109968978644e+00 7.568517667265975888e+02 3.111948534454613196e+02
1.883856230134020279e+03 1.285792365098959067e+01 6.626807931516712102e+00 5.095090522352947460e+00 8.117514885035133148e+02 3.175334877802197298e+02
1.941608958157542020e+03 1.223967727255425508e+01 7.243624552630047120e+00 5.363909216567154026e+00 8.194578764450515109e+02 3.194388667633294290e+02
2.162053474610573176e+03 1.263714745060569733e+01 6.791121982151205216e+00 5.455313508464011640e+00 7.957844992544735305e+02 3.016403980459347167e+02
2.335875488927859351e+03 1.275378904463945950e+01 7.108449982553280755e+00 5.523502354071646359e+00 8.042359415165641394e+02 3.119418848929483374e+02
2.673747938324491770e+03 1.293115619797323035e+01 6.733154592034915176e+00 5.466951531263259945e+00 8.322191769580726941e+02 3.110338198333587911e+02
2.532567034337173936e+03 1.428679886940476251e+01 7.347422976417914420e+00 5.376037126347871897e+00 7.649375120122692806e+02 3.042146925964738102e+02
3.029975297764300194e+03 1.437594067752545790e+01 7.594739587315623375e+00 5.763498266182926599e+00 7.835192973928678839e+02 3.034890652532644140e+02
2.953142998961414378e+03 7.872482566499694911e+00 0.000000000000000000e+00 9.520018246647461879e+00 8.335055583388783589e+02 3.275037989215245489e+02
2.957180951007995191e+03 8.606996779779661821e+00 0.000000000000000000e+00 9.678111555387062026e+00 5.890815193344740692e+04 0.000000000000000000e+00
2.931250400514734793e+03 8.496786862608775692e+00 0.000000000000000000e+00 1.031550813563259084e+01 5.741543126900235802e+04 0.000000000000000000e+00
3.329116329551291983e+03 8.380728347574486037e+00 0.000000000000000000e+00 9.909892422571333626e+00 5.755328506996510259e+04 0.000000000000000000e+00
3.237988356862540059e+03 8.874109633958369159e+00 0.000000000000000000e+00 1.084042913545361486e+01 5.790251448143197922e+04 0.000000000000000000e+00
3.508650864353239285e+03 8.913131091554241436e+00 0.000000000000000000e+00 1.056098318135807723e+01 5.954807674425367441e+04 0.000000000000000000e+00
3.311467196126705858e+03 8.642812512225074073e+00 0.000000000000000000e+00 1.109657261438215770e+01 6.068491199092823808e+04 0.000000000000000000e+00
3.619484715858629443e+03 8.934812285878956928e+00 0.000000000000000000e+00 1.076813265083284321e+01 5.635292413992740330e+04 0.000000000000000000e+00
3.493357103808272768e+03 9.554411698551488641e+00 0.000000000000000000e+00 1.057555353738189829e+01 5.799099990702314244e+04 0.000000000000000000e+00
3.588822665307520310e+03 9.214843250242692463e+00 0.000000000000000000e+00 1.135607649665404217e+01 5.783977436888985540e+04 0.000000000000000000e+00
4.038423467965726559e+03 9.183823068073508011e+00 0.000000000000000000e+00 1.069062088256809773e+01 5.997242944569371321e+04 0.000000000000000000e+00
3.814196494034034004e+03 9.377009306902053254e+00 0.000000000000000000e+00 1.109388741313945559e+01 5.672721796387047652e+04 0.000000000000000000e+00
4.025621003357615791e+03 9.588531884122863502e+00 0.000000000000000000e+00 1.181827721352208194e+01 5.941127578454876493e+04 0.000000000000000000e+00
4.089966202766510833e+03 9.769400920559235146e+00 0.000000000000000000e+00 1.124726062388033654e+01 5.915720584342444636e+04 0.000000000000000000e+00
4.450571536408323482e+03 9.587440398055516511e+00 0.000000000000000000e+00 1.168196091204591269e+01 5.808964003120926645e+04 0.000000000000000000e+00
4.489736927370333433e+03 9.925702772230446058e+00 0.000000000000000000e+00 1.175888953934532388e+01 5.747072424255983060e+04 0.000000000000000000e+00
4.322558603439410945e+03 9.460306023147943222e+00 0.000000000000000000e+00 1.119676126350358558e+01 5.533895997346918011e+04 0.000000000000000000e+00
4.627815935969864768e+03 9.497290600768204527e+00 0.000000000000000000e+00 1.125251723064257092e+01 6.024998898942855158e+04 0.000000000000000000e+00
4.840795669882404582e+03 1.021203034606913285e+01 0.000000000000000000e+00 1.187246719846685572e+01 5.525182121158231166e+04 0.000000000000000000e+00
4.798201494615974298e+03 1.062478901186244329e+01 0.000000000000000000e+00 1.205028169372809010e+01 5.600135881689616508e+04 0.000000000000000000e+00
5.075423625276499479e+03 9.894175510053035083e+00 0.000000000000000000e+00 1.259187388576115119e+01 5.823276745374499296e+04 0.000000000000000000e+00
4.784906780094915121e+03 1.027343267386757297e+01 0.000000000000000000e+00 1.201050038681330179e+01 5.941883706872032781e+04 0.000000000000000000e+00
5.322808370257840579e+03 9.931297723610278183e+00 0.000000000000000000e+00 1.208927993855949978e+01 6.051034187340232893e+04 0.000000000000000000e+00
5.009556844910322980e+03 1.062181321648231069e+01 0.000000000000000000e+00 1.167711356399259337e+01 5.591054078646127891e+04 0.000000000000000000e+00
5.174770164708128505e+03 1.148797728530123052e+01 3.588727530690544398e+00 1.226857301222116448e+01 4.418039302654545963e+02 8.575528271425231708e+01
5.414983550516186369e+03 1.145052767221130807e+01 3.389061063091935999e+00 1.245572806717368763e+01 4.672169844904633464e+02 8.785103210313684485e+01
5.035335184670441777e+03 1.121206007360595969e+01 3.486040564015763898e+00 1.312213972173852738e+01 4.322031261010988032e+02 8.372825743841926283e+01
5.600779276418889822e+03 1.125594042087820235e+01 3.600300089091392319e+00 1.270913571236621031e+01 4.534293003035165839e+02 8.828582053071883706e+01
5.687027216131703426e+03 1.071456278750201641e+01 3.718229479254970826e+00 1.349040447907580287e+01 4.194334048964099679e+02 8.655030110196337034e+01
5.378430710116785121e+03 1.094710523446210892e+01 3.478269083604870193e+00 1.324721691646597854e+01 4.495475750098429444e+02 8.415075919330772081e+01
5.553802990131753177e+03 1.164066280094160710e+01 3.487055411616413636e+00 1.308004166133846091e+01 4.249086054457076784e+02 8.261354002722033840e+01
5.499340073966317505e+03 1.165706218476828937e+01 3.735074291318293938e+00 1.307707229098304502e+01 4.185064382096175564e+02 8.582288662164523885e+01
5.802070121066351930e+03 1.148285879196094506e+01 3.801717970828278226e+00 1.331502010423493410e+01 4.500185072947261347e+02 8.416957473074586460e+01
6.241537967757803926e+03 1.137560130717348628e+01 3.578903448769391371e+00 1.352461207924726772e+01 4.467506263587743547e+02 8.274608402158675347e+01
6.254726453709720772e+03 1.142623963213158866e+01 3.773514923278669109e+00 1.298233112263137201e+01 4.210716654171704363e+02 8.116161380162529326e+01
6.296707504138272270e+03 1.092244784882750253e+01 3.521148408761813897e+00 1.296086694975184628e+01 4.190268307608549208e+02 8.101368148921163481e+01
6.546685124061551505e+03 1.080769691921595843e+01 3.659014557815369439e+00 1.304687224925115352e+01 4.365966273355953717e+02 8.633057440673063354e+01
6.650360286086664928e+03 1.163535648898502650e+01 3.628992764048831976e+00 1.291123769473426641e+01 4.504478002285736693e+02 8.329090462966894393e+01
