2.000000000000000111e-01 3.096066638499328505e+00
1.000000000000000056e-01 3.160066638499328562e+00
5.000000000000000278e-02 3.486066638499328629e+00
3.333333333333333287e-02 3.838066638499328498e+00
2.000000000000000042e-02 4.002066638499328199e+00
1.250000000000000069e-02 4.096066638499328505e+00
1.000000000000000021e-02 4.162066638499328342e+00
6.666666666666667095e-03 4.308066638499328249e+00
5.000000000000000104e-03 4.442066638499328590e+00
4.000000000000000083e-03 4.582066638499328270e+00
3.333333333333333547e-03 4.738066638499328853e+00
