2.000000000000000111e-01 3.542144142181609556e+00
1.000000000000000056e-01 3.616144142181609844e+00
5.000000000000000278e-02 4.412144142181610107e+00
3.333333333333333287e-02 4.300144142181610007e+00
2.000000000000000042e-02 4.272144142181609539e+00
1.250000000000000069e-02 4.312144142181609574e+00
1.000000000000000021e-02 4.360144142181609617e+00
6.666666666666667095e-03 4.514144142181609531e+00
5.000000000000000104e-03 4.690144142181609688e+00
4.000000000000000083e-03 4.848144142181610050e+00
3.333333333333333547e-03 4.966144142181609489e+00
