-1.528874189283866425e-01 5.511714018259869619e+00 3.311301144496736182e+00 2.868252716841255712e+00 1.416176706092501718e+03 6.210448497003334296e+02
3.488357608195322968e+01 5.986901742304892693e+00 3.272444089291521863e+00 2.808875261370154419e+00 1.421947203408024734e+03 6.125833965624499342e+02
3.363750364823727068e+01 7.413857089132560141e+00 4.234065639405670822e+00 3.336747988125967179e+00 1.336237094885912029e+03 5.878272871374242641e+02
5.181455588971285664e+01 7.881427313423541747e+00 4.492339352214143489e+00 3.292521993379238232e+00 1.361836045146846118e+03 5.896200950478663572e+02
1.000907917492751835e+02 7.779458495786585104e+00 4.453970050346065079e+00 3.334956878762676435e+00 1.939309291877196699e+02 7.909136502895265153e+01
1.450550270412815053e+02 8.381904238373948601e+00 4.438898764706705968e+00 3.431367604950799510e+00 1.983055609831379229e+02 8.290133894915811652e+01
2.035005816170184971e+02 8.196604022996741179e+00 4.782391564317842736e+00 3.300455372578725566e+00 3.648803079104382050e+02 8.018015061005641542e+01
2.372262581721386425e+02 8.136925298380495164e+00 4.875306806840302265e+00 3.543038160580955331e+00 3.722890342603113822e+02 1.434810232693308478e+02
3.030860093047742794e+02 8.809823118770099271e+00 4.932654189687530000e+00 3.626895123397541276e+00 3.553305349021051711e+02 1.371955625765745310e+02
3.398666823687296983e+02 8.995023053880979447e+00 5.075938598094222876e+00 3.477158704313809690e+00 3.492150127573240184e+02 1.487522716611296971e+02
4.099057029031557136e+02 8.659712799164720920e+00 4.937960540183391700e+00 3.681112855216452040e+00 3.676772650358049077e+02 1.390107775846981326e+02
4.980987724649742745e+02 9.788427999422395942e+00 5.116585042544676831e+00 3.972219222704397978e+00 3.530222423274515222e+02 1.497166550290504290e+02
5.818414913961345292e+02 1.040476504993974061e+01 5.608714172699761136e+00 4.276588935962001514e+00 3.703844244556307217e+02 1.362622040064361215e+02
6.987457082084303011e+02 1.027124210606405619e+01 5.806563462624029448e+00 4.332206800611966280e+00 7.497020914591171277e+02 3.032646070836104286e+02
7.998146059355120769e+02 1.087161055900262596e+01 5.927395734410039196e+00 4.376796152658751993e+00 7.231486758349360571e+02 3.107914780243115160e+02
8.640180393242013679e+02 1.121072333215744621e+01 6.287883886032441083e+00 4.569095432966169490e+00 7.251994638634938610e+02 3.088613466792751296e+02
9.948579353179977716e+02 1.158894168793467472e+01 6.176047367871915661e+00 4.519813421235764572e+00 7.569024782064607280e+02 3.024193495657642075e+02
1.077586409422115821e+03 1.154607610228396908e+01 6.214693931774304403e+00 4.728345971322126751e+00 7.502482115246781404e+02 3.080829661721958246e+02
1.242864385504281017e+03 1.114613975287928049e+01 6.239185485090230188e+00 4.956242729399312985e+00 7.110406886152793504e+02 3.051769967872413645e+02
1.344765467482683334e+03 1.195639045654890964e+01 6.813986458252262679e+00 4.897433689876042884e+00 7.409730044357597762e+02 2.984557790058834144e+02
1.415379152816469741e+03 1.255639146416836915e+01 6.601701815170447851e+00 5.098058481351538163e+00 7.521505649450098190e+02 3.114467052814231351e+02
1.629425658371748341e+03 1.260128256846226336e+01 6.796718664036133006e+00 4.855369208930559566e+00 7.488314762801740017e+02 3.237139725783226822e+02
1.804049290560104737e+03 1.297512762943528664e+01 6.723725442520727569e+00 5.293276691248420818e+00 8.089564741961323762e+02 3.082864422516907439e+02
2.042723454453462637e+03 1.241611778351712836e+01 7.195802956852485721e+00 5.321368458939535806e+00 8.353870049439068453e+02 3.172645127058005414e+02
2.285360321588565967e+03 1.305554886909453671e+01 7.197718639717661127e+00 5.486869061017299209e+00 7.928499544720350514e+02 3.057899598870513387e+02
2.308227285450369891e+03 1.276794266266247035e+01 7.373344872709377107e+00 5.456714979512354624e+00 7.770770238660280711e+02 3.204831225173341522e+02
2.637102085374764556e+03 1.385932567738068499e+01 7.285854275129437951e+00 5.534813660986070083e+00 8.313243100656837896e+02 3.085884271553651388e+02
2.653505580337011907e+03 1.365103673174125021e+01 7.591862439877548496e+00 5.756731746075529621e+00 8.279527203317467183e+02 3.112667072942725781e+02
2.830043315559548319e+03 1.435768546565486936e+01 7.221194618172042112e+00 5.583469831589133570e+00 7.798723131785426403e+02 3.047141046019934265e+02
3.028978624872712771e+03 8.052675868229412615e+00 0.000000000000000000e+00 9.694791167999952108e+00 7.697688726074868555e+02 3.195254708222507247e+02
2.908554723445389300e+03 8.108072681449554509e+00 0.000000000000000000e+00 1.031821050860051514e+01 5.906644912685708550e+04 0.000000000000000000e+00
2.923234736429114946e+03 8.433504665179389903e+00 0.000000000000000000e+00 1.025325758104414753e+01 5.907862487542224699e+04 0.000000000000000000e+00
3.080276994918640412e+03 8.106175324576735619e+00 0.000000000000000000e+00 1.017391991637846971e+01 5.844879432654549601e+04 0.000000000000000000e+00
3.269919154246356811e+03 8.569603385010903907e+00 0.000000000000000000e+00 1.090022018692075356e+01 5.976802029003344069e+04 0.000000000000000000e+00
3.303659881317738837e+03 8.382404871231631915e+00 0.000000000000000000e+00 1.098494387314263676e+01 5.666887598707116558e+04 0.000000000000000000e+00
3.604488801251144196e+03 8.497288462334202208e+00 0.000000000000000000e+00 1.115614983911042479e+01 5.647298743053311773e+04 0.000000000000000000e+00
3.444003963314999964e+03 8.802932034332760836e+00 0.000000000000000000e+00 1.042928612858050741e+01 6.069093871360467892e+04 0.000000000000000000e+00
3.750267456405562825e+03 9.402397254791750925e+00 0.000000000000000000e+00 1.055272702949296004e+01 5.904978764386841794e+04 0.000000000000000000e+00
3.787714243945457383e+03 9.592276651247649610e+00 0.000000000000000000e+00 1.138897948265342031e+01 5.787889373590648029e+04 0.000000000000000000e+00
3.884655276254640285e+03 9.190069980288022577e+00 0.000000000000000000e+00 1.101456207828123013e+01 5.534950851302131923e+04 0.000000000000000000e+00
3.977330801005994545e+03 9.069691454463365332e+00 0.000000000000000000e+00 1.144435147307434342e+01 5.495887090741344582e+04 0.000000000000000000e+00
3.979672987389367336e+03 9.787942632753455996e+00 0.000000000000000000e+00 1.116784448157227061e+01 5.774580905435667955e+04 0.000000000000000000e+00
4.130971683591693363e+03 9.935114818944425608e+00 0.000000000000000000e+00 1.157918908799866031e+01 6.056901187803825451e+04 0.000000000000000000e+00
4.159981462082786493e+03 1.003846099851620188e+01 0.000000000000000000e+00 1.202019020141364258e+01 5.761258558238916157e+04 0.000000000000000000e+00
4.182896800352411447e+03 9.359359286796191668e+00 0.000000000000000000e+00 1.190668654200221077e+01 6.042927332716026285e+04 0.000000000000000000e+00
4.577085248159230105e+03 9.604989830053915156e+00 0.000000000000000000e+00 1.135405520228428600e+01 5.502614371386380662e+04 0.000000000000000000e+00
4.432559933635104244e+03 1.036609368052478963e+01 0.000000000000000000e+00 1.173790289790665575e+01 6.032125772925674391e+04 0.000000000000000000e+00
4.824906591452937391e+03 9.967568318869616917e+00 0.000000000000000000e+00 1.147524177831855319e+01 5.642134843255099258e+04 0.000000000000000000e+00
4.824225431020298856e+03 1.056821039089504133e+01 0.000000000000000000e+00 1.238969763821867431e+01 5.766066308032671805e+04 0.000000000000000000e+00
5.089760623150146785e+03 1.000118279566491353e+01 0.000000000000000000e+00 1.204944298494976351e+01 5.827767331969052611e+04 0.000000000000000000e+00
5.144468845793899163e+03 1.073379881508257228e+01 0.000000000000000000e+00 1.197352590267725780e+01 5.691683016056464839e+04 0.000000000000000000e+00
4.972733370690459196e+03 1.015427627872226246e+01 0.000000000000000000e+00 1.209647101448272366e+01 5.511052198911018058e+04 0.000000000000000000e+00
5.340215248769773098e+03 1.064483901581407110e+01 0.000000000000000000e+00 1.259015316056836120e+01 5.973038208383339952e+04 0.000000000000000000e+00
5.232130621461524242e+03 1.120801363158618535e+01 3.484264655547246292e+00 1.304822089349586456e+01 4.407366134703216289e+02 8.279411627694685194e+01
5.349812694785050553e+03 1.115073743411904594e+01 3.511572019994674054e+00 1.338743807245376694e+01 4.495261277896261163e+02 8.652644944317425768e+01
5.095569372543216559e+03 1.052092495899791125e+01 3.449036517828012016e+00 1.264429238387222476e+01 4.419899428446263414e+02 8.405807334123379349e+01
5.517819011297850921e+03 1.165166877662357869e+01 3.448667962709858870e+00 1.296210128954898444e+01 4.282376234375608988e+02 8.689022685167687143e+01
5.229135994441461662e+03 1.077086555261120004e+01 3.577014916208969275e+00 1.287297202600828605e+01 4.431577457556361992e+02 8.451810732197300524e+01
5.604027766272860390e+03 1.107572834707677245e+01 3.662588867456750386e+00 1.240824851044452970e+01 4.301482254817486819e+02 8.911553501094995511e+01
5.684545317556116061e+03 1.141848207374254365e+01 3.778745591882692878e+00 1.362372885846845172e+01 4.301073396951218228e+02 8.622367239732720634e+01
5.685869142545552677e+03 1.163365121894274168e+01 3.724697169004748787e+00 1.336446990972459403e+01 4.419809330997279631e+02 8.363161272763389320e+01
5.990138223523673332e+03 1.145982322657726726e+01 3.476663420795583992e+00 1.343058294219539839e+01 4.474632427015466192e+02 8.738319759765842321e+01
5.970564998661319805e+03 1.125502383532334072e+01 3.654386911711063668e+00 1.339978828836408375e+01 4.448149412994097247e+02 8.820749747369109173e+01
5.957809644567201758e+03 1.106952045744968949e+01 3.818220948072608589e+00 1.369447050028630208e+01 4.238728206400217573e+02 8.907418909655439165e+01
6.180383472099491883e+03 1.179823141936921438e+01 3.505633573181783813e+00 1.370943928414845914e+01 4.156120702624602359e+02 8.190963341115363505e+01
6.283098860303923175e+03 1.086042673167326988e+01 3.694058898452427186e+00 1.249808846145747587e+01 4.344589228056667594e+02 8.843544705204224954e+01
6.167279789465553222e+03 1.102268072730608495e+01 3.655104875919425567e+00 1.340832334260397829e+01 4.193220355268103390e+02 8.104673991257072885e+01
