5.390980077875515697e-01 5.448246040908848897e+00 3.576928134535051207e+00 2.579351711911560319e+00 1.525533092005865456e+03 5.864213547817257677e+02
2.723312725048914729e+01 5.855314671244288505e+00 3.671588728475595698e+00 2.748194462745590982e+00 1.365454790979064001e+03 6.559590574349207373e+02
3.222162882673521267e+01 7.257742798493512559e+00 4.741732857331347972e+00 3.499615524577474268e+00 1.495416062209743586e+03 6.002477691415415393e+02
5.332828331670762623e+01 7.469980206191019434e+00 4.635443712273745298e+00 3.121167598947969246e+00 1.489403492798797288e+03 5.770746713564144557e+02
1.028734696424766071e+02 8.728934636329656271e+00 4.853782362027507347e+00 3.579689785946678526e+00 1.979254504318520844e+02 7.637955886437771369e+01
1.461264457367084049e+02 7.621094591745515068e+00 4.401299081370318333e+00 3.762837881359920367e+00 2.056500536677699813e+02 7.646091134332202444e+01
1.904083759532900331e+02 8.033321485816580676e+00 4.541117525921070985e+00 3.223978703014306113e+00 3.739152030252567442e+02 7.763155363353160965e+01
2.696531944774415592e+02 8.976079299952251844e+00 4.332268616388880389e+00 3.217856717062900440e+00 3.460883780312242948e+02 1.314002476947666196e+02
3.390528089934357467e+02 8.242129926578085630e+00 5.088203822748927685e+00 3.822882071958932926e+00 3.840155496287871415e+02 1.540829204439243938e+02
3.808499342937870438e+02 7.904863415578234687e+00 5.004408147803050433e+00 3.449542616212720514e+00 3.530522021263318493e+02 1.317903011695967166e+02
3.508871195731732655e+02 8.722332814137615742e+00 4.797568514265011963e+00 3.659113308973598766e+00 3.290618742268474080e+02 1.518839584035563632e+02
5.496363132659528219e+02 1.000607472254873898e+01 5.653720484159165949e+00 3.829671315365199114e+00 3.828262612959198918e+02 1.313529360162043531e+02
6.505540569883899025e+02 9.228350424490972870e+00 5.544202658098277503e+00 3.769345761017414365e+00 3.525697906629070530e+02 1.373643023156339495e+02
7.596858720309498949e+02 1.104013417789667351e+01 6.466037803659948402e+00 4.248044834817705784e+00 7.443433908804709063e+02 3.244666596127300409e+02
7.815562184141022044e+02 1.020711028411750121e+01 6.219858961958081522e+00 4.430207719171255221e+00 7.199080293783159732e+02 2.844853060916905747e+02
8.167065797320395859e+02 1.104649351628608578e+01 6.700489687814633832e+00 4.381092452518795533e+00 7.251229658179955777e+02 3.180759756300814161e+02
1.189197414961346794e+03 1.147349187720775632e+01 6.881075979802680820e+00 4.720761181476630597e+00 7.112195440249705598e+02 3.168589799962979328e+02
8.780434698956238435e+02 1.154017186930555816e+01 6.878759879318175230e+00 4.568946067958141732e+00 7.267640360886514372e+02 3.017856655403671766e+02
9.611869568642969170e+02 1.154522950217232058e+01 7.071821195472769439e+00 5.068355031014727174e+00 7.481904085640773019e+02 3.244379183760752881e+02
1.550456830469513761e+03 1.248084724765518061e+01 7.003961804916618128e+00 5.081011068725818980e+00 7.226569691431712954e+02 3.086336972765968767e+02
1.598238406617427245e+03 1.118036453475257197e+01 6.181423533690676209e+00 4.764427787143046267e+00 6.949267798028747620e+02 2.903496775634746996e+02
1.481240779868556046e+03 1.107682094503791248e+01 6.580090954032962181e+00 4.865566857765571740e+00 7.677950834951334400e+02 2.959107912692339823e+02
1.919562407406498551e+03 1.360220800914387063e+01 6.670135759793512698e+00 5.457319727062892589e+00 8.035049665863684822e+02 3.127649077403185061e+02
2.101927302511066046e+03 1.215727050649306484e+01 7.454462378783884624e+00 5.255785140658263188e+00 7.393211681977677472e+02 2.897892297639752428e+02
2.630611591195626715e+03 1.321346570700787382e+01 7.506410564719290690e+00 5.533722788527610348e+00 7.522418754533695164e+02 2.944013065572864321e+02
2.268591526027802502e+03 1.183554592294588481e+01 6.774657846696157115e+00 5.423237754487545637e+00 7.606409092774624696e+02 2.868357548717389136e+02
2.084124583343791528e+03 1.256683023963724111e+01 7.562784466620889212e+00 5.938040962123884547e+00 7.719120861476380924e+02 3.029228710940510041e+02
2.855819521047416856e+03 1.261954861488757906e+01 7.703173392440902489e+00 5.030837740012684911e+00 8.440516234632982560e+02 3.431519659785809040e+02
2.506634635567696023e+03 1.277018285006300147e+01 6.867542946646956636e+00 5.962566129118389568e+00 8.041218879083124875e+02 3.340328550974926429e+02
2.459221367912004553e+03 7.658751902458932115e+00 0.000000000000000000e+00 9.396759145060110896e+00 7.457977783695935159e+02 3.285632514582512727e+02
3.279584504582958743e+03 8.507473930192571032e+00 0.000000000000000000e+00 1.048084913519454986e+01 5.761226957678252074e+04 0.000000000000000000e+00
2.475527626427448013e+03 8.300172803062913829e+00 0.000000000000000000e+00 1.066322587929577281e+01 6.158140211340454698e+04 0.000000000000000000e+00
3.018558611192710032e+03 8.244368825354280617e+00 0.000000000000000000e+00 9.574867428822075865e+00 6.307342821967828786e+04 0.000000000000000000e+00
3.469196908088861164e+03 8.305252624191714617e+00 0.000000000000000000e+00 1.084724391098179730e+01 6.140645845038869447e+04 0.000000000000000000e+00
3.337724058371446063e+03 9.615678930640680022e+00 0.000000000000000000e+00 1.003525703760430332e+01 5.541356849190960202e+04 0.000000000000000000e+00
2.966669692289499835e+03 8.662353604011762798e+00 0.000000000000000000e+00 9.669259389902427060e+00 6.150213079900377488e+04 0.000000000000000000e+00
3.592842494976196576e+03 9.028416500495469066e+00 0.000000000000000000e+00 1.118365729544601450e+01 5.249776293575541786e+04 0.000000000000000000e+00
3.609496350880624959e+03 8.727882683051118917e+00 0.000000000000000000e+00 1.174179115290938569e+01 5.790021275452654663e+04 0.000000000000000000e+00
3.780881402783070371e+03 8.371676615907977848e+00 0.000000000000000000e+00 1.199907458739910382e+01 6.106699628208204376e+04 0.000000000000000000e+00
4.645322194241688521e+03 8.967844363904751148e+00 0.000000000000000000e+00 1.092738873164351254e+01 5.967294744641201396e+04 0.000000000000000000e+00
3.367258811078119379e+03 9.595981756709470289e+00 0.000000000000000000e+00 1.037439133152416204e+01 5.884953137739166414e+04 0.000000000000000000e+00
4.054879594271273618e+03 1.000473561859447535e+01 0.000000000000000000e+00 1.047799285610397924e+01 5.730167377038662380e+04 0.000000000000000000e+00
4.469762003042143988e+03 1.038263991530615726e+01 0.000000000000000000e+00 1.055336403869832296e+01 5.763383945568400668e+04 0.000000000000000000e+00
4.513670541211967247e+03 1.032327298724152520e+01 0.000000000000000000e+00 1.200230387704093360e+01 6.321403730671188532e+04 0.000000000000000000e+00
3.959265706757057160e+03 1.053225978148007513e+01 0.000000000000000000e+00 1.178348269975585261e+01 5.906187344350335479e+04 0.000000000000000000e+00
4.661767576575178282e+03 9.481390843430869353e+00 0.000000000000000000e+00 1.178519184846213896e+01 5.556408083750653168e+04 0.000000000000000000e+00
4.163260341241976676e+03 9.644742642688127532e+00 0.000000000000000000e+00 1.292180024594160415e+01 6.155344931467047718e+04 0.000000000000000000e+00
4.514007485043710403e+03 9.160630093801222174e+00 0.000000000000000000e+00 1.207305191824508128e+01 6.114168377378158766e+04 0.000000000000000000e+00
4.808115019104260682e+03 9.810306109479348891e+00 0.000000000000000000e+00 1.180944220335706518e+01 6.150874983127430460e+04 0.000000000000000000e+00
5.357924427312657826e+03 1.114828669299428476e+01 0.000000000000000000e+00 1.166754463666095631e+01 5.472041079335499671e+04 0.000000000000000000e+00
4.231959506993585819e+03 9.833106195739460986e+00 0.000000000000000000e+00 1.178528928584964497e+01 5.568525684700273268e+04 0.000000000000000000e+00
6.018625153273522301e+03 1.064597593337349757e+01 0.000000000000000000e+00 1.236013120740594395e+01 6.287679873497605877e+04 0.000000000000000000e+00
4.994716116906175557e+03 1.124038732111135275e+01 0.000000000000000000e+00 1.216697030152155357e+01 5.592344284822549525e+04 0.000000000000000000e+00
4.142287433178095853e+03 1.142214694188240109e+01 3.769476769125226667e+00 1.182542292365311098e+01 4.825843186831713183e+02 8.724082632653515645e+01
4.517166354910342307e+03 1.056019810179435048e+01 3.822116622936995167e+00 1.322235263376522241e+01 4.461451857737937416e+02 8.744856618642528190e+01
5.211664076753164409e+03 1.178133745379441066e+01 3.855532962116591467e+00 1.304069353450832836e+01 4.025764775518865122e+02 8.259917195058901029e+01
5.143796354118945601e+03 1.110186057775793245e+01 3.839733372088892427e+00 1.221240456651621109e+01 4.038628583181268255e+02 8.673166423234067679e+01
5.164537562766578958e+03 1.149529630458298790e+01 3.581884263001903879e+00 1.306561168760456404e+01 4.343362450413216038e+02 8.435524807665463243e+01
5.909354924939634657e+03 1.136799751480537957e+01 3.297815051073698545e+00 1.364102243242249202e+01 3.981354781976815502e+02 7.847548084306409066e+01
5.552917324619726969e+03 1.222084935594272537e+01 3.500466222919891290e+00 1.332642291916520705e+01 3.973645805469143966e+02 9.288346447564845221e+01
5.008002279346050273e+03 1.075850967099584210e+01 3.860601273715297044e+00 1.256652349392095402e+01 4.237579456710330419e+02 7.977467953484124052e+01
6.899121318153933316e+03 1.222627421831565897e+01 3.681785279880010808e+00 1.316686569057885059e+01 4.193011615945601420e+02 7.831597974927400685e+01
7.028560069266792198e+03 1.120592899144899057e+01 3.410805890711714916e+00 1.223221850487604812e+01 3.941845730544519597e+02 8.763636693239295994e+01
5.435365922334199240e+03 1.212337278806135465e+01 3.634382906328056606e+00 1.292055191566773686e+01 4.580201949162858455e+02 9.093640693659601482e+01
6.865111369527871830e+03 1.019405907345264772e+01 3.904099427113625786e+00 1.225229951178141086e+01 3.915856999182978484e+02 8.255839510646507051e+01
5.829803219037459712e+03 1.029957339758363233e+01 4.032744031679386332e+00 1.309445851504071889e+01 4.192029800546055185e+02 8.896409893760122145e+01
5.461930813351897996e+03 1.092273071284507679e+01 3.575973799675571385e+00 1.253767581496822103e+01 4.511493189048483146e+02 8.743879059453942659e+01
