3.889220329547260491e-02 5.772311089376082727e+00 3.417768397005012559e+00 2.792807552392997383e+00 1.408720797461117854e+03 6.060859766596469171e+02
3.196632232809959007e+01 6.015734369060098174e+00 3.270355628914662471e+00 2.671851108595065583e+00 1.417833499252586989e+03 5.853588802328476959e+02
3.404570449305970214e+01 7.687165604725755941e+00 4.239809627176072127e+00 3.191809102214561822e+00 1.436326682076861289e+03 6.115117689938250578e+02
5.241758681724106594e+01 8.196645972460476770e+00 4.404401883778040094e+00 3.241654034653341565e+00 1.401624065633141981e+03 5.913150401914389249e+02
9.816258360756098966e+01 7.841602408561669790e+00 4.437074379405115288e+00 3.541907093260369344e+00 1.902409814963299652e+02 8.013401859150796724e+01
1.420241950071255985e+02 8.475245380936403450e+00 4.686130609174744777e+00 3.431707509577849979e+00 2.059249210245938002e+02 7.711428861233089549e+01
1.990511969762049205e+02 8.390446531938247077e+00 4.769893265412364691e+00 3.428004127521689703e+00 3.651518297977443126e+02 7.945983214856575216e+01
2.550531630452476577e+02 8.827472987039325147e+00 4.586578659562349891e+00 3.462904376735407741e+00 3.691538030434089137e+02 1.380060298089851756e+02
2.990819826731167268e+02 8.976332089560848715e+00 4.608487517973920866e+00 3.473531728520776074e+00 3.479418302756116645e+02 1.495879948485511477e+02
3.614868976408867525e+02 8.900584976207348120e+00 4.975022689379883900e+00 3.766081003416080986e+00 3.440596230362005485e+02 1.395421575922064505e+02
4.231534787025638025e+02 8.554278519696305594e+00 5.147288742494975367e+00 3.583704744267748765e+00 3.643952007493682572e+02 1.475314630942727945e+02
4.757084627558099328e+02 9.410863783269249438e+00 5.140082505255886502e+00 3.936615714455912851e+00 3.757501726972265601e+02 1.467742314608793777e+02
6.223590386411797226e+02 9.917744196347198837e+00 5.527496498367663769e+00 4.166789093430074864e+00 3.702154020555213947e+02 1.363002694291172929e+02
6.500437451261113893e+02 1.039106543078846023e+01 5.871425154585455886e+00 4.346918750273879972e+00 7.233822665016152769e+02 3.167201614793098088e+02
8.191453591745002996e+02 1.063403251600221289e+01 6.246580026120012619e+00 4.411170998113536967e+00 7.485529269219230173e+02 3.085546610618873729e+02
8.691805708358215270e+02 1.085733279549938146e+01 6.389082684599891593e+00 4.640110671927049957e+00 7.082181696758013913e+02 3.261113601234054613e+02
1.043877124813142927e+03 1.171452677631075368e+01 6.610721144377984970e+00 4.626801472112171076e+00 7.208497491729157218e+02 3.027897757056886121e+02
1.073204597210820793e+03 1.151287278557107463e+01 6.399643175433871178e+00 4.627363729992183927e+00 7.063890997178959879e+02 3.116246748464748180e+02
1.220957927148665931e+03 1.192256860370549099e+01 6.464544386822474564e+00 4.702946993364304440e+00 7.148713654106361446e+02 3.133698588138780678e+02
1.277708628334473360e+03 1.230572270452850248e+01 6.445531237679414716e+00 5.048753263272798719e+00 7.249925005305649393e+02 3.013674600228674194e+02
1.415319005020145596e+03 1.154527472788895182e+01 6.870491663919858993e+00 4.914295913889525025e+00 7.224736301565959593e+02 2.964742880829310820e+02
1.609575035144067897e+03 1.217698545627888151e+01 6.680279379680807317e+00 4.986085385914214463e+00 7.645276614414764254e+02 3.259688278901052740e+02
1.737487713052798426e+03 1.306619263113504736e+01 6.494615534373093801e+00 4.885381264072680807e+00 7.904745630890964776e+02 3.022393135145737801e+02
2.091328979915128002e+03 1.281508495028249683e+01 7.010815852666453019e+00 5.338522964115169245e+00 8.328989465216292274e+02 3.268774392115332716e+02
2.155836035067724879e+03 1.292900308825739408e+01 6.938554207947112751e+00 5.115125996058560887e+00 8.122801396653367192e+02 3.155447184839735542e+02
2.388327441576186629e+03 1.371827431721850488e+01 7.250353903572089642e+00 5.322644641452142444e+00 7.613664605565041938e+02 3.261746829296813530e+02
2.525352302389412671e+03 1.291156674932509496e+01 7.147951662595361633e+00 5.519135907006429420e+00 7.874715099565423770e+02 2.999489450266358403e+02
2.525236693158162325e+03 1.334280652313790405e+01 7.031983716290674202e+00 5.822970854300097976e+00 7.718815734028634097e+02 3.205120375536475876e+02
2.897313947826315598e+03 1.328193730082935886e+01 7.603675603959949569e+00 5.440599636344636281e+00 7.993196664481390599e+02 3.181093266004762086e+02
2.969720382536409033e+03 8.486040694144842078e+00 0.000000000000000000e+00 9.278060778122057428e+00 8.311364971581085683e+02 3.070427830629096206e+02
2.893165218625185389e+03 7.790301475281886212e+00 0.000000000000000000e+00 1.042019367816769204e+01 6.008235316621206584e+04 0.000000000000000000e+00
2.955657269101765905e+03 8.093968188506790895e+00 0.000000000000000000e+00 9.800663545294977297e+00 5.646198378201139712e+04 0.000000000000000000e+00
3.050885258899440032e+03 8.715126043809405587e+00 0.000000000000000000e+00 9.871470322813138409e+00 5.678592959820103715e+04 0.000000000000000000e+00
3.302085828795773978e+03 8.527329548484457789e+00 0.000000000000000000e+00 1.072755219139528471e+01 5.603693146355921635e+04 0.000000000000000000e+00
3.380988043113570257e+03 8.902718790587400122e+00 0.000000000000000000e+00 1.008955532120878118e+01 5.974749869982964447e+04 0.000000000000000000e+00
3.384745787852106787e+03 8.779690500603919645e+00 0.000000000000000000e+00 1.117426454031462590e+01 5.553548544268212572e+04 0.000000000000000000e+00
3.732683203516517551e+03 9.502301929940221825e+00 0.000000000000000000e+00 1.120336919904496753e+01 5.522116007505650487e+04 0.000000000000000000e+00
3.534148429892388322e+03 9.066528312912337739e+00 0.000000000000000000e+00 1.069104017066460166e+01 5.643028390493763436e+04 0.000000000000000000e+00
3.595699852666231891e+03 9.381239684599604445e+00 0.000000000000000000e+00 1.133318785459930211e+01 5.811446857612787426e+04 0.000000000000000000e+00
3.829484765479845009e+03 9.713552406308062714e+00 0.000000000000000000e+00 1.164811367338901604e+01 5.797686137476807926e+04 0.000000000000000000e+00
4.152377712099120799e+03 9.387305221699024926e+00 0.000000000000000000e+00 1.108799918963471676e+01 5.588015491618979286e+04 0.000000000000000000e+00
4.205779207239367679e+03 9.527280072908947517e+00 0.000000000000000000e+00 1.170350874871955327e+01 5.797026202227012254e+04 0.000000000000000000e+00
3.979028773474418358e+03 9.195447121644878763e+00 0.000000000000000000e+00 1.182834800183012369e+01 5.945275102014601725e+04 0.000000000000000000e+00
4.123659199001972411e+03 1.007882453181381877e+01 0.000000000000000000e+00 1.156553169709511408e+01 5.493447576581579779e+04 0.000000000000000000e+00
4.549855546437989688e+03 9.689762934317807108e+00 0.000000000000000000e+00 1.154714678824553786e+01 6.020914818138565170e+04 0.000000000000000000e+00
4.355570916617002695e+03 9.623497724668707676e+00 0.000000000000000000e+00 1.122939508963668409e+01 6.004097228572882159e+04 0.000000000000000000e+00
4.364142678526620330e+03 9.839813206947026103e+00 0.000000000000000000e+00 1.187205381619687472e+01 5.624119404956204380e+04 0.000000000000000000e+00
4.821328150197325158e+03 1.048921286677441600e+01 0.000000000000000000e+00 1.217168950143378403e+01 5.955329781391962752e+04 0.000000000000000000e+00
4.844009645612014538e+03 1.028986460418993332e+01 0.000000000000000000e+00 1.197664361787913023e+01 5.897647755240905826e+04 0.000000000000000000e+00
5.035987611014404138e+03 1.005655927980835251e+01 0.000000000000000000e+00 1.170109879203169356e+01 5.583206285367486271e+04 0.000000000000000000e+00
5.044606755899964810e+03 9.792352312338682196e+00 0.000000000000000000e+00 1.174959823895853361e+01 6.039815997176746168e+04 0.000000000000000000e+00
5.286301796600134367e+03 1.032779432185964197e+01 0.000000000000000000e+00 1.232755667435892200e+01 5.930042681160962093e+04 0.000000000000000000e+00
5.032286585442756405e+03 1.017141733879350873e+01 0.000000000000000000e+00 1.231475813810308573e+01 5.536976044661663036e+04 0.000000000000000000e+00
5.353176404445457592e+03 1.095295118017337010e+01 3.446468402748982029e+00 1.313389431883025260e+01 4.596525806648470507e+02 8.689277189727548034e+01
5.117981443350980953e+03 1.070838843271151397e+01 3.447468893786460598e+00 1.250951813597539086e+01 4.368913629020260032e+02 8.849528775912799006e+01
5.214638990222237226e+03 1.109770742683600986e+01 3.596112739846768047e+00 1.280636763107562714e+01 4.535497438166119650e+02 8.137282143608058504e+01
5.633582641352742939e+03 1.097781319967325864e+01 3.587465424166271344e+00 1.337211114409042167e+01 4.450754046523533702e+02 8.540587483583428252e+01
5.201024497055072061e+03 1.106009997073571149e+01 3.629980249349652688e+00 1.240167777014960393e+01 4.336618048930986333e+02 8.198558803076640800e+01
5.471030018706267583e+03 1.094799010808670126e+01 3.708085677978953942e+00 1.355146024916663450e+01 4.379259258319736432e+02 8.829981470064768700e+01
5.800596796290577913e+03 1.137780563458318284e+01 3.686435588964340759e+00 1.268858086869535562e+01 4.176703381554145835e+02 8.839288645120981869e+01
5.537403909684460814e+03 1.169827928939338868e+01 3.640379266617882692e+00 1.342151402719747821e+01 4.409501974732060603e+02 8.688003134056873478e+01
5.655266080269371741e+03 1.079629057183640484e+01 3.796545945897897845e+00 1.274945538790847266e+01 4.291688969023861659e+02 8.194889376823188343e+01
5.889926728264182202e+03 1.153918658243531681e+01 3.781114640580246267e+00 1.249119170791889033e+01 4.365098838951210496e+02 8.486549564046674732e+01
5.925261111435133898e+03 1.080493602732843605e+01 3.617853646006855772e+00 1.257778106133674889e+01 4.176002070253003922e+02 8.277483532818816059e+01
6.262097684239910450e+03 1.092850970480571604e+01 3.748791183972419283e+00 1.337539073416392377e+01 4.408480007590630407e+02 8.736746996144360367e+01
6.506019767538628003e+03 1.173198025743456618e+01 3.840500999968863294e+00 1.262069102626187878e+01 4.288306681005739733e+02 8.738701071687864896e+01
6.248546755977817156e+03 1.122804586613330358e+01 3.811607747410484137e+00 1.252616711493029200e+01 4.225236730761110948e+02 8.242896983880380901e+01
