2.673073801163036167e-01 6.016478344089991381e+00 3.397026471437681661e+00 2.739323085585236850e+00 1.384779915763512690e+03 5.964407428969861940e+02
3.344631662333229372e+01 5.614902609494655472e+00 3.297380631601004808e+00 2.676381026991926149e+00 1.441325867197930847e+03 6.140705838331915629e+02
3.381476895295340057e+01 7.467012065811324817e+00 4.427853236245651303e+00 3.282745040386138236e+00 1.436599453761470613e+03 5.992776964484216933e+02
5.216792613958973135e+01 8.070327630889837067e+00 4.333444949971675619e+00 3.234315459316725150e+00 1.401431417208028961e+03 6.087012819639007830e+02
9.908726754711784679e+01 7.600818661740485815e+00 4.306170218451120135e+00 3.512566744998730783e+00 1.984799643892291385e+02 8.389974055659979513e+01
1.421889942154022037e+02 8.121126520408822103e+00 4.569580704052154552e+00 3.365168281913024195e+00 2.053844190144113213e+02 8.088722848929134557e+01
2.034457871593411369e+02 8.651930455970738620e+00 4.764116143451788687e+00 3.553603291607922099e+00 3.526109978704358809e+02 7.812900703723808249e+01
2.515218805158450266e+02 8.549276620930189807e+00 4.517543402596656321e+00 3.512601682385800395e+00 3.691669465662808989e+02 1.400680293204950146e+02
3.096475366271482130e+02 8.938966277350068879e+00 4.733114783612599297e+00 3.419657169306704603e+00 3.557537841874241167e+02 1.436864299303511530e+02
3.413154944059584182e+02 8.601081987601070011e+00 5.002999649634403134e+00 3.563992794562310440e+00 3.680572482814798150e+02 1.402019738634445787e+02
3.970648651515550114e+02 9.307225526496480938e+00 4.955973887932096922e+00 3.562413062244231821e+00 3.701791832808477807e+02 1.437672746657913763e+02
5.014492535649063143e+02 9.115049126258449874e+00 5.355406383927147296e+00 3.970174122827909713e+00 3.648366822319370613e+02 1.484913061688170899e+02
6.162098885867289937e+02 1.041890551199665360e+01 5.502790652736146093e+00 3.911675995487074786e+00 3.701555536708547720e+02 1.478206946830881918e+02
6.561417083060396180e+02 1.045205813035249420e+01 6.125930163820293650e+00 4.513253343661168593e+00 7.381066639592364709e+02 3.207378966095183159e+02
8.289902797913856602e+02 1.092765674528210873e+01 6.243075067659485278e+00 4.579742604664957639e+00 7.524434924846302692e+02 3.097920835623699531e+02
8.701240858486638672e+02 1.169598572016696991e+01 6.077815109293982054e+00 4.476667081950417071e+00 7.102071672261498634e+02 3.211639551727750472e+02
1.046939644296591041e+03 1.144977954496259009e+01 6.474245350786258513e+00 4.668346268813681199e+00 7.752705802789959080e+02 3.118462570199542370e+02
1.123865585260346961e+03 1.146834501613995094e+01 6.547693793543773566e+00 4.905245727627866259e+00 7.416009277023929371e+02 3.017686258111222060e+02
1.182526967834444122e+03 1.183918150975338079e+01 6.348968231867313072e+00 4.750414747471111809e+00 7.601844322872634621e+02 2.981544012954492473e+02
1.310373026665138923e+03 1.139835921411565423e+01 6.290916645350850267e+00 4.996911545760716500e+00 7.652116021035909625e+02 3.160826238416892693e+02
1.445244068074917095e+03 1.156683655366161467e+01 6.482026257208078235e+00 4.698203024935717842e+00 7.145451070436050713e+02 3.143783634479731290e+02
1.595319676609373573e+03 1.263305496813749862e+01 6.527845315652950120e+00 4.855916471379843280e+00 7.300058061595284471e+02 3.059960878051804229e+02
1.730034406317825415e+03 1.250978532947882016e+01 6.857201510233585928e+00 5.118407308981526960e+00 8.224365943996975830e+02 3.048897241714329880e+02
2.031938493716339053e+03 1.219514861926186633e+01 7.097456980889096378e+00 5.412856858105166147e+00 7.790911330552484060e+02 3.001934409167761260e+02
2.200079616914659709e+03 1.326765254207366240e+01 7.208518631043369318e+00 5.550321256286368410e+00 8.247629367303921981e+02 3.036304627876781410e+02
2.315329033605420136e+03 1.363076623263599707e+01 7.407461835658903482e+00 5.431848269965511733e+00 8.177159098566609146e+02 3.112159861880871290e+02
2.511143247565685670e+03 1.355757759045999933e+01 7.359010884470285063e+00 5.402432594614936967e+00 7.897113987124147343e+02 2.991996935120023409e+02
2.705580440453880328e+03 1.363148565788391586e+01 7.067046036584541113e+00 5.678123512191965538e+00 8.333394253596837871e+02 3.020118655985175451e+02
2.896954381553146959e+03 1.406666902403368979e+01 7.115740479455435086e+00 5.495483874340478359e+00 8.057306594950418912e+02 3.030282462136834170e+02
2.782234126495854525e+03 8.183935883904824848e+00 0.000000000000000000e+00 9.697058969582236898e+00 8.327303754576943220e+02 3.141125674941803823e+02
3.109683823239422054e+03 8.363037003160489036e+00 0.000000000000000000e+00 1.040332687854106197e+01 5.821923389022576157e+04 0.000000000000000000e+00
3.212047456841552048e+03 8.149177145017622692e+00 0.000000000000000000e+00 1.000877232293539265e+01 5.920644777411875839e+04 0.000000000000000000e+00
3.267860447879781532e+03 8.187220105230402112e+00 0.000000000000000000e+00 1.046193012641030506e+01 5.683782162815389165e+04 0.000000000000000000e+00
3.133813608552189180e+03 8.575207861736648951e+00 0.000000000000000000e+00 1.077088841305925726e+01 5.968948702006411622e+04 0.000000000000000000e+00
3.509100225021434653e+03 8.652255665869120094e+00 0.000000000000000000e+00 1.007659073429280383e+01 5.575341791402328818e+04 0.000000000000000000e+00
3.608069809241888834e+03 8.714624823143829246e+00 0.000000000000000000e+00 1.047060925775043572e+01 6.019379942587879486e+04 0.000000000000000000e+00
3.447519523558877609e+03 8.987660444203829258e+00 0.000000000000000000e+00 1.122009520338123600e+01 5.878142266256029689e+04 0.000000000000000000e+00
3.548050612958282272e+03 9.459639687118853502e+00 0.000000000000000000e+00 1.101628145383597079e+01 5.886657011337638687e+04 0.000000000000000000e+00
3.936430119229004049e+03 9.044810936031717929e+00 0.000000000000000000e+00 1.115925732576415896e+01 5.547993053993150534e+04 0.000000000000000000e+00
3.791880985036752463e+03 9.355327493960338359e+00 0.000000000000000000e+00 1.114930927695767870e+01 5.935638896497241512e+04 0.000000000000000000e+00
3.797708269163712430e+03 9.773672548322544174e+00 0.000000000000000000e+00 1.176270444186807218e+01 5.909606112811193452e+04 0.000000000000000000e+00
4.174019831365102618e+03 9.115631059231478872e+00 0.000000000000000000e+00 1.178732511234968960e+01 5.563191783174324519e+04 0.000000000000000000e+00
4.113016747823858168e+03 9.343978050195563156e+00 0.000000000000000000e+00 1.106521673727181643e+01 6.041707858561602188e+04 0.000000000000000000e+00
4.483001576737148753e+03 1.024071527319295072e+01 0.000000000000000000e+00 1.175601593283329827e+01 5.860577776198894571e+04 0.000000000000000000e+00
4.530832127485604360e+03 9.846118967065928373e+00 0.000000000000000000e+00 1.135705095980431167e+01 5.829924492076902970e+04 0.000000000000000000e+00
4.287178765326720168e+03 9.845572490385263720e+00 0.000000000000000000e+00 1.138453923597232986e+01 5.576975126890576212e+04 0.000000000000000000e+00
4.573785489017942382e+03 1.030354923622388696e+01 0.000000000000000000e+00 1.147877968088327805e+01 5.533543930580049346e+04 0.000000000000000000e+00
4.700955375732271932e+03 9.924999697576092572e+00 0.000000000000000000e+00 1.139038805577331637e+01 6.019593888700998650e+04 0.000000000000000000e+00
4.990788206164950680e+03 9.639961751749053676e+00 0.000000000000000000e+00 1.242374879365627827e+01 5.712395032599317346e+04 0.000000000000000000e+00
4.826975145595450158e+03 1.003727549477624059e+01 0.000000000000000000e+00 1.249671510192334800e+01 5.978339479258860229e+04 0.000000000000000000e+00
4.733930004419188663e+03 1.056287012507472767e+01 0.000000000000000000e+00 1.176848162432125022e+01 5.582860127541634574e+04 0.000000000000000000e+00
4.817630182432071706e+03 1.037589497796285265e+01 0.000000000000000000e+00 1.228861527736132686e+01 5.916096856995151029e+04 0.000000000000000000e+00
5.142169139882961645e+03 1.063028813416297247e+01 0.000000000000000000e+00 1.257987507288664730e+01 5.733663056957088702e+04 0.000000000000000000e+00
5.319828291350700965e+03 1.147654385329362015e+01 3.543248300695739150e+00 1.253811819298275054e+01 4.342063771117730653e+02 8.198354754436945768e+01
5.231004990108394850e+03 1.098986386583394115e+01 3.553219361066164872e+00 1.215350024886280877e+01 4.389915187663059442e+02 8.269653593800128988e+01
5.508427694096693813e+03 1.056387545652313165e+01 3.382064549862509928e+00 1.333881737007371981e+01 4.458410046096277028e+02 8.677448342266949055e+01
5.285469219075429464e+03 1.161261572448132817e+01 3.472763396462110297e+00 1.343402510021943286e+01 4.424152725583352890e+02 8.248229195602739594e+01
5.690095455004669930e+03 1.128289093968334811e+01 3.553846913929712859e+00 1.307616778115267842e+01 4.255967815923543185e+02 8.498019064992305971e+01
5.327746433921359312e+03 1.088512104236134448e+01 3.705609350670448165e+00 1.317231164837127366e+01 4.558860233342768993e+02 8.831823531996488441e+01
5.603003922577152480e+03 1.079765570827785837e+01 3.651780040132652783e+00 1.240612280643846255e+01 4.448264843084742211e+02 8.913844686411368912e+01
5.633174180254879502e+03 1.070328051554071891e+01 3.619691787879634415e+00 1.297788225767043002e+01 4.312909265641135335e+02 8.080521405499581533e+01
5.601469284809759301e+03 1.130304272681006772e+01 3.532447438939619655e+00 1.304590233846552927e+01 4.241030116748849537e+02 8.707788864217093305e+01
6.099554698705415831e+03 1.077129553607742274e+01 3.791728751840197198e+00 1.330189170571707891e+01 4.105009742218212523e+02 8.282990910807018281e+01
6.031821424989546358e+03 1.124733816237070450e+01 3.581484758474457131e+00 1.340998600109858430e+01 4.280413898434008502e+02 8.132619683535986610e+01
6.318264176508971104e+03 1.085433390550858057e+01 3.694140144650223334e+00 1.260248000902757681e+01 4.452770552914397513e+02 8.226714261259398597e+01
6.063369644407254782e+03 1.175607355966111811e+01 3.766565184241656983e+00 1.324473493866327445e+01 4.181251679225996440e+02 8.260288005011970824e+01
6.144978755631218519e+03 1.080137962227545678e+01 3.554099591531960201e+00 1.249673274827864233e+01 4.408929638281899202e+02 8.212450090742612474e+01
