-1.554429765985504419e-01 5.627819368246867349e+00 3.225131804707392025e+00 2.719911976874653803e+00 1.413570369862149164e+03 5.964835093532664132e+02
3.473993519020060461e+01 5.592372412244310809e+00 3.405319765067368554e+00 2.691612353993851681e+00 1.358703072915790472e+03 5.741934537166880546e+02
3.140956545220154439e+01 7.943172980713385734e+00 4.481396314005349879e+00 3.209171644434705595e+00 1.422217796195841174e+03 5.710260154555642202e+02
5.033512548477521875e+01 7.614775568245684134e+00 4.235736797179655788e+00 3.272694838182683696e+00 1.351214715747943501e+03 6.079614134698614407e+02
1.006374603195550463e+02 7.856485885585851037e+00 4.473393662458945208e+00 3.420389987957333400e+00 2.021114641097050537e+02 7.915156012580533229e+01
1.528366814402176601e+02 8.102933135049703139e+00 4.729345028391093386e+00 3.385318299047189949e+00 2.013897134230281551e+02 7.945361715400909475e+01
2.023305512755545692e+02 8.320466080623264205e+00 4.700437108174608802e+00 3.510161535901413110e+00 3.483942643490170212e+02 8.003410710506076953e+01
2.434499006815114797e+02 8.428216837411145690e+00 4.717699822270513543e+00 3.435502738274926138e+00 3.515050450037845167e+02 1.370214407421372016e+02
2.908414777590077165e+02 8.712959961891968419e+00 4.762936766210024153e+00 3.614916546048893231e+00 3.442112752117390642e+02 1.362287243663325285e+02
3.498534932287914216e+02 8.702648231290517344e+00 4.839490071335641908e+00 3.501439453899358512e+00 3.651335172313234239e+02 1.486629029611450221e+02
4.241922329733029073e+02 9.289923742522278260e+00 4.963745743133894273e+00 3.811104637642480863e+00 3.595712934059278041e+02 1.423317411559628169e+02
5.069818413403449995e+02 9.770952388992814264e+00 5.458971475914133897e+00 3.770044798105762762e+00 3.555119381630751718e+02 1.444696683431244821e+02
6.181591643744349085e+02 1.070785251259558812e+01 5.898704051861495046e+00 4.280026118102649768e+00 3.761734853689727061e+02 1.441026097969227919e+02
6.609660319556461445e+02 1.029206959543861188e+01 5.879736535609648485e+00 4.560979342886382071e+00 7.300982979432733373e+02 3.259673846006991766e+02
8.001405830795333713e+02 1.057336296262510267e+01 5.864261471343194643e+00 4.640061668361564529e+00 7.512823020780028855e+02 3.088110738445161019e+02
9.261122896316355764e+02 1.119659126808344851e+01 6.478841637269740161e+00 4.626445980725785390e+00 7.486724179207619727e+02 3.137026279656118959e+02
9.708659080188184589e+02 1.150208434633110421e+01 6.446968210488765116e+00 4.503202526003240003e+00 7.211569187849684113e+02 3.179771867725887660e+02
1.118679453874069395e+03 1.099507376580075757e+01 6.673247361838300584e+00 4.532957788899224738e+00 7.362455187571010811e+02 3.266510068404909930e+02
1.216196607278203146e+03 1.148806803807554111e+01 6.467961443826990120e+00 4.600824050312205316e+00 7.419550135444258103e+02 3.152468486545540713e+02
1.310533569471419696e+03 1.199820091912930842e+01 6.400013819732030207e+00 4.853774477271120880e+00 7.536515379873625307e+02 3.206863904930507374e+02
1.434281381980094238e+03 1.238594706679835689e+01 6.636582177596264565e+00 4.799508766298227869e+00 7.218885423477536278e+02 3.126915803897557566e+02
1.640567103922533079e+03 1.270690019892054323e+01 6.500858535633614821e+00 5.095264470010499203e+00 7.368486444943177958e+02 3.047871977271091168e+02
1.710031354740978259e+03 1.265303567505316451e+01 6.655364944384915660e+00 5.137488837209262194e+00 8.307475088345278209e+02 3.229558976849679084e+02
1.944398730486088198e+03 1.284421477860991523e+01 7.038204566871232082e+00 5.327917955595887989e+00 8.263897786154611822e+02 2.980958512059762029e+02
2.098184631217515744e+03 1.248527870622432800e+01 7.242984887216527667e+00 5.276554516244859272e+00 8.118463483872567394e+02 3.274303602528643751e+02
2.306132446018907558e+03 1.351967328817389635e+01 6.789292008545404933e+00 5.311842292787124720e+00 7.962470849303783780e+02 3.083591704504135009e+02
2.706859200731251349e+03 1.317227671223574426e+01 7.260020605911816638e+00 5.239092911772962324e+00 8.074183079254012227e+02 3.063288573213145014e+02
2.624052447893879616e+03 1.368382037716158095e+01 7.048648867657069772e+00 5.622481415890169032e+00 7.994871686586413944e+02 3.105045210202158614e+02
2.924061535321575320e+03 1.375391870489819901e+01 7.549145801812163548e+00 5.667587615529615874e+00 7.744253573298591391e+02 3.208587242224145939e+02
3.032922862936215552e+03 7.904824546415423647e+00 0.000000000000000000e+00 9.281259424979401373e+00 7.976329485120668323e+02 3.216227901215397083e+02
3.015241019372922437e+03 8.601674699776211241e+00 0.000000000000000000e+00 1.022146605590045354e+01 5.885941579657862167e+04 0.000000000000000000e+00
3.022153294577028646e+03 8.075645436868349236e+00 0.000000000000000000e+00 1.039036403277700771e+01 5.719591640533223836e+04 0.000000000000000000e+00
3.232925660507235079e+03 8.670239824630774805e+00 0.000000000000000000e+00 1.077669138449061315e+01 5.527791151093605004e+04 0.000000000000000000e+00
3.370300692354723196e+03 8.525751991555367226e+00 0.000000000000000000e+00 1.012267722957493987e+01 5.734628047782678186e+04 0.000000000000000000e+00
3.289040467054274359e+03 9.231500356683724817e+00 0.000000000000000000e+00 1.024034560335423549e+01 5.803539647240250633e+04 0.000000000000000000e+00
3.398551154317336568e+03 8.782337652831948560e+00 0.000000000000000000e+00 1.073720797365218793e+01 5.979647982705941104e+04 0.000000000000000000e+00
3.738700042322035188e+03 8.712255561991113950e+00 0.000000000000000000e+00 1.072563797455161172e+01 5.912186341926913155e+04 0.000000000000000000e+00
3.617822371955040580e+03 9.286703188725699221e+00 0.000000000000000000e+00 1.122901670391328999e+01 6.020441268845426384e+04 0.000000000000000000e+00
3.732473932589687138e+03 9.687170841681970401e+00 0.000000000000000000e+00 1.059803812625228936e+01 5.918933570941844664e+04 0.000000000000000000e+00
3.726154746146002253e+03 9.709460776302520912e+00 0.000000000000000000e+00 1.153413989452077004e+01 6.065289972418416437e+04 0.000000000000000000e+00
3.835248232936261047e+03 9.521993499932968064e+00 0.000000000000000000e+00 1.183470402698204182e+01 5.539503567400025349e+04 0.000000000000000000e+00
3.958574947345529836e+03 9.166941127679585577e+00 0.000000000000000000e+00 1.130775505737838849e+01 5.693091612701094709e+04 0.000000000000000000e+00
4.187013359963541006e+03 9.662826538994366388e+00 0.000000000000000000e+00 1.180673589525294176e+01 5.705767897769631963e+04 0.000000000000000000e+00
4.106718192447693582e+03 9.928313910073887527e+00 0.000000000000000000e+00 1.193927290767107152e+01 5.639707790778960771e+04 0.000000000000000000e+00
4.411156893173435492e+03 1.015161087004247520e+01 0.000000000000000000e+00 1.121657318798442127e+01 5.914623196451208059e+04 0.000000000000000000e+00
4.417404454842934683e+03 1.023629712884082466e+01 0.000000000000000000e+00 1.205101982520446313e+01 6.036241122207471199e+04 0.000000000000000000e+00
4.363747670378480507e+03 9.641538118969052107e+00 0.000000000000000000e+00 1.156804362358838212e+01 5.703658365294773103e+04 0.000000000000000000e+00
4.481062069437635728e+03 9.852909478543175226e+00 0.000000000000000000e+00 1.197484938085387718e+01 5.561649090478503786e+04 0.000000000000000000e+00
4.963359042464855520e+03 9.864559918844967967e+00 0.000000000000000000e+00 1.239629403236192573e+01 5.605768075707897515e+04 0.000000000000000000e+00
4.978182924893055315e+03 1.006715795458502427e+01 0.000000000000000000e+00 1.248814676488618325e+01 5.773906402520667325e+04 0.000000000000000000e+00
5.062848707021276823e+03 1.056769679694507680e+01 0.000000000000000000e+00 1.146577434476893131e+01 5.859666176068885397e+04 0.000000000000000000e+00
5.243307847563010000e+03 1.004991739610752077e+01 0.000000000000000000e+00 1.255726363152028391e+01 5.679739678552629630e+04 0.000000000000000000e+00
5.046353310619522745e+03 1.016962793488987771e+01 0.000000000000000000e+00 1.191899571375286548e+01 5.866419917144675856e+04 0.000000000000000000e+00
5.077094506287423428e+03 1.104787155747012761e+01 3.532360900607955490e+00 1.318912409396759777e+01 4.618504984503009041e+02 8.501070199179643794e+01
5.015318765328965128e+03 1.095386823989623082e+01 3.427587928873657930e+00 1.259459544400002073e+01 4.555663279206940501e+02 8.449722202367756552e+01
5.501894541037808267e+03 1.067556075657714487e+01 3.540405982483735503e+00 1.286279770288373037e+01 4.218888861528275811e+02 8.444069722674173306e+01
5.586757096676558831e+03 1.103438738807578012e+01 3.645578861120740921e+00 1.348711890429200189e+01 4.586044684581724482e+02 8.300821942582268775e+01
5.682633920190569370e+03 1.068736127267881031e+01 3.633534619383014697e+00 1.317517762438593820e+01 4.521222764930686822e+02 8.265758327509884396e+01
5.804374279501713318e+03 1.121092215485706767e+01 3.773158280091736039e+00 1.239807658051422301e+01 4.273231432611810305e+02 8.093596718427697567e+01
5.636417538599139334e+03 1.093165038775941511e+01 3.633129685774718176e+00 1.324688132560339859e+01 4.150424617198342503e+02 8.194663352425494907e+01
5.636027821568340187e+03 1.083967585001738598e+01 3.746297974029136668e+00 1.333460041693261644e+01 4.257170696414361259e+02 8.092250864434056723e+01
5.807892443565241592e+03 1.081843496344483313e+01 3.813925304684668838e+00 1.258648309581032088e+01 4.363703316429655956e+02 8.273002021663853611e+01
5.800311926174095788e+03 1.102563569140313682e+01 3.637016470953278624e+00 1.365958442637569092e+01 4.325406842100063614e+02 8.602744800813661641e+01
5.882734209438620383e+03 1.111758225170784442e+01 3.828060787607291182e+00 1.307006499208118200e+01 4.352756509238491844e+02 8.421288765405117260e+01
6.120683813701764848e+03 1.154702799056458673e+01 3.499420280001413808e+00 1.273853612549337733e+01 4.117634018059601431e+02 8.339409417738592367e+01
6.095606057323770983e+03 1.118747933832003127e+01 3.486058126527757484e+00 1.366127317780910744e+01 4.185811834491570949e+02 8.618291913116642888e+01
6.470524147317697498e+03 1.138162520763019003e+01 3.767424305463573209e+00 1.319668900991792881e+01 4.492736828889948697e+02 8.458746684784389913e+01
