1.989821108631428803e-01 5.681059631130770171e+00 3.246168644178101026e+00 2.696868393573100153e+00 1.427369456390401865e+03 5.901609217638945211e+02
3.198525104403640285e+01 5.768032635217647197e+00 3.496704382546364620e+00 2.910405693591937570e+00 1.411618256683394975e+03 5.710934305292576028e+02
3.108602659589179495e+01 7.558300550670542961e+00 4.222293346881441423e+00 3.328387522236329055e+00 1.429455175360934390e+03 6.079194321094388442e+02
5.104128847080865228e+01 7.560848880424162033e+00 4.475682367899331382e+00 3.330087305509811024e+00 1.358833161129539803e+03 6.094355972936127728e+02
1.040071887936704513e+02 8.102101889122973688e+00 4.315905434289986964e+00 3.454789859958503406e+00 2.001013082740227560e+02 7.851658349466052300e+01
1.470447311987839498e+02 7.995522457871043542e+00 4.327509170835902808e+00 3.402305036082579726e+00 2.016944052218020147e+02 7.887626128536365400e+01
2.053935953653378306e+02 8.567226395419657692e+00 4.666347678824659617e+00 3.515183928162392668e+00 3.505154046460687027e+02 8.216335398038626181e+01
2.402966814958707857e+02 8.736757353569046813e+00 4.745833060842670648e+00 3.359071552321622800e+00 3.664693381249557547e+02 1.391987040807220808e+02
3.087833925706928540e+02 8.381697319271443902e+00 4.741507304969919900e+00 3.637188629840346188e+00 3.441595862080679353e+02 1.474297825392256414e+02
3.560624404116032906e+02 8.593582402140315324e+00 4.720841401908819179e+00 3.721170119732444714e+00 3.481159196010059418e+02 1.490113858183065076e+02
4.258036350070150888e+02 9.052082075087357182e+00 4.930259506813614578e+00 3.535594405570931631e+00 3.776204514784911339e+02 1.415723857092162064e+02
5.193172952189297575e+02 9.772585882790782108e+00 5.402369374509286004e+00 3.857365443597383425e+00 3.679812814662855089e+02 1.400549185355151280e+02
6.106688160785927266e+02 1.067260092388613835e+01 5.722316602801797103e+00 3.999116216385865119e+00 3.580146027269992146e+02 1.412982733298950961e+02
6.726441598925281369e+02 1.066589073268158039e+01 5.729181752985790688e+00 4.217614094832909721e+00 7.734834380638658331e+02 3.096124816217663351e+02
7.616410916536970035e+02 1.105615532486183383e+01 5.976556194678847689e+00 4.380622692045047728e+00 7.550765616996387735e+02 3.226387504441304941e+02
9.382630326369901468e+02 1.087955449525042972e+01 6.169451832752883114e+00 4.770914240680443008e+00 7.666386634373452580e+02 3.167087480758789866e+02
9.733282808359178944e+02 1.111628251630603970e+01 6.489978946144115746e+00 4.831897368499587841e+00 7.144749922592746998e+02 3.226216635502325971e+02
1.126885164570969437e+03 1.153803940916347948e+01 6.600426521106948385e+00 4.601814639920967842e+00 7.321580966261658432e+02 3.178699713027302778e+02
1.234826202521031746e+03 1.184366470154851037e+01 6.674711668100322903e+00 4.900429236322187521e+00 7.445667022138563880e+02 3.097648276798077518e+02
1.265561352114498050e+03 1.179268725873641799e+01 6.832756517579453792e+00 5.061635083022476778e+00 7.492780489099361603e+02 3.102664796454091061e+02
1.331207758923821530e+03 1.150255746603019524e+01 6.806434497620877266e+00 4.889252153455296401e+00 7.593438026635427605e+02 3.127500902151764421e+02
1.621440270688106239e+03 1.199403505358079514e+01 6.622507578346735535e+00 4.943400514708367943e+00 7.292119452767262828e+02 2.971695636258081663e+02
1.864167397636580517e+03 1.271208232281293249e+01 6.795061741420603596e+00 5.158445452360053807e+00 8.399842511342734497e+02 3.099140589434520052e+02
1.998384533107295965e+03 1.270109434844806984e+01 6.738007776533957660e+00 5.290052555163510029e+00 7.800081784496110231e+02 3.266659248648157927e+02
2.198343784769410831e+03 1.338790697591854340e+01 6.818098062115796942e+00 5.485717312957773650e+00 8.157084634499861977e+02 3.152654017994626088e+02
2.185021044696002718e+03 1.320002382047296585e+01 7.037875720638396615e+00 5.373960533371466397e+00 8.350363309710885460e+02 3.138475064882873085e+02
2.527688149163555863e+03 1.330703411638958933e+01 7.148196946491369275e+00 5.659543424351447527e+00 7.691955597107162248e+02 3.030227170555251064e+02
2.670193028272863558e+03 1.399268376805524916e+01 7.499923756011457776e+00 5.295874601693403960e+00 7.819795730019716302e+02 3.162729859994805679e+02
2.855225191925328090e+03 1.351769672572005554e+01 7.416972549564879280e+00 5.438562836004050105e+00 7.744281901111833122e+02 3.159247718538364893e+02
2.955993496955596129e+03 7.922074423084252359e+00 0.000000000000000000e+00 1.004035000249304765e+01 7.777036458231381175e+02 3.212671640022871884e+02
2.892341863273177751e+03 8.267323043779825298e+00 0.000000000000000000e+00 9.993406613085621615e+00 5.792696567828202387e+04 0.000000000000000000e+00
3.129131241267494261e+03 8.636592840262109050e+00 0.000000000000000000e+00 1.021202463300046226e+01 5.827263888092902198e+04 0.000000000000000000e+00
3.132987016974971084e+03 8.748759217042440639e+00 0.000000000000000000e+00 1.070567585974098357e+01 6.044260726473763498e+04 0.000000000000000000e+00
3.179878722288539393e+03 8.641524991318320303e+00 0.000000000000000000e+00 1.093902345585940949e+01 5.748811434037763684e+04 0.000000000000000000e+00
3.296710736698139499e+03 9.135176106661306861e+00 0.000000000000000000e+00 1.095985799265372407e+01 5.973047822445441852e+04 0.000000000000000000e+00
3.398208335614539010e+03 8.658222431006203479e+00 0.000000000000000000e+00 1.087207977949046445e+01 5.642708253468584735e+04 0.000000000000000000e+00
3.599577614641688797e+03 8.710101125206126227e+00 0.000000000000000000e+00 1.040921115946606790e+01 5.817399361793560820e+04 0.000000000000000000e+00
3.550504654271433083e+03 9.064190668166167697e+00 0.000000000000000000e+00 1.112862474199537921e+01 5.923268823893617810e+04 0.000000000000000000e+00
3.927606214910977087e+03 9.343123623211944562e+00 0.000000000000000000e+00 1.152431315166776393e+01 6.009798584016423411e+04 0.000000000000000000e+00
3.797925854371253536e+03 9.725218394357082019e+00 0.000000000000000000e+00 1.084849773934135619e+01 5.958553153006138018e+04 0.000000000000000000e+00
4.098159645877054572e+03 9.534813808009513281e+00 0.000000000000000000e+00 1.124230117450412614e+01 5.803615555662085535e+04 0.000000000000000000e+00
4.201010138454914340e+03 9.343918516541679153e+00 0.000000000000000000e+00 1.169913581262435365e+01 5.802151988176771556e+04 0.000000000000000000e+00
4.323672662319659139e+03 9.631703549854119473e+00 0.000000000000000000e+00 1.116743771701835897e+01 5.805880493035018299e+04 0.000000000000000000e+00
4.139358810890158566e+03 1.017736149817240232e+01 0.000000000000000000e+00 1.103168088721099771e+01 5.509004913506031153e+04 0.000000000000000000e+00
4.164316541024539220e+03 9.416072908728029489e+00 0.000000000000000000e+00 1.198103024934198935e+01 5.724425708866239438e+04 0.000000000000000000e+00
4.540206527008118428e+03 1.013704574493222310e+01 0.000000000000000000e+00 1.150310429652095223e+01 5.751674692595559463e+04 0.000000000000000000e+00
4.542833078616508828e+03 9.491060741227068220e+00 0.000000000000000000e+00 1.201428550597531775e+01 5.579141825705399242e+04 0.000000000000000000e+00
4.443720342145995346e+03 1.046045097431992765e+01 0.000000000000000000e+00 1.177905142051165477e+01 5.823679873156041140e+04 0.000000000000000000e+00
4.766425750607091686e+03 9.826657288540275204e+00 0.000000000000000000e+00 1.137060169654581543e+01 5.744087046582302719e+04 0.000000000000000000e+00
4.693026026177923995e+03 1.067862192103106622e+01 0.000000000000000000e+00 1.184269459792693091e+01 5.851383139901765389e+04 0.000000000000000000e+00
4.981849939738905960e+03 9.749445887616216666e+00 0.000000000000000000e+00 1.253874806444292389e+01 5.976280897960453149e+04 0.000000000000000000e+00
5.293914738655832480e+03 9.883279768151545852e+00 0.000000000000000000e+00 1.157201538461328383e+01 5.667173127655802091e+04 0.000000000000000000e+00
5.385565323448486197e+03 1.076969879352817827e+01 0.000000000000000000e+00 1.269118701223277590e+01 6.046085612781877717e+04 0.000000000000000000e+00
5.208513390219059147e+03 1.103235795469613656e+01 3.329187039292745176e+00 1.333784827142115148e+01 4.537603472116174999e+02 8.485007142455906148e+01
5.104886433060674790e+03 1.080232481141615786e+01 3.351823636871592349e+00 1.294451348847165484e+01 4.647511990566357554e+02 8.710682175968912588e+01
5.134306249771076182e+03 1.064747152046449408e+01 3.483385050741667488e+00 1.241286485815041019e+01 4.513010597179439856e+02 8.411361382399344677e+01
5.414684969771765282e+03 1.125717627095585449e+01 3.662037571265384539e+00 1.292507667380490766e+01 4.564310676177617552e+02 8.605444985081520315e+01
5.508422604916946511e+03 1.077279983267542107e+01 3.753088249851294744e+00 1.299421023737919256e+01 4.246766063077404851e+02 8.214561374714368469e+01
5.588386808625657068e+03 1.064741098455115775e+01 3.741491548989041238e+00 1.244795648579554026e+01 4.374602835570359503e+02 8.339072226381648534e+01
5.490125233147370636e+03 1.106651899890072954e+01 3.462123895224277437e+00 1.287941755397378074e+01 4.552880090026587823e+02 8.201677622298068115e+01
5.878071477196197520e+03 1.105082096383688395e+01 3.788198298136020714e+00 1.297430174437432093e+01 4.504053010597823459e+02 8.424741309919367893e+01
5.650345893857447663e+03 1.143258863265247172e+01 3.489166481498148009e+00 1.319010584336230174e+01 4.449556841579383786e+02 8.838813458007817303e+01
5.775805374939641297e+03 1.168217649436400052e+01 3.487219958994904889e+00 1.332475856047096308e+01 4.297297900391411645e+02 8.489187019112605981e+01
6.230771819085300194e+03 1.079340700022184585e+01 3.623972913080838687e+00 1.332439890113420589e+01 4.168171308492501339e+02 8.401564573515652512e+01
6.414101602271621232e+03 1.113419144625423840e+01 3.722850561371322087e+00 1.344294874613806812e+01 4.296075394910733962e+02 8.174416080488570913e+01
6.271729235799148228e+03 1.150844302926252993e+01 3.666310189221828608e+00 1.327858086465189835e+01 4.357210818485867208e+02 8.848624151778253122e+01
6.095210006489632178e+03 1.172858583189243298e+01 3.679032684740912273e+00 1.305792589576324758e+01 4.247468112505359841e+02 8.647941220897320136e+01
