-3.748557708278392742e-01 5.668348941802658025e+00 3.272661224566865812e+00 2.815933029319649616e+00 1.400621027820731115e+03 6.262527370030217071e+02
3.205079647938907073e+01 5.832971136127778955e+00 3.316902137787931970e+00 2.734780545661396722e+00 1.341255800073178534e+03 6.120034481318206190e+02
3.200327891287511051e+01 7.872706471952430896e+00 4.387171708944554993e+00 3.300822377272119468e+00 1.431476102536702228e+03 5.703546680350157203e+02
4.792419461534057490e+01 7.815929597280594443e+00 4.245068740952270048e+00 3.494947052797237053e+00 1.374516326745207152e+03 5.867176677363203225e+02
9.678631952687302942e+01 7.776089359111331589e+00 4.493503723641094183e+00 3.431720882710036946e+00 1.956699971774916662e+02 7.857957820153619366e+01
1.503949645483555457e+02 8.172214256236413732e+00 4.412882315713010151e+00 3.505590781352818208e+00 1.918708237220843955e+02 8.205211962521161695e+01
1.929949234842604540e+02 8.058626521579164148e+00 4.752667911115401544e+00 3.364062195646465803e+00 3.683686561287951804e+02 8.395135730936604546e+01
2.551584329426883642e+02 8.709471876268723989e+00 4.707880523266998019e+00 3.462462766256221514e+00 3.427493954305578541e+02 1.400842381700379633e+02
2.929655976038201288e+02 8.504532706084624749e+00 4.660079548689794571e+00 3.374063300435324653e+00 3.553069677862599747e+02 1.371858639802883602e+02
3.482783146103856211e+02 8.584687895946840896e+00 4.650453954626568631e+00 3.451824888843949335e+00 3.445520904923807279e+02 1.452124733788915876e+02
4.080857154216722051e+02 9.390840818119203348e+00 5.014417034684581331e+00 3.672745781303444979e+00 3.586187615748143003e+02 1.496069401610408818e+02
5.084185009811932900e+02 9.218062121932488751e+00 5.407851342586464938e+00 3.680615643216493371e+00 3.487864990129903049e+02 1.375658217305810354e+02
6.069649230641769009e+02 1.066805061472553717e+01 5.544842671973469805e+00 4.049141144064275721e+00 3.617501976556094974e+02 1.481845280796973157e+02
6.794555005712321645e+02 1.085219259744375009e+01 6.232753295896240608e+00 4.177342293106827142e+00 7.524202956760466350e+02 3.087389146057072367e+02
8.331961471865937483e+02 1.098787806678966028e+01 6.183079358816379489e+00 4.570711550158704561e+00 7.391125359670062380e+02 3.110417046580785154e+02
9.179861181537143011e+02 1.093804557868615568e+01 6.210731129024115837e+00 4.722475108254841736e+00 7.124851663165979971e+02 3.225117733597055576e+02
9.865250179801723789e+02 1.125926746372102016e+01 6.190622915362550494e+00 4.551379990144545751e+00 7.487396030437531635e+02 3.056488279052100552e+02
1.107139208089925887e+03 1.192026992049318679e+01 6.447117036328331885e+00 4.743577370557064299e+00 7.698155077714026220e+02 3.102306058556115431e+02
1.199403439623001304e+03 1.131583600908183840e+01 6.817765140088515530e+00 4.762977399715581761e+00 7.076176657687924489e+02 3.188572053853572470e+02
1.328767494658385203e+03 1.163047440253345322e+01 6.599715463599585163e+00 4.594456227941728699e+00 7.311238292694253005e+02 3.269942443879151597e+02
1.384718400385869245e+03 1.188119277479546554e+01 6.895356184605060612e+00 5.070453075858897485e+00 7.605491180926766219e+02 3.008880956652765803e+02
1.577641714023045097e+03 1.251915030988347866e+01 7.017805873490255308e+00 5.018775511823401203e+00 7.515878718908505789e+02 3.059233853580340678e+02
1.864848433641389192e+03 1.282456182021992674e+01 6.536178152121364882e+00 4.896655867822040875e+00 7.747462387599522344e+02 3.182863229606480786e+02
1.958679351417509906e+03 1.220998492713999006e+01 7.010132011605453073e+00 5.022097113237997235e+00 8.103905209251830684e+02 3.014838507507931809e+02
2.290738207296703877e+03 1.336006524139763307e+01 6.965574072438209363e+00 5.175157751000996953e+00 8.134137929599366998e+02 3.119254097617000525e+02
2.196596675766998032e+03 1.308897796939866964e+01 7.086079397707464089e+00 5.299242539516516359e+00 8.159028031057314365e+02 3.225498691907714033e+02
2.721466205884792998e+03 1.266128324582904341e+01 6.960345808607703688e+00 5.661314218149076538e+00 8.257174154758512259e+02 3.024273998148704550e+02
2.673014548487804859e+03 1.429037661542319881e+01 7.599112452045714505e+00 5.494748400064401572e+00 7.619910187767736716e+02 3.255365396886014082e+02
2.781924696860113727e+03 1.402094058121481268e+01 7.583685943460651835e+00 5.769859530695458538e+00 7.966894653100667938e+02 3.136070188081618539e+02
2.961926283752072322e+03 7.917816402294400646e+00 0.000000000000000000e+00 9.742520449276838690e+00 8.143336403459343273e+02 2.976348398243208067e+02
3.082953703322765250e+03 8.009339761008769543e+00 0.000000000000000000e+00 1.002783775528408761e+01 5.538317368271599844e+04 0.000000000000000000e+00
3.005086249465927267e+03 8.233463743224008979e+00 0.000000000000000000e+00 1.002718093466674887e+01 5.749123166454849706e+04 0.000000000000000000e+00
3.081795611727322921e+03 8.722569875205326895e+00 0.000000000000000000e+00 1.064923156439196816e+01 5.844046243936014798e+04 0.000000000000000000e+00
3.249746549899875390e+03 8.361054463683828430e+00 0.000000000000000000e+00 1.070036810440394071e+01 5.872885765167995123e+04 0.000000000000000000e+00
3.220448326346016984e+03 8.884887243762536357e+00 0.000000000000000000e+00 1.044075885255520042e+01 5.520144331762973889e+04 0.000000000000000000e+00
3.482405867063010191e+03 8.610390644666013671e+00 0.000000000000000000e+00 1.086180141761423101e+01 6.025477060080337833e+04 0.000000000000000000e+00
3.618442068876899157e+03 9.098407099864044056e+00 0.000000000000000000e+00 1.112351295339614587e+01 5.745862288854007784e+04 0.000000000000000000e+00
3.560095816971795557e+03 9.143466506621479084e+00 0.000000000000000000e+00 1.134188012500997012e+01 5.974084934275170963e+04 0.000000000000000000e+00
3.621295948709063850e+03 9.636918661310785339e+00 0.000000000000000000e+00 1.121384663477035559e+01 5.615726867822158238e+04 0.000000000000000000e+00
3.918762360844616069e+03 9.388196745441351965e+00 0.000000000000000000e+00 1.152519716687162976e+01 5.655555262230581866e+04 0.000000000000000000e+00
4.134618463797778531e+03 9.217710843691618194e+00 0.000000000000000000e+00 1.123412499790588015e+01 5.994855365173408791e+04 0.000000000000000000e+00
4.010085208043400598e+03 9.607727250940603980e+00 0.000000000000000000e+00 1.169734755048065900e+01 5.740854126379684021e+04 0.000000000000000000e+00
4.325833987556793545e+03 1.006543160989236085e+01 0.000000000000000000e+00 1.166100377302037394e+01 5.951442811428811547e+04 0.000000000000000000e+00
4.168547459484209867e+03 1.019989888462013106e+01 0.000000000000000000e+00 1.163389164456265057e+01 5.817302746708857012e+04 0.000000000000000000e+00
4.352357316071883361e+03 9.532012063457736772e+00 0.000000000000000000e+00 1.151380738791020875e+01 5.583491828456708026e+04 0.000000000000000000e+00
4.417509425432122043e+03 9.554544407554582008e+00 0.000000000000000000e+00 1.202845607101019709e+01 5.772408300647912984e+04 0.000000000000000000e+00
4.582721101273968998e+03 1.007497281699122738e+01 0.000000000000000000e+00 1.175371277026214045e+01 5.909026883483649726e+04 0.000000000000000000e+00
4.779838985503501135e+03 9.571540580604072090e+00 0.000000000000000000e+00 1.191651660922992484e+01 5.554034647569180379e+04 0.000000000000000000e+00
4.968100636903719533e+03 9.871660716682116643e+00 0.000000000000000000e+00 1.145352911265282714e+01 5.653637618152694631e+04 0.000000000000000000e+00
4.676191230972573067e+03 1.014555190253436656e+01 0.000000000000000000e+00 1.191575833523774541e+01 5.836452687409343343e+04 0.000000000000000000e+00
5.142328218670944807e+03 1.052354852433560062e+01 0.000000000000000000e+00 1.153695297385270990e+01 5.717956304030100728e+04 0.000000000000000000e+00
5.191487637171507231e+03 1.036149044053484580e+01 0.000000000000000000e+00 1.187463004332058780e+01 5.997804742829003226e+04 0.000000000000000000e+00
5.057195305208114405e+03 1.024263324143611698e+01 0.000000000000000000e+00 1.203375999532375218e+01 5.750294060430766694e+04 0.000000000000000000e+00
5.191277575876420087e+03 1.136732510723721212e+01 3.663965515061248013e+00 1.258160970059301498e+01 4.662335355392419274e+02 8.718983565595911500e+01
5.243328265937439937e+03 1.118130689082245510e+01 3.578689893427007274e+00 1.323352781207065121e+01 4.284289161817245031e+02 8.739705788245531437e+01
5.086969578628100862e+03 1.152843680004790450e+01 3.367363406916179969e+00 1.226084864288816512e+01 4.425129207106098193e+02 8.141317984848103606e+01
5.326894283284159428e+03 1.100829394554207674e+01 3.453332437050876891e+00 1.226221105223150509e+01 4.478999228578172733e+02 8.912026390541724652e+01
5.201043586948269876e+03 1.128838073361874805e+01 3.432176213834441825e+00 1.252911502809534561e+01 4.234012033519966280e+02 8.477079258864601741e+01
5.316998456847441958e+03 1.126610731530684717e+01 3.541255693988285547e+00 1.341329379396504429e+01 4.351931629157415955e+02 8.337725806386428928e+01
5.532512812238234801e+03 1.102820872130433649e+01 3.698941653207528546e+00 1.341310538774374095e+01 4.327297268693668002e+02 8.236532393361508753e+01
5.720838740874424730e+03 1.107968070702930596e+01 3.758709557053793837e+00 1.270663474218533651e+01 4.232434765452208580e+02 8.564564441675982209e+01
5.973493409335438628e+03 1.093923193715419551e+01 3.507702732670952006e+00 1.336353206276151440e+01 4.252586319596026669e+02 8.337633768524662514e+01
5.717625217178275307e+03 1.119766452444364724e+01 3.667393413265702229e+00 1.358956646263053436e+01 4.182736929259688168e+02 8.909992271453923252e+01
6.043955030308938149e+03 1.103533704220089895e+01 3.694440163373178265e+00 1.349590621360278142e+01 4.138952608498591985e+02 8.332660557677370150e+01
6.423591167048828538e+03 1.174990505988033718e+01 3.750520281725398419e+00 1.343803963165018978e+01 4.344482003247484840e+02 8.420425311429551130e+01
6.110923556633110820e+03 1.123398905642070034e+01 3.709058322838318933e+00 1.271321312827293504e+01 4.396117455684024549e+02 8.503349493308004980e+01
6.667956458350729008e+03 1.145248584687386995e+01 3.752241597808306128e+00 1.373318300556850247e+01 4.362516548356526869e+02 8.555540617333269893e+01
