-1.911645549666798338e-01 6.065942231355588632e+00 3.275328696866135481e+00 2.881984398768074218e+00 1.334227364997062296e+03 5.924157163680215490e+02
3.089666201024749981e+01 5.519805544245711459e+00 3.464821213762565577e+00 2.790360109372387321e+00 1.403492345156141255e+03 6.219945387634444387e+02
3.472944434315046891e+01 7.740397586321304146e+00 4.246438621078877595e+00 3.403339996170521076e+00 1.417445678338942116e+03 6.198559988514574570e+02
4.737310082832141944e+01 8.138016509213622740e+00 4.395220338041043284e+00 3.246450534299047064e+00 1.333713200804279950e+03 5.827728805740157441e+02
9.921766558618101328e+01 7.712872285586451326e+00 4.596832783759269958e+00 3.257174223153841641e+00 2.038654444571415922e+02 7.827179236376498750e+01
1.483785674212423658e+02 8.245397555803572587e+00 4.645595418355537021e+00 3.344896133969099683e+00 2.047869888785297405e+02 7.735853813930349077e+01
2.052102736683895898e+02 7.923177276741045993e+00 4.672744825112766343e+00 3.428762959798883792e+00 3.747464425111595006e+02 8.105370330709483540e+01
2.535126877069018860e+02 8.480862483552529696e+00 4.776244007888588605e+00 3.420307169580238060e+00 3.602341015560788264e+02 1.447363100718595774e+02
2.954817230233467740e+02 8.778626164968001078e+00 4.729988237434485931e+00 3.618416461403952233e+00 3.771788244276820024e+02 1.371397657413830018e+02
3.506154248971619154e+02 8.445638644677725182e+00 5.026663648876645851e+00 3.479639799064373484e+00 3.544265681224102877e+02 1.472713062296475925e+02
4.328965755371088449e+02 8.593902077801280015e+00 4.739519644583074509e+00 3.771881809787256401e+00 3.528080832850032493e+02 1.437030375032633458e+02
4.978579750407843676e+02 9.908902555070371321e+00 5.437781061296682594e+00 4.008296748326598546e+00 3.537321624631046575e+02 1.407452522959760017e+02
5.859174990271128536e+02 1.050443421041376268e+01 5.843139538460147442e+00 3.974903242127035163e+00 3.548578002770620969e+02 1.365937586421023013e+02
6.748228752747215822e+02 1.121769929984736791e+01 5.825805731625672834e+00 4.162996223032767062e+00 7.635177375995440343e+02 3.226333184304100996e+02
8.341881619916279078e+02 1.149646430800661179e+01 6.351524945421769708e+00 4.443733147783876625e+00 7.517757569867860639e+02 3.222021004031331586e+02
8.752853101667419651e+02 1.068666903769108067e+01 6.298967513934330853e+00 4.376142771496042805e+00 7.360089757935718353e+02 3.032955163720561700e+02
1.036281109712361513e+03 1.095675849315323980e+01 6.556602796811509926e+00 4.659628218913658415e+00 7.043496129404072690e+02 3.220777007598220507e+02
1.102473803871213249e+03 1.101208923634979442e+01 6.390385721148380327e+00 4.500086406113445570e+00 7.671173224414404785e+02 2.989638511660810423e+02
1.144350054298555733e+03 1.212340842054869405e+01 6.610111931440673771e+00 4.640701571679929138e+00 7.443991062371245562e+02 3.262093866459084666e+02
1.269825665451169016e+03 1.137437157120049491e+01 6.796087814872126209e+00 4.629761789160482088e+00 7.472614379501949315e+02 3.172322319601402114e+02
1.357970923853832119e+03 1.187984774193306947e+01 6.566427703731117838e+00 4.803130473889265950e+00 7.390235801104794291e+02 2.975179555926760031e+02
1.576667959866921819e+03 1.255472848365364591e+01 6.624372357822558399e+00 5.104212833386495340e+00 7.393534692538023592e+02 2.998942436870522670e+02
1.868245405465297154e+03 1.207428438902380208e+01 6.880235956322102275e+00 5.166700608092323677e+00 8.282702888795895433e+02 3.206815383579430545e+02
2.047649044770131241e+03 1.292262723592179086e+01 6.771909083252548811e+00 5.307659481086680842e+00 8.163738936264246604e+02 3.217833458506628972e+02
2.223365670055370174e+03 1.335410466489367209e+01 6.693408422727005203e+00 5.403710450223739414e+00 7.608289823689625564e+02 3.273492607944168640e+02
2.290963403572329753e+03 1.324574029390570118e+01 6.902585458747346969e+00 5.400539144985944340e+00 7.857677347400342569e+02 3.026310618814395639e+02
2.545006322306430320e+03 1.285026227961537515e+01 7.187531688487726278e+00 5.357702717501589440e+00 7.864099468826256043e+02 3.222623611924709621e+02
2.548877994428265083e+03 1.305281924813497696e+01 7.029667415265533847e+00 5.574668963167316527e+00 7.852867259077385143e+02 3.178544620375256500e+02
2.769140336574385401e+03 1.362646154523686270e+01 7.155020979743540899e+00 5.851891927052255582e+00 8.142915296173752040e+02 3.021499624476002168e+02
2.869760772222671676e+03 8.094778438812076260e+00 0.000000000000000000e+00 9.506164012698624433e+00 8.291012422616521462e+02 3.014858931855457058e+02
2.982167694074251813e+03 8.290542929713961229e+00 0.000000000000000000e+00 9.938544086024105439e+00 5.664149642794617830e+04 0.000000000000000000e+00
3.033571385477615877e+03 8.299165407585928023e+00 0.000000000000000000e+00 1.031563083282829929e+01 5.670979856959828612e+04 0.000000000000000000e+00
3.221048065824506011e+03 8.119250855409879009e+00 0.000000000000000000e+00 1.044111695424556174e+01 6.013071502985658299e+04 0.000000000000000000e+00
3.241263802920768285e+03 8.915077525555165749e+00 0.000000000000000000e+00 1.001375333520386590e+01 5.538067717425038427e+04 0.000000000000000000e+00
3.264052226422104013e+03 8.486233880287050724e+00 0.000000000000000000e+00 1.074899079819655512e+01 6.040209335990305408e+04 0.000000000000000000e+00
3.629025350751559472e+03 8.600394725580672528e+00 0.000000000000000000e+00 1.066561563913549548e+01 5.530789485849274206e+04 0.000000000000000000e+00
3.510879610077726284e+03 9.262967175359234417e+00 0.000000000000000000e+00 1.126221003556894118e+01 5.619818366160817095e+04 0.000000000000000000e+00
3.810639031258522209e+03 9.181721360907484808e+00 0.000000000000000000e+00 1.132477802370212494e+01 6.009957173312525265e+04 0.000000000000000000e+00
3.796839621638495373e+03 9.172684733903015086e+00 0.000000000000000000e+00 1.102385303226595958e+01 6.010039461598433991e+04 0.000000000000000000e+00
3.784313857798465506e+03 9.426690791685278015e+00 0.000000000000000000e+00 1.121578018721870684e+01 5.846627123925874912e+04 0.000000000000000000e+00
4.002214847349689535e+03 9.824440638556470873e+00 0.000000000000000000e+00 1.120677973244642800e+01 5.679385843792147352e+04 0.000000000000000000e+00
4.229206561669724579e+03 1.005657258526689546e+01 0.000000000000000000e+00 1.141073282530666511e+01 5.651455204218476865e+04 0.000000000000000000e+00
4.073756024046854691e+03 9.298759740118549999e+00 0.000000000000000000e+00 1.164723142837057068e+01 5.810656138122062112e+04 0.000000000000000000e+00
4.085751580031578214e+03 1.017323395464471680e+01 0.000000000000000000e+00 1.115410548761715148e+01 5.653629550962170470e+04 0.000000000000000000e+00
4.260777375248070712e+03 9.478506099334323309e+00 0.000000000000000000e+00 1.221481968315951683e+01 6.040328721492816840e+04 0.000000000000000000e+00
4.680658054149806048e+03 1.032884145296963396e+01 0.000000000000000000e+00 1.158241012787594570e+01 5.726784064918479999e+04 0.000000000000000000e+00
4.478415289900678545e+03 9.759915883645296830e+00 0.000000000000000000e+00 1.125737866908328932e+01 6.056665242879401194e+04 0.000000000000000000e+00
4.743574541846117427e+03 9.825786948037203317e+00 0.000000000000000000e+00 1.150923258277095584e+01 5.975294349041066016e+04 0.000000000000000000e+00
4.820166016357450644e+03 1.026993321254357561e+01 0.000000000000000000e+00 1.175616824217426526e+01 5.913180320906393172e+04 0.000000000000000000e+00
4.984307280264953988e+03 1.058931030472261980e+01 0.000000000000000000e+00 1.152724803057546765e+01 5.533490293203487818e+04 0.000000000000000000e+00
5.004665494819937521e+03 1.067479311053493340e+01 0.000000000000000000e+00 1.176339344750007854e+01 5.683159737730780034e+04 0.000000000000000000e+00
4.966690603591219769e+03 1.018740384372116381e+01 0.000000000000000000e+00 1.154337158912966288e+01 5.669330569953991653e+04 0.000000000000000000e+00
5.230588809571954698e+03 1.031612866488522684e+01 0.000000000000000000e+00 1.265409813949662698e+01 5.979285423727789748e+04 0.000000000000000000e+00
5.134513485580432643e+03 1.096467510588017547e+01 3.538856319220378133e+00 1.282241885395453274e+01 4.345195217639959537e+02 8.215715962730605781e+01
5.257904592589081403e+03 1.109968128625757089e+01 3.536188562987386153e+00 1.299380176003891130e+01 4.389962269895448799e+02 8.326159696425139600e+01
5.067583959255599439e+03 1.111989557683129348e+01 3.631674019894414851e+00 1.279391125308307586e+01 4.588560952991075510e+02 8.327469584808356728e+01
5.337647542013414750e+03 1.056636611894562350e+01 3.653785948598068156e+00 1.328152055635174023e+01 4.431134199402903278e+02 8.712116681333115764e+01
5.349066334044208816e+03 1.079141423439138059e+01 3.606874086550593717e+00 1.347286136407165280e+01 4.461645077616686876e+02 8.243096329532677657e+01
5.760948455258445392e+03 1.145370466495793593e+01 3.450488286753154554e+00 1.268467718418627221e+01 4.300607702688086533e+02 8.458552576931478484e+01
5.808906808084586373e+03 1.077591273813353112e+01 3.753604480492080953e+00 1.244794113444026884e+01 4.450223231515836346e+02 8.196517706541840198e+01
5.892820714853970458e+03 1.118550434838090446e+01 3.562613894073341836e+00 1.327063937435243446e+01 4.493371651212678444e+02 8.190249947238791606e+01
5.965017113873831477e+03 1.137573255971739172e+01 3.754572100368322118e+00 1.249840193278470935e+01 4.117561333916055446e+02 8.174960128261454884e+01
6.267450332102513130e+03 1.148339373474620650e+01 3.580552585154890277e+00 1.303906373163255594e+01 4.148826597460471817e+02 8.732726234800243503e+01
6.344275124103608505e+03 1.115775943680678317e+01 3.525665995517441864e+00 1.358775966536604507e+01 4.210641603331758915e+02 8.094132553568988442e+01
6.014758127019323183e+03 1.077988107783249561e+01 3.811390823881035228e+00 1.331136354521257914e+01 4.131983492889552281e+02 8.524476585355161262e+01
5.983547232210449693e+03 1.105695020711633880e+01 3.540009381135241551e+00 1.339439277243369553e+01 4.469654249639776253e+02 8.897046890870656455e+01
6.484537185655410212e+03 1.090970852342215558e+01 3.570046161246881233e+00 1.358700770516692202e+01 4.314480622037104354e+02 8.914045981022948695e+01
