1.438206460472750692e-01 5.229612842848924359e+00 3.338475549014789934e+00 2.886114466844661663e+00 1.263478768075163771e+03 6.030586247008214968e+02
3.528344629951934053e+01 5.521424616613512804e+00 3.643687828016492603e+00 2.734347292268078711e+00 1.390391346627015309e+03 5.751489876757259481e+02
3.085416631396371656e+01 8.050986644536422432e+00 4.354537231605705827e+00 3.212789222435231018e+00 1.331379149364204522e+03 5.739317096257897219e+02
3.972377414373362825e+01 7.972551368998359145e+00 4.530265485025080530e+00 3.161760413272329817e+00 1.415338985755856129e+03 5.533057506573853743e+02
1.146592385085253056e+02 7.307513085529569352e+00 4.598643472559935219e+00 3.624665809487888080e+00 1.840927592154464776e+02 8.175834220405079122e+01
1.620918451854549573e+02 7.583693455769256353e+00 4.086579105618393548e+00 3.108325830019629255e+00 2.042965232068722514e+02 8.085096500749742177e+01
2.055522433719340825e+02 8.208231802047521342e+00 5.037488029739061624e+00 3.636127046551398401e+00 3.318038863148172481e+02 8.680689754700183869e+01
2.668195092521319225e+02 7.685756919534292742e+00 4.611520381943850388e+00 3.813611091658539731e+00 3.714792277682328745e+02 1.359173730439862311e+02
2.598772510630359420e+02 8.506036861460426479e+00 4.701474877875012837e+00 3.650857683164747680e+00 3.522935260663792292e+02 1.447873234758909859e+02
3.641728811044484360e+02 8.898187957760754330e+00 5.267016440547232392e+00 3.811011280533711520e+00 3.804104935066500843e+02 1.363312915126336975e+02
3.364233904132252633e+02 9.240245992024028965e+00 4.885631149207847024e+00 3.853422535376939351e+00 3.462455801334784269e+02 1.548278480564762560e+02
5.644985393305113348e+02 9.269406524959325822e+00 5.049835692145373756e+00 4.146558834843994568e+00 3.285410034288083239e+02 1.544067725206566024e+02
6.359085184444983270e+02 9.655993259718499644e+00 5.801184524890094174e+00 3.874178680372180938e+00 3.308112582743625580e+02 1.532220935726455764e+02
6.328387194681318988e+02 1.033441918534436077e+01 5.955210457722400541e+00 4.289986624103558910e+00 7.811115006346450400e+02 3.176205790248121730e+02
8.695580970192122550e+02 1.019450638391427688e+01 6.279023797047429412e+00 4.021291167390612209e+00 7.620559644384754847e+02 2.835283889511057964e+02
1.007878776033286840e+03 1.073469249435815875e+01 6.468165914626674784e+00 4.421550487609751556e+00 7.405812884409693879e+02 3.224210453862471581e+02
1.065883762315700096e+03 1.139458968817055151e+01 6.814941137157686235e+00 5.038195106781233612e+00 7.274157266152816419e+02 2.898350250091087901e+02
9.656414403598997751e+02 1.271002607041101840e+01 5.961688763408882430e+00 4.242377196688830843e+00 8.094800578069946368e+02 3.316457843385076671e+02
1.222916804418874790e+03 1.129890693372795418e+01 6.282181688177727708e+00 4.404890382826532225e+00 7.090398344948432623e+02 3.107259881499344374e+02
1.302796798038645647e+03 1.268753699341494290e+01 6.719085357958662463e+00 4.993837048259928579e+00 7.647387716794127073e+02 2.828510621527381090e+02
1.215699623064792831e+03 1.133716388166476818e+01 6.244488789986511357e+00 4.862955498129466925e+00 6.784841707159844191e+02 2.815842793261596171e+02
1.582824847991307024e+03 1.209661826259659634e+01 6.857682057803006437e+00 5.270861526339175818e+00 8.120315418527590055e+02 2.974863449100428738e+02
1.669732727146219304e+03 1.194623660452624136e+01 6.667316503686444129e+00 4.652092197687333730e+00 7.983877209743562844e+02 3.307011638268318734e+02
2.222931008344354268e+03 1.198237618887960565e+01 7.422651197240410781e+00 4.879418680215673376e+00 7.709470680693347049e+02 2.811042079851109747e+02
2.361279935833234049e+03 1.267776031103586476e+01 7.282756567061310804e+00 4.957079477181752125e+00 7.679308995261491191e+02 3.019374498025151752e+02
2.042868036228560186e+03 1.278359876238490322e+01 6.662251944141381443e+00 5.759476173978447910e+00 7.372633586711585849e+02 2.976827260318143544e+02
2.339735322715320308e+03 1.400810362905343709e+01 7.640530300876990033e+00 5.433077500763667800e+00 7.898133850380345393e+02 3.356469262709924806e+02
2.157902398987286688e+03 1.278408825407671578e+01 6.686020445581905669e+00 5.771422942384314858e+00 8.211189786171768219e+02 3.053114449811439499e+02
2.609360571712695219e+03 1.317501020879431373e+01 6.927341560820326372e+00 6.149223839982354001e+00 8.321887725981673611e+02 3.096996928460104641e+02
2.726277966433652182e+03 7.378805836834561482e+00 0.000000000000000000e+00 8.927235610931662180e+00 8.305779024520290932e+02 2.886101848215051291e+02
2.483866905582069649e+03 8.925031237925169947e+00 0.000000000000000000e+00 1.047386325286969466e+01 5.302290386387734907e+04 0.000000000000000000e+00
2.882453561572219769e+03 8.597426799571744382e+00 0.000000000000000000e+00 1.027289287516090610e+01 5.282163598335650750e+04 0.000000000000000000e+00
3.005755845165447226e+03 8.747687551906135894e+00 0.000000000000000000e+00 1.124188651493138202e+01 6.110076149523699132e+04 0.000000000000000000e+00
3.433368005988762889e+03 9.215751430937419997e+00 0.000000000000000000e+00 9.651806950648978756e+00 5.578907512985170615e+04 0.000000000000000000e+00
3.558105678487064779e+03 8.705957031333529272e+00 0.000000000000000000e+00 1.159976421398323154e+01 5.376936271906434558e+04 0.000000000000000000e+00
3.643486663276598392e+03 9.435312784533495645e+00 0.000000000000000000e+00 1.017129597736423996e+01 6.000445836952440004e+04 0.000000000000000000e+00
3.388106787889690168e+03 8.807949642256946987e+00 0.000000000000000000e+00 1.187101634221553148e+01 5.446343855481873470e+04 0.000000000000000000e+00
4.245899437923742880e+03 8.728480034937426524e+00 0.000000000000000000e+00 1.099555252763368252e+01 5.892179596148790733e+04 0.000000000000000000e+00
3.737796035792331622e+03 9.252641965570632010e+00 0.000000000000000000e+00 1.095637853282004137e+01 5.548503810239204176e+04 0.000000000000000000e+00
4.644059152872065170e+03 8.539831613462725457e+00 0.000000000000000000e+00 1.093286644601575830e+01 5.551706278445236239e+04 0.000000000000000000e+00
3.527407791756226288e+03 9.869774832221432703e+00 0.000000000000000000e+00 1.044376532817297942e+01 6.079181856355108903e+04 0.000000000000000000e+00
4.242050771755011738e+03 9.360442935206592097e+00 0.000000000000000000e+00 1.218563444816560448e+01 6.185963777766217390e+04 0.000000000000000000e+00
4.729605199013611127e+03 9.791266873712366703e+00 0.000000000000000000e+00 1.052413225360405313e+01 5.879100482783734333e+04 0.000000000000000000e+00
5.037981617311053014e+03 8.997279906396386195e+00 0.000000000000000000e+00 1.139690856106896355e+01 5.330977162222153129e+04 0.000000000000000000e+00
4.732939433098595146e+03 9.085596181038431141e+00 0.000000000000000000e+00 1.182647370842565770e+01 5.554312709226293373e+04 0.000000000000000000e+00
3.875832519308384690e+03 9.293752366173569257e+00 0.000000000000000000e+00 1.253138741614938567e+01 6.326638419171050191e+04 0.000000000000000000e+00
5.371886662970478937e+03 1.021234645442734923e+01 0.000000000000000000e+00 1.273040974013989057e+01 5.213875314148290636e+04 0.000000000000000000e+00
4.762222409327330752e+03 9.241089723890569374e+00 0.000000000000000000e+00 1.209833820148157990e+01 6.136301652735509560e+04 0.000000000000000000e+00
4.936387558865118081e+03 1.065772901070090839e+01 0.000000000000000000e+00 1.112550103105512278e+01 5.936517747745848465e+04 0.000000000000000000e+00
5.023337505342146869e+03 9.642236859845755959e+00 0.000000000000000000e+00 1.290933687712961664e+01 5.260391326305382972e+04 0.000000000000000000e+00
5.941234046481748919e+03 1.046581245046147934e+01 0.000000000000000000e+00 1.235523300217295350e+01 5.438606241013701219e+04 0.000000000000000000e+00
4.190023416681303388e+03 1.059151169999963571e+01 0.000000000000000000e+00 1.168838791338728633e+01 5.436545443738177710e+04 0.000000000000000000e+00
4.140594615636554408e+03 1.127353604176346735e+01 0.000000000000000000e+00 1.261493570684748100e+01 5.973608394590787793e+04 0.000000000000000000e+00
5.511590768569456486e+03 1.185887125748826243e+01 3.334464437821227367e+00 1.281217213071153260e+01 4.712203305682843393e+02 7.750762853520049589e+01
5.037577363051821521e+03 1.059057632471905031e+01 3.190931176333785313e+00 1.155767409006621627e+01 4.526488926715055641e+02 7.684119252664770272e+01
5.749071741386098438e+03 1.188534455893408470e+01 3.227068720731310236e+00 1.367076044391380485e+01 4.326170161885781908e+02 8.479097308504482555e+01
6.155880029312225815e+03 1.141177720207191548e+01 3.319579445894725200e+00 1.328689163422451180e+01 4.275805616951001298e+02 9.206711660627138372e+01
4.825790352274488214e+03 1.010863940869517386e+01 3.841270732538396349e+00 1.190704635917557752e+01 4.160143911456739261e+02 8.395571276009172834e+01
6.099892950393605133e+03 1.082116735854883061e+01 3.487113068202759791e+00 1.291952643831180048e+01 4.313664092276523547e+02 9.114241948044312380e+01
5.301296040848384109e+03 1.115568349497835499e+01 3.293199792118246538e+00 1.298121072177908175e+01 4.591327443974952871e+02 8.398875121913582120e+01
6.580318569495783777e+03 1.098165170517424549e+01 3.810364877751236889e+00 1.314798309378356223e+01 4.503873591183315739e+02 8.593283235523281860e+01
4.927851975606008637e+03 1.233603795422813931e+01 3.700994845855731796e+00 1.280412157639167248e+01 4.283933820029110393e+02 8.720250535131314962e+01
6.284560724426027264e+03 1.097108351439706730e+01 3.975858820965834095e+00 1.291345840718708970e+01 4.055946230701043191e+02 7.794507696062045454e+01
5.301356978754932243e+03 1.163270825987643775e+01 3.690455218696679029e+00 1.316686543672792098e+01 4.598331035964208127e+02 8.349566705074693118e+01
7.108995900148656801e+03 1.122970326123669693e+01 3.471300193910887177e+00 1.374537597055783245e+01 4.122899648821669416e+02 8.372455655949529785e+01
6.503637333735231550e+03 1.148176458124548738e+01 3.344360726294306030e+00 1.311778287850894209e+01 4.103534271230063268e+02 7.842754668347366476e+01
5.858074177744581903e+03 1.055492661476273852e+01 3.669672690373662505e+00 1.406805113992917811e+01 3.924965383517992450e+02 8.168776088420331405e+01
