2.000000000000000111e-01 3.425875305424626038e+00
1.000000000000000056e-01 3.485875305424626092e+00
5.000000000000000278e-02 3.723875305424626081e+00
3.333333333333333287e-02 4.009875305424626113e+00
2.000000000000000042e-02 4.271875305424625680e+00
1.250000000000000069e-02 4.345875305424626411e+00
1.000000000000000021e-02 4.359875305424625758e+00
6.666666666666667095e-03 4.417875305424626475e+00
5.000000000000000104e-03 4.535875305424625914e+00
4.000000000000000083e-03 4.699875305424626504e+00
3.333333333333333547e-03 4.873875305424625992e+00
