2.771865526665719948e-01 5.888834016914449521e+00 3.333804969417397235e+00 2.758210643600355727e+00 1.414300462020542682e+03 5.873141340655300837e+02
3.418517904300989585e+01 5.629463205773579837e+00 3.430510503815294321e+00 2.738600345904937949e+00 1.353251797769742325e+03 5.894188348522624210e+02
3.340452521447026157e+01 8.094869174586058591e+00 4.499958452155522259e+00 3.235651600151788543e+00 1.347124991101694377e+03 5.925003060980376404e+02
5.050084069566643308e+01 8.118627553037534028e+00 4.360082868077838292e+00 3.416411200807583537e+00 1.414410780059704621e+03 6.124788531528330395e+02
9.922684167011043144e+01 7.704200424538414360e+00 4.229025212696008396e+00 3.415869305717813997e+00 2.011815805141221176e+02 8.220422476634487907e+01
1.440964363499152228e+02 8.350339646446535369e+00 4.531865987761380943e+00 3.458548343056141228e+00 1.916032382176452131e+02 8.282706233407557761e+01
1.912353214891361688e+02 8.062190374050709707e+00 4.705717829606102853e+00 3.594312332840217117e+00 3.703144620101209625e+02 7.611549844985547963e+01
2.428680425945006505e+02 8.303891012123974846e+00 4.605160317388635960e+00 3.469158324394340909e+00 3.654783938556239491e+02 1.391222072851455493e+02
2.858226635410264294e+02 8.624045651604983931e+00 4.798091329611039235e+00 3.719081332713917387e+00 3.463248510731624492e+02 1.485999409918994445e+02
3.511060347085706894e+02 8.630450347162355484e+00 4.799918983577389220e+00 3.740132338586750649e+00 3.644238918860116314e+02 1.471111736873304778e+02
4.235062552755573506e+02 8.636895086517307973e+00 5.189702503182106241e+00 3.715167948608917747e+00 3.507328641351784313e+02 1.443316085128346060e+02
5.169932684722556360e+02 9.885837630129087117e+00 5.128711681225341046e+00 4.026993490481151738e+00 3.749875159581837920e+02 1.378279378077374702e+02
6.117648877080149532e+02 9.978898693326483382e+00 5.558793986107234630e+00 4.063185991709202582e+00 3.550261107714014770e+02 1.484557369257277912e+02
6.645119312713414956e+02 1.119357734905005763e+01 5.969596550589613138e+00 4.347428440618153367e+00 7.287543852688960442e+02 3.055765935131934725e+02
7.997946050394879194e+02 1.099537627465687883e+01 5.886911544121697482e+00 4.411131322010293232e+00 7.716422838090624055e+02 3.016517050592912597e+02
8.731609695694058928e+02 1.091644153482536161e+01 6.305028030049133037e+00 4.390336881800799951e+00 7.373861249827058373e+02 3.224260273218121711e+02
9.573477384484474442e+02 1.180776070162569091e+01 6.167520024443796878e+00 4.502344773202608508e+00 7.568747850859854225e+02 3.247864907366957823e+02
1.075442626370856260e+03 1.176954332512957180e+01 6.445812268872566975e+00 4.790875425554842693e+00 7.627912108672046543e+02 3.097823582452342634e+02
1.182351948221466728e+03 1.160546670550621151e+01 6.708316876181040556e+00 5.002741834339961891e+00 7.713907929264569248e+02 3.132347737279505964e+02
1.354035527392329641e+03 1.230234667506095647e+01 6.275203044084824100e+00 4.958506360719675321e+00 7.591297590236387123e+02 3.025562870002286786e+02
1.339452076689712158e+03 1.247796563055783992e+01 6.830397878197254968e+00 4.903550437001583440e+00 7.568034251878733585e+02 3.090172169801707014e+02
1.626753863597628424e+03 1.193784958825834508e+01 6.851462894952675242e+00 5.189186151118012624e+00 7.429310194837729568e+02 3.240328329716799090e+02
1.769310325873921556e+03 1.230264760127298196e+01 6.789207612430714356e+00 5.278511349822868404e+00 8.177691817594491113e+02 3.239859904450142949e+02
1.951658927847223822e+03 1.222796439095418464e+01 7.164393992278044188e+00 5.156498198813139311e+00 7.719127849323696182e+02 3.214383580894299826e+02
2.278004976073992111e+03 1.307020589673503430e+01 7.359223681342381695e+00 5.409319163233866412e+00 8.275459993675783608e+02 3.171403187428227284e+02
2.317888132002222846e+03 1.380158998639702794e+01 7.063626702688451608e+00 5.373935272600443902e+00 7.664829767019404017e+02 3.029152361458328073e+02
2.726015029064677037e+03 1.276678986120732695e+01 7.304643577658698206e+00 5.199650644730277271e+00 8.351221115436853779e+02 3.178900871894649072e+02
2.695414727298000344e+03 1.344892975916263289e+01 7.491803670292672024e+00 5.635527896496873801e+00 7.681796462624555488e+02 3.000798741207481726e+02
2.973831786656350687e+03 1.348847857264044059e+01 7.660731821907131867e+00 5.706927577394741213e+00 8.144635498725816660e+02 3.157384046171762293e+02
2.903215650442627521e+03 8.283191170876898823e+00 0.000000000000000000e+00 9.255810896107355745e+00 8.378570838379188217e+02 3.141774257351549977e+02
3.117954969236903253e+03 8.134989970623317745e+00 0.000000000000000000e+00 9.731484812080534397e+00 5.636478020636954170e+04 0.000000000000000000e+00
2.948212504199739215e+03 8.063637956848376476e+00 0.000000000000000000e+00 9.825809240428858615e+00 5.566650445415131981e+04 0.000000000000000000e+00
3.253595978826263945e+03 8.151503998162921150e+00 0.000000000000000000e+00 1.019379650851826646e+01 5.744896706286938570e+04 0.000000000000000000e+00
3.262736407502822203e+03 8.979495544733083534e+00 0.000000000000000000e+00 1.022886724275066150e+01 5.583958605122580047e+04 0.000000000000000000e+00
3.535309784466268411e+03 8.697391819588464301e+00 0.000000000000000000e+00 1.106778069051724422e+01 5.737420594978314330e+04 0.000000000000000000e+00
3.419006289052247212e+03 8.740616159106924243e+00 0.000000000000000000e+00 1.075919680781953147e+01 5.907334346950113832e+04 0.000000000000000000e+00
3.662221229465315446e+03 8.957988228806781805e+00 0.000000000000000000e+00 1.121120991404643874e+01 5.990067574498185422e+04 0.000000000000000000e+00
3.623367928205273529e+03 9.579544451667191041e+00 0.000000000000000000e+00 1.139112522038104736e+01 5.918748955915528495e+04 0.000000000000000000e+00
3.585760239611424367e+03 9.667800204738689729e+00 0.000000000000000000e+00 1.076822656432058523e+01 5.914167852421692078e+04 0.000000000000000000e+00
3.737587339020266427e+03 9.209426692016423388e+00 0.000000000000000000e+00 1.172471622205278052e+01 5.977537284601763531e+04 0.000000000000000000e+00
4.115229336912942017e+03 9.503176221884800157e+00 0.000000000000000000e+00 1.185171491633242624e+01 5.984259501458346494e+04 0.000000000000000000e+00
4.152894861186657181e+03 9.227189409167179335e+00 0.000000000000000000e+00 1.121051412267552827e+01 5.765404666703870316e+04 0.000000000000000000e+00
4.024465827988961337e+03 9.196031737654960736e+00 0.000000000000000000e+00 1.096518631203442062e+01 6.055215444260502409e+04 0.000000000000000000e+00
4.157537047355864161e+03 9.795226451266588086e+00 0.000000000000000000e+00 1.130471808645386744e+01 5.517597213995629136e+04 0.000000000000000000e+00
4.481509323542878519e+03 1.004761973428593080e+01 0.000000000000000000e+00 1.222862253419967260e+01 5.710349459723509062e+04 0.000000000000000000e+00
4.460573678705626662e+03 1.031115246197815338e+01 0.000000000000000000e+00 1.127495636991943861e+01 5.981961468007306394e+04 0.000000000000000000e+00
4.728377922060348283e+03 1.016178973017707499e+01 0.000000000000000000e+00 1.185961927883747258e+01 5.728215390799264424e+04 0.000000000000000000e+00
4.619058187675534100e+03 1.005309744950860384e+01 0.000000000000000000e+00 1.161515843093441092e+01 5.613505098777521926e+04 0.000000000000000000e+00
4.881256055436723727e+03 1.005662285175209192e+01 0.000000000000000000e+00 1.194364368188815284e+01 5.631820699518696347e+04 0.000000000000000000e+00
5.078133346908490239e+03 1.041350127145946303e+01 0.000000000000000000e+00 1.187286686593243523e+01 5.978428629670402006e+04 0.000000000000000000e+00
4.730627877088617424e+03 1.021959521127244130e+01 0.000000000000000000e+00 1.205553719941758928e+01 5.578608283589559869e+04 0.000000000000000000e+00
5.159835947054451026e+03 1.016455690635433307e+01 0.000000000000000000e+00 1.221330893889489211e+01 5.625490954904702812e+04 0.000000000000000000e+00
5.177431928784772026e+03 1.062798490015998709e+01 0.000000000000000000e+00 1.224037305000081233e+01 5.812022104474397202e+04 0.000000000000000000e+00
4.959390561822266136e+03 1.145384631000572284e+01 3.553138913558485434e+00 1.336497254126247825e+01 4.364732741449873856e+02 8.369891569913393425e+01
5.034003192119477717e+03 1.104910690147235641e+01 3.497530425264889775e+00 1.221662549574649148e+01 4.552034684861278606e+02 8.291487558295770555e+01
5.212234346299572280e+03 1.101574070365962399e+01 3.499109397395275600e+00 1.226702064390580738e+01 4.439678883599236769e+02 8.663202531998925338e+01
5.411404452836324708e+03 1.064812095436448836e+01 3.559821328703804966e+00 1.317202509197728233e+01 4.450497938461869012e+02 8.918779572116038423e+01
5.395587701048449162e+03 1.120155394342104138e+01 3.512167654748115098e+00 1.278783451381803893e+01 4.319715227462692155e+02 8.406568261895726835e+01
5.486679337175636647e+03 1.118167949723695109e+01 3.724436794877903356e+00 1.273181562263878597e+01 4.366813019270998097e+02 8.147743731090764641e+01
5.691295641423609595e+03 1.087265409969166186e+01 3.784774118302026924e+00 1.301926326961424962e+01 4.436350420384453628e+02 8.153680642757984742e+01
5.955432823671803817e+03 1.146662862841187724e+01 3.453802297471451510e+00 1.282525168423939199e+01 4.172386587963310944e+02 8.165990712888093128e+01
5.992741191175291533e+03 1.103922849851314147e+01 3.702911014748010210e+00 1.262960473317422050e+01 4.221268970337159203e+02 8.577078124839265172e+01
5.947529539470029704e+03 1.165744811109233048e+01 3.795468661485827955e+00 1.346072042496542842e+01 4.141440558235281628e+02 8.917809931044932625e+01
6.206925205089885822e+03 1.157281501982764027e+01 3.615678690406499030e+00 1.244924881437505171e+01 4.505576435886438276e+02 8.906020399724199876e+01
6.471809642204310876e+03 1.180528214063874692e+01 3.671480646953191762e+00 1.243102556685082583e+01 4.213332664686529370e+02 8.637851367603957442e+01
6.550965457968894043e+03 1.181642733554812708e+01 3.621682291333248926e+00 1.277585604298389121e+01 4.441010783936894768e+02 8.182666859707180151e+01
6.409299945701884099e+03 1.116520375887624539e+01 3.784986769758723391e+00 1.358318464991912400e+01 4.474290636638637011e+02 8.708832987115236790e+01
