1.726722042797383505e+00 6.189632261633579269e+00 3.134842902589459079e+00 2.868136381971550630e+00 1.409291028464324654e+03 5.776324451420274499e+02
2.676653527126102361e+01 5.460694793620500143e+00 3.300562594341618805e+00 2.672273863862502541e+00 1.528890376791747258e+03 5.927631894285943872e+02
3.793171968999415355e+01 8.082608358624943534e+00 4.415205825756951086e+00 3.447650625298682492e+00 1.300924234572813248e+03 6.506777043315346418e+02
5.145488890312742569e+01 8.054949821865259096e+00 4.610752033029140939e+00 3.045789598984248503e+00 1.373350016985119964e+03 5.474232436728062794e+02
1.060911057722905468e+02 8.550662768212371034e+00 4.121627858342975514e+00 3.581599536588445876e+00 2.084659651751661897e+02 8.711640787915325745e+01
1.224663189538953816e+02 8.355641381717139993e+00 4.497730999481566627e+00 3.276583850407237097e+00 2.110472548163255908e+02 7.393066089166642030e+01
1.789604467967166102e+02 8.479637320951146862e+00 5.015000817807342415e+00 3.464407318794725299e+00 3.481460065838557512e+02 7.649739573103565249e+01
2.196425736937618751e+02 8.657656961799931494e+00 4.227195821017331490e+00 3.355746937428484067e+00 3.634103095640503511e+02 1.491058134444241716e+02
2.411160912774054736e+02 7.836330037618425060e+00 4.287719326007692011e+00 3.668480874258071012e+00 3.681188813054608886e+02 1.457346797019730218e+02
4.098500026204663413e+02 8.101148703603383794e+00 5.132258616239538718e+00 3.945632026068851772e+00 3.934485857852769186e+02 1.337394915716632511e+02
4.349580594049947990e+02 9.428449615808469630e+00 5.287930097399317297e+00 3.326126288537411657e+00 3.509250437889155023e+02 1.319090470777647681e+02
5.487528962384440092e+02 1.014930072765431035e+01 5.013088351790315755e+00 3.994732930245215474e+00 3.708271149570949774e+02 1.503870909216291807e+02
4.961148781665453953e+02 1.111427581052095803e+01 5.805364152591261373e+00 3.766885686336369332e+00 3.869598208431100943e+02 1.484152951884056506e+02
7.792066974617483766e+02 1.124704101204966200e+01 6.334363411091034735e+00 4.173085628797371882e+00 7.935940246167027681e+02 2.988304416300555886e+02
7.990452463918841204e+02 1.013883428041652834e+01 6.362311423662943888e+00 4.219351976090096379e+00 7.879849481282547004e+02 3.297826404682274415e+02
8.249404786549845312e+02 1.222932138117989176e+01 6.707542530755424615e+00 5.009137393460725285e+00 7.432334836988172810e+02 3.037862801008308224e+02
1.120820431701584312e+03 1.097536164541401504e+01 6.853523976109075377e+00 4.416534991082825101e+00 7.030373393369117139e+02 3.259069963657040603e+02
9.509344437636578959e+02 1.092880976423216666e+01 6.831008707368711796e+00 4.369985890135271944e+00 7.461085074347361115e+02 3.213931825417577102e+02
1.120051039354822478e+03 1.155681161870689877e+01 6.361431108847813043e+00 4.795764527116266329e+00 6.997523243005853146e+02 3.110720722673527803e+02
1.296156479262634548e+03 1.101132912871493374e+01 5.919931922540665248e+00 4.505932905521723875e+00 7.557426871603101972e+02 2.887961022753715383e+02
1.292379365516831513e+03 1.193049900393691054e+01 7.087803985537124873e+00 5.043419525467102815e+00 6.941107505910820237e+02 2.924391070163559903e+02
1.469850261350468827e+03 1.131117444556295659e+01 6.599293062004590205e+00 5.234334274233190420e+00 7.207274267776475654e+02 3.389668053391915805e+02
1.840567946664322335e+03 1.310640456783215235e+01 7.470312827626191421e+00 5.137092191823143139e+00 7.438376543943343222e+02 3.101509540376384280e+02
1.793478523099319318e+03 1.220265630378906785e+01 6.333544815838356712e+00 5.160601703210473623e+00 7.744283305776430097e+02 2.941924037590152352e+02
2.576559414045923859e+03 1.209224629544395491e+01 6.505958716077549830e+00 5.012878182575760455e+00 7.771264399936291056e+02 3.195726340378245709e+02
2.500547199007871313e+03 1.307017586096399597e+01 6.802933232075025316e+00 4.849638223906949541e+00 8.727875782837184033e+02 2.909816914585757104e+02
3.110191265836680941e+03 1.231683297553867718e+01 7.768578202330433946e+00 5.258633923549253630e+00 8.133362722919068801e+02 3.374612931720831170e+02
3.033443399003649120e+03 1.347970050802439879e+01 7.723725503087624844e+00 5.212209303119588633e+00 7.413637740154497351e+02 3.061960818042568917e+02
2.740807247773578183e+03 1.244528851582913376e+01 8.056135227330623039e+00 5.920815799709575167e+00 8.754053329038672473e+02 3.314828359343113107e+02
2.672954779293122556e+03 8.115535982937158721e+00 0.000000000000000000e+00 9.356959830027061997e+00 8.291113189685361249e+02 3.291717643055261533e+02
3.528883869543885339e+03 9.018524458285188672e+00 0.000000000000000000e+00 1.054466314253915904e+01 5.320368749217901495e+04 0.000000000000000000e+00
3.095246901941477972e+03 8.886406215592405289e+00 0.000000000000000000e+00 1.045879915294066187e+01 6.338847661540327681e+04 0.000000000000000000e+00
3.411188449963030507e+03 9.256989682885407689e+00 0.000000000000000000e+00 1.053984908866611114e+01 6.359482694933730090e+04 0.000000000000000000e+00
3.719709648215668494e+03 9.078387317880691754e+00 0.000000000000000000e+00 1.084720498460950999e+01 5.349481389858475450e+04 0.000000000000000000e+00
3.265709420184010469e+03 8.100820467813313996e+00 0.000000000000000000e+00 1.126581733451478762e+01 5.895054884336478426e+04 0.000000000000000000e+00
3.057689209187414690e+03 9.263612010172352029e+00 0.000000000000000000e+00 1.019777901606974169e+01 5.301592028605591622e+04 0.000000000000000000e+00
3.073298770419045013e+03 8.271127250778654627e+00 0.000000000000000000e+00 1.176138870868862263e+01 5.742529735965778673e+04 0.000000000000000000e+00
4.231104748749609826e+03 9.258083880681970967e+00 0.000000000000000000e+00 1.149514657809699969e+01 6.188897277400502207e+04 0.000000000000000000e+00
3.019890214218147776e+03 8.636857304393432244e+00 0.000000000000000000e+00 1.211194965853283456e+01 6.315676517060093465e+04 0.000000000000000000e+00
3.902333774630011249e+03 9.197665644523294048e+00 0.000000000000000000e+00 1.046958621739394246e+01 5.695232677892805077e+04 0.000000000000000000e+00
3.612925021368186208e+03 9.673756531464153596e+00 0.000000000000000000e+00 1.221783534270981875e+01 5.749698721050729364e+04 0.000000000000000000e+00
3.275254493358104355e+03 9.129649432929410224e+00 0.000000000000000000e+00 1.140595925402550392e+01 6.140647953504165343e+04 0.000000000000000000e+00
4.171364866850949511e+03 1.063235078479340068e+01 0.000000000000000000e+00 1.097884229885021412e+01 6.193729720136305696e+04 0.000000000000000000e+00
4.729545718593303718e+03 9.023206326878748129e+00 0.000000000000000000e+00 1.057256942332763749e+01 6.018347323509183479e+04 0.000000000000000000e+00
4.804495187636720402e+03 1.024036587214694016e+01 0.000000000000000000e+00 1.145900663325759794e+01 6.267252602020544873e+04 0.000000000000000000e+00
3.667785486802024479e+03 1.042335194037729451e+01 0.000000000000000000e+00 1.134558543466379810e+01 5.544888559354915924e+04 0.000000000000000000e+00
4.868959915878693209e+03 1.001127601413675805e+01 0.000000000000000000e+00 1.144154698207278287e+01 5.760638990949666913e+04 0.000000000000000000e+00
4.716097584640439891e+03 9.259187296828002900e+00 0.000000000000000000e+00 1.284705903379409797e+01 5.548673905592631490e+04 0.000000000000000000e+00
4.926295733527354969e+03 9.912627253250379411e+00 0.000000000000000000e+00 1.268265416942185198e+01 5.683303055313594086e+04 0.000000000000000000e+00
5.524595864720051395e+03 1.099324283917681022e+01 0.000000000000000000e+00 1.103860273216593768e+01 6.125043447070547700e+04 0.000000000000000000e+00
4.745847616872498293e+03 1.092975064745997926e+01 0.000000000000000000e+00 1.313733439309655715e+01 5.630752671334050683e+04 0.000000000000000000e+00
4.953511231583414883e+03 1.049851311153880928e+01 0.000000000000000000e+00 1.143785521665391514e+01 6.336002747237620497e+04 0.000000000000000000e+00
5.491475628694218358e+03 1.091063862209522028e+01 0.000000000000000000e+00 1.214346476382274886e+01 6.282533362841387134e+04 0.000000000000000000e+00
4.405940610183092758e+03 1.194851167552907256e+01 3.537073075411833578e+00 1.193671046779393663e+01 4.427422104740810482e+02 9.142472931456970286e+01
6.200750629597478110e+03 1.137674516068839203e+01 3.580299067895627019e+00 1.266860267499892245e+01 4.167158333904019401e+02 8.837872962976349811e+01
5.467055541189059113e+03 1.170295548867578184e+01 3.348172188337469102e+00 1.276808890344957881e+01 4.329129300174654986e+02 8.607840432396342578e+01
6.094268843818079404e+03 1.134648677336987710e+01 3.865542559965571723e+00 1.312829620775786488e+01 4.297424936554938881e+02 8.735788174837391296e+01
5.139986024476704188e+03 1.030641938398407120e+01 3.799793067673213898e+00 1.231340907482148772e+01 4.433153987862890517e+02 8.475891627083628066e+01
5.853280457098957413e+03 1.147298258130440907e+01 3.350114604971884624e+00 1.310316772204282998e+01 4.463814714468289253e+02 9.123404785987462162e+01
6.377859446305356869e+03 1.186164477264011374e+01 3.404785151343618033e+00 1.288285982481821179e+01 4.547907734979776251e+02 7.673069577823456200e+01
5.972293378064139688e+03 1.133134127595367957e+01 3.708557249069651895e+00 1.420577033827005842e+01 4.063348199121589346e+02 8.709789563823238723e+01
5.787355064711251543e+03 1.167516282842897724e+01 3.518029360382938453e+00 1.249136791803886481e+01 4.647837392553286122e+02 8.771763035921834728e+01
4.839623522732130368e+03 1.193759377598033389e+01 3.442913231818418129e+00 1.373879482053337675e+01 4.061249649636474714e+02 8.923734103370590276e+01
6.832307242966408921e+03 1.187898650367656472e+01 3.494333722066114589e+00 1.421667579001367621e+01 4.238267572441126276e+02 8.020594193915113124e+01
6.451960989296806474e+03 1.148910097245887130e+01 3.587796264430191506e+00 1.195879047696364950e+01 4.267802673505269127e+02 8.626964238063416701e+01
5.600511423991882111e+03 1.154220002107333443e+01 3.533867955851464071e+00 1.398102120706107954e+01 4.452428674535120763e+02 9.042185840905263206e+01
5.515120203008404133e+03 1.074077638307512572e+01 3.378334679086484549e+00 1.421927788866050513e+01 4.254404772056432762e+02 8.919250134295786836e+01
