2.000000000000000111e-01 3.310492106240934707e+00
1.000000000000000056e-01 3.424492106240935030e+00
5.000000000000000278e-02 3.700492106240934831e+00
3.333333333333333287e-02 3.844492106240934959e+00
2.000000000000000042e-02 4.044492106240935136e+00
1.250000000000000069e-02 4.186492106240934596e+00
1.000000000000000021e-02 4.222492106240935072e+00
6.666666666666667095e-03 4.298492106240934696e+00
5.000000000000000104e-03 4.410492106240934795e+00
4.000000000000000083e-03 4.554492106240934923e+00
3.333333333333333547e-03 4.712492106240935286e+00
