6.857337961092568879e-02 5.594674507642237060e+00 3.244903748336100513e+00 2.830778468051458940e+00 1.468205146589445121e+03 6.206536896118507229e+02
3.094437673674768874e+01 5.674746996824314493e+00 3.260947101777587065e+00 2.814912309782842126e+00 1.390107711538555122e+03 6.035991041985535048e+02
3.460193868941166073e+01 7.822365866522325462e+00 4.339472809883847759e+00 3.217941558115470446e+00 1.389913290217898975e+03 5.957990526353844416e+02
5.223922039439836595e+01 8.064635137173997492e+00 4.394442359976467927e+00 3.262390390523847827e+00 1.402328452423439785e+03 5.911716885983806833e+02
9.643846778964304178e+01 8.031082187133451455e+00 4.466841349641953229e+00 3.488367771618367641e+00 2.046712724024813781e+02 8.342449077057084139e+01
1.459747287515155563e+02 8.149832200022206763e+00 4.493774954559879298e+00 3.555068186948548092e+00 2.018494882287734526e+02 7.739486683267277556e+01
2.073130165707516142e+02 8.532225148752713650e+00 4.419825098474613689e+00 3.359665065305831533e+00 3.731332295048429728e+02 7.697409767315592433e+01
2.380504601352133136e+02 8.041405385565578712e+00 4.557184730222404667e+00 3.421331671478311964e+00 3.564344208059278571e+02 1.358944740161866775e+02
2.863058375005118705e+02 8.575314813967963801e+00 4.829862281912228106e+00 3.454850452401367011e+00 3.494869044288873852e+02 1.421509391716877815e+02
3.596263038782371382e+02 9.037325550719955913e+00 4.815686939034829805e+00 3.648556925969232534e+00 3.724340993813287923e+02 1.411437714029370056e+02
4.305807933560827792e+02 8.616770224345609464e+00 4.804323309462479763e+00 3.623186294017910036e+00 3.590064903876743756e+02 1.368171076225986269e+02
4.833403194499391589e+02 9.153772090264991945e+00 5.423457702687191961e+00 3.984857045337219628e+00 3.548069827287318390e+02 1.381580924663544181e+02
6.079687540020977394e+02 1.037123483432120352e+01 5.702965770608668272e+00 3.922425428151119497e+00 3.722654425447773860e+02 1.401079855241700898e+02
6.900399164679366777e+02 1.091582595446850767e+01 6.260149143734138555e+00 4.287117242639496340e+00 7.058144342746232951e+02 3.104527187991843675e+02
7.644054907951621090e+02 1.119316422494057228e+01 6.328217487984189482e+00 4.634254020250663686e+00 7.163256938880265352e+02 3.253808181115506954e+02
8.968284101302181170e+02 1.176440987207447009e+01 6.324426934766897546e+00 4.737150400689289498e+00 7.725773708894770380e+02 2.994946269809371415e+02
1.030109697576117014e+03 1.177461487546102781e+01 6.266829064783730807e+00 4.880932595599572821e+00 7.163605838781918465e+02 3.188381854800617248e+02
1.107937243785551573e+03 1.171274653225165530e+01 6.346350097439738214e+00 4.823278088793948370e+00 7.611773792478413725e+02 3.130435361345020056e+02
1.190932620727315225e+03 1.151043926659478878e+01 6.715516009922265717e+00 4.539434210330743902e+00 7.156313237965757708e+02 3.136435790033280000e+02
1.337748341781359841e+03 1.207458055092143567e+01 6.448385774617269028e+00 5.021862158847582691e+00 7.412886625612048874e+02 3.003817046078306134e+02
1.463450977182963925e+03 1.201152930294746923e+01 6.385692422124254364e+00 4.838816335259133794e+00 7.524402464657799783e+02 3.093852365792105843e+02
1.589132166655920628e+03 1.202584748677506354e+01 6.661449962606047492e+00 4.852400133981894292e+00 7.758640785520764211e+02 3.153659894235499905e+02
1.799506081908280748e+03 1.241393878154443087e+01 6.621283863529095370e+00 5.045626267030407064e+00 8.179182140164588191e+02 3.155457074396987309e+02
1.999330794963184417e+03 1.324779328517482213e+01 7.102084151818628399e+00 5.447562152740421659e+00 8.028461980494108730e+02 3.075292751202034651e+02
2.120750443441960670e+03 1.367930181847428628e+01 6.852130533918187716e+00 5.323595116317137332e+00 7.949696870831870683e+02 3.064636866626165670e+02
2.309156782278394530e+03 1.258792993955788653e+01 7.022902668114414659e+00 5.149379507034113068e+00 7.734083907881380355e+02 2.976156494674079340e+02
2.564895740361092521e+03 1.387497342787019150e+01 7.036246023278204476e+00 5.565653791409189033e+00 7.894115271037409229e+02 3.070713367100277651e+02
2.684803109813093215e+03 1.374672380028298591e+01 7.210952485558062897e+00 5.828597626540642729e+00 8.069283382443134087e+02 3.117388850265605811e+02
2.761068354069710495e+03 1.344514934850265320e+01 7.178235923569712185e+00 5.484598646457512494e+00 8.176927036319297031e+02 3.008091114085599997e+02
2.824927462590876530e+03 7.949290959354164521e+00 0.000000000000000000e+00 9.267941635584866944e+00 7.934243997584670751e+02 3.135824690289158525e+02
2.905404195668906141e+03 8.487429594907423436e+00 0.000000000000000000e+00 1.040578362729177186e+01 5.733852991010611731e+04 0.000000000000000000e+00
3.027894793282085629e+03 8.157266867176019787e+00 0.000000000000000000e+00 9.835540706223445895e+00 5.725976760428564012e+04 0.000000000000000000e+00
3.276908729379327724e+03 8.345358091063385331e+00 0.000000000000000000e+00 1.003202926569082720e+01 6.006961895741597982e+04 0.000000000000000000e+00
3.135536826346314228e+03 8.835474526244919247e+00 0.000000000000000000e+00 1.059179682276890766e+01 5.863869046524754958e+04 0.000000000000000000e+00
3.290449581922648576e+03 8.551030171649827594e+00 0.000000000000000000e+00 1.009048041940413398e+01 5.553378305833855848e+04 0.000000000000000000e+00
3.488215780611718856e+03 9.148423831631841807e+00 0.000000000000000000e+00 1.025175088959597147e+01 5.693826936657047190e+04 0.000000000000000000e+00
3.471879786532796970e+03 9.115409608488921123e+00 0.000000000000000000e+00 1.046778647440783239e+01 6.054382536004207213e+04 0.000000000000000000e+00
3.646463190065976050e+03 9.533797614581883906e+00 0.000000000000000000e+00 1.106972695380440364e+01 5.904515904195108305e+04 0.000000000000000000e+00
3.720265807705818588e+03 8.904363629129056434e+00 0.000000000000000000e+00 1.097790484713316772e+01 5.551670269948148780e+04 0.000000000000000000e+00
3.680466581452601986e+03 9.690677947113483626e+00 0.000000000000000000e+00 1.116178397140376255e+01 5.842221652816708956e+04 0.000000000000000000e+00
3.955165656586048954e+03 9.197569620606289575e+00 0.000000000000000000e+00 1.149260245247023882e+01 5.494620725585265609e+04 0.000000000000000000e+00
3.893709578177530148e+03 9.912164265134435936e+00 0.000000000000000000e+00 1.144410913857714540e+01 5.683681635301352799e+04 0.000000000000000000e+00
4.043190184545586362e+03 9.891714485340198593e+00 0.000000000000000000e+00 1.181832105864946669e+01 5.664762526247500500e+04 0.000000000000000000e+00
4.308932286677082629e+03 9.627707878358211957e+00 0.000000000000000000e+00 1.116928587820067520e+01 5.995101251964057883e+04 0.000000000000000000e+00
4.555561466260387533e+03 1.006457829417077576e+01 0.000000000000000000e+00 1.110396510992580055e+01 5.981495054249286477e+04 0.000000000000000000e+00
4.336627855349162019e+03 1.022487761365693082e+01 0.000000000000000000e+00 1.134312670168692172e+01 5.727678036981973855e+04 0.000000000000000000e+00
4.664835410241310456e+03 9.874752466758048186e+00 0.000000000000000000e+00 1.211956055129999932e+01 6.019672226584482269e+04 0.000000000000000000e+00
4.657817374827342064e+03 1.029624052714943971e+01 0.000000000000000000e+00 1.232322281532295349e+01 5.782481432066704292e+04 0.000000000000000000e+00
4.811939716306652372e+03 1.015292232293686503e+01 0.000000000000000000e+00 1.249197554617728656e+01 5.552721641386753618e+04 0.000000000000000000e+00
5.026997165551260878e+03 1.049273045951445660e+01 0.000000000000000000e+00 1.248397804343878015e+01 5.752127883367489267e+04 0.000000000000000000e+00
4.992521264404791509e+03 1.052158345449748467e+01 0.000000000000000000e+00 1.229297062060152257e+01 5.990730222204341408e+04 0.000000000000000000e+00
5.189760461437205777e+03 1.006903989297383006e+01 0.000000000000000000e+00 1.255384223429336288e+01 5.666628639269067935e+04 0.000000000000000000e+00
5.092415385000144852e+03 1.015994461891147260e+01 0.000000000000000000e+00 1.169261219642290506e+01 5.921642727862096945e+04 0.000000000000000000e+00
5.029053998519271772e+03 1.155138217487304431e+01 3.571346646623083210e+00 1.246333680249672682e+01 4.590874009718917250e+02 8.160690298181853564e+01
4.976649686997360732e+03 1.051499764533000203e+01 3.671150239372463542e+00 1.328382889560062097e+01 4.277937477730963565e+02 8.823096605369990186e+01
5.516257434283478688e+03 1.101779707436627298e+01 3.591666119585174677e+00 1.264020341385554502e+01 4.552934306907273481e+02 8.878755708215673792e+01
5.370274761190560639e+03 1.062495538940823003e+01 3.525771625020034605e+00 1.248714934745569671e+01 4.529312994939432429e+02 8.581192494559893191e+01
5.215432700607323568e+03 1.112065366778744746e+01 3.559107262231998803e+00 1.272271648277217437e+01 4.296090966704639413e+02 8.556651194970802976e+01
5.493702428622228581e+03 1.157196723515159142e+01 3.635636709217247020e+00 1.285038260300306057e+01 4.400895739699491287e+02 8.814273962685030028e+01
5.748835492645259365e+03 1.105737701326842526e+01 3.443090624750414719e+00 1.257657515928467440e+01 4.377725927249713891e+02 8.368678324729911822e+01
5.937370819106206909e+03 1.141730829480652609e+01 3.473340825134652476e+00 1.307903245645930390e+01 4.540299499499047897e+02 8.347190661355118380e+01
5.948550407358769007e+03 1.083011789323114193e+01 3.519237637690487475e+00 1.341161866282997828e+01 4.208712301310266639e+02 8.850303627125737194e+01
5.921691575875573108e+03 1.153712676286685301e+01 3.670853299574554196e+00 1.292639744813704716e+01 4.117327808096841864e+02 8.562762996507828461e+01
5.789847804005484250e+03 1.110694190692107419e+01 3.839183260050134106e+00 1.342249987415690171e+01 4.134559323778565840e+02 8.534247234642634794e+01
6.269973100867878202e+03 1.146625189552330859e+01 3.840051704647279074e+00 1.244327678911892043e+01 4.464412054057324895e+02 8.706175988586353753e+01
6.400044411399991077e+03 1.115234323401384486e+01 3.800290717807431662e+00 1.365680046763905331e+01 4.393427689430952228e+02 8.861837850868748490e+01
6.104967767630423623e+03 1.176632792193184152e+01 3.846901988346242973e+00 1.310264470029801842e+01 4.405274933381587061e+02 8.122270916683720543e+01
