-4.249089094662901189e-01 5.522553764109599861e+00 3.512946041267365871e+00 2.698111663222177548e+00 1.427140694824045340e+03 5.971537855852807297e+02
3.392096082478220609e+01 6.042272208554596347e+00 3.343434920389546150e+00 2.874677158339751681e+00 1.463261042645311591e+03 5.830049139708158918e+02
3.422457613886135874e+01 7.691116701293334579e+00 4.474214512790480214e+00 3.338215463216793299e+00 1.392333684464083717e+03 5.893839754912949047e+02
5.082838159711533166e+01 8.139623429914657038e+00 4.395736973972291572e+00 3.186777881768289689e+00 1.372371060430818261e+03 5.922258664973734312e+02
1.051956634936547204e+02 8.333526496068040856e+00 4.398721474642487195e+00 3.516548473153075172e+00 2.039727480995992437e+02 8.231353435547472941e+01
1.421753759060325137e+02 7.700116391576275809e+00 4.634781830946875125e+00 3.538273358412542535e+00 2.069090339229786082e+02 8.163767196725933672e+01
2.097216922195690074e+02 7.987669738616521187e+00 4.585511957377746306e+00 3.527466708294865416e+00 3.604291921050264591e+02 8.233987699343211375e+01
2.597364449466806491e+02 8.015185873424057306e+00 4.670335584321660072e+00 3.658143341266751669e+00 3.734027588225177396e+02 1.416109463385635365e+02
3.149969323410732045e+02 8.186299200052234326e+00 4.841530366195793356e+00 3.601461868926815413e+00 3.595414497120327155e+02 1.448190749476341068e+02
3.346773667884619385e+02 8.765009475041974696e+00 4.683586489942470621e+00 3.503410353972626012e+00 3.624917973853626449e+02 1.482203127294341982e+02
4.289764368570641864e+02 9.383003154304219606e+00 4.759541660763896509e+00 3.744582395157346699e+00 3.729135565671886070e+02 1.388900092584134711e+02
4.879291673039330135e+02 9.957970339346182698e+00 5.506113484731740115e+00 4.028983510055127226e+00 3.621074613344399040e+02 1.384334960017337437e+02
6.147533818590812871e+02 1.032092647920253548e+01 5.834101028310096027e+00 4.279421173846134074e+00 3.612133451877941184e+02 1.497288233012604053e+02
7.031710699278401080e+02 1.097028149318127355e+01 5.944167187917283712e+00 4.174921414074613146e+00 7.485819835235541859e+02 3.037828526172111197e+02
8.186216357852915735e+02 1.120047890967424387e+01 5.878072536806909554e+00 4.456454039568638947e+00 7.451458626310136424e+02 3.184547551013098996e+02
9.209868782807607204e+02 1.138466609631331039e+01 6.452639575611277323e+00 4.474645365602919256e+00 7.485691753429090340e+02 3.078383234786211915e+02
1.041392260915458110e+03 1.186718194371241886e+01 6.071013336435781227e+00 4.837101987918737578e+00 7.767778232090427082e+02 3.024717347295899117e+02
1.122414697859593616e+03 1.186059111797050036e+01 6.626256106594630602e+00 4.760176086703030052e+00 7.300975741525955982e+02 2.988651599282646885e+02
1.184285831756202015e+03 1.128868859366590094e+01 6.677084504924653885e+00 4.799264503415137106e+00 7.453373354275787506e+02 3.138390041201587906e+02
1.311676948682164948e+03 1.206526513238906695e+01 6.604455323304265768e+00 5.055985683642579609e+00 7.350033969414740795e+02 2.995316920550587838e+02
1.438453819003445460e+03 1.156022816866584790e+01 6.440790571856600089e+00 4.672381700551670569e+00 7.593751666722370146e+02 3.197540682928132583e+02
1.605435570299541951e+03 1.185070794217868162e+01 6.482456209172675621e+00 5.137154309667753438e+00 7.664497364809390092e+02 2.967270412156740349e+02
1.771148990592832888e+03 1.314356216352199702e+01 6.622641856547375028e+00 5.337271373121008189e+00 7.859725757861582451e+02 3.060865631875606709e+02
1.966985846067055490e+03 1.304330886285385205e+01 6.952539788378194530e+00 5.359775499159929346e+00 7.711222985185125935e+02 2.996043019174197752e+02
2.253474437058568128e+03 1.343441644961573012e+01 6.746715525008411873e+00 5.047874891936863229e+00 7.905328093930485238e+02 3.175361570050491196e+02
2.397803041563857278e+03 1.356682653191400156e+01 7.238488126083019836e+00 5.163479421228601041e+00 7.651687239825716915e+02 3.204782290378501557e+02
2.696148826825581637e+03 1.368522454082325268e+01 6.907651281809645383e+00 5.466535381775685210e+00 8.111727957789699985e+02 3.129633890898381310e+02
2.726839519658199151e+03 1.348871641930521292e+01 7.158584344240441766e+00 5.493470277452291661e+00 8.306882234244790197e+02 3.157666034160400841e+02
3.000744309120666912e+03 1.352558719362062511e+01 7.453082970836667265e+00 5.566945871492738895e+00 8.344043303120545261e+02 3.071024558525351722e+02
2.982117621039637925e+03 7.887645729389123339e+00 0.000000000000000000e+00 9.591911995576777983e+00 8.104576233495949964e+02 3.081838904475157506e+02
3.006611165146608982e+03 8.196326269848110968e+00 0.000000000000000000e+00 9.534143790342726632e+00 5.610535142113186157e+04 0.000000000000000000e+00
3.180091990182330392e+03 8.521554081555816396e+00 0.000000000000000000e+00 1.013008801279370807e+01 5.711701929773030861e+04 0.000000000000000000e+00
3.239590190224746038e+03 8.856841951420184600e+00 0.000000000000000000e+00 1.028893779816839960e+01 5.895276217318817362e+04 0.000000000000000000e+00
3.191117436935740898e+03 8.434308671844108929e+00 0.000000000000000000e+00 1.012022950086404727e+01 5.851098958432833024e+04 0.000000000000000000e+00
3.383235385568254969e+03 8.817168674849735766e+00 0.000000000000000000e+00 1.080466218680197876e+01 5.547297705291143939e+04 0.000000000000000000e+00
3.567492675964744649e+03 9.295534268023168067e+00 0.000000000000000000e+00 1.069322661841876965e+01 5.862548385894540115e+04 0.000000000000000000e+00
3.659576283024087843e+03 8.634350219331222931e+00 0.000000000000000000e+00 1.071126963771233775e+01 5.868915002623684995e+04 0.000000000000000000e+00
3.573397251041250001e+03 9.243372608035537397e+00 0.000000000000000000e+00 1.080294099943548680e+01 5.881377281125201262e+04 0.000000000000000000e+00
3.794729295878131779e+03 9.008076542345948567e+00 0.000000000000000000e+00 1.120165803832643370e+01 6.022071164933092223e+04 0.000000000000000000e+00
4.054174109856337054e+03 9.122770358214790321e+00 0.000000000000000000e+00 1.140928952908317129e+01 5.799070817863086995e+04 0.000000000000000000e+00
3.820713454669740258e+03 9.623294629138364087e+00 0.000000000000000000e+00 1.172090927919977688e+01 5.940267388410661079e+04 0.000000000000000000e+00
4.127163388104470869e+03 9.395851763041157767e+00 0.000000000000000000e+00 1.118882033587081537e+01 6.058454729207553464e+04 0.000000000000000000e+00
4.029636174166997080e+03 9.660157740766278422e+00 0.000000000000000000e+00 1.122267236087404818e+01 5.938042762184143794e+04 0.000000000000000000e+00
4.405655950701330767e+03 9.973014279043466601e+00 0.000000000000000000e+00 1.143739198623259590e+01 5.774536472350434633e+04 0.000000000000000000e+00
4.418075039836108772e+03 1.010024111892521326e+01 0.000000000000000000e+00 1.222933774760576142e+01 5.867573063875295338e+04 0.000000000000000000e+00
4.247062748670777182e+03 9.692195840718124344e+00 0.000000000000000000e+00 1.211923034667979948e+01 6.054251248621351988e+04 0.000000000000000000e+00
4.616681384830060779e+03 9.568826426163314025e+00 0.000000000000000000e+00 1.157989524123445157e+01 5.795509146358325233e+04 0.000000000000000000e+00
4.685101055309344702e+03 1.036303232009502828e+01 0.000000000000000000e+00 1.142377741306526673e+01 5.849881793745939649e+04 0.000000000000000000e+00
4.904782357592803237e+03 9.727923496418666716e+00 0.000000000000000000e+00 1.214372165059791264e+01 5.773232128131604986e+04 0.000000000000000000e+00
4.974224328227097430e+03 1.030106850824054199e+01 0.000000000000000000e+00 1.189916612829618003e+01 5.851788086370516248e+04 0.000000000000000000e+00
5.195651579982752992e+03 1.065616689930809358e+01 0.000000000000000000e+00 1.183259376874097768e+01 6.023712219061917131e+04 0.000000000000000000e+00
5.029912519826131756e+03 1.007424704188957065e+01 0.000000000000000000e+00 1.209749990385160423e+01 5.704824940972246986e+04 0.000000000000000000e+00
5.057749414492333926e+03 1.027919726608340056e+01 0.000000000000000000e+00 1.191795155917188076e+01 5.897832829192378267e+04 0.000000000000000000e+00
5.306046789152577730e+03 1.072211434201998337e+01 3.380799992858533276e+00 1.244706867918400128e+01 4.265014332456599391e+02 8.342599792405557935e+01
5.080907504363272892e+03 1.096601171648616990e+01 3.681499809004386670e+00 1.314791517104477236e+01 4.392843985231883721e+02 8.579213749399262667e+01
5.108337609006983257e+03 1.106870074577014940e+01 3.549787177619302181e+00 1.321348149052246512e+01 4.317684451503970990e+02 8.919067725016428483e+01
5.439492190063074304e+03 1.058212073765688466e+01 3.383253711009690967e+00 1.320823144106669922e+01 4.184094633676747890e+02 8.157830852043205994e+01
5.579618527065982562e+03 1.155652779730084312e+01 3.755065046007103113e+00 1.326248302739715790e+01 4.580582480336361755e+02 8.626412706124187935e+01
5.340014559648868271e+03 1.145196214184713490e+01 3.721422891431664048e+00 1.276777410744871766e+01 4.187252387059800753e+02 8.499693039080857204e+01
5.838395509446602773e+03 1.110077404700067660e+01 3.601642519088879890e+00 1.304228558907858471e+01 4.414061015111039410e+02 8.727166052723210043e+01
5.996804074758388197e+03 1.089247887833760942e+01 3.595704173601659281e+00 1.349284623470562927e+01 4.500250482799730207e+02 8.813030656444038868e+01
5.613688640816891166e+03 1.078078622853566770e+01 3.687083815505910689e+00 1.283322605443727404e+01 4.131024948702802249e+02 8.497787450478735138e+01
6.184199831020619058e+03 1.077376926314031103e+01 3.505073582454749204e+00 1.302159311266055930e+01 4.436117546062081942e+02 8.746858292738407670e+01
6.134980017686072642e+03 1.100227817075395897e+01 3.550679599222257732e+00 1.346542903506568223e+01 4.323967069026286367e+02 8.153264543228564776e+01
6.478549518289863045e+03 1.073356557046118454e+01 3.609022205086908741e+00 1.303002144914463045e+01 4.357239915061563238e+02 8.889644081311115542e+01
6.177106785134150414e+03 1.177329196957288282e+01 3.692268773266683901e+00 1.347885249946251385e+01 4.225277758424867898e+02 8.384754158224852461e+01
6.590917444074962077e+03 1.149031715118398367e+01 3.584978178767590062e+00 1.313973207551805444e+01 4.391893406664344752e+02 8.371425377851103633e+01
