5.739979147426210737e-02 5.950171866177225155e+00 3.464991496141792915e+00 2.831806553396011950e+00 1.464450470589038559e+03 5.835715330538814669e+02
3.116101769999926674e+01 5.922070518181721255e+00 3.503737497242730203e+00 2.785810748984530516e+00 1.444276087002994245e+03 6.239409603059945084e+02
3.463641965351425966e+01 7.989271976606535652e+00 4.218690850876751774e+00 3.332055454678578332e+00 1.436441208816068183e+03 6.007300662878143385e+02
4.749149941350665927e+01 7.908105551217501805e+00 4.190792578136337987e+00 3.390207208398384076e+00 1.464313036535241054e+03 5.918211639373917023e+02
1.041950887854435734e+02 7.713464075442593604e+00 4.302109187697341852e+00 3.350648547897344454e+00 2.008476244372805866e+02 7.657056341346221018e+01
1.521075024526999755e+02 8.336839180312637154e+00 4.429371433381171563e+00 3.262486982750771869e+00 1.978054040975613646e+02 8.180948961847778378e+01
2.049491822519450182e+02 8.478191716363134844e+00 4.674673932096657047e+00 3.367884454819437767e+00 3.502136575761136896e+02 8.348489845111245700e+01
2.573456530881754816e+02 8.287870475149265559e+00 4.587968404570109904e+00 3.469881554871076634e+00 3.731253511251272812e+02 1.365181400413190431e+02
2.976643735423338626e+02 8.186955058012491904e+00 4.690938195436947566e+00 3.469646590659956509e+00 3.472393729908670252e+02 1.403651038806822839e+02
3.544048164139689447e+02 8.912157840479522974e+00 4.908702792634328738e+00 3.571199088122357868e+00 3.504096323776790314e+02 1.368520671648861082e+02
4.237856511625867029e+02 8.588718721638404219e+00 5.110978538444212127e+00 3.564672638738091592e+00 3.614034127997076098e+02 1.462217847840735203e+02
4.991033289424102009e+02 9.632788791407811857e+00 5.158882950014954005e+00 4.042772035988766888e+00 3.725880076232301690e+02 1.493747569541075393e+02
6.226723336580987507e+02 1.018978657224106499e+01 5.597116581271182945e+00 4.118736637404911249e+00 3.762576152953975566e+02 1.486245776144216961e+02
6.887397220537260409e+02 1.068910477246016910e+01 5.913598182746917509e+00 4.207341169143765214e+00 7.611037836613056697e+02 3.231265046280258844e+02
7.607034022572150889e+02 1.115030509610976139e+01 6.181077990014784085e+00 4.679929736956150776e+00 7.269937741834278313e+02 3.100022406264539541e+02
9.169909333405119014e+02 1.161000145257332150e+01 6.270945139105424282e+00 4.504462030521921179e+00 7.073300371769754520e+02 2.982943505513023865e+02
9.850624045481074518e+02 1.127722208071610943e+01 6.533222967720130114e+00 4.777874997923038158e+00 7.404665235591188548e+02 3.199677207405670174e+02
1.080520898506619005e+03 1.188681010590043563e+01 6.687514872368316432e+00 4.708471165270792014e+00 7.751437782418923916e+02 3.079554362122210591e+02
1.206315167932160875e+03 1.211499516894223305e+01 6.820222433601727197e+00 4.799898248532739942e+00 7.103982423962241910e+02 3.135247511051996980e+02
1.243385664087862779e+03 1.188260037183708739e+01 6.576151442938447111e+00 4.983390372043016825e+00 7.638420686529046861e+02 2.994450806788692034e+02
1.442807772750997856e+03 1.158277376400617520e+01 6.457129001644514865e+00 5.089505458047973718e+00 7.451817485087049135e+02 3.187040430776420408e+02
1.634009422270716414e+03 1.247766836685526215e+01 6.689776806505721929e+00 4.878328220964331940e+00 7.126653199728308437e+02 3.086062274209024849e+02
1.889411301567319470e+03 1.271206217933505300e+01 6.689075216685015590e+00 5.189326802006689832e+00 7.687856092638603513e+02 3.138658446913934199e+02
1.954513871744348080e+03 1.232580929438224615e+01 6.631235922339157263e+00 5.015213933038221050e+00 8.183490637742270337e+02 3.111892072702755740e+02
2.263354469184273057e+03 1.360968332796984015e+01 7.194813361209928537e+00 5.442412387307371979e+00 8.107992201561283991e+02 3.171665480181833914e+02
2.361108453614891005e+03 1.351777168576001564e+01 7.201775170510850366e+00 5.440227069328908094e+00 8.226061643735757798e+02 2.977328942392447857e+02
2.719087173450785485e+03 1.384117982935435442e+01 6.813224550030536619e+00 5.522167063855858871e+00 7.621194115747441629e+02 3.241800871052781758e+02
2.685807089677194199e+03 1.338512822946433722e+01 7.403917011095150436e+00 5.450579414577520154e+00 7.748106237811664414e+02 3.007490208606806732e+02
2.914701348238736500e+03 1.380989108154758327e+01 7.498154934527956783e+00 5.672200392400780444e+00 7.653460792449920973e+02 3.049182640927540433e+02
3.027994594863205293e+03 8.158477249096923956e+00 0.000000000000000000e+00 9.741239783580390110e+00 7.857079218600204058e+02 3.081565368377400205e+02
2.988623621980205826e+03 8.374426573825704878e+00 0.000000000000000000e+00 9.856802634643626604e+00 5.956696895677223074e+04 0.000000000000000000e+00
3.077877964861351757e+03 8.187182440368243164e+00 0.000000000000000000e+00 1.018265054153508409e+01 5.786495188021670765e+04 0.000000000000000000e+00
3.213374152329839944e+03 8.217373638811523051e+00 0.000000000000000000e+00 1.020259438284502274e+01 5.923648354437844682e+04 0.000000000000000000e+00
3.313227201786239220e+03 8.835453927105515248e+00 0.000000000000000000e+00 1.094193445305429435e+01 5.607327929375129315e+04 0.000000000000000000e+00
3.267212475399287996e+03 8.376738459260893777e+00 0.000000000000000000e+00 1.015367828077124379e+01 5.640492398474262882e+04 0.000000000000000000e+00
3.549946628698143741e+03 9.119762316166331928e+00 0.000000000000000000e+00 1.126123659654446918e+01 5.963486305386442109e+04 0.000000000000000000e+00
3.667422240872959719e+03 9.106510051541439665e+00 0.000000000000000000e+00 1.101284695795587609e+01 5.976342359414979728e+04 0.000000000000000000e+00
3.657951831668297018e+03 9.288111148540064477e+00 0.000000000000000000e+00 1.139937214077448324e+01 5.849097882490322809e+04 0.000000000000000000e+00
3.591903605223384147e+03 8.874019307908632470e+00 0.000000000000000000e+00 1.090253411475148759e+01 5.558358020872608904e+04 0.000000000000000000e+00
3.718143256062771343e+03 9.427331645536661142e+00 0.000000000000000000e+00 1.113812371956664293e+01 5.643874407616985263e+04 0.000000000000000000e+00
3.894920740104344077e+03 9.597934359444712626e+00 0.000000000000000000e+00 1.170070453587872628e+01 5.552654305255760846e+04 0.000000000000000000e+00
4.119878040203127057e+03 9.470469537842603813e+00 0.000000000000000000e+00 1.094237168715286757e+01 5.849190135523041681e+04 0.000000000000000000e+00
4.007152692142045453e+03 9.565832533256831027e+00 0.000000000000000000e+00 1.155908767256606495e+01 5.971983357933493971e+04 0.000000000000000000e+00
4.303401011500887762e+03 1.018339211747186646e+01 0.000000000000000000e+00 1.189267493512279650e+01 5.614976766080244124e+04 0.000000000000000000e+00
4.294071150912973280e+03 1.025918359372521671e+01 0.000000000000000000e+00 1.113853821793333765e+01 5.747878102909844165e+04 0.000000000000000000e+00
4.407369815882514558e+03 9.634854583200977984e+00 0.000000000000000000e+00 1.168602601312720068e+01 5.493256659575094818e+04 0.000000000000000000e+00
4.386920191069660177e+03 1.032785230992290693e+01 0.000000000000000000e+00 1.138150552757329592e+01 5.792451476072008518e+04 0.000000000000000000e+00
4.449487966143235099e+03 9.724200835910295382e+00 0.000000000000000000e+00 1.131161966193907986e+01 5.640255913335662626e+04 0.000000000000000000e+00
4.587563413413316994e+03 1.039933425681726575e+01 0.000000000000000000e+00 1.230158134649873247e+01 5.938960290326875838e+04 0.000000000000000000e+00
4.766342206063009144e+03 9.952746527324615400e+00 0.000000000000000000e+00 1.197556895056127857e+01 5.648835246177176305e+04 0.000000000000000000e+00
4.747677601845958634e+03 1.021623346704949320e+01 0.000000000000000000e+00 1.240209092801748625e+01 5.544488845732733898e+04 0.000000000000000000e+00
4.896741461951269230e+03 1.030037300777718734e+01 0.000000000000000000e+00 1.234258830248377592e+01 5.789071165878056490e+04 0.000000000000000000e+00
5.030902556199978790e+03 1.052543362342123601e+01 0.000000000000000000e+00 1.259275467078402500e+01 5.536499701678099518e+04 0.000000000000000000e+00
5.180628701778524373e+03 1.096821142243947556e+01 3.637589011367502678e+00 1.313804988363193971e+01 4.390328753124234709e+02 8.813671583543030863e+01
5.064537384732064311e+03 1.066936762759600832e+01 3.429616078403781909e+00 1.335247339452034510e+01 4.266399307818326179e+02 8.143000852653364063e+01
5.514419207170978552e+03 1.083602177750585049e+01 3.449792978854455239e+00 1.318873537197924861e+01 4.248664663626351512e+02 8.591250887881206211e+01
5.617314738982604467e+03 1.076145964685200163e+01 3.428133103772363022e+00 1.321849696256560591e+01 4.610528552314119679e+02 8.297846656760970063e+01
5.252728824707383865e+03 1.074537822289531874e+01 3.754090205346953812e+00 1.333018891731066624e+01 4.595398572150407404e+02 8.209890277270818615e+01
5.755433495051236605e+03 1.131673742880451528e+01 3.511219311762575845e+00 1.309164077150284378e+01 4.165813253035018420e+02 8.427836263001523776e+01
5.507921392644688240e+03 1.170037711200805042e+01 3.671444808433072637e+00 1.272976022634999005e+01 4.150103181446266376e+02 8.903433957309374591e+01
5.787786009360121170e+03 1.085037441431960126e+01 3.545990042563218037e+00 1.344738920449489328e+01 4.215418429376743461e+02 8.734943729134728585e+01
5.846201681125153300e+03 1.127658838198096269e+01 3.595034537370153327e+00 1.364462468642386561e+01 4.203974109747285297e+02 8.801281191811926874e+01
5.765961111733549842e+03 1.148719943918897002e+01 3.599025507994363160e+00 1.297320173024118617e+01 4.188375564885664630e+02 8.188988470854880575e+01
5.779122215496397985e+03 1.136810919897742700e+01 3.662273838843053575e+00 1.283730070072351559e+01 4.298873247001934601e+02 8.597603801625571407e+01
6.115666917219396055e+03 1.178200229828021328e+01 3.617795384002557846e+00 1.345307150255814221e+01 4.325173682246436329e+02 8.850877631745717622e+01
6.425356800617114459e+03 1.162985532889827844e+01 3.849000561064343184e+00 1.335731120692208407e+01 4.332313673371164668e+02 8.745477917453695227e+01
6.371183503854733317e+03 1.138744771086315311e+01 3.606536511097119035e+00 1.261866921849640910e+01 4.326548168356814585e+02 8.707976803518447184e+01
