-6.574866865032913399e-02 5.911403735921189728e+00 3.381810437082191090e+00 2.793654258587545680e+00 1.423842636909611429e+03 5.945441652628062457e+02
3.289796351424078580e+01 5.699675852021750089e+00 3.234731636772122165e+00 2.664236898125361908e+00 1.463710001624653160e+03 5.866385900181658144e+02
3.348415204929656142e+01 7.664791484497879281e+00 4.440655007637162477e+00 3.295971197937496378e+00 1.410440233184394856e+03 5.739313854821650693e+02
5.297868900234405487e+01 7.860144116550424442e+00 4.227132474205934187e+00 3.214787387304251620e+00 1.394884943676009698e+03 6.155028786602417767e+02
1.040189645900135957e+02 7.989609281625105197e+00 4.612844685377526233e+00 3.538491980771702128e+00 2.064757539169920335e+02 7.862019865832704113e+01
1.501637428194440247e+02 7.920358959215870520e+00 4.643114102033915280e+00 3.517017376522449723e+00 1.999152958886427598e+02 8.157112210957572529e+01
1.956356896994387284e+02 8.072528301227080760e+00 4.540481289848235846e+00 3.354202711418878824e+00 3.654181217225735168e+02 8.140324466540668880e+01
2.582319340200871807e+02 8.475333219725182943e+00 4.720567036374927916e+00 3.533708021901854401e+00 3.609013501782142725e+02 1.399118346719315014e+02
3.066685726636415552e+02 8.235735723565426269e+00 4.811063208793166623e+00 3.540664994132901366e+00 3.651867121326989150e+02 1.450552512843151476e+02
3.500830382018866658e+02 8.993203979954341065e+00 4.909890736056321536e+00 3.636250716384469506e+00 3.643241625358551801e+02 1.369670384879502762e+02
4.013224368456032494e+02 9.148853480215734635e+00 5.151796107378333822e+00 3.671680231524757865e+00 3.523770346007318039e+02 1.497588020343143000e+02
5.080521837122400939e+02 9.300829870511176267e+00 5.293541522758721030e+00 3.674457159821465257e+00 3.676214968571226223e+02 1.385416536302387840e+02
5.866514389257035873e+02 1.026953718352284461e+01 5.701792765870533408e+00 4.193565081946008632e+00 3.600492978969864453e+02 1.446047053966616147e+02
6.764951708842406788e+02 1.070547364921712230e+01 6.039995614143129465e+00 4.196932826749459444e+00 7.350875823676282153e+02 3.104126607775974094e+02
7.737025211532287585e+02 1.122708879879232846e+01 5.838114702558680591e+00 4.345480034860128349e+00 7.241799888437510617e+02 3.149695592982761241e+02
8.709229388665789884e+02 1.078447779634466741e+01 6.517151052857117932e+00 4.423591161939853578e+00 7.449423624932173880e+02 3.152053119821307519e+02
9.904043481615973405e+02 1.099001374815506793e+01 6.356724484004297793e+00 4.736634208373279087e+00 7.537382643145044767e+02 3.058857617197664922e+02
1.113386621780482983e+03 1.101684617927619492e+01 6.546750072953029687e+00 4.821892764270021559e+00 7.244055680674200630e+02 3.102125081562838886e+02
1.196524370707933713e+03 1.201354406208849213e+01 6.582125463381057529e+00 4.802404318415922191e+00 7.336572137720982028e+02 2.986106104168482034e+02
1.356044011295591190e+03 1.152900204126183503e+01 6.828274647634436256e+00 4.677117391452060957e+00 7.091109905938136535e+02 3.068144459713191736e+02
1.416774992786117764e+03 1.177004380540104655e+01 6.638686863605988364e+00 4.940102181068584564e+00 7.268689283015625051e+02 3.182583683427119468e+02
1.530420014163742053e+03 1.189675141764063149e+01 6.560860749615793353e+00 4.745210923176784945e+00 7.735172225700318904e+02 3.082205818807940432e+02
1.876232089169985102e+03 1.301383384120832254e+01 6.808432908214395951e+00 4.966589601120684705e+00 8.200911479715715586e+02 3.250502292551171877e+02
1.947772304996582534e+03 1.234786239277803510e+01 7.092265076537549007e+00 4.983694790922674756e+00 8.381643902594782958e+02 3.228733793060100083e+02
2.269827125125220846e+03 1.312071024256827556e+01 6.832964606319427148e+00 5.208814408324413670e+00 7.625459794783354255e+02 3.221711336159934831e+02
2.258467850190555055e+03 1.267673999767540138e+01 6.850639899579313408e+00 5.164532449337827735e+00 7.823830802659571191e+02 3.041120737727381425e+02
2.645531874733284894e+03 1.381305682514071798e+01 7.024209020648479296e+00 5.223048817658189513e+00 7.771559854876458076e+02 3.218645477580823240e+02
2.612958538300854343e+03 1.366211637453582739e+01 7.223513815860731491e+00 5.524846916768693106e+00 8.092086894081817263e+02 3.243938951571856251e+02
2.814256341743730900e+03 1.358615506805768725e+01 7.621270615352888633e+00 5.887296603748583657e+00 7.918989666736154049e+02 3.275651112154952216e+02
2.810955455582169179e+03 8.329257292396119894e+00 0.000000000000000000e+00 9.504968994516096004e+00 8.389763803431202405e+02 3.100779848836968995e+02
2.871832213202419098e+03 8.357921008064199242e+00 0.000000000000000000e+00 1.016164033013963675e+01 5.922083818505933596e+04 0.000000000000000000e+00
3.198782103593046031e+03 7.993497378326031466e+00 0.000000000000000000e+00 1.028235510060531332e+01 5.893353861495189631e+04 0.000000000000000000e+00
3.244307166790463725e+03 8.562827997629055332e+00 0.000000000000000000e+00 1.080652671550246779e+01 5.555654312034622853e+04 0.000000000000000000e+00
3.258056792379277340e+03 8.929635357270097273e+00 0.000000000000000000e+00 1.085773528920018904e+01 5.906481080806714454e+04 0.000000000000000000e+00
3.535826895441126453e+03 9.225462190608855195e+00 0.000000000000000000e+00 1.086324026356273897e+01 5.506882150542933960e+04 0.000000000000000000e+00
3.330939418339497934e+03 8.578862655291830563e+00 0.000000000000000000e+00 1.118519616653896875e+01 5.654507206118722388e+04 0.000000000000000000e+00
3.439032512872491225e+03 8.998101832002783240e+00 0.000000000000000000e+00 1.064066045360564061e+01 5.831382420748417644e+04 0.000000000000000000e+00
3.663259283961327128e+03 9.547003896199262485e+00 0.000000000000000000e+00 1.147808953330391724e+01 5.797659166321544035e+04 0.000000000000000000e+00
3.674245749779584457e+03 9.054121842468870085e+00 0.000000000000000000e+00 1.079369932336711457e+01 5.944436868976548431e+04 0.000000000000000000e+00
3.926682879560479705e+03 9.777432065449783494e+00 0.000000000000000000e+00 1.101167236884601763e+01 5.880459746327617904e+04 0.000000000000000000e+00
3.937048113657975136e+03 9.481673041151390535e+00 0.000000000000000000e+00 1.170483220377765576e+01 5.503556934730599460e+04 0.000000000000000000e+00
3.952120306561847883e+03 9.838603032691993988e+00 0.000000000000000000e+00 1.088882993280713052e+01 5.710742379212751257e+04 0.000000000000000000e+00
4.153337799028990048e+03 9.949672889263727171e+00 0.000000000000000000e+00 1.129147415841975466e+01 5.513797519678260142e+04 0.000000000000000000e+00
4.474954054586339225e+03 9.292781630460005715e+00 0.000000000000000000e+00 1.113519131543868923e+01 5.940700144997891766e+04 0.000000000000000000e+00
4.433567649799439096e+03 9.552546125429952184e+00 0.000000000000000000e+00 1.185332075519736428e+01 5.781527879273417784e+04 0.000000000000000000e+00
4.426238523736222305e+03 9.516779401045321052e+00 0.000000000000000000e+00 1.133976347766221515e+01 6.049293769653973868e+04 0.000000000000000000e+00
4.400154308245244465e+03 9.579113578086319691e+00 0.000000000000000000e+00 1.228846126552067375e+01 5.570428919847446377e+04 0.000000000000000000e+00
4.903880696569923202e+03 9.708242980551940349e+00 0.000000000000000000e+00 1.225447310440658022e+01 5.948591327508839458e+04 0.000000000000000000e+00
4.804765170442406088e+03 1.046377675662901829e+01 0.000000000000000000e+00 1.137358169619812642e+01 5.644835257285882835e+04 0.000000000000000000e+00
4.723982699477637652e+03 1.066667464434963897e+01 0.000000000000000000e+00 1.148141681042610429e+01 5.678722891888999584e+04 0.000000000000000000e+00
4.882404494625185180e+03 1.057587367284167357e+01 0.000000000000000000e+00 1.231065134498392943e+01 5.812323518944156240e+04 0.000000000000000000e+00
4.847211716754381996e+03 1.029656151458119062e+01 0.000000000000000000e+00 1.242681893163899787e+01 5.887011967064992496e+04 0.000000000000000000e+00
5.215457828899531705e+03 1.032369342158234282e+01 0.000000000000000000e+00 1.230250594816156706e+01 5.961725811818528746e+04 0.000000000000000000e+00
5.285842727577928599e+03 1.062985176567265100e+01 3.608928431201126497e+00 1.334876002302192788e+01 4.509680313338083693e+02 8.458616894763564176e+01
4.923941722528623359e+03 1.120170129854805197e+01 3.506171504410728446e+00 1.293384163501214168e+01 4.243584382974952973e+02 8.854902780754923697e+01
5.095274433924131699e+03 1.156341078833085945e+01 3.657054674567220331e+00 1.330676438422691987e+01 4.477766725535138903e+02 8.082094754784539248e+01
5.472520307184285230e+03 1.147681660948787830e+01 3.432902342825204123e+00 1.270828124088983202e+01 4.569797259684305573e+02 8.220054147700332692e+01
5.333418108239186950e+03 1.086357954616336308e+01 3.468308117993037953e+00 1.351871585583791280e+01 4.318342192426021597e+02 8.193234429567215216e+01
5.828409161325069363e+03 1.157440992723977757e+01 3.687032631017113982e+00 1.246588373520371817e+01 4.241967746250044229e+02 8.766000486421714299e+01
5.711152611893296125e+03 1.158994459451225190e+01 3.544101694717960438e+00 1.342134445172893464e+01 4.437399242041315688e+02 8.641213670788978618e+01
5.740033667567648081e+03 1.103095122597818545e+01 3.655149383744694003e+00 1.312301975586665392e+01 4.204590144394966273e+02 8.921156459573472830e+01
6.066597674346103304e+03 1.103637779334230196e+01 3.559197132537777364e+00 1.292080692111048279e+01 4.328843375679952032e+02 8.823963968501986699e+01
5.794151696531629568e+03 1.121044183111399661e+01 3.712158112551680933e+00 1.270341850591689692e+01 4.190563164813696631e+02 8.661861428340974101e+01
5.812253497365376461e+03 1.117835271162706867e+01 3.775605431858617855e+00 1.247398915363312710e+01 4.173913792661317643e+02 8.795409938355037127e+01
5.962784437654368958e+03 1.086941673808769693e+01 3.822654705617149595e+00 1.247272240646938535e+01 4.119830903314465900e+02 8.394028324082722747e+01
5.988915614570469188e+03 1.147171101329965026e+01 3.525103997087955854e+00 1.305816389395432076e+01 4.304242545431622489e+02 8.848444500854832029e+01
6.101579195678069482e+03 1.112203907165809547e+01 3.733459519568639529e+00 1.266763210529797767e+01 4.306706405873234189e+02 8.193364767889045197e+01
