1.053667187087659052e-03 5.517604189435671103e+00 3.333675055081064098e+00 2.864973432442818879e+00 1.443912307786559040e+03 6.099547502718504575e+02
3.219888826659320813e+01 5.794797024280743614e+00 3.417240824076463568e+00 2.773542474375238598e+00 1.341449535698823865e+03 6.261123209282893640e+02
3.181917103126563617e+01 7.538413538172624939e+00 4.294426704690639696e+00 3.264262464280879517e+00 1.413176943760023505e+03 5.844245176716536889e+02
4.848426776080280831e+01 7.872177274075646380e+00 4.306320982801969066e+00 3.252445457956582686e+00 1.381809762833255263e+03 5.769950903290363158e+02
9.856340313597141289e+01 7.894576207855156902e+00 4.546568822139219535e+00 3.380182652261888965e+00 2.030743726489299661e+02 8.207574530669356250e+01
1.538505592028936633e+02 8.368779728107229587e+00 4.469203543279388846e+00 3.476807365465255373e+00 1.959854676945636811e+02 7.635373934513098959e+01
1.972338610969720776e+02 8.119631681936695600e+00 4.773062522548190856e+00 3.332851309646589932e+00 3.606498280867800190e+02 7.763204648694400589e+01
2.378574827283950981e+02 8.553609358780663641e+00 4.674468282965091426e+00 3.476774189989665143e+00 3.641793004876341797e+02 1.423132314733858266e+02
3.146384035245924338e+02 8.348350917955549733e+00 4.868781170284115944e+00 3.724437345199409943e+00 3.712616716687671783e+02 1.442940225929003759e+02
3.460073943821937519e+02 8.896414084443108550e+00 4.643377220847010989e+00 3.559941360989117065e+00 3.538344593273125156e+02 1.378207404664709088e+02
4.292481797911711965e+02 8.677869800600410244e+00 4.924113267640320757e+00 3.635424374228910516e+00 3.765490476719234607e+02 1.456921991398864407e+02
4.931691416202398273e+02 1.001637722475950021e+01 5.317264200507719529e+00 3.832307929777118982e+00 3.717045087943126873e+02 1.405982463897504715e+02
6.182326822694776638e+02 1.052059004524785379e+01 5.634573075632999029e+00 4.149833079201934005e+00 3.436731408663270031e+02 1.387042482729706023e+02
6.882165560302378253e+02 1.130751188906563698e+01 5.764198951325065323e+00 4.494917840516935215e+00 7.369585097758100574e+02 3.219990950220253580e+02
8.108563427749867287e+02 1.096114336537997502e+01 6.228902972816057648e+00 4.392679008699682086e+00 7.354035829925608141e+02 3.136966551984069724e+02
9.393555015992221797e+02 1.118438758840467351e+01 6.331981194979325878e+00 4.565953571804258537e+00 7.495354036022820310e+02 3.075108820143404955e+02
1.038006322911109464e+03 1.158310827835668810e+01 6.634992886612161911e+00 4.541656746290294144e+00 7.490939334381831713e+02 3.054062037399190217e+02
1.071575241333883241e+03 1.205746969256341039e+01 6.712537765609443596e+00 4.787418667986907295e+00 7.180610484288448561e+02 3.055709776463036178e+02
1.150505359424802009e+03 1.197008954113407952e+01 6.649561954538083519e+00 4.745786616925481205e+00 7.539178667325912784e+02 2.990647770282970441e+02
1.244573457456336428e+03 1.181901714592483010e+01 6.542398888720594385e+00 4.632662194391828692e+00 7.175526203426691154e+02 2.974913124285283743e+02
1.350885590074087304e+03 1.217506261728559558e+01 6.706418091497400980e+00 5.033998684009512559e+00 7.098582686462266338e+02 3.270684032936551944e+02
1.549651562497871737e+03 1.226304709493892098e+01 6.557415141354442589e+00 5.096028821332125425e+00 7.079935500083483930e+02 3.002054678690171272e+02
1.764618416925544125e+03 1.204636749193210754e+01 6.765962032114542168e+00 4.994493154334434415e+00 8.213050806239616577e+02 3.051022020888743214e+02
1.974547606650615990e+03 1.244657040779082635e+01 7.142790975572617107e+00 5.060721555338058231e+00 7.911464622902655037e+02 2.993421511148822560e+02
2.235099836279875944e+03 1.250076391514155105e+01 7.354135601946127920e+00 5.551401112621288547e+00 7.818515799671141622e+02 3.241966448795144515e+02
2.308107542658050534e+03 1.372621907105979844e+01 7.017927720446473394e+00 5.371771193395993294e+00 8.256203525713583531e+02 3.182075603608171264e+02
2.576700072576859839e+03 1.382551897885287140e+01 6.925512914467531367e+00 5.173648035394330158e+00 7.761736793460270292e+02 2.966301696682168085e+02
2.565664763575056895e+03 1.383854154090613520e+01 7.155020525190495029e+00 5.387600198793295547e+00 8.156721977853597991e+02 3.047460777367576270e+02
2.947190518148156571e+03 1.427790780293945616e+01 7.668237365786977122e+00 5.529782119188998202e+00 7.791255315159172596e+02 2.982069861234029418e+02
2.991774643385385843e+03 8.207098734826729469e+00 0.000000000000000000e+00 9.519443755890369729e+00 7.661572851801984143e+02 3.254633039895333582e+02
3.023060745572846827e+03 8.487610446759983773e+00 0.000000000000000000e+00 9.943394628093534138e+00 5.911885172681821132e+04 0.000000000000000000e+00
2.918525757331453406e+03 8.502127662355908555e+00 0.000000000000000000e+00 1.029533626726269446e+01 5.588461219277133932e+04 0.000000000000000000e+00
3.273189549809673281e+03 8.598242061283297488e+00 0.000000000000000000e+00 9.995808159052254283e+00 5.842585131386813009e+04 0.000000000000000000e+00
3.288176782357315460e+03 9.001722309067575978e+00 0.000000000000000000e+00 1.049176422423992072e+01 5.770108510917314561e+04 0.000000000000000000e+00
3.288518775034593546e+03 8.888135870428570229e+00 0.000000000000000000e+00 1.017728011916284458e+01 5.641707544355231221e+04 0.000000000000000000e+00
3.569497247579927716e+03 9.140176211249288585e+00 0.000000000000000000e+00 1.119102983568221354e+01 5.849022142735256784e+04 0.000000000000000000e+00
3.547652422680626387e+03 9.210507514876404400e+00 0.000000000000000000e+00 1.073252941866914512e+01 5.989137987127459201e+04 0.000000000000000000e+00
3.704808503487063717e+03 8.874120811782004736e+00 0.000000000000000000e+00 1.094613690731667255e+01 5.724592152787100349e+04 0.000000000000000000e+00
3.729986045805585945e+03 9.662908750778941069e+00 0.000000000000000000e+00 1.102027428481441262e+01 5.868733047104595607e+04 0.000000000000000000e+00
3.986888464600857333e+03 9.307146611258476199e+00 0.000000000000000000e+00 1.159081890627727240e+01 6.052039298988795053e+04 0.000000000000000000e+00
3.973240396061216416e+03 9.044492696820594091e+00 0.000000000000000000e+00 1.164886143118792283e+01 5.586160001238637778e+04 0.000000000000000000e+00
4.204060597889921155e+03 9.185097086404239164e+00 0.000000000000000000e+00 1.156670892381252536e+01 5.516894942138533224e+04 0.000000000000000000e+00
3.963768857848576772e+03 9.610379322662268464e+00 0.000000000000000000e+00 1.181419912288763818e+01 5.872070345062520209e+04 0.000000000000000000e+00
4.229551584437913334e+03 9.405226164249786081e+00 0.000000000000000000e+00 1.187110264976262819e+01 5.979112521782899421e+04 0.000000000000000000e+00
4.239409604535596372e+03 9.806020620043392810e+00 0.000000000000000000e+00 1.132321890455585844e+01 5.590067874986257812e+04 0.000000000000000000e+00
4.643430251725092603e+03 9.787708998730682453e+00 0.000000000000000000e+00 1.178819624415003098e+01 5.944507872789026442e+04 0.000000000000000000e+00
4.383254371332506707e+03 9.699185248733337872e+00 0.000000000000000000e+00 1.238731822312909969e+01 5.618560949094273383e+04 0.000000000000000000e+00
4.726796445867850707e+03 9.896823285918001645e+00 0.000000000000000000e+00 1.200528544974685019e+01 5.767859324617467064e+04 0.000000000000000000e+00
4.829542156581267591e+03 1.034825033546309747e+01 0.000000000000000000e+00 1.163648069832192000e+01 5.893599427581702184e+04 0.000000000000000000e+00
5.011778625059988372e+03 9.867896363265709070e+00 0.000000000000000000e+00 1.211427723796244216e+01 5.577866119527681440e+04 0.000000000000000000e+00
4.882342597172711976e+03 1.003663115439962894e+01 0.000000000000000000e+00 1.167829101778663237e+01 5.858012662844668375e+04 0.000000000000000000e+00
5.012478116687544571e+03 1.029525734581183372e+01 0.000000000000000000e+00 1.153367591400601633e+01 5.681970610261366528e+04 0.000000000000000000e+00
5.128304950705178271e+03 1.067824976914556423e+01 0.000000000000000000e+00 1.252369959147742584e+01 5.797131289750972064e+04 0.000000000000000000e+00
5.019783345092401760e+03 1.064474879451676692e+01 3.473030585435718187e+00 1.242330161799288391e+01 4.549307777601569569e+02 8.087135717865514550e+01
5.304318121540407446e+03 1.128847716626075481e+01 3.395982934404971232e+00 1.331760650294546977e+01 4.505893651876435797e+02 8.526543524925018858e+01
5.043797140117452727e+03 1.114161694457417617e+01 3.604071730909386151e+00 1.296510887609020202e+01 4.273026558991402908e+02 8.784849105797366065e+01
5.618508136493758684e+03 1.144176491723583311e+01 3.490018845139921666e+00 1.351389350487027663e+01 4.432230256733164993e+02 8.518213504210008580e+01
5.723342822488123602e+03 1.143315346924048015e+01 3.582494370961413210e+00 1.231285433199390411e+01 4.526650040233268442e+02 8.718416961892809525e+01
5.460305787782051993e+03 1.067773278931895931e+01 3.604071382326273998e+00 1.336754259939116452e+01 4.334781673730082048e+02 8.552993321072048616e+01
5.656376512269106570e+03 1.081889082685645675e+01 3.662443008923399912e+00 1.319559354277911645e+01 4.508952173009369631e+02 8.372531742347645434e+01
5.748113290353636330e+03 1.166449837779354404e+01 3.526103569524291714e+00 1.356340242965513632e+01 4.425379196051114263e+02 8.159578695619072164e+01
5.743544671540789750e+03 1.118692485669017778e+01 3.692319159694770647e+00 1.317757860025407446e+01 4.205231531187537257e+02 8.606418865451347244e+01
5.744699801638348617e+03 1.122261687763912263e+01 3.808653271502767890e+00 1.284367665493850730e+01 4.407987801714011198e+02 8.601525918785411307e+01
6.176882659365138352e+03 1.084927497844557642e+01 3.574844363347480680e+00 1.271254197892888271e+01 4.153417438887125854e+02 8.714845604881078600e+01
6.235865691719718598e+03 1.145237580278856271e+01 3.546402767794871291e+00 1.301403676251343455e+01 4.491926563488248689e+02 8.629076661936997539e+01
6.045739048252073189e+03 1.151324617347955837e+01 3.835225390049753269e+00 1.284192526303096749e+01 4.249327874562004581e+02 8.796897797290610299e+01
6.140618072264898728e+03 1.114958998390651956e+01 3.767026708278191638e+00 1.340208167978921594e+01 4.485114831180529222e+02 8.686760203955418547e+01
