1.017811982546459770e+00 5.532207322290441098e+00 3.296045002082284459e+00 2.821303550326311527e+00 1.297670854006810714e+03 6.526562132822150488e+02
2.594235827830235408e+01 5.539324552389733647e+00 3.511827648985987427e+00 2.768406446823753697e+00 1.433061355075631127e+03 5.958437526550299026e+02
2.737255788561522962e+01 7.305161733329452289e+00 4.362855286535847199e+00 3.622034099561906917e+00 1.311022320229211800e+03 6.406048293450062374e+02
4.703176962254873672e+01 7.089185534308752423e+00 4.556914806130749618e+00 3.600956292779481593e+00 1.443715342593501418e+03 5.636909139767782335e+02
7.880513074636274951e+01 7.332015592691020878e+00 4.589912111262928640e+00 3.705663138974462534e+00 1.906119832456072061e+02 8.580388117653424729e+01
1.749740305898621386e+02 8.039503278402158060e+00 4.968540456322632082e+00 3.172362780417793182e+00 2.013058834774441266e+02 8.111923177269589758e+01
1.936185319891041843e+02 8.617311222874409538e+00 4.256465686021562611e+00 3.563158097656237366e+00 3.637828477786625285e+02 7.357745840048819730e+01
2.988059678596838467e+02 8.371512001625644572e+00 4.480988048116083533e+00 3.442165090489459622e+00 3.401837634763260212e+02 1.361842647619441493e+02
2.567313758906164480e+02 7.746368535736118943e+00 4.622451108899021222e+00 3.515827123936692278e+00 3.601075253335987441e+02 1.435254960756281832e+02
3.488017808866025007e+02 9.201068445408440155e+00 4.859296805110376205e+00 3.831917106770539316e+00 3.618092391328190729e+02 1.556932014744117225e+02
3.354011769502945413e+02 9.010347327122858019e+00 5.083450048504661645e+00 3.930254855835879635e+00 3.306529572318793839e+02 1.507642565924656139e+02
5.467134222788192801e+02 9.324263579317126016e+00 5.155169190528407164e+00 3.823212629470238877e+00 3.840194737676817454e+02 1.480325795119576071e+02
6.835456154860388551e+02 1.035882045229186943e+01 5.528986702262033148e+00 4.043628506586287585e+00 3.240520365460046150e+02 1.305256126004609030e+02
5.350686738279754309e+02 1.143924252177298939e+01 5.600072443464142680e+00 4.422251780669114396e+00 7.907012913161870529e+02 2.904731190593865904e+02
6.530974250400970504e+02 1.161391643674410545e+01 6.302824352563601629e+00 4.581888566946632046e+00 7.028330548538259563e+02 3.086846763477897753e+02
8.240702968535457558e+02 1.142658224029939795e+01 5.948953907060998247e+00 4.492356914391288036e+00 8.135652199052260585e+02 3.282242840087117202e+02
1.189360968938328142e+03 1.250346498110802074e+01 6.311090845815593653e+00 4.391247702042270440e+00 6.976684861685895385e+02 3.112997012635885881e+02
8.810783926549823946e+02 1.095388216945530502e+01 6.996917662636546353e+00 4.300833477999030485e+00 7.530088067354402028e+02 3.228824066713880256e+02
1.361026023366632671e+03 1.202774075141794086e+01 6.888484818681007482e+00 5.191510879495935704e+00 6.905490234042259772e+02 3.047664115737891279e+02
1.493452292840830069e+03 1.301371671760965221e+01 5.928480368578184390e+00 5.298099267455254946e+00 8.008369115854849269e+02 3.132268746526635823e+02
1.173680693359061706e+03 1.082005919981582664e+01 7.234676639611880233e+00 4.728904942027617686e+00 7.860132212625615011e+02 2.810935550567381824e+02
1.324394312592313099e+03 1.282550329992715632e+01 6.807093008919992805e+00 4.846336223993103154e+00 7.938209512364363718e+02 3.412656900351991567e+02
1.649036193629095123e+03 1.131969858902396453e+01 6.643660703309588023e+00 4.664741151292308707e+00 8.286655200880696839e+02 3.398670528836641438e+02
2.379323660727108290e+03 1.220064226058653212e+01 6.529837231275499754e+00 5.686666674947445266e+00 8.459721917549604768e+02 3.039294445574256542e+02
2.589728177437987142e+03 1.293869181581212402e+01 7.145374752365229121e+00 5.108413832938323296e+00 7.635254937634838370e+02 3.285443158873609377e+02
1.900884409510240857e+03 1.390309522045534152e+01 7.216795705960102225e+00 5.435577344612467776e+00 7.430157315103245992e+02 3.290711683279880049e+02
2.873849590932902174e+03 1.327968472757924978e+01 7.637442656233265126e+00 5.883267553826163621e+00 7.917059091659737078e+02 3.225388037413718507e+02
2.376451964090078491e+03 1.249844791416058065e+01 6.608244929880403795e+00 5.057573500944713807e+00 8.144978778389053105e+02 3.084852913588131855e+02
3.335813639237046118e+03 1.244330548388826152e+01 7.925115564555452963e+00 6.239380769049427400e+00 8.311353147094747555e+02 3.384846293818045524e+02
2.370716711842383575e+03 8.797361163820776042e+00 0.000000000000000000e+00 9.336731037890924512e+00 8.168793211292463639e+02 2.964861270726187854e+02
2.801830976993606328e+03 8.249379756234086258e+00 0.000000000000000000e+00 1.067434781990905890e+01 6.166868951818899222e+04 0.000000000000000000e+00
2.492254887767686796e+03 8.784308168223876834e+00 0.000000000000000000e+00 1.076427300665963571e+01 5.930092905437011359e+04 0.000000000000000000e+00
3.395324593857696073e+03 7.729804672855719261e+00 0.000000000000000000e+00 1.086024676060531924e+01 5.493500806732019555e+04 0.000000000000000000e+00
3.406031003212677660e+03 7.892342000925524736e+00 0.000000000000000000e+00 1.141419964442334845e+01 6.265411242643000151e+04 0.000000000000000000e+00
2.977063390723898920e+03 9.363847562787151801e+00 0.000000000000000000e+00 9.855819481814117822e+00 6.343367038901204069e+04 0.000000000000000000e+00
3.469798893871009113e+03 9.778316758524217889e+00 0.000000000000000000e+00 1.097980682710387157e+01 6.129317914390007354e+04 0.000000000000000000e+00
3.011119395384595009e+03 8.571971851187235814e+00 0.000000000000000000e+00 1.136910735318681809e+01 6.188810544643257163e+04 0.000000000000000000e+00
3.875188690909226352e+03 9.203146918677358457e+00 0.000000000000000000e+00 1.177267782567140486e+01 5.435513335913616174e+04 0.000000000000000000e+00
4.306717133227968588e+03 8.707287487017019600e+00 0.000000000000000000e+00 1.078151609924298526e+01 5.692148128939532762e+04 0.000000000000000000e+00
4.503227985880408596e+03 9.131143278645348360e+00 0.000000000000000000e+00 1.146612211171850859e+01 6.162770739099582715e+04 0.000000000000000000e+00
4.670574664255571406e+03 9.120384487981413102e+00 0.000000000000000000e+00 1.074527904883255580e+01 6.312200601380694570e+04 0.000000000000000000e+00
3.690484980635605098e+03 8.732380297832619931e+00 0.000000000000000000e+00 1.050718779037780415e+01 5.791276101750251837e+04 0.000000000000000000e+00
4.910437666970357895e+03 1.034561820507152419e+01 0.000000000000000000e+00 1.121333537385564760e+01 6.169726156193298084e+04 0.000000000000000000e+00
4.276321234239883779e+03 8.894469191983606748e+00 0.000000000000000000e+00 1.042815179090829325e+01 5.709405894961930608e+04 0.000000000000000000e+00
4.907788775727130997e+03 1.038383019097167193e+01 0.000000000000000000e+00 1.149014310503150682e+01 5.587229657265778951e+04 0.000000000000000000e+00
4.153138344949958991e+03 9.760563795447618318e+00 0.000000000000000000e+00 1.257246374622385865e+01 5.843163267552425532e+04 0.000000000000000000e+00
5.259959890906391593e+03 1.060408036436517065e+01 0.000000000000000000e+00 1.140309319753715478e+01 6.034164149407351215e+04 0.000000000000000000e+00
4.552637399853816532e+03 9.301627697276195761e+00 0.000000000000000000e+00 1.218370104677750909e+01 5.633224605256702489e+04 0.000000000000000000e+00
5.346753418281507948e+03 1.106401082890693566e+01 0.000000000000000000e+00 1.303585168593468957e+01 6.062269906532470486e+04 0.000000000000000000e+00
5.264423858701502468e+03 9.819082504862578276e+00 0.000000000000000000e+00 1.142041853931796602e+01 5.714142191811450903e+04 0.000000000000000000e+00
4.626390749134176076e+03 9.766393423062005752e+00 0.000000000000000000e+00 1.110036670416619131e+01 6.241734982675195351e+04 0.000000000000000000e+00
4.882018651060141565e+03 1.055130432565814758e+01 0.000000000000000000e+00 1.222249198015538063e+01 5.325196301938605029e+04 0.000000000000000000e+00
5.491938627897701735e+03 1.033694434094686798e+01 0.000000000000000000e+00 1.181995476130289724e+01 5.546211162606610014e+04 0.000000000000000000e+00
5.650793007137164750e+03 1.020584458995656441e+01 3.537771682310272059e+00 1.277884903568785546e+01 4.194808452214393242e+02 8.722572504264773841e+01
4.619814483671672861e+03 1.178586563267938558e+01 3.706734489685662215e+00 1.395623147448324808e+01 4.672546412029005864e+02 7.768075383791349964e+01
4.952365970918394851e+03 1.157176179886663725e+01 3.497050867871615232e+00 1.323990133629972554e+01 4.650701489043553920e+02 8.797538713667194088e+01
6.163176410898571703e+03 1.148305257338658514e+01 3.604228002502020356e+00 1.221413120765100935e+01 4.763066876795678013e+02 8.062860426852155626e+01
4.376979587045471817e+03 1.109792593408676709e+01 3.499739826137101772e+00 1.414243500823477895e+01 4.154083728922354339e+02 8.317188606122577710e+01
4.477662575879567157e+03 1.143882322310216360e+01 3.870756505292835659e+00 1.277372758164852762e+01 3.957827172440374852e+02 8.829742965191442750e+01
4.633354126861859186e+03 1.087761872079299508e+01 3.303174723388402789e+00 1.317076773406434143e+01 4.562153636287408176e+02 8.493316294683044987e+01
4.979567395705874333e+03 1.043152634977520954e+01 3.275205115437177739e+00 1.245148166736819029e+01 4.063776562351125676e+02 7.762775866849450779e+01
5.460466536250231911e+03 1.156807609238562051e+01 3.575296089232208097e+00 1.264827320698182511e+01 4.350461589637848192e+02 8.995779922257595729e+01
5.101725494868396709e+03 1.121376068866760001e+01 3.542436115188247303e+00 1.177634783998928647e+01 4.407650343616273290e+02 8.429422363607095292e+01
5.321780170083923622e+03 1.162895178605971402e+01 3.420820783391789632e+00 1.253231228567633693e+01 4.202208360073605036e+02 8.026268586674552807e+01
5.751469594244625114e+03 1.071847217928556084e+01 3.507063223562757237e+00 1.343681618168139202e+01 4.550069262484474280e+02 9.069508724408917999e+01
7.361547004640508931e+03 1.052562601721383650e+01 3.936727491103180654e+00 1.254215559993011908e+01 4.333985942835039396e+02 9.248056188043469206e+01
6.515120001379144014e+03 1.124421997536718010e+01 3.551457952812818508e+00 1.380383070436784010e+01 3.997268900864415286e+02 8.901158112118055499e+01
