1.483262086985627226e-01 5.604943892772661584e+00 3.192329570279716311e+00 2.819767363550911732e+00 1.402321530413085384e+03 6.156745768627829420e+02
3.214565993276084299e+01 5.901366819002715758e+00 3.344020868464695706e+00 2.818648910261773111e+00 1.442121561857701408e+03 6.029870350697653976e+02
3.103886138478596735e+01 7.822665609628054462e+00 4.491987667703785547e+00 3.243716901688071363e+00 1.401784594529184460e+03 5.898669766771738523e+02
5.240690396010554508e+01 7.983292964178090756e+00 4.188346120292027130e+00 3.480227228938407968e+00 1.400681060606789288e+03 6.167476129713129467e+02
9.459714692799389013e+01 7.836286710146220358e+00 4.269084235267556870e+00 3.268365012018245697e+00 1.941799509312914438e+02 7.696010806011682348e+01
1.493528417798561065e+02 7.873052503100248067e+00 4.623624270694832283e+00 3.312655619733408052e+00 2.023446471404522526e+02 8.101998353177636147e+01
2.042122989414534970e+02 8.570123492659876163e+00 4.538029944242349067e+00 3.547511156486356843e+00 3.637083632499397368e+02 8.280184183269977893e+01
2.441516521318024502e+02 8.521825507351300288e+00 4.906831757790261150e+00 3.463445215931470145e+00 3.479342480643509248e+02 1.399934042533536740e+02
3.082712395905172684e+02 8.256944324269019475e+00 4.930793435288193471e+00 3.707982028361139104e+00 3.517321236360287458e+02 1.393772460826601787e+02
3.529032257387392519e+02 8.440120095428426339e+00 4.650934804070157469e+00 3.514116570945180040e+00 3.515847623111790199e+02 1.416108917837606498e+02
4.084501320745823705e+02 8.809703587441314099e+00 4.912507004757913798e+00 3.564363878907493621e+00 3.689256817653464395e+02 1.411044689117077269e+02
4.746401423919730860e+02 9.169127076892992889e+00 5.192943656974706279e+00 3.988752379388639024e+00 3.475038490121610266e+02 1.422782241986435281e+02
6.287552668248333703e+02 9.743313328465452727e+00 5.474197313580552837e+00 4.008125260801625345e+00 3.427313669115240486e+02 1.406518536166858269e+02
6.611703623600086530e+02 1.043711764900309724e+01 5.785412234917795438e+00 4.151303120001961666e+00 7.241241751586851478e+02 3.195641701512938084e+02
8.093157898301941486e+02 1.091693288458270672e+01 6.359592935637961908e+00 4.669298865124711817e+00 7.093483804943689393e+02 3.181531063228646303e+02
8.684718038825890289e+02 1.079367943269871866e+01 6.472641492721193046e+00 4.653344716868875963e+00 7.679005367340158728e+02 3.182410499437739304e+02
9.558559775700929322e+02 1.156082802671129350e+01 6.473703751616642244e+00 4.790364050328869361e+00 7.115308193961744792e+02 3.018039679036571101e+02
1.125339601537781618e+03 1.119640584350153212e+01 6.745175607764791970e+00 4.543643838786119105e+00 7.409601823178044242e+02 3.013618187688978196e+02
1.173595631637899714e+03 1.134367071441374897e+01 6.654796252244046251e+00 4.773630025355999784e+00 7.314069373472077586e+02 3.128506855044872736e+02
1.331149635764458708e+03 1.216293924074200383e+01 6.508878822421920951e+00 4.606354911356732806e+00 7.406717513008509286e+02 3.087306246012631732e+02
1.333231105757705564e+03 1.247497528814250245e+01 6.673475680660071241e+00 4.674623882913426343e+00 7.764777597748260405e+02 3.075535114270757049e+02
1.541909610790581155e+03 1.259066803658315514e+01 6.676597069018814778e+00 5.059340071726435184e+00 7.332505605900587398e+02 3.223091154348671239e+02
1.873391764322670952e+03 1.209147636009576132e+01 6.982883246903088370e+00 5.285046098671365655e+00 7.892282724164626870e+02 3.041619936712451704e+02
1.901865980109333123e+03 1.222486051044811362e+01 6.990257375285814589e+00 5.422488645769654170e+00 8.071799151268855894e+02 3.068411735139754910e+02
2.092062082558154088e+03 1.333144788670211689e+01 6.892878493027058795e+00 5.381932625455023711e+00 7.747416970928069304e+02 3.255404032405803605e+02
2.208256903445946591e+03 1.331160222122546877e+01 6.803353882282588749e+00 5.131438300668908603e+00 8.143770327177006720e+02 2.991485231731314798e+02
2.655131909489608461e+03 1.350882968656677185e+01 6.789413090892641556e+00 5.258394880853784592e+00 8.220940143012562658e+02 3.072031516598647158e+02
2.686673773891474866e+03 1.329075407845261125e+01 7.031317784210238564e+00 5.519778760204529178e+00 7.861310685131942364e+02 3.212418713203924199e+02
2.778043020328981584e+03 1.417221019021353712e+01 7.167055841967503227e+00 5.534180735510932259e+00 8.074535295823471870e+02 3.178958215828255334e+02
2.960521860763079985e+03 8.440382761213811591e+00 0.000000000000000000e+00 1.006799351923644714e+01 8.272239181768451317e+02 3.266280210186999398e+02
2.887456703330172786e+03 8.065946025613758508e+00 0.000000000000000000e+00 9.944725678312989814e+00 6.044074196712064440e+04 0.000000000000000000e+00
3.099901006608807165e+03 8.254591177119738887e+00 0.000000000000000000e+00 9.977814277555118849e+00 5.895862826080305967e+04 0.000000000000000000e+00
3.264184087768271183e+03 8.583701864487755628e+00 0.000000000000000000e+00 1.063411983813991490e+01 5.815034474917164334e+04 0.000000000000000000e+00
3.434017518425276194e+03 8.859240468280082936e+00 0.000000000000000000e+00 1.016715538234352678e+01 5.653906924876089761e+04 0.000000000000000000e+00
3.376707902399667091e+03 8.559984935235185333e+00 0.000000000000000000e+00 1.016593728890964421e+01 5.989995146636622667e+04 0.000000000000000000e+00
3.502664556089783673e+03 9.019824984532835543e+00 0.000000000000000000e+00 1.078107280470723417e+01 5.970945925273724424e+04 0.000000000000000000e+00
3.489547622645207412e+03 9.052192476730619219e+00 0.000000000000000000e+00 1.124667983837761298e+01 5.929844410583408899e+04 0.000000000000000000e+00
3.615872462374207316e+03 9.207698389970307318e+00 0.000000000000000000e+00 1.065913194019129051e+01 5.886161062478782696e+04 0.000000000000000000e+00
3.648658740948822469e+03 9.113960180735151795e+00 0.000000000000000000e+00 1.078934165574694326e+01 5.636282540191187582e+04 0.000000000000000000e+00
3.836590587680424960e+03 9.470641046899221038e+00 0.000000000000000000e+00 1.118136364278778316e+01 5.530387517960121477e+04 0.000000000000000000e+00
3.801586278394915553e+03 9.406297685381149520e+00 0.000000000000000000e+00 1.162256035238693741e+01 5.617859272984094423e+04 0.000000000000000000e+00
4.268670790278925779e+03 9.789335184629349484e+00 0.000000000000000000e+00 1.136320777088248057e+01 5.638198324131345726e+04 0.000000000000000000e+00
4.369588786663187420e+03 9.932081710433827482e+00 0.000000000000000000e+00 1.117506098236488477e+01 5.890384613312591682e+04 0.000000000000000000e+00
4.218442179939872403e+03 9.270494770368113535e+00 0.000000000000000000e+00 1.153399430580035379e+01 5.888279319285936072e+04 0.000000000000000000e+00
4.390189358365327280e+03 1.029542004869879790e+01 0.000000000000000000e+00 1.204250696448568725e+01 5.595246561325039511e+04 0.000000000000000000e+00
4.374465918991331819e+03 9.761985061957110688e+00 0.000000000000000000e+00 1.204567841485173929e+01 5.527466305375063530e+04 0.000000000000000000e+00
4.721156696442098109e+03 1.019895609549614512e+01 0.000000000000000000e+00 1.223898212009874698e+01 5.913658511063028709e+04 0.000000000000000000e+00
4.626123069980732907e+03 1.008461309188491128e+01 0.000000000000000000e+00 1.178401950676542498e+01 5.855443598939776712e+04 0.000000000000000000e+00
4.877721405393586792e+03 9.635226677616406832e+00 0.000000000000000000e+00 1.153089276630933391e+01 5.889018240647443599e+04 0.000000000000000000e+00
4.928078779363100693e+03 9.814188851873293373e+00 0.000000000000000000e+00 1.213386919186828017e+01 5.712583634654529305e+04 0.000000000000000000e+00
5.077538319146817230e+03 1.001645262881048737e+01 0.000000000000000000e+00 1.192783880324115842e+01 6.055531520588958665e+04 0.000000000000000000e+00
5.152806310431537895e+03 1.042163513276296172e+01 0.000000000000000000e+00 1.245916454658485328e+01 5.523460325842769817e+04 0.000000000000000000e+00
5.277861331689388862e+03 9.986001272787818905e+00 0.000000000000000000e+00 1.252630133595561901e+01 5.641297210249429190e+04 0.000000000000000000e+00
5.359617094767080744e+03 1.060046250596850825e+01 3.618372837768085049e+00 1.329351469822811183e+01 4.635948170668182229e+02 8.788318678391009087e+01
5.127160925543538724e+03 1.123030191946084244e+01 3.605141441720378204e+00 1.231255426708283274e+01 4.251368352015016967e+02 8.516006948537200572e+01
5.159339114558883011e+03 1.110647121413425076e+01 3.380648916047296115e+00 1.251958323413960272e+01 4.366316453158584636e+02 8.350873011266513402e+01
5.108193876671415637e+03 1.132251761261344392e+01 3.684506202144782527e+00 1.230215291146268974e+01 4.268817627347083885e+02 8.236288267668669505e+01
5.396703144642953703e+03 1.096906887027527944e+01 3.446137903942899428e+00 1.315557301191698336e+01 4.566137650071515282e+02 8.800154650676202550e+01
5.716029782165313918e+03 1.113793595751151067e+01 3.565569746158611775e+00 1.296615307402031902e+01 4.338604898633994935e+02 8.233282638497757944e+01
5.568370682495835354e+03 1.164132719569158603e+01 3.788199836940267407e+00 1.250828245307664943e+01 4.431821839199450892e+02 8.629322247287818470e+01
5.796053170632842921e+03 1.166929501872049180e+01 3.762140171357990504e+00 1.262357874656148127e+01 4.474190263674469747e+02 8.719848830938565243e+01
5.603637133304428062e+03 1.089236748879925543e+01 3.470807992800217345e+00 1.318641679781172016e+01 4.252401485535932579e+02 8.563990152299221847e+01
5.992046768834469731e+03 1.140162334377413345e+01 3.661344486723833835e+00 1.298028651177694215e+01 4.252729125232256706e+02 8.600612265997017403e+01
5.835106433982194176e+03 1.111102643221037667e+01 3.708180377217164203e+00 1.366383213108894523e+01 4.105196604282768362e+02 8.684175291477036751e+01
6.447775187929731146e+03 1.121994728110742479e+01 3.785886322833027950e+00 1.351523590577316547e+01 4.507696949314273525e+02 8.849759082235681262e+01
5.957619017978639931e+03 1.124246905651968831e+01 3.490660369032970056e+00 1.337227088950637643e+01 4.299107708446251195e+02 8.714924492405236833e+01
6.058977174728776845e+03 1.077808172625635130e+01 3.488974742023480236e+00 1.298590844102351838e+01 4.302965636003561372e+02 8.236294266320705049e+01
