2.326833228244020724e-01 5.519780402312388645e+00 3.428158184498192540e+00 2.817426219201664583e+00 1.364415359623844552e+03 6.088733495165994327e+02
3.405287318220472770e+01 5.832420111677720342e+00 3.439917636734824757e+00 2.823615318349850245e+00 1.378496649556212105e+03 5.819750445547772415e+02
3.265721700718103904e+01 7.721091114704567104e+00 4.244560595563067196e+00 3.165661722575374259e+00 1.411197274060177961e+03 6.006251058924403878e+02
4.795453620109800852e+01 7.497153776569966510e+00 4.460215784622882929e+00 3.427644064349245845e+00 1.334383865190456618e+03 5.835490009171909378e+02
1.051076063926071527e+02 8.343678752821737987e+00 4.265373685707650075e+00 3.224062551981766056e+00 2.061423023226606119e+02 7.903421397535989001e+01
1.441661328700913316e+02 8.097417659969059045e+00 4.640748782987714982e+00 3.313359402731892889e+00 1.964095870887867932e+02 7.928693666808837293e+01
1.964189087036243109e+02 8.314282431590244826e+00 4.741101259398589285e+00 3.372193414636595499e+00 3.462999261214567923e+02 7.729400383960366128e+01
2.413616541854158584e+02 8.108741457288287435e+00 4.597013960225647899e+00 3.571958473001141776e+00 3.586402619260258575e+02 1.459780774010257574e+02
3.073600656348704661e+02 8.863281061586008036e+00 4.803370650632878380e+00 3.540020258400980335e+00 3.733317072960800829e+02 1.368520550588297056e+02
3.514701973524780669e+02 8.833316979427399573e+00 4.909321319640450376e+00 3.494792553515017719e+00 3.583986152494155704e+02 1.377963955475373439e+02
4.077770388627909028e+02 8.572791309681296212e+00 5.010739604280084691e+00 3.481728177704260130e+00 3.598204014167831701e+02 1.488682291442173096e+02
4.837858016287726173e+02 9.805804819865798549e+00 5.032635727695180528e+00 3.999145471383954931e+00 3.649631237905387025e+02 1.373670452310006738e+02
5.976412170100019239e+02 1.073039566476914253e+01 5.939845889435011905e+00 4.186342781843174876e+00 3.562540680307583330e+02 1.497711834428223483e+02
6.672754352759019412e+02 1.044858498157055493e+01 5.764651806296321013e+00 4.387109591986908086e+00 7.069294360248935618e+02 3.218049303654855748e+02
8.376994877236646744e+02 1.089345390282650250e+01 6.090571509770827952e+00 4.364582322330703867e+00 7.621530305595346135e+02 3.257823565348808756e+02
9.401981080611719790e+02 1.145993071486395465e+01 6.054912349507256764e+00 4.708040869298686815e+00 7.731698926078878458e+02 3.195295819595560829e+02
9.790628749060161908e+02 1.177369463554632212e+01 6.157288109423272537e+00 4.744195387368671746e+00 7.655999148003691062e+02 3.147270157935789712e+02
1.133099297195474264e+03 1.179388550692693016e+01 6.137634737169176624e+00 4.830772786386344997e+00 7.270670714233234548e+02 3.093648899915552875e+02
1.227154210959946340e+03 1.148048573271468520e+01 6.321460869957729045e+00 4.634915061281549953e+00 7.762380295776287085e+02 2.979902206252531869e+02
1.324133778760453652e+03 1.171327815248229953e+01 6.243526519165256694e+00 5.038686963208441227e+00 7.138381165347128672e+02 3.217368562470098254e+02
1.374823808075786701e+03 1.246627399243608814e+01 6.475049808471934121e+00 4.825567975542178978e+00 7.207022458699839262e+02 2.993884850161847453e+02
1.547493845689441969e+03 1.191447410250755645e+01 6.396519319197821574e+00 4.986686906555223509e+00 7.204309906789537763e+02 3.026115911934056726e+02
1.869903010767198566e+03 1.228106275072324749e+01 6.646887052761444536e+00 4.862584175157654620e+00 8.345605073398461400e+02 3.008242988399283036e+02
1.928897706546633799e+03 1.233378297792231848e+01 6.597272590256745950e+00 5.186421328219712912e+00 7.980909494735727776e+02 3.191926605594309194e+02
2.286601803460511746e+03 1.301412023179709010e+01 7.239315348081730050e+00 5.532337008171035464e+00 7.817661145348291711e+02 3.229429373745244334e+02
2.262465135865560569e+03 1.301550510109013636e+01 6.861666742116975470e+00 5.132841694457471959e+00 8.391589767529359278e+02 3.009742502615478088e+02
2.610926044545919467e+03 1.387341616045209136e+01 7.312033960709506175e+00 5.677379190800416531e+00 7.792612608356495230e+02 3.019246662737238580e+02
2.517104918421967795e+03 1.299630930260441097e+01 7.598068009054229854e+00 5.384795512756575420e+00 8.127877021369915838e+02 3.000802213406685155e+02
2.771263398302092355e+03 1.365873652194755294e+01 7.370025967721763216e+00 5.793144414151700339e+00 7.904377256383054373e+02 3.137695161813568347e+02
3.014162180775115303e+03 8.493089624525351766e+00 0.000000000000000000e+00 9.478237034512444481e+00 8.108982128124489464e+02 2.984675682910693695e+02
2.907534241651940647e+03 8.355178840953035646e+00 0.000000000000000000e+00 1.029174573846064078e+01 5.965403851903152099e+04 0.000000000000000000e+00
3.138322141663205002e+03 8.243106976714285494e+00 0.000000000000000000e+00 9.878838051490880900e+00 5.891402719367758255e+04 0.000000000000000000e+00
3.273985616131928055e+03 8.214599894585761675e+00 0.000000000000000000e+00 1.014983162053817800e+01 5.984775574547066208e+04 0.000000000000000000e+00
3.326416064599198307e+03 8.673156009730121241e+00 0.000000000000000000e+00 1.073802272722010187e+01 5.803529862339762622e+04 0.000000000000000000e+00
3.380436486972284001e+03 8.720860711552004929e+00 0.000000000000000000e+00 1.078444832722793478e+01 5.921087638614900061e+04 0.000000000000000000e+00
3.644672662610851148e+03 8.681626361295815997e+00 0.000000000000000000e+00 1.068958963467477297e+01 5.598474491309094446e+04 0.000000000000000000e+00
3.515487911821867328e+03 8.747121897235809129e+00 0.000000000000000000e+00 1.056954933495162585e+01 5.658534406431254320e+04 0.000000000000000000e+00
3.836149928198223733e+03 9.562236519252316214e+00 0.000000000000000000e+00 1.074139360618465844e+01 5.726599078393262607e+04 0.000000000000000000e+00
3.772537173209180764e+03 9.423082572902732323e+00 0.000000000000000000e+00 1.078809300255448100e+01 5.575652686349522992e+04 0.000000000000000000e+00
3.973407748108368196e+03 9.744697004705258792e+00 0.000000000000000000e+00 1.138774769902845740e+01 5.973405969317442214e+04 0.000000000000000000e+00
3.783220152202078680e+03 9.277483648547429240e+00 0.000000000000000000e+00 1.133770614705496094e+01 5.630990665807986079e+04 0.000000000000000000e+00
3.948314714065754742e+03 9.354359783388389360e+00 0.000000000000000000e+00 1.190288361233542425e+01 5.650294807048280200e+04 0.000000000000000000e+00
4.379058393724521011e+03 9.195374577610607503e+00 0.000000000000000000e+00 1.137950684907206345e+01 5.749821478564996505e+04 0.000000000000000000e+00
4.145857677793082075e+03 9.326274100702436343e+00 0.000000000000000000e+00 1.100363494536055953e+01 5.709511100375418755e+04 0.000000000000000000e+00
4.410033502701538055e+03 9.902626931708329749e+00 0.000000000000000000e+00 1.221439742159706654e+01 5.519815309650566633e+04 0.000000000000000000e+00
4.593478316441101924e+03 9.489373620599485193e+00 0.000000000000000000e+00 1.211815631695011497e+01 5.637987195423981029e+04 0.000000000000000000e+00
4.656136862000148540e+03 9.779043712766634755e+00 0.000000000000000000e+00 1.230711662227486158e+01 5.593724913693754934e+04 0.000000000000000000e+00
4.461251735482899676e+03 1.045990252161494993e+01 0.000000000000000000e+00 1.161141070684698562e+01 5.973778269786648161e+04 0.000000000000000000e+00
4.979595355835161172e+03 1.032311760915010801e+01 0.000000000000000000e+00 1.252283354604911203e+01 6.012058009709839826e+04 0.000000000000000000e+00
4.995484830618769593e+03 1.026278462886800646e+01 0.000000000000000000e+00 1.187547255446966332e+01 5.555409760070859193e+04 0.000000000000000000e+00
4.844344465513825526e+03 1.059962337399038290e+01 0.000000000000000000e+00 1.196872670840589592e+01 5.863192675528638210e+04 0.000000000000000000e+00
5.068258842592418659e+03 1.061312498781893510e+01 0.000000000000000000e+00 1.158564695809684508e+01 5.766268925730109913e+04 0.000000000000000000e+00
5.269865517800295493e+03 9.886813948334197022e+00 0.000000000000000000e+00 1.196771891169226798e+01 5.556447017843052163e+04 0.000000000000000000e+00
5.002900314923613223e+03 1.099704864506708546e+01 3.624715850520462190e+00 1.294005100499373739e+01 4.536668255651717914e+02 8.354204793572664300e+01
5.064445685456076717e+03 1.127194197350482519e+01 3.415331646960586109e+00 1.325627210029123937e+01 4.555204572098764402e+02 8.076327749164002512e+01
5.312249838956406165e+03 1.095378248083988204e+01 3.475590321341133659e+00 1.329702589767576093e+01 4.518264094561208708e+02 8.880774304592823398e+01
5.546680846939124422e+03 1.137471002560293343e+01 3.638489911456496806e+00 1.339111468649673853e+01 4.343386458110670105e+02 8.366889439293534281e+01
5.669426571464543485e+03 1.154343146169061640e+01 3.550358657878673885e+00 1.243935875578733530e+01 4.218965842897738980e+02 8.466601050811472362e+01
5.716231807853012469e+03 1.152830574668125507e+01 3.448576495988262103e+00 1.318866851487529424e+01 4.353455101070284741e+02 8.553936075803578376e+01
5.626451244499862696e+03 1.145064409722190568e+01 3.652328674079865944e+00 1.356963069760405816e+01 4.226158677360394904e+02 8.108038228451599139e+01
5.544580494186478973e+03 1.134177476996643996e+01 3.698035796491136562e+00 1.272296558135381872e+01 4.538766069434734618e+02 8.635189502919713789e+01
6.052921215725440561e+03 1.150150024189752429e+01 3.817146759835707392e+00 1.257829991433909100e+01 4.113554892042951110e+02 8.734553909005867922e+01
6.012534312027487431e+03 1.142270941541337592e+01 3.605605958036588898e+00 1.320562281637786306e+01 4.318406531136716922e+02 8.316458172110084490e+01
6.243041193181928975e+03 1.092681940434446375e+01 3.809020756742809599e+00 1.332859163203061748e+01 4.409525687707928228e+02 8.165222232138779646e+01
6.013129431804007254e+03 1.083032843868931394e+01 3.511642557262158348e+00 1.277525728876546474e+01 4.399447952015146370e+02 8.222376010677744773e+01
6.564986969303761725e+03 1.162267462666164697e+01 3.552341418204374435e+00 1.272754467299125025e+01 4.465185504377182042e+02 8.555338751056716262e+01
6.425931949040623294e+03 1.163551289735994310e+01 3.493535558287567788e+00 1.349071735188442389e+01 4.402783146268079690e+02 8.891710524885223776e+01
