-1.456334095698778031e-01 5.970659783877168003e+00 3.397803264861197547e+00 2.803501357840331831e+00 1.445457497975501838e+03 6.082101998401799392e+02
3.347613125644389953e+01 5.567615179887096311e+00 3.215801568908405628e+00 2.751480070157003688e+00 1.384863895170122532e+03 6.065954617291774866e+02
3.416581919042715754e+01 7.834073846200777957e+00 4.481612440061317315e+00 3.484297486402684552e+00 1.407907483364389691e+03 5.926562621846849197e+02
4.928357343555646253e+01 7.871696015467070318e+00 4.260468849590475671e+00 3.357186956628700258e+00 1.467319420194956365e+03 5.787847536565336668e+02
9.715145677938546953e+01 7.577380123780445231e+00 4.615941685694526342e+00 3.509377347420902460e+00 1.914093966936979143e+02 8.268501598995719348e+01
1.542177151089427412e+02 8.412528942698793699e+00 4.304708408840150824e+00 3.519595462045596257e+00 2.085176033821407202e+02 8.265441646390146957e+01
1.989874728731018934e+02 8.167245462794834765e+00 4.432281351343671183e+00 3.323507514475245728e+00 3.722136793593869584e+02 7.642692996647143389e+01
2.483866674517586546e+02 8.012417521338475623e+00 4.629044347590921760e+00 3.610161905787675263e+00 3.514559939615292592e+02 1.435748083835095201e+02
3.089648591493206027e+02 8.706494824107274155e+00 4.898401889627893802e+00 3.543128761392714043e+00 3.543386497343930728e+02 1.388217023491448856e+02
3.337647245257667237e+02 8.964962662675185712e+00 4.700432072589293853e+00 3.711384545010160796e+00 3.472522075949947293e+02 1.364592006923605823e+02
4.054710066898654190e+02 8.744151984217726437e+00 4.785156218268221018e+00 3.622313165807808932e+00 3.449401033319913381e+02 1.361448455428514137e+02
4.991684651722117678e+02 9.627105450254527241e+00 5.326506905860593832e+00 3.766578677457201429e+00 3.599977311861557610e+02 1.385335472543917774e+02
6.215954669780223867e+02 1.009589936575845037e+01 5.551182109906705797e+00 4.286838083127226362e+00 3.774429769117335240e+02 1.453496322679980608e+02
7.000708900094941782e+02 1.087399062634217906e+01 5.922437177680212272e+00 4.262826679992291368e+00 7.692091162336745356e+02 3.001197983826336326e+02
8.093895702859138055e+02 1.050702138049531520e+01 6.240344976765296536e+00 4.283077722525541198e+00 7.371393222862432140e+02 3.183830480336048936e+02
8.927180672876883136e+02 1.079741805320180070e+01 6.153036911287737887e+00 4.527430020272523947e+00 7.523813629140339572e+02 3.106238527049288791e+02
1.005293073251267515e+03 1.159375146085067243e+01 6.285263579677575763e+00 4.875623830563906580e+00 7.412216944520597508e+02 3.057227725675155625e+02
1.126138019209046661e+03 1.123826642737556014e+01 6.662599793762382205e+00 4.528980459355444133e+00 7.654805854917503893e+02 3.086954266900818311e+02
1.245494985339409141e+03 1.134993285934191753e+01 6.458933369721439277e+00 4.532776426016113192e+00 7.565378840767701831e+02 2.989247020784243318e+02
1.240193897659933782e+03 1.216629909387340547e+01 6.399420904299641499e+00 4.897758580758551972e+00 7.340988341429955426e+02 3.013343162444205632e+02
1.351843100955307364e+03 1.240531212158371588e+01 6.437513213929594968e+00 4.968768781951663271e+00 7.132586234815598800e+02 3.132284777206601234e+02
1.614403526165679295e+03 1.283423850115389797e+01 6.750163968472085330e+00 5.182078744910141310e+00 7.633809616471580739e+02 3.005535431109760225e+02
1.712373064894437675e+03 1.256215016468506462e+01 6.708020823243548314e+00 5.117486037589426218e+00 8.241499141820728482e+02 3.156179702033945773e+02
1.957803161963189268e+03 1.317305655897553507e+01 6.822078813446592171e+00 5.259500972376298655e+00 7.714954035474034981e+02 3.212140290228163053e+02
2.122210721900725275e+03 1.328180534814291391e+01 7.268030753783279785e+00 5.447044185146639350e+00 8.253075144734406194e+02 2.971956920999633098e+02
2.257936850389531173e+03 1.372151706828293705e+01 7.186661295801318516e+00 5.226663958880917171e+00 7.636230196420665379e+02 3.037188367449905400e+02
2.506237455256734847e+03 1.384552176280858760e+01 7.028673177805505823e+00 5.304882338572745937e+00 7.879133672999498685e+02 3.011174571436047245e+02
2.732566861826217519e+03 1.366008821946862284e+01 7.357245451578091178e+00 5.392314055668672168e+00 8.025223147891696271e+02 3.105271345220189687e+02
3.027206886396170376e+03 1.342346291217211451e+01 7.689223556260548875e+00 5.640722160020541054e+00 8.141395893375737387e+02 3.178094883726296302e+02
2.788161316902454928e+03 7.750348751628338029e+00 0.000000000000000000e+00 9.845381745845786625e+00 8.271889174120047983e+02 2.967661221996664835e+02
2.994027601707200120e+03 8.282145871826346095e+00 0.000000000000000000e+00 9.694553994645774608e+00 5.747825303725559934e+04 0.000000000000000000e+00
3.034478653423238029e+03 8.410877650006012729e+00 0.000000000000000000e+00 1.063733652501405125e+01 5.569483473349831911e+04 0.000000000000000000e+00
3.167523347682714757e+03 8.875118667538757222e+00 0.000000000000000000e+00 1.028377054706243143e+01 5.508281170687978738e+04 0.000000000000000000e+00
3.113066346246966987e+03 8.317248910663385786e+00 0.000000000000000000e+00 1.050000932118304142e+01 6.030247381432449765e+04 0.000000000000000000e+00
3.458289988224960325e+03 8.605708263998506524e+00 0.000000000000000000e+00 1.055618621852515204e+01 5.828986592513924552e+04 0.000000000000000000e+00
3.373034646486037673e+03 8.924352083081286580e+00 0.000000000000000000e+00 1.026745582575507143e+01 5.980869563654766534e+04 0.000000000000000000e+00
3.644651325059860483e+03 8.856765155544982449e+00 0.000000000000000000e+00 1.088368413970310833e+01 5.860689217435235332e+04 0.000000000000000000e+00
3.770685164721936872e+03 8.769398046883553732e+00 0.000000000000000000e+00 1.073673323479005326e+01 5.549621713484166685e+04 0.000000000000000000e+00
3.869794189679349984e+03 9.177531958932052092e+00 0.000000000000000000e+00 1.057851462268112819e+01 5.762786141330344253e+04 0.000000000000000000e+00
3.727304173062145310e+03 9.140309384912061574e+00 0.000000000000000000e+00 1.077376210019607683e+01 5.498335429410544020e+04 0.000000000000000000e+00
3.896074526353456349e+03 9.328654810880848913e+00 0.000000000000000000e+00 1.174131557006325188e+01 5.521531917037874518e+04 0.000000000000000000e+00
3.914989469734851355e+03 9.176931685423843632e+00 0.000000000000000000e+00 1.109714732079695487e+01 5.606601707148030982e+04 0.000000000000000000e+00
4.305888152442947103e+03 9.686774317796945866e+00 0.000000000000000000e+00 1.204188959174589968e+01 5.917013777687505353e+04 0.000000000000000000e+00
4.365151551219185421e+03 1.004159323313537477e+01 0.000000000000000000e+00 1.213540813508950222e+01 5.531285542368253664e+04 0.000000000000000000e+00
4.283670598177071952e+03 1.017294964623756393e+01 0.000000000000000000e+00 1.134419928877055561e+01 5.800319136395412352e+04 0.000000000000000000e+00
4.501201228967844145e+03 1.005049070855803528e+01 0.000000000000000000e+00 1.181958520888659692e+01 5.607892911714128422e+04 0.000000000000000000e+00
4.499205302451833631e+03 9.578547009855283179e+00 0.000000000000000000e+00 1.123890802858282356e+01 5.883556948562633625e+04 0.000000000000000000e+00
4.851121329551950112e+03 9.901848945756970721e+00 0.000000000000000000e+00 1.193860323656883793e+01 5.595371958444390475e+04 0.000000000000000000e+00
4.852712242892366703e+03 9.947005153290829682e+00 0.000000000000000000e+00 1.168529128102293591e+01 5.954796119197588268e+04 0.000000000000000000e+00
4.663225842649576407e+03 1.021632638318879138e+01 0.000000000000000000e+00 1.185305602840666239e+01 5.718648218423841899e+04 0.000000000000000000e+00
4.774241770970230391e+03 1.044614884351753936e+01 0.000000000000000000e+00 1.250512647763579821e+01 5.500569762526006525e+04 0.000000000000000000e+00
5.073757340232653405e+03 1.015363323776045945e+01 0.000000000000000000e+00 1.163166944980043205e+01 6.011533966510011669e+04 0.000000000000000000e+00
4.900508589387932261e+03 9.981288020159054142e+00 0.000000000000000000e+00 1.166775492166509842e+01 5.686858467825132539e+04 0.000000000000000000e+00
5.138005790616780359e+03 1.062087600499672035e+01 3.615385767690055374e+00 1.322985012897804857e+01 4.441135684544963738e+02 8.637778711976724821e+01
5.362940680702501595e+03 1.123390416066786734e+01 3.658081379615123474e+00 1.331009957089000295e+01 4.650418934093008829e+02 8.874113141069426547e+01
5.483790413524319774e+03 1.145165433371396979e+01 3.372441915201954465e+00 1.325003941341224767e+01 4.616391795860568550e+02 8.430229699442165270e+01
5.414442034137097835e+03 1.085529402434556268e+01 3.439825218556505249e+00 1.267045131358184840e+01 4.410268215833393128e+02 8.813204607176328409e+01
5.446441220974767020e+03 1.122498298190873101e+01 3.477307630012808293e+00 1.265225760345079564e+01 4.403378860592443402e+02 8.126019812650629603e+01
5.475136396364907341e+03 1.113425701112596933e+01 3.420303274608537336e+00 1.326452240522602999e+01 4.479293325036306896e+02 8.296596463431376378e+01
5.834183917789209772e+03 1.094206178417972275e+01 3.580728724023362730e+00 1.288976055877262183e+01 4.426389175304300352e+02 8.529387735333943965e+01
6.014966676363690567e+03 1.111902993092452441e+01 3.538413256914547222e+00 1.260019236770129147e+01 4.261270594940374963e+02 8.553382680500708091e+01
6.012215870403141707e+03 1.094692366846600606e+01 3.736079666111584707e+00 1.282443890897394034e+01 4.137581057847815487e+02 8.593083689155177751e+01
5.678198500506437995e+03 1.102951088166222071e+01 3.651842474689666052e+00 1.307835021751010629e+01 4.460746440690555232e+02 8.727971533866953280e+01
6.187155243730532675e+03 1.172694548217612187e+01 3.567733230077451356e+00 1.301214013247490264e+01 4.282706303190206540e+02 8.905697668835570369e+01
6.231322621262607754e+03 1.152238269609321719e+01 3.629994093154935264e+00 1.285836095258935075e+01 4.131702784917899862e+02 8.618523307574128012e+01
6.184247851076403094e+03 1.167526775948556939e+01 3.485733333804150291e+00 1.340637689318415049e+01 4.273755256555471647e+02 8.557212709728378286e+01
6.126788584201991398e+03 1.098812478146275140e+01 3.789892585160970384e+00 1.325854602225038548e+01 4.344833428892255256e+02 8.563734537338700648e+01
