-4.880206007857534889e-02 6.051439302159873357e+00 3.194418842831360905e+00 2.911202929219799618e+00 1.353594189804643065e+03 6.017708444878886667e+02
3.451333186068719527e+01 5.681360313139626861e+00 3.340211424604534685e+00 2.856017017612738851e+00 1.383808081510558850e+03 5.920944176454809167e+02
3.511826976434037562e+01 7.945043601833120306e+00 4.505251952609300226e+00 3.194763061795170778e+00 1.400851379923423792e+03 6.032868059375103940e+02
4.903693738763835341e+01 8.163238684260074152e+00 4.262687498680371334e+00 3.393844817591151752e+00 1.380210815902156355e+03 6.183540187825009298e+02
9.515266699894620217e+01 8.154246533359684079e+00 4.367976098281412867e+00 3.453509333917351487e+00 2.082488425026558900e+02 8.037163530172637138e+01
1.519185196805937039e+02 8.064410078236631918e+00 4.505488643916402580e+00 3.369365094477773326e+00 1.914415110446782933e+02 7.848814605492844976e+01
1.935371681918623494e+02 8.246000840476360949e+00 4.661546851467477381e+00 3.320014970894269890e+00 3.470081359757746782e+02 8.119818862384875047e+01
2.580824460038551251e+02 8.267080283348631653e+00 4.776505305894426456e+00 3.581664504230458679e+00 3.538410994838878878e+02 1.489878304036051020e+02
3.092069968378299905e+02 8.552091564362635623e+00 4.792441796256948550e+00 3.501665717003433098e+00 3.454214756338412258e+02 1.422793412167701206e+02
3.380305935462901061e+02 8.914746266711667033e+00 4.827793273345964309e+00 3.651718670857865057e+00 3.743681237302018872e+02 1.444689065856826744e+02
4.132688324009619123e+02 8.697263610709343951e+00 4.998954538943230830e+00 3.691012685142899485e+00 3.576946827634076840e+02 1.469555299156704677e+02
4.783620725141266803e+02 9.468119877690813979e+00 5.113144552419019107e+00 3.866687724769817258e+00 3.590128679731539023e+02 1.464541191864125835e+02
6.189823068137357041e+02 9.975689132500294320e+00 5.457465295229845914e+00 4.079615116807552511e+00 3.427787322621077806e+02 1.396584443885630265e+02
6.798320186724481573e+02 1.095391516837950263e+01 5.704696364708460976e+00 4.192926475796601160e+00 7.505494072872396600e+02 3.272131126316347149e+02
8.377067136315567950e+02 1.055862041142879981e+01 6.195995831303903856e+00 4.323646017456082902e+00 7.198063023070784539e+02 3.157182488488938361e+02
8.914037934699401831e+02 1.153801619571240167e+01 6.181081867837823651e+00 4.763501150775661053e+00 7.405037188343806065e+02 3.227672583943626137e+02
9.608830669372448483e+02 1.101823461058796383e+01 6.143999101863456325e+00 4.681896975140166894e+00 7.490668478512031925e+02 3.246987669261903875e+02
1.101569969131232028e+03 1.192897089427853352e+01 6.322948487310720900e+00 4.492513109309364872e+00 7.267580837486333394e+02 3.110819953928923951e+02
1.234388338556202825e+03 1.215776297700620390e+01 6.620022291382228197e+00 4.914921277480011064e+00 7.429599483746591204e+02 2.973972667589516163e+02
1.259055562206383001e+03 1.205817983012486572e+01 6.883102593162921501e+00 4.638347141245945160e+00 7.602044618726579301e+02 3.060736407569544326e+02
1.376916495713076756e+03 1.149968182383961768e+01 6.610213024364617773e+00 4.896716326532319030e+00 7.366085737637118882e+02 3.214881846617964811e+02
1.634194423640342166e+03 1.218942727682748384e+01 6.411336338536044899e+00 5.146683125475738585e+00 7.092494326569782288e+02 3.033880739845329799e+02
1.739075241793416808e+03 1.246426143247656171e+01 6.721945580639955509e+00 5.296909584368389545e+00 7.811647966882540004e+02 3.103550090820798459e+02
2.047719430819619447e+03 1.269221097155109490e+01 6.963449003651523306e+00 5.338904260009739389e+00 8.128948291051411843e+02 3.136096591273055765e+02
2.131898852474901105e+03 1.244924274721746116e+01 6.784036640666721851e+00 5.125705302305368249e+00 8.389453747459858732e+02 3.233537171285474301e+02
2.211449207479667166e+03 1.263907987960411106e+01 6.853852368878908585e+00 5.460103929238083076e+00 8.019587578411133109e+02 3.052266622250600108e+02
2.681086194176676145e+03 1.287988051973677983e+01 6.855136434171624771e+00 5.647025671472837516e+00 7.790827208985740526e+02 3.034959258241520956e+02
2.690404073589326799e+03 1.344448784914721173e+01 6.943822490902018529e+00 5.763364118297537253e+00 8.394645431047310922e+02 3.183134318081332026e+02
3.029613990555911641e+03 1.433111666022837838e+01 7.031188404515051005e+00 5.479456738699590268e+00 7.705747932209162627e+02 3.217973620651912938e+02
2.878832297916375410e+03 7.995046928984912427e+00 0.000000000000000000e+00 9.295879025516622818e+00 7.801617758654502950e+02 3.030122017766109366e+02
2.911192283416271493e+03 8.443392363935975808e+00 0.000000000000000000e+00 1.020954363094018014e+01 5.508745511337389325e+04 0.000000000000000000e+00
3.105335146178397281e+03 8.530853612613261916e+00 0.000000000000000000e+00 1.020534315310690410e+01 5.563710135684772104e+04 0.000000000000000000e+00
3.270281037824821851e+03 8.662840936207572895e+00 0.000000000000000000e+00 1.015929618514495836e+01 5.511657807285296440e+04 0.000000000000000000e+00
3.136847416191445973e+03 8.726452971960229732e+00 0.000000000000000000e+00 1.030091743689116512e+01 5.841298895575010101e+04 0.000000000000000000e+00
3.490879041624019919e+03 8.849137446171898347e+00 0.000000000000000000e+00 1.031098446622445053e+01 5.665062300479536498e+04 0.000000000000000000e+00
3.584088340165984391e+03 9.060176474621986387e+00 0.000000000000000000e+00 1.087853045825416132e+01 5.579497136811489327e+04 0.000000000000000000e+00
3.574935016017482667e+03 9.299269513098590068e+00 0.000000000000000000e+00 1.088642621999532523e+01 5.665113636943162419e+04 0.000000000000000000e+00
3.512323249500413567e+03 9.013165409966070740e+00 0.000000000000000000e+00 1.082450550535038758e+01 5.618220450678282214e+04 0.000000000000000000e+00
3.726510808323757374e+03 9.308202632193902204e+00 0.000000000000000000e+00 1.122421178612343162e+01 6.015784311809185601e+04 0.000000000000000000e+00
4.057884280946505896e+03 9.363134904620391552e+00 0.000000000000000000e+00 1.149953656504274413e+01 5.891681179603846249e+04 0.000000000000000000e+00
4.131837620372836682e+03 9.850825224049390982e+00 0.000000000000000000e+00 1.083469698974733042e+01 5.731424278107279679e+04 0.000000000000000000e+00
4.053705380687927118e+03 9.265984479077820524e+00 0.000000000000000000e+00 1.126440678524582673e+01 6.043013500712581299e+04 0.000000000000000000e+00
4.236772132692039122e+03 9.757966591848978410e+00 0.000000000000000000e+00 1.191332650306016916e+01 5.592737208105626632e+04 0.000000000000000000e+00
4.095480908224636096e+03 9.440890057822894477e+00 0.000000000000000000e+00 1.145356936228631106e+01 6.050290205704105028e+04 0.000000000000000000e+00
4.372758418690337749e+03 9.527297576140279389e+00 0.000000000000000000e+00 1.193477047996640117e+01 5.903578209947939467e+04 0.000000000000000000e+00
4.596309831175056388e+03 9.456347678805387957e+00 0.000000000000000000e+00 1.115492828149967686e+01 5.921739142797235399e+04 0.000000000000000000e+00
4.446256025507442246e+03 1.045939394164135727e+01 0.000000000000000000e+00 1.210351870096256199e+01 6.042541456040050252e+04 0.000000000000000000e+00
4.579916220954331948e+03 1.005793859864667006e+01 0.000000000000000000e+00 1.200190859772714980e+01 5.719489719483876979e+04 0.000000000000000000e+00
4.782997764969381933e+03 9.884978315417360051e+00 0.000000000000000000e+00 1.167995859783453838e+01 6.015277267155676236e+04 0.000000000000000000e+00
4.982939691590324401e+03 1.057944246726169268e+01 0.000000000000000000e+00 1.214639599907090428e+01 6.066509450140029367e+04 0.000000000000000000e+00
4.733917060037548254e+03 9.883572238098766505e+00 0.000000000000000000e+00 1.149623562696041645e+01 5.589814291296540614e+04 0.000000000000000000e+00
4.961704047122790143e+03 1.040162548702441647e+01 0.000000000000000000e+00 1.193832093947235151e+01 5.596979853610611462e+04 0.000000000000000000e+00
5.397276475792945348e+03 1.052630140856269492e+01 0.000000000000000000e+00 1.207092295310157404e+01 5.551681125263250578e+04 0.000000000000000000e+00
4.944535824912031785e+03 1.050190786430941436e+01 3.462614196505792830e+00 1.334612453122510800e+01 4.588641394729860963e+02 8.100054224319606533e+01
5.042510247979988890e+03 1.150621518405745114e+01 3.404685616894820743e+00 1.258378142306103520e+01 4.338347101367763798e+02 8.834602047130408664e+01
5.255958745513085887e+03 1.053244212015847125e+01 3.631453366624221246e+00 1.254861924705661202e+01 4.497444746411321148e+02 8.238257915957254340e+01
5.562077235759486030e+03 1.057371573266408049e+01 3.617169345284625415e+00 1.280170508911940352e+01 4.331436260904496862e+02 8.782746955446037873e+01
5.460818118152877105e+03 1.079336517739193901e+01 3.632914737324523635e+00 1.280933920958710992e+01 4.351492896096863205e+02 8.660899615249972783e+01
5.292107665861762143e+03 1.163299723918001938e+01 3.541180232137090655e+00 1.254586809136379166e+01 4.163705380937720975e+02 8.801424038844017161e+01
5.387407961837754556e+03 1.128837654106139787e+01 3.741527000655127999e+00 1.274764800572682510e+01 4.482806142604005117e+02 8.209076240058473672e+01
5.925859543813517121e+03 1.120745439588784187e+01 3.615321610687221909e+00 1.317586570807580770e+01 4.379243926286226269e+02 8.453535927806201755e+01
5.669199177741867061e+03 1.139666104062519558e+01 3.638658900495610471e+00 1.251156185209697469e+01 4.139916606996617361e+02 8.736368252336015416e+01
6.071263436502927107e+03 1.175644515344607655e+01 3.481302050097016210e+00 1.355456160966100931e+01 4.257090239160024225e+02 8.632728714262883329e+01
6.348645367332389469e+03 1.174630751326251854e+01 3.609864042647018323e+00 1.363259018099559050e+01 4.522249173238823232e+02 8.912565292515908766e+01
6.113391265454699351e+03 1.110276579012488618e+01 3.680144935298854669e+00 1.270163533803131095e+01 4.297056497532338426e+02 8.575855855617611212e+01
6.063804974878180474e+03 1.158467384107296283e+01 3.785669478363615337e+00 1.248856816863811048e+01 4.254299958128251546e+02 8.676665994583153463e+01
6.526281448144705791e+03 1.106231144129085742e+01 3.521326582564550556e+00 1.316523469900109689e+01 4.467520650402547062e+02 8.378056720944441338e+01
