1.347005662267289905e-01 6.075075342940283285e+00 3.272822652661110610e+00 2.778586601664926548e+00 1.370356205269335305e+03 5.791371121909269277e+02
3.472281157201899759e+01 5.717536907122712897e+00 3.255777124611050066e+00 2.857234949639152699e+00 1.451310680165853228e+03 6.191585354017491909e+02
3.280512261514707717e+01 7.397576913136471255e+00 4.178976815087485974e+00 3.160384134857444405e+00 1.422750642276315602e+03 6.133270660770966742e+02
4.888436966094990055e+01 8.163909181523411718e+00 4.501630792592519192e+00 3.209617647380448524e+00 1.411554427510049209e+03 5.753637068785333213e+02
1.025440236364334368e+02 7.933686301390876494e+00 4.525499536402557865e+00 3.273247051917049788e+00 1.976700787592003223e+02 8.024772288430943945e+01
1.465081993860502791e+02 8.274738783985176482e+00 4.395192540713814822e+00 3.500857668024737634e+00 1.967893822701105648e+02 8.091125923970167833e+01
1.923197123430203987e+02 7.855283327146438843e+00 4.606056838608094672e+00 3.368087076783032874e+00 3.487600672985000188e+02 8.048786743744811645e+01
2.498032936049931436e+02 8.357885684075368360e+00 4.500536137504188794e+00 3.398067784552969872e+00 3.667676552503379526e+02 1.371557508479973251e+02
3.021937166514058504e+02 8.718489790509508452e+00 4.530267452929733984e+00 3.408988925671193382e+00 3.754359938987422538e+02 1.420983652374902420e+02
3.431073742777333564e+02 8.900007166026545846e+00 4.920347888446756635e+00 3.591529282748493479e+00 3.659555663469135993e+02 1.488766010020646036e+02
3.987961042661582951e+02 9.016740271325776490e+00 5.157915740624209100e+00 3.472097722629337024e+00 3.459751978898873404e+02 1.422639985827402711e+02
5.162469424167902616e+02 9.424588333327061918e+00 5.406052688274695761e+00 3.955947177198054110e+00 3.649367495470008862e+02 1.393952956668361480e+02
6.301545039805974966e+02 1.029841277053114901e+01 5.529617953672058661e+00 3.957446418967118351e+00 3.616288882742160808e+02 1.438134324460440325e+02
6.572559446714640217e+02 1.071652415886455145e+01 6.143737586018364283e+00 4.561101555983208655e+00 7.345714984289186305e+02 2.990570757808168310e+02
7.779532296261617148e+02 1.055092295683716408e+01 6.199952092750558030e+00 4.360249965806266559e+00 7.713953940690900026e+02 3.274027488399850654e+02
8.578497605160306421e+02 1.172802070778534400e+01 6.234716782046314520e+00 4.560829890572170697e+00 7.215901360710029167e+02 3.247621811127784781e+02
9.856486716640320083e+02 1.198211339078119941e+01 6.608737012819875467e+00 4.667612940847162939e+00 7.116391718646347044e+02 3.203196615062727233e+02
1.146110025926670005e+03 1.176717117932338752e+01 6.482169177533217308e+00 4.799448470119707544e+00 7.595231534838687821e+02 3.214674526363850191e+02
1.176778104417304348e+03 1.187345702360013888e+01 6.273986165205326593e+00 4.723787091521463921e+00 7.038872544521624377e+02 3.184902588634499239e+02
1.265025146662369480e+03 1.226073199702443084e+01 6.390724891622846293e+00 4.801173950931544532e+00 7.713700481570685952e+02 3.168325196854176511e+02
1.400845693670903984e+03 1.242477333659306815e+01 6.696451370460875019e+00 4.676374513255651344e+00 7.705788580790105016e+02 3.142386057289680821e+02
1.541928895174580703e+03 1.195134499820738405e+01 6.568504775347919100e+00 4.890906367026804702e+00 7.131878651186930256e+02 3.259366662648342867e+02
1.853973267160184150e+03 1.205190385732078973e+01 6.888859571466367626e+00 5.230622786819218994e+00 7.760757191861680440e+02 3.029976047858149855e+02
2.062288418055366492e+03 1.293802450873152488e+01 6.673023679596338908e+00 5.381284904384038725e+00 8.177985052715004031e+02 3.232538807556438769e+02
2.199553087606077042e+03 1.357069408655425846e+01 6.983017789025324440e+00 5.415198002678500266e+00 7.865974271070093664e+02 3.099170911362280663e+02
2.255057428411328146e+03 1.263928544773472673e+01 6.803303036051195463e+00 5.496173552685396757e+00 8.313954730668687034e+02 3.023339049726870371e+02
2.637894626465075817e+03 1.274294890231078625e+01 6.874313968312691259e+00 5.431431186642049269e+00 7.993535381609937076e+02 3.160447493358264524e+02
2.556046209452808853e+03 1.317155347416606581e+01 7.146364761958980516e+00 5.416499800602459835e+00 8.152262273088382472e+02 3.174961428802309911e+02
3.032572320661226513e+03 1.387823999282160869e+01 7.011771392957115268e+00 5.446256967008832106e+00 7.814178603190823651e+02 3.102631170622373133e+02
2.781211977381399720e+03 7.837726033448035423e+00 0.000000000000000000e+00 9.639072593809942191e+00 8.016032572948082588e+02 3.178970699601036927e+02
3.005859061928616484e+03 8.515520993378739689e+00 0.000000000000000000e+00 1.008016625354519391e+01 5.946094255917317787e+04 0.000000000000000000e+00
3.168866737136963366e+03 8.529824589410184288e+00 0.000000000000000000e+00 1.023278677931093306e+01 6.019762985062968801e+04 0.000000000000000000e+00
3.170772236313488975e+03 8.400071640859735567e+00 0.000000000000000000e+00 1.075463693830437961e+01 5.574646070926049288e+04 0.000000000000000000e+00
3.322518963237048865e+03 8.949912277480940759e+00 0.000000000000000000e+00 1.032138750855990139e+01 5.650516046348265081e+04 0.000000000000000000e+00
3.278225954616650142e+03 9.060720810129410552e+00 0.000000000000000000e+00 1.082203613847320867e+01 5.798851370116556063e+04 0.000000000000000000e+00
3.643488792571132308e+03 8.952719310138297359e+00 0.000000000000000000e+00 1.048239468636479366e+01 5.976140806132527359e+04 0.000000000000000000e+00
3.430876168218774183e+03 8.638370600058401294e+00 0.000000000000000000e+00 1.084491168911308456e+01 5.705955678448639810e+04 0.000000000000000000e+00
3.522374303541949757e+03 9.033052124060816368e+00 0.000000000000000000e+00 1.114982858697495161e+01 5.719375440888553567e+04 0.000000000000000000e+00
3.750405793447609994e+03 9.205127466949811321e+00 0.000000000000000000e+00 1.085940954087958765e+01 5.725130348672971741e+04 0.000000000000000000e+00
3.770266908332628645e+03 9.114945568938715326e+00 0.000000000000000000e+00 1.154096297542909788e+01 5.545990388301937492e+04 0.000000000000000000e+00
3.940290904070890065e+03 9.154119679971618240e+00 0.000000000000000000e+00 1.155660276662608155e+01 5.567287714792865881e+04 0.000000000000000000e+00
3.916020190597378132e+03 9.398583595406485358e+00 0.000000000000000000e+00 1.086055626634735027e+01 5.671774071671495767e+04 0.000000000000000000e+00
3.981639350999257204e+03 9.232533863417971887e+00 0.000000000000000000e+00 1.171210902002386511e+01 5.680556202982666582e+04 0.000000000000000000e+00
4.354945039554701907e+03 9.465565145903857669e+00 0.000000000000000000e+00 1.163053497649540624e+01 5.676160841372047435e+04 0.000000000000000000e+00
4.295392294955934631e+03 9.997827779151059246e+00 0.000000000000000000e+00 1.149640116647269039e+01 5.589242038109481655e+04 0.000000000000000000e+00
4.353843240377121219e+03 9.509777346631198114e+00 0.000000000000000000e+00 1.168002244231315956e+01 5.601663972419897618e+04 0.000000000000000000e+00
4.419210373064594023e+03 9.954905017808549417e+00 0.000000000000000000e+00 1.192967255078797884e+01 5.735010654612027429e+04 0.000000000000000000e+00
4.759812852198647306e+03 1.044411905364861326e+01 0.000000000000000000e+00 1.191185195238870698e+01 5.543491054354414518e+04 0.000000000000000000e+00
4.671737889797072967e+03 9.780779742899309070e+00 0.000000000000000000e+00 1.203556721338298630e+01 5.773429029537853057e+04 0.000000000000000000e+00
4.721837329969175698e+03 1.063986145664928351e+01 0.000000000000000000e+00 1.226726220178966287e+01 5.901900791507784743e+04 0.000000000000000000e+00
4.794362827133277278e+03 9.835490067189645913e+00 0.000000000000000000e+00 1.177574530275795972e+01 6.031935069667428616e+04 0.000000000000000000e+00
5.266332904263985256e+03 1.008252874391949661e+01 0.000000000000000000e+00 1.192828941053341296e+01 5.970085770438088366e+04 0.000000000000000000e+00
5.163319662814335970e+03 1.080030948685816661e+01 0.000000000000000000e+00 1.260906707011156414e+01 5.817253042149567773e+04 0.000000000000000000e+00
4.959089230499247606e+03 1.147269968885654734e+01 3.538983409802808122e+00 1.283231515921871235e+01 4.402358156565073273e+02 8.484026272815152936e+01
5.333036595257157387e+03 1.092806367515858490e+01 3.503392121680967364e+00 1.243380837280680851e+01 4.305479338228198003e+02 8.902273333278007783e+01
5.057493330875413449e+03 1.109913953285543009e+01 3.602564315859726918e+00 1.249489443439564873e+01 4.441342434267044723e+02 8.642294225183265155e+01
5.388253766202088627e+03 1.104528094844160613e+01 3.636314021921710715e+00 1.246227194109519232e+01 4.547400613313344593e+02 8.893987185774525983e+01
5.505295833334763302e+03 1.120939662731533204e+01 3.679304842683137178e+00 1.336178489798818525e+01 4.217517493991584843e+02 8.438264089158433023e+01
5.305367422190634898e+03 1.069770320431182498e+01 3.587441355185801317e+00 1.356082493272187328e+01 4.557879857674665800e+02 8.393777868758544969e+01
5.790095419352983299e+03 1.116903721412175443e+01 3.563754837632266526e+00 1.242651389227876102e+01 4.178180724784253357e+02 8.533482160880032552e+01
5.953003538966931046e+03 1.073912937025761849e+01 3.634796900961618338e+00 1.296248822856425775e+01 4.406631327051820790e+02 8.810178094945914040e+01
5.630259353344503324e+03 1.103348001818716995e+01 3.729203760194778727e+00 1.300819512020269286e+01 4.526797494074702399e+02 8.622201019129248323e+01
6.043584292596669002e+03 1.082934927559872484e+01 3.535856768873552269e+00 1.360427015358634151e+01 4.471605044787229417e+02 8.256698488706800276e+01
5.830291454694035565e+03 1.076366690775993007e+01 3.565096889506341071e+00 1.370829547997965925e+01 4.156821107256968162e+02 8.419165938023003548e+01
6.214157322463341188e+03 1.095435334935265814e+01 3.641562801410036077e+00 1.371750992051521401e+01 4.480554645808745136e+02 8.635643128650629308e+01
6.197129134460321438e+03 1.145768423605305131e+01 3.734256463341333099e+00 1.255695510063550202e+01 4.111495383801080834e+02 8.215351628080554747e+01
6.557854989854256928e+03 1.158968727716419522e+01 3.598755796723256850e+00 1.256997440362080454e+01 4.372965684900100882e+02 8.842553251819644800e+01
