2.000000000000000111e-01 3.682381300164202287e+00
1.000000000000000056e-01 3.742381300164202340e+00
5.000000000000000278e-02 3.914381300164202493e+00
3.333333333333333287e-02 4.034381300164202599e+00
2.000000000000000042e-02 4.198381300164202301e+00
1.250000000000000069e-02 4.434381300164202955e+00
1.000000000000000021e-02 4.558381300164202621e+00
6.666666666666667095e-03 4.756381300164202131e+00
5.000000000000000104e-03 4.900381300164202258e+00
4.000000000000000083e-03 5.040381300164202827e+00
3.333333333333333547e-03 5.172381300164202500e+00
