-4.892963295753500752e-01 6.028804852232676481e+00 3.389481111726601714e+00 2.780875699435366943e+00 1.458380523670924731e+03 6.167296637579653407e+02
3.427983315254482477e+01 6.088741986260142625e+00 3.350371364094940851e+00 2.734280943693996768e+00 1.465116411005912823e+03 6.288349608479913968e+02
3.180097787721758706e+01 7.746739798931045584e+00 4.503963837811357784e+00 3.279459119555152569e+00 1.424708402257299895e+03 5.991359981928748084e+02
5.116404149129811429e+01 8.109970365275476212e+00 4.353460910287431318e+00 3.208650671893380490e+00 1.443063574728324056e+03 5.881855303280142380e+02
1.025102974386914951e+02 8.305371951077599846e+00 4.572490058707028737e+00 3.240662010383313696e+00 1.922517835338775001e+02 7.856440955224607592e+01
1.528043876705660011e+02 8.231300831858227696e+00 4.588748781807173494e+00 3.330758791590429535e+00 2.007300138813219803e+02 7.667525735982943047e+01
1.922137256787691229e+02 8.259126899565336188e+00 4.738307216574957792e+00 3.386274468119116143e+00 3.452580814855197673e+02 7.970155747611131858e+01
2.518659429979110769e+02 8.810965914555817236e+00 4.826527390697674669e+00 3.584159994628830503e+00 3.714245784810839268e+02 1.457080673641080750e+02
2.881754870836980444e+02 8.690121657549326528e+00 4.837930164945105638e+00 3.631865618693486564e+00 3.527552334973790380e+02 1.403543031195200967e+02
3.426294734386383993e+02 8.548861005357197840e+00 4.708997998898611925e+00 3.720878012269192237e+00 3.756165751559112209e+02 1.382604621564913145e+02
3.923379892616939060e+02 9.110248180439528554e+00 5.041780383299577117e+00 3.594014493208129046e+00 3.607514152670092358e+02 1.501218424739195711e+02
5.135546393214120826e+02 9.756572064471708217e+00 5.267619059781950774e+00 3.841691898516826242e+00 3.685960339004681714e+02 1.398047039793415252e+02
6.038841334222952355e+02 1.046811871342148947e+01 5.607510212984332831e+00 4.241563593320855752e+00 3.447242180847882196e+02 1.497820936987883158e+02
6.514330824457166500e+02 1.110317909974424389e+01 6.282115010489817131e+00 4.205757589232237414e+00 7.550807957344811712e+02 3.020304671000654366e+02
8.158450854414726336e+02 1.069661604711679814e+01 6.368813806425077217e+00 4.491801316454423265e+00 7.649164065830926802e+02 2.977067759670727582e+02
9.405038833258934119e+02 1.074847084055307356e+01 6.238547566918924758e+00 4.491887437632155589e+00 7.177430320050056025e+02 3.271752051638118814e+02
1.012289718386511481e+03 1.181194246505427259e+01 6.251270667200489406e+00 4.541174894147040675e+00 7.496286966022257729e+02 2.996544315036027228e+02
1.105782257989677646e+03 1.132304150016179456e+01 6.312848355541052392e+00 4.909916697691187437e+00 7.468254170123468612e+02 3.026410866585364374e+02
1.237255504308418040e+03 1.155375176975814355e+01 6.267641188325708157e+00 4.692375102743984172e+00 7.558848174298226468e+02 3.121091673578609971e+02
1.275291311783993024e+03 1.241815733476113515e+01 6.376453063563866763e+00 4.979529387443889732e+00 7.500113955121860272e+02 3.230441749157287745e+02
1.450058327963611418e+03 1.242672518763022005e+01 6.922003613195508720e+00 4.956378454265631284e+00 7.155680464217427925e+02 3.271211660626352682e+02
1.655644600095934720e+03 1.267504082176882996e+01 6.399079742030673756e+00 4.766484020419068379e+00 7.737303374429525320e+02 3.164923881549882481e+02
1.709617131049678392e+03 1.279831556427421901e+01 6.810472579190952835e+00 5.143103152416967916e+00 8.371282381025047243e+02 3.125646262755561793e+02
1.901344655860869352e+03 1.250765750161624368e+01 6.603801488082322813e+00 4.985396853873267808e+00 8.156706009265574266e+02 3.156211317747734597e+02
2.236412029837249975e+03 1.280031984187527705e+01 7.319831248316781114e+00 5.442260044570144117e+00 8.045107406560861136e+02 3.208692699188749202e+02
2.188952809887153307e+03 1.270431529640579704e+01 7.147908727358202263e+00 5.567105432233545592e+00 7.777825929747409646e+02 2.989130291645439570e+02
2.561110926428215862e+03 1.353422509996190293e+01 7.167024628534615971e+00 5.240314806717475626e+00 8.216198507187828000e+02 3.147385831204208557e+02
2.662621932528074012e+03 1.299335085786863608e+01 6.978937327801277846e+00 5.451539267094779539e+00 8.280199369785627823e+02 3.038288358219409702e+02
2.973501493853944794e+03 1.410272029893030066e+01 7.053542361546054629e+00 5.744944432181675609e+00 7.735537280746511897e+02 3.022437505304031333e+02
2.932357239925318936e+03 7.959545116491805850e+00 0.000000000000000000e+00 9.304298634205682816e+00 7.912601940971416070e+02 3.227904228696729660e+02
3.114141124729630519e+03 8.113898668215359322e+00 0.000000000000000000e+00 9.650940755270736915e+00 5.919501171573502506e+04 0.000000000000000000e+00
3.135310078465931383e+03 8.424120362340767443e+00 0.000000000000000000e+00 1.004240197649500743e+01 5.832416236850062705e+04 0.000000000000000000e+00
3.279950625236841461e+03 8.223252873772681326e+00 0.000000000000000000e+00 1.025550291028216066e+01 5.838921728678406362e+04 0.000000000000000000e+00
3.138395022037536364e+03 8.995011602447485544e+00 0.000000000000000000e+00 1.050529072902038763e+01 5.689663693483777024e+04 0.000000000000000000e+00
3.299596549160546601e+03 9.187167380819923679e+00 0.000000000000000000e+00 1.101284715245994761e+01 5.833779197092844697e+04 0.000000000000000000e+00
3.393289198048166782e+03 9.158736789907546694e+00 0.000000000000000000e+00 1.027949620861373958e+01 5.820451472257093701e+04 0.000000000000000000e+00
3.704264634543904322e+03 9.106040552913865938e+00 0.000000000000000000e+00 1.136749047754558894e+01 5.904626774426079646e+04 0.000000000000000000e+00
3.626244264473669318e+03 9.130285740792574600e+00 0.000000000000000000e+00 1.070737048950166681e+01 5.897874732113057689e+04 0.000000000000000000e+00
3.655215385464858173e+03 9.351276133921023970e+00 0.000000000000000000e+00 1.077956581014075965e+01 5.745737601938169246e+04 0.000000000000000000e+00
3.815420163268472606e+03 9.238293569384712356e+00 0.000000000000000000e+00 1.161202711795814579e+01 5.579343281690000003e+04 0.000000000000000000e+00
4.092595016161272270e+03 9.020063457158011389e+00 0.000000000000000000e+00 1.147818424452131225e+01 5.882267388839166961e+04 0.000000000000000000e+00
4.034329203594544197e+03 9.784020826055227715e+00 0.000000000000000000e+00 1.105245890366616557e+01 5.784563725470680220e+04 0.000000000000000000e+00
3.979900114153823779e+03 9.263652232221268434e+00 0.000000000000000000e+00 1.121936051064217033e+01 6.022033102437257185e+04 0.000000000000000000e+00
4.463724963835563358e+03 9.779292778312017376e+00 0.000000000000000000e+00 1.208893712840331780e+01 5.964361434515162546e+04 0.000000000000000000e+00
4.369996354631323811e+03 1.030719947154159222e+01 0.000000000000000000e+00 1.115464709219947181e+01 5.888581362248376536e+04 0.000000000000000000e+00
4.248356079818498984e+03 9.437141087963210495e+00 0.000000000000000000e+00 1.225283795599923486e+01 5.556966814353103837e+04 0.000000000000000000e+00
4.529031673403062086e+03 1.011749778124199040e+01 0.000000000000000000e+00 1.205003846967134606e+01 5.860013455426804285e+04 0.000000000000000000e+00
4.828516245872649051e+03 9.970546646771660804e+00 0.000000000000000000e+00 1.135824195411548665e+01 6.028929149712887738e+04 0.000000000000000000e+00
4.722609739853956853e+03 1.008380793739579318e+01 0.000000000000000000e+00 1.250214238304271852e+01 5.564860952066876052e+04 0.000000000000000000e+00
4.896371028609404675e+03 9.883578119329676781e+00 0.000000000000000000e+00 1.214980520354601978e+01 5.651789207280713163e+04 0.000000000000000000e+00
4.848936634955182853e+03 1.004889680678568986e+01 0.000000000000000000e+00 1.182531246475855902e+01 5.563343267224538431e+04 0.000000000000000000e+00
5.288801646180158968e+03 1.054522626987199452e+01 0.000000000000000000e+00 1.170268039707317520e+01 6.030776195648786234e+04 0.000000000000000000e+00
4.980245109115938249e+03 1.055641625341946543e+01 0.000000000000000000e+00 1.209793019785631785e+01 5.906176373484712531e+04 0.000000000000000000e+00
5.218651091378153069e+03 1.069306194538845034e+01 3.401229082584023899e+00 1.254215898775135507e+01 4.575734742768419210e+02 8.880531640146099903e+01
5.060634133919560554e+03 1.144527027699076527e+01 3.411950292748640479e+00 1.283694837788551091e+01 4.550422545421557743e+02 8.257830521434712523e+01
5.436778193752104016e+03 1.064823053741564962e+01 3.675357327390954332e+00 1.257531203080649185e+01 4.584770301065578337e+02 8.409825334922027196e+01
5.504328423097934319e+03 1.163908240612380318e+01 3.606168343555336886e+00 1.274639331852090507e+01 4.502328927214578584e+02 8.645651947753378863e+01
5.566363859103216782e+03 1.085097947380156924e+01 3.468394158941408456e+00 1.262501809725491064e+01 4.435126494032419942e+02 8.154434735539626899e+01
5.782033514881011797e+03 1.073975822893962828e+01 3.758859641809828123e+00 1.343024988636465622e+01 4.508665319236087612e+02 8.905765544406308720e+01
5.718494629529956001e+03 1.141734692953749075e+01 3.738838321748691129e+00 1.311847630092290906e+01 4.407203091210117805e+02 8.459672881240685172e+01
6.048604946306291822e+03 1.065779736531489341e+01 3.766234289255983914e+00 1.267135568871959705e+01 4.215337274319726930e+02 8.922107683328215444e+01
6.069412353655253355e+03 1.171696082256315563e+01 3.798234196723514700e+00 1.254333936306887232e+01 4.250364725365177492e+02 8.428319827658029340e+01
5.860715305388105662e+03 1.108302734544224855e+01 3.537546493648848323e+00 1.334943229399862297e+01 4.295445325570707951e+02 8.881691229080921346e+01
6.345738801249825883e+03 1.136942939514880457e+01 3.741402123205924912e+00 1.285463811311332982e+01 4.358960166103953497e+02 8.454439348818837630e+01
5.984284870166136898e+03 1.147726136031096367e+01 3.482106798378405532e+00 1.331128157915087051e+01 4.241893152596172740e+02 8.684392510569131218e+01
6.251736454151443468e+03 1.145056509501998576e+01 3.643813247490595764e+00 1.271230928105426017e+01 4.409652007716819639e+02 8.213104520068995384e+01
6.260515942683307003e+03 1.164361851157610239e+01 3.715981206027719086e+00 1.300878684585012657e+01 4.519260234148912900e+02 8.365495202469594460e+01
