-1.570804132676605569e+00 6.151417921480812900e+00 3.646593981066869272e+00 2.911564716666834141e+00 1.279471894913278902e+03 5.794417992393397299e+02
3.074429721533650195e+01 5.621815704587931783e+00 3.496499328123106487e+00 2.909081582943364719e+00 1.474986883461455591e+03 5.712975731174426528e+02
3.111535011207244850e+01 7.408653445122482140e+00 4.435007906297081526e+00 3.579909051605628001e+00 1.507182610103033539e+03 5.848677839521295709e+02
4.207626490213651493e+01 7.582183193732721982e+00 4.502229113408184880e+00 3.067581605495928621e+00 1.389056102086024794e+03 5.492977110126093976e+02
8.191054372036933273e+01 8.255346259122511299e+00 4.560764776021446920e+00 3.545546160062503116e+00 2.169558382449784517e+02 7.537888929404762450e+01
1.708071651221535490e+02 7.613722409076890685e+00 4.610383629590271148e+00 3.488330699794637724e+00 1.974806253063512145e+02 7.724687253385815211e+01
1.848436467922816746e+02 8.437287268162604548e+00 4.749361595919528334e+00 3.433268051823484601e+00 3.870553128192616441e+02 7.572041496791818815e+01
2.644214887609077209e+02 8.279050511238954968e+00 4.442818315722417921e+00 3.230919078231872632e+00 3.359521622306039035e+02 1.291337192707533461e+02
3.125559129225321158e+02 9.424098775992215238e+00 5.081613217472952471e+00 3.705593301183680577e+00 3.900102163444622079e+02 1.468062789525605467e+02
3.928443462748953721e+02 8.782562788627895856e+00 4.465703037088571747e+00 3.317879581014833601e+00 3.578308014300648097e+02 1.392851427382516931e+02
4.479109194868110535e+02 8.497889643379817670e+00 4.844261582490823059e+00 3.806709267717783618e+00 3.831488124362248868e+02 1.465950126753862435e+02
4.595141488959433218e+02 1.051334410645103468e+01 4.817307385481609749e+00 4.212422649360465954e+00 3.623673699747276373e+02 1.412835972564778615e+02
5.021239942156178699e+02 1.076471610602286155e+01 5.834276560536435063e+00 4.120396762135624336e+00 3.299116919896632112e+02 1.294834080861185441e+02
5.442804431736784636e+02 1.063449370641260217e+01 6.556116302496782566e+00 4.286263748958707431e+00 6.836560174837003387e+02 2.809099202874448338e+02
8.061415653054327777e+02 1.098081191990947403e+01 5.875156200514752847e+00 4.457402437727128408e+00 7.962449214794763748e+02 2.909268810839853927e+02
7.724132536608218516e+02 1.188398869465011565e+01 6.060766609057792742e+00 4.708690145953102757e+00 7.481350780421638547e+02 3.125406799482168481e+02
8.672575368144570120e+02 1.249889944360292127e+01 6.146953286377628167e+00 4.575426384534225122e+00 7.255639846458606144e+02 2.884240867118629694e+02
1.089327845160675679e+03 1.133744592056652500e+01 6.359022497246078487e+00 4.765351739157474675e+00 8.016869303802268405e+02 2.926796192731438850e+02
1.225669977344550716e+03 1.202623652927819187e+01 6.690811295806867065e+00 4.679679618357727833e+00 7.752328053561084289e+02 2.909301470405745818e+02
1.495373129002297219e+03 1.185287439138551058e+01 7.174842450814825412e+00 5.099343918966443567e+00 8.129637187688767881e+02 3.212125692073824439e+02
1.319501042758453195e+03 1.145474001712402767e+01 6.325571718198945703e+00 4.513398182066511666e+00 7.275033794585787064e+02 3.161481796776345732e+02
1.624754769543476641e+03 1.328723663310783998e+01 7.364936244050207748e+00 4.814921831353190740e+00 7.046844561494712025e+02 3.279572806658359809e+02
2.014173306977049378e+03 1.294546911758484065e+01 6.933740579610577548e+00 5.346669897481158173e+00 7.672916610251348857e+02 3.420198714948977567e+02
2.124110373370183879e+03 1.211434660793336526e+01 7.033918699001337593e+00 5.471681929097912622e+00 8.071335149306001995e+02 3.161676108903754425e+02
1.801010875701864961e+03 1.404418045978370166e+01 6.962322982260210402e+00 5.833231795632483951e+00 8.278109412129282418e+02 3.019980560054104330e+02
1.942875846758660373e+03 1.257761002477692713e+01 7.426103655446428142e+00 5.000468154969555989e+00 8.676051758608672344e+02 3.036310798832899422e+02
2.087423987445948114e+03 1.378948796210600491e+01 6.477510459177254987e+00 5.806846724214181243e+00 8.729375737218358609e+02 3.073851892468620122e+02
2.579603469302808662e+03 1.331097428648820014e+01 7.207528120179844677e+00 5.461590379033079756e+00 8.038383301213561936e+02 3.379447165143318443e+02
3.198000841927295369e+03 1.307974359090347249e+01 6.930508856694022057e+00 5.943314789404340104e+00 7.330963841841372641e+02 3.321245487919703123e+02
3.327599441377675248e+03 7.493631266852269768e+00 0.000000000000000000e+00 9.069794555485186649e+00 7.818521972779331008e+02 3.115027035141596343e+02
3.408033285988446551e+03 8.003786407932896196e+00 0.000000000000000000e+00 9.205537122539693584e+00 5.554280587866805581e+04 0.000000000000000000e+00
2.885763214932698247e+03 8.696916553696274477e+00 0.000000000000000000e+00 9.705726127507311674e+00 6.114032998401165969e+04 0.000000000000000000e+00
2.853113104194223524e+03 8.032644418211996040e+00 0.000000000000000000e+00 1.066472006043564136e+01 5.505865158080372930e+04 0.000000000000000000e+00
3.096556237752990910e+03 9.094904770847161757e+00 0.000000000000000000e+00 9.466053788415342396e+00 5.385562011518914369e+04 0.000000000000000000e+00
3.525572580559938160e+03 8.114589427580886749e+00 0.000000000000000000e+00 1.134845284195320758e+01 5.982763150299546396e+04 0.000000000000000000e+00
2.918984088688445354e+03 8.505900763707694878e+00 0.000000000000000000e+00 1.138289829527493424e+01 5.980828258632732468e+04 0.000000000000000000e+00
3.684071976848803843e+03 8.313823843557752724e+00 0.000000000000000000e+00 1.103495502021432983e+01 5.716957734352685657e+04 0.000000000000000000e+00
3.570289643512290240e+03 8.550581644210897281e+00 0.000000000000000000e+00 1.025586900471948226e+01 5.237777578488144354e+04 0.000000000000000000e+00
4.299493812766410883e+03 8.828711309951662756e+00 0.000000000000000000e+00 1.045475287586150870e+01 5.397241260004314972e+04 0.000000000000000000e+00
3.735345711272573681e+03 9.941592553271952681e+00 0.000000000000000000e+00 1.205783396075310065e+01 5.515572912564658327e+04 0.000000000000000000e+00
4.724340330588244797e+03 9.023478687646310448e+00 0.000000000000000000e+00 1.167817043501349517e+01 5.650768107397035055e+04 0.000000000000000000e+00
4.043538797103562047e+03 9.198984100408809539e+00 0.000000000000000000e+00 1.136508613621392350e+01 5.647723749851698813e+04 0.000000000000000000e+00
4.306097517301086555e+03 9.012839571755495882e+00 0.000000000000000000e+00 1.048687351253694899e+01 6.276158318878017599e+04 0.000000000000000000e+00
3.726586256621162647e+03 8.908167229515163044e+00 0.000000000000000000e+00 1.114466505434785226e+01 5.619716184327762312e+04 0.000000000000000000e+00
5.232658478142097010e+03 9.402637316274551793e+00 0.000000000000000000e+00 1.102332243586274174e+01 6.261792160847499326e+04 0.000000000000000000e+00
3.842006537261951053e+03 8.932685038811152722e+00 0.000000000000000000e+00 1.249194860264926277e+01 5.891280542014889943e+04 0.000000000000000000e+00
5.433401008557676505e+03 9.880991548589118878e+00 0.000000000000000000e+00 1.069924039010052397e+01 5.897195115311550762e+04 0.000000000000000000e+00
4.408553661009402276e+03 9.351883842834471494e+00 0.000000000000000000e+00 1.115400723215840983e+01 6.124108991036400403e+04 0.000000000000000000e+00
4.077101471983211923e+03 1.112664684679831062e+01 0.000000000000000000e+00 1.275348952072014619e+01 6.173869396848310134e+04 0.000000000000000000e+00
5.540837190850589650e+03 1.026139669582905611e+01 0.000000000000000000e+00 1.231850054483110846e+01 5.435170970106914319e+04 0.000000000000000000e+00
5.444396724155212723e+03 1.066690383733819480e+01 0.000000000000000000e+00 1.137398179201963266e+01 6.191773819350612757e+04 0.000000000000000000e+00
4.055121498055335906e+03 1.031374926721310636e+01 0.000000000000000000e+00 1.110912192446162905e+01 6.103906681298337935e+04 0.000000000000000000e+00
4.841524930599704021e+03 1.111471839512430471e+01 0.000000000000000000e+00 1.111142406653173431e+01 6.089230645394662861e+04 0.000000000000000000e+00
4.388692223338862277e+03 1.018228553136433234e+01 3.165070732350756533e+00 1.258725699366048367e+01 4.790316632061865221e+02 8.965787769198630031e+01
5.204812780782410300e+03 1.118527114431787872e+01 3.717624806185011010e+00 1.293764829583714437e+01 4.821544356152522823e+02 8.665501954160831133e+01
5.849687258867976198e+03 1.141206888675877984e+01 3.572329125390399707e+00 1.334995961102890938e+01 4.826016059648472947e+02 8.343805555475164226e+01
4.419691695135870759e+03 1.169685247262619754e+01 3.265466403503891168e+00 1.171515480083347960e+01 4.415059643212313745e+02 8.340616634621706282e+01
5.448517258272666368e+03 1.020319461263248328e+01 3.536319115856063622e+00 1.347167118029600275e+01 4.193824428201666024e+02 7.917962113973037219e+01
4.988195547702385738e+03 1.193615806009577618e+01 3.434397108990726810e+00 1.215884412034723105e+01 4.424799241087063706e+02 8.199687399816707511e+01
4.884341152078096457e+03 1.100795961521856192e+01 3.951994127035548754e+00 1.192003893881480892e+01 4.634539775661607450e+02 9.224940981475234025e+01
6.333111752752071880e+03 1.015757671840894716e+01 3.472211580271759246e+00 1.377880397570333848e+01 3.916288685096249083e+02 9.207642950219913303e+01
6.893624809374654433e+03 1.148406125594857485e+01 3.583042831516664251e+00 1.223550522665870233e+01 4.327757150700575153e+02 8.774463946437721518e+01
6.591447687994093940e+03 1.178597612362211677e+01 3.514057377666294446e+00 1.346007595681347446e+01 4.399402803904704342e+02 7.928670021075976138e+01
6.084053945345237480e+03 1.163490385478866074e+01 3.948057266130412302e+00 1.313862043343222474e+01 4.072759765414203343e+02 8.616236778075905534e+01
6.566225420519455838e+03 1.164340406723947829e+01 3.508359453962586194e+00 1.411919995680369944e+01 4.740445767000736055e+02 9.214414846003701598e+01
6.576314120220311452e+03 1.161814989686109456e+01 3.605668029357347315e+00 1.421499098872312317e+01 4.232120235239340218e+02 7.816594441278446936e+01
5.168498242374143956e+03 1.102467463182181362e+01 3.524863473789753954e+00 1.399099446793148260e+01 4.613531849518638523e+02 7.783566400150519371e+01
