1.613357937138889531e-01 5.813903530474382464e+00 3.202191658489532688e+00 2.662984658059678100e+00 1.340256748905092536e+03 6.107618147730493092e+02
3.369153207336491818e+01 5.610663841898240634e+00 3.231768500133775923e+00 2.719276940538674747e+00 1.465938343554452103e+03 5.964085108444967318e+02
3.210058894758958559e+01 7.922639519918440065e+00 4.573871773142813346e+00 3.176964735191956546e+00 1.349173219809725651e+03 6.005353292555381586e+02
4.745016130770478213e+01 7.557717485964672299e+00 4.231366321669865371e+00 3.290930970470731243e+00 1.406702753974205280e+03 5.834152088224310546e+02
9.597977755511266196e+01 7.810989221373536573e+00 4.454911352199736108e+00 3.324132945191077937e+00 1.990691114409018212e+02 8.145427394322592818e+01
1.534933854127958170e+02 7.711208747700806221e+00 4.413765025528650021e+00 3.284479206747362490e+00 1.955312032127624491e+02 8.135730123076234577e+01
2.002425958854593944e+02 7.930644547132315481e+00 4.467708795050016057e+00 3.596840413861903674e+00 3.703500264030521407e+02 8.282733176831391120e+01
2.613348571859635285e+02 8.055996366012735166e+00 4.647337512826826611e+00 3.396812795381221051e+00 3.643581651778524702e+02 1.375404124299551825e+02
3.152019751551072204e+02 8.246320826309483820e+00 4.665356561518049006e+00 3.373476089033873304e+00 3.546364000594867889e+02 1.374881312067688555e+02
3.621894345442163399e+02 8.903768949056168225e+00 4.647669978252202405e+00 3.684697943323857583e+00 3.483265541623480885e+02 1.464831708050249404e+02
4.221809045959121818e+02 9.149870177776996627e+00 5.098387950285191650e+00 3.608394880670275473e+00 3.506556784512869740e+02 1.436237844596716116e+02
5.131828879710072897e+02 9.140911937429235579e+00 5.021453359517166426e+00 3.938804920073323501e+00 3.690555800953374614e+02 1.361677333144966724e+02
5.839473430825717060e+02 9.845786918276242972e+00 5.515563057038309402e+00 4.222386178266823720e+00 3.617285586504262938e+02 1.417664135824697951e+02
6.535194533985217049e+02 1.079398316896825172e+01 5.886002387033773431e+00 4.463738637098751738e+00 7.300085853919865713e+02 3.250987424048681760e+02
7.990301452391546491e+02 1.075622072035364774e+01 6.149567714790067363e+00 4.252162422075357995e+00 7.190519949700948246e+02 3.246256873267603282e+02
9.005052163566101626e+02 1.140245892565662267e+01 6.321342598414327441e+00 4.739558716273275962e+00 7.608580464375158954e+02 3.110438652882082806e+02
1.028253488410739465e+03 1.136710741908618694e+01 6.388953158983049718e+00 4.699853677314068889e+00 7.670277819591906336e+02 3.119897491276412325e+02
1.069717933766888791e+03 1.165605592191152695e+01 6.184621205586925186e+00 4.617123857869060544e+00 7.715798414085318200e+02 3.156208902941786505e+02
1.259581786869221332e+03 1.209654014623544427e+01 6.175028588178288480e+00 4.993350441557682373e+00 7.213746338566883196e+02 3.082094562902885286e+02
1.328954412607348559e+03 1.179085269592919438e+01 6.252508074249874426e+00 4.862625752581598348e+00 7.381153692860390265e+02 3.119246217192766721e+02
1.452676788899457279e+03 1.247377433730183149e+01 6.317265774759391661e+00 4.873247881355911026e+00 7.414718049206049955e+02 3.005861525872105062e+02
1.538702857374314135e+03 1.231489165902464400e+01 6.759861385855716165e+00 5.206963028835566831e+00 7.498792707991327688e+02 3.227804447226022830e+02
1.813053188476985042e+03 1.315017442997016950e+01 6.740972927226574818e+00 5.050592639309782861e+00 8.220254582094223679e+02 3.093853577738762510e+02
2.072174034703468351e+03 1.289172605280391437e+01 6.817129539549566353e+00 5.428307093587724452e+00 8.271449885992520876e+02 3.137764738309950303e+02
2.213943281273737284e+03 1.278498496791200090e+01 7.073558561968931180e+00 5.474260987763447162e+00 7.897408838732211507e+02 3.087026772238342573e+02
2.190180532752539875e+03 1.325220677965836202e+01 6.919035205876530092e+00 5.106481358465930320e+00 8.353205189861894269e+02 3.178153081728080451e+02
2.640143935112881536e+03 1.271549027242967611e+01 7.065049253878169289e+00 5.426919173962374110e+00 8.055519921577093783e+02 3.023109581691105632e+02
2.663019582787640047e+03 1.347391843250976251e+01 7.002533522889572204e+00 5.372825157221168269e+00 7.741562906222748097e+02 3.000298197429100924e+02
2.798063186234914610e+03 1.343248961951900355e+01 7.670331687605129289e+00 5.725454393196994118e+00 8.218460280511582141e+02 3.074845039182517894e+02
2.764195457642001656e+03 7.727432917037383220e+00 0.000000000000000000e+00 9.914258782904072476e+00 7.765763894011814727e+02 2.979226488161498878e+02
3.075452787212829207e+03 7.917989004332923741e+00 0.000000000000000000e+00 1.021793674847906530e+01 5.792211902534058754e+04 0.000000000000000000e+00
3.056821633741119967e+03 8.377543282038445227e+00 0.000000000000000000e+00 1.060988185708774623e+01 6.042158239546788536e+04 0.000000000000000000e+00
3.243242109724019883e+03 8.287861377105102179e+00 0.000000000000000000e+00 1.017146132068110376e+01 5.979691379943583888e+04 0.000000000000000000e+00
3.392252259928064632e+03 8.461961080314329919e+00 0.000000000000000000e+00 1.005814373926577332e+01 5.519326233501993556e+04 0.000000000000000000e+00
3.370968439670668886e+03 9.209811646496115500e+00 0.000000000000000000e+00 1.109745220244033881e+01 6.051811434798254049e+04 0.000000000000000000e+00
3.465696322116166812e+03 8.704143565038442887e+00 0.000000000000000000e+00 1.112899220896085239e+01 5.931556593470401276e+04 0.000000000000000000e+00
3.690453673510938188e+03 8.710843464290556781e+00 0.000000000000000000e+00 1.121658273184007726e+01 5.525534827895029593e+04 0.000000000000000000e+00
3.733345442551493761e+03 9.139505903952123589e+00 0.000000000000000000e+00 1.131904699306287121e+01 5.497279639680671971e+04 0.000000000000000000e+00
3.768327369268169605e+03 9.205141352517467013e+00 0.000000000000000000e+00 1.106056771105146197e+01 6.035278113347232284e+04 0.000000000000000000e+00
4.044886004920219420e+03 9.255736276752120517e+00 0.000000000000000000e+00 1.151472963629148616e+01 5.928844224478882825e+04 0.000000000000000000e+00
3.781748680797270481e+03 9.023871836550362957e+00 0.000000000000000000e+00 1.103870231060119877e+01 5.588868202820108127e+04 0.000000000000000000e+00
4.137969230293082546e+03 9.564426866633974456e+00 0.000000000000000000e+00 1.195815590652684079e+01 5.933147624613078369e+04 0.000000000000000000e+00
4.072019851579353144e+03 9.953083985506712139e+00 0.000000000000000000e+00 1.109525946337152114e+01 5.994446865360456286e+04 0.000000000000000000e+00
4.077427403081265311e+03 1.002649358379958855e+01 0.000000000000000000e+00 1.184374663677402850e+01 5.790100337224335817e+04 0.000000000000000000e+00
4.316161640618795900e+03 1.021701805527244034e+01 0.000000000000000000e+00 1.188369866438359779e+01 5.741845144706716383e+04 0.000000000000000000e+00
4.431180910474268785e+03 1.002231576801616875e+01 0.000000000000000000e+00 1.170953592724942993e+01 5.902083240230974479e+04 0.000000000000000000e+00
4.483678037767966089e+03 1.021818168378175073e+01 0.000000000000000000e+00 1.205880217517124819e+01 5.678703508615395549e+04 0.000000000000000000e+00
4.449763819026901729e+03 9.795644105143038516e+00 0.000000000000000000e+00 1.190195227047443360e+01 5.736631612324274465e+04 0.000000000000000000e+00
4.921010826496570189e+03 1.048730659847402080e+01 0.000000000000000000e+00 1.200237034762935018e+01 6.044675468917808030e+04 0.000000000000000000e+00
4.647092703051009266e+03 1.012729291455958958e+01 0.000000000000000000e+00 1.256709552341864189e+01 6.068500452097112429e+04 0.000000000000000000e+00
5.084741469826952198e+03 1.057180519913016781e+01 0.000000000000000000e+00 1.194830364321290439e+01 5.651576450214318902e+04 0.000000000000000000e+00
5.227212912843839149e+03 1.051387889859091906e+01 0.000000000000000000e+00 1.251535939108278583e+01 5.797413063196582516e+04 0.000000000000000000e+00
5.286211641560435055e+03 1.041111928578893320e+01 0.000000000000000000e+00 1.160797769801175860e+01 5.563276378754423786e+04 0.000000000000000000e+00
5.017333862255049098e+03 1.134055397397045795e+01 3.634623518659839014e+00 1.274688975440378158e+01 4.556099398427016922e+02 8.445980769441710834e+01
5.223482047108608640e+03 1.136169798124304720e+01 3.371174578192660309e+00 1.292585492441810757e+01 4.469339387171493172e+02 8.760053211047042510e+01
5.018641240627093794e+03 1.077415645861678506e+01 3.396558224366263534e+00 1.267712335219653674e+01 4.606015206260881882e+02 8.293303518346766623e+01
5.429074375205912474e+03 1.135212387178609283e+01 3.456591446587116145e+00 1.293382253926883152e+01 4.312633918639284047e+02 8.464433377339150866e+01
5.212491626112159793e+03 1.077064539870856130e+01 3.482068050031552175e+00 1.244007829811111243e+01 4.237601025039210754e+02 8.471400498726573858e+01
5.767425590490329341e+03 1.114018982518083156e+01 3.716262588906630970e+00 1.279214201753897306e+01 4.496856719715058261e+02 8.420369031600206711e+01
5.441482675983189438e+03 1.102557254799937780e+01 3.765401123065072131e+00 1.311359280573122099e+01 4.532360400994347174e+02 8.771908833393051452e+01
5.833106887395877493e+03 1.176304779292276237e+01 3.517870453965899813e+00 1.256650050672281438e+01 4.410370028995778284e+02 8.295842890247412527e+01
6.083551071845506158e+03 1.150855793678522332e+01 3.473884539456237874e+00 1.322525100132306619e+01 4.222793288321454384e+02 8.438291424749726843e+01
6.266470454567550405e+03 1.078692021623429653e+01 3.489779786873852707e+00 1.316529796970558408e+01 4.397221871437587311e+02 8.395954923096537925e+01
6.046959197029490497e+03 1.174876072875785304e+01 3.541674580462550015e+00 1.355367703613319641e+01 4.519674816597253084e+02 8.556267571334066702e+01
6.019525631107892877e+03 1.176786942064055808e+01 3.666433422514946638e+00 1.371004090384198371e+01 4.103845578394846711e+02 8.597428499002329261e+01
5.969733914019448093e+03 1.143757007899503542e+01 3.542935870161671996e+00 1.260922203139950426e+01 4.390220616764373176e+02 8.576478224979059917e+01
6.104715771025282265e+03 1.089954303146759962e+01 3.611083567035989539e+00 1.356138330660497360e+01 4.240349351891064771e+02 8.873385380455573568e+01
