2.000000000000000111e-01 3.208214630764650188e+00
1.000000000000000056e-01 3.320214630764650288e+00
5.000000000000000278e-02 3.756214630764650231e+00
3.333333333333333287e-02 4.006214630764650231e+00
2.000000000000000042e-02 4.094214630764650309e+00
1.250000000000000069e-02 4.142214630764650352e+00
1.000000000000000021e-02 4.194214630764649954e+00
6.666666666666667095e-03 4.366214630764650551e+00
5.000000000000000104e-03 4.548214630764650934e+00
4.000000000000000083e-03 4.712214630764650636e+00
3.333333333333333547e-03 4.850214630764650536e+00
