-1.262762098681968759e-02 5.754691947932568219e+00 3.315066513378917890e+00 2.717868367999863644e+00 1.330714615586167156e+03 6.102011027312180431e+02
3.275577220983377913e+01 5.743978593517425679e+00 3.475063491449170261e+00 2.766507744961300919e+00 1.468940041844950656e+03 5.817891160112724265e+02
3.207313219429445184e+01 7.840228194677361984e+00 4.205612840309672862e+00 3.457611138075741941e+00 1.355693764927870461e+03 5.776819731393634356e+02
4.845756234178301014e+01 7.743868155594911151e+00 4.280933015843833900e+00 3.266784739840600249e+00 1.442879747287455075e+03 6.183083329282138720e+02
9.703703894812035458e+01 7.822980368568717147e+00 4.273044034544760450e+00 3.428158969432349323e+00 2.049328542808619886e+02 8.337950158961024272e+01
1.479178807814177787e+02 8.010709185437695723e+00 4.437896992336813895e+00 3.561966239098826481e+00 2.091395929495762971e+02 8.280708081503873075e+01
2.039858853780518189e+02 7.918554421258659382e+00 4.388713294378563390e+00 3.619024456352411434e+00 3.543564058614254009e+02 8.068970863471889743e+01
2.554892416029755964e+02 8.502374837460090262e+00 4.512594240379399047e+00 3.506363743076549078e+00 3.528112929634755233e+02 1.402294920953982000e+02
2.982572277937363765e+02 8.390862050817156970e+00 4.905570220196926456e+00 3.653484455638165151e+00 3.699586882248080997e+02 1.398761277882022682e+02
3.414792850161360320e+02 8.950275929133900021e+00 5.038999228112107431e+00 3.415902408222029951e+00 3.446709568486638773e+02 1.390424486681548331e+02
4.081839730745404040e+02 8.832605046555467965e+00 5.104480022064536548e+00 3.499599019007015865e+00 3.503582309897410596e+02 1.397812991153645328e+02
5.149366996414985351e+02 9.409540605819588066e+00 5.262368492446594104e+00 3.670415299752387561e+00 3.512648139877305198e+02 1.458992298966141163e+02
6.149699973279964524e+02 9.835741010970298959e+00 5.734058755721026301e+00 4.222585450914748684e+00 3.528001369257268607e+02 1.382506249531096501e+02
6.924714076278448829e+02 1.061044237002015755e+01 6.026580561024837301e+00 4.169608676648270951e+00 7.131380035033419063e+02 3.167239962355694161e+02
7.984289904407459062e+02 1.086604076494119475e+01 5.963262105482601605e+00 4.571180238675975893e+00 7.246511710683965930e+02 3.161722642926023354e+02
8.895641801904472459e+02 1.081208771228583920e+01 6.440913706253758697e+00 4.395640980979032442e+00 7.580128038610818066e+02 3.117710559460011837e+02
9.914468033162945630e+02 1.137003215973327563e+01 6.555405965664199641e+00 4.865323026068502088e+00 7.421368269054536313e+02 3.053354425243923629e+02
1.062339948718729374e+03 1.206082438963672310e+01 6.117845083917063498e+00 4.690506675675610637e+00 7.725560313588492818e+02 3.147356102488496390e+02
1.142798766920959451e+03 1.191318074607307409e+01 6.276666492826607602e+00 4.773373564794642476e+00 7.262316399132485003e+02 3.158853094178277274e+02
1.258870424312497789e+03 1.162170542958715735e+01 6.835022116431877848e+00 4.798566400191876191e+00 7.513814790408032422e+02 3.211602948517262917e+02
1.443351451023013169e+03 1.241232345805942572e+01 6.433466380102699667e+00 4.910576305387642115e+00 7.357135312792091781e+02 3.210917307853251828e+02
1.623803733964888579e+03 1.233124657874833474e+01 6.931598498959288257e+00 4.992647973056591582e+00 7.346472290551192827e+02 3.182951415763994305e+02
1.745258262036709766e+03 1.198768655613910994e+01 6.900611623103513281e+00 5.092017418555531805e+00 8.130396933760247293e+02 3.206423725313809427e+02
2.050438458612713930e+03 1.267228407049370809e+01 6.805232510780374611e+00 5.418927741580326973e+00 8.305559816414004217e+02 3.038475034146337066e+02
2.305066980288646391e+03 1.350137692907018128e+01 6.978489240572793406e+00 5.574415505093861967e+00 7.605404796899413213e+02 3.214373515416017426e+02
2.233390951453320213e+03 1.288532188300929171e+01 6.975402418821968986e+00 5.215430618091525083e+00 8.291978551869292460e+02 3.198145913807011311e+02
2.541133927080315061e+03 1.326687370369944396e+01 6.904727310338844681e+00 5.645940312177209819e+00 8.370161330036864911e+02 3.183051711258010528e+02
2.591314245718380334e+03 1.355943028005714979e+01 7.319508883495739582e+00 5.314805788276943055e+00 8.226366567026689154e+02 3.009772860963620928e+02
3.017344348016044933e+03 1.352264276700336332e+01 7.579282714191124093e+00 5.725194679487437099e+00 8.241896765014752191e+02 3.196079779681453488e+02
2.841658083977525166e+03 7.913006411954131458e+00 0.000000000000000000e+00 9.489690365496761260e+00 8.079561265291463314e+02 3.236544491236497834e+02
2.902638395127149579e+03 8.460204048070018246e+00 0.000000000000000000e+00 1.042687665851183176e+01 6.022541423431994190e+04 0.000000000000000000e+00
3.116469778937007504e+03 8.561879924483044135e+00 0.000000000000000000e+00 1.035245389700351026e+01 6.042982246495809522e+04 0.000000000000000000e+00
3.204538426499844718e+03 8.628125905818006203e+00 0.000000000000000000e+00 1.036045389262802630e+01 5.906733911785130476e+04 0.000000000000000000e+00
3.211430285050603743e+03 8.358800567702603601e+00 0.000000000000000000e+00 1.019148036774326727e+01 5.561080498521853588e+04 0.000000000000000000e+00
3.482833747641607260e+03 9.151175720548192061e+00 0.000000000000000000e+00 1.112938033638420343e+01 5.523728242152780149e+04 0.000000000000000000e+00
3.585130976069931876e+03 9.234531682606572645e+00 0.000000000000000000e+00 1.095006273163106592e+01 5.993099474631863995e+04 0.000000000000000000e+00
3.501365107584050747e+03 9.405405390774062013e+00 0.000000000000000000e+00 1.130218631761302106e+01 5.715163328869133693e+04 0.000000000000000000e+00
3.528799531844765625e+03 9.131779528668547030e+00 0.000000000000000000e+00 1.132894533676916637e+01 6.028169443186250282e+04 0.000000000000000000e+00
3.892091200756430680e+03 9.174661546646142085e+00 0.000000000000000000e+00 1.065552710364013045e+01 5.734146785471546173e+04 0.000000000000000000e+00
3.769832392263661404e+03 9.162557395866553378e+00 0.000000000000000000e+00 1.148382293724587200e+01 5.754486249321675859e+04 0.000000000000000000e+00
3.843357932222638283e+03 9.864386590756378581e+00 0.000000000000000000e+00 1.141971609411343280e+01 5.692097416891989269e+04 0.000000000000000000e+00
3.925604190698316415e+03 9.984258884647742249e+00 0.000000000000000000e+00 1.189568680324853567e+01 5.592667030943090504e+04 0.000000000000000000e+00
4.198111087304236207e+03 9.265143166166216915e+00 0.000000000000000000e+00 1.203104650658913144e+01 5.667997107962655718e+04 0.000000000000000000e+00
4.213198814198552100e+03 1.005858182640450948e+01 0.000000000000000000e+00 1.157350321039613483e+01 5.994894194922692986e+04 0.000000000000000000e+00
4.440113867003860832e+03 1.007206627941088151e+01 0.000000000000000000e+00 1.195016245198347704e+01 5.556603907293707744e+04 0.000000000000000000e+00
4.567909373605097244e+03 9.536511802815258676e+00 0.000000000000000000e+00 1.153558063300982184e+01 5.797944363404851902e+04 0.000000000000000000e+00
4.608646354987969062e+03 9.615998901499589024e+00 0.000000000000000000e+00 1.160616839680355206e+01 5.770680333112058725e+04 0.000000000000000000e+00
4.500624484271789697e+03 1.002075412823559653e+01 0.000000000000000000e+00 1.172682341795374228e+01 5.805461310804249661e+04 0.000000000000000000e+00
4.943018077337544128e+03 9.782898636670129378e+00 0.000000000000000000e+00 1.237997988603003208e+01 5.609418441459457972e+04 0.000000000000000000e+00
4.650259461041409850e+03 9.938811979777876005e+00 0.000000000000000000e+00 1.249418601062074075e+01 5.780141220193330810e+04 0.000000000000000000e+00
4.871394139659651955e+03 1.070324702932697392e+01 0.000000000000000000e+00 1.157929945293666663e+01 6.018805563912211073e+04 0.000000000000000000e+00
5.022992878612138156e+03 1.066344822913080748e+01 0.000000000000000000e+00 1.200562085436421711e+01 5.787751191707511316e+04 0.000000000000000000e+00
5.361733458735282511e+03 1.048087177737897413e+01 0.000000000000000000e+00 1.227164440714676807e+01 5.605812967129887693e+04 0.000000000000000000e+00
5.151244159856186343e+03 1.117505048984338956e+01 3.366292039388449897e+00 1.258812700668738493e+01 4.399044956956559531e+02 8.918169172461806227e+01
5.384790192954551458e+03 1.143325052457150726e+01 3.671217216079925461e+00 1.301801289233913828e+01 4.255121687340275685e+02 8.420672106727401740e+01
5.433256132537894700e+03 1.115912454748154659e+01 3.620657824385533186e+00 1.286988979114233622e+01 4.476935398410894891e+02 8.496421353777510888e+01
5.206351820431833403e+03 1.115104457223718271e+01 3.570806316776653500e+00 1.297699867132574703e+01 4.462405057234508376e+02 8.337447420316188129e+01
5.314074289839884841e+03 1.111108511312472835e+01 3.571683739156427340e+00 1.254664691995219350e+01 4.311609630864318206e+02 8.080484634808993860e+01
5.357049462664930616e+03 1.146112101159068786e+01 3.554050956324815935e+00 1.348855378995687104e+01 4.258165496877353462e+02 8.421813301881184088e+01
5.494906054846564075e+03 1.078892729322521404e+01 3.479919682112151413e+00 1.255559383263324769e+01 4.424611621568295163e+02 8.676448834260037302e+01
5.621775790524053264e+03 1.148763266903737090e+01 3.512369475912004102e+00 1.315959576946679199e+01 4.338227782313886109e+02 8.568995392133025746e+01
5.582526323150148528e+03 1.124980026242841724e+01 3.786876177704076696e+00 1.340933167545615134e+01 4.504764562961390766e+02 8.303538801245048262e+01
6.014960700749307762e+03 1.159553074976831510e+01 3.825258014027260067e+00 1.253696630985927385e+01 4.258103498322507221e+02 8.357697389952761569e+01
6.120965299370644971e+03 1.133617037295996077e+01 3.496519167843726628e+00 1.241842107981099552e+01 4.314182051286752539e+02 8.076172744189868524e+01
6.104368000887599010e+03 1.079976394189754885e+01 3.640492424743656308e+00 1.323439366088675939e+01 4.203510833263297855e+02 8.732258806201254231e+01
6.523394911352199415e+03 1.113586299548245506e+01 3.808855427823046647e+00 1.247582824620377373e+01 4.265064416631090580e+02 8.219360620091764247e+01
6.341193039365117329e+03 1.111461310588800799e+01 3.625426841314142834e+00 1.299397884801549985e+01 4.321126170093812107e+02 8.699044859841487209e+01
