4.031369643782035661e-01 5.751882738651142191e+00 3.186667530228405543e+00 2.924032505529007064e+00 1.454971265075663723e+03 6.249444074060985486e+02
3.362738717970004387e+01 5.744174207264796550e+00 3.199482205013676417e+00 2.792579236683346622e+00 1.458879441487200893e+03 5.863114180092732113e+02
3.296477774899301494e+01 7.749655057989714990e+00 4.523864817408412620e+00 3.451941978857632431e+00 1.453605364857779250e+03 6.227224327985364880e+02
4.980359164116491399e+01 7.805867603173049396e+00 4.515847033681567702e+00 3.308879858480830105e+00 1.444711622455495672e+03 6.263947168890681496e+02
1.040122474556003738e+02 7.614790719893172799e+00 4.639348795549035565e+00 3.269088742079309995e+00 2.068809120090436977e+02 7.713123735262050218e+01
1.450302281474557731e+02 8.249318446201300503e+00 4.543908226352225910e+00 3.454398439458135073e+00 2.067079795735920698e+02 8.157959537468187250e+01
2.035371555968455368e+02 8.231799664695179430e+00 4.774583503248853944e+00 3.428039751479137642e+00 3.629645114347176786e+02 8.192001621736727657e+01
2.427342514892503118e+02 8.330927778239454184e+00 4.696536412199829869e+00 3.536524508506444953e+00 3.593590334950146143e+02 1.393348446131365108e+02
2.881726147921104371e+02 8.950376577535557487e+00 4.771736676973744373e+00 3.582427550735468813e+00 3.778729102042541967e+02 1.452099321576583009e+02
3.676767943675799870e+02 8.570447801285771661e+00 5.085458517265882605e+00 3.522965469575606967e+00 3.750943910531259462e+02 1.490455621027963105e+02
4.157766409370555039e+02 9.035288720098327175e+00 5.059727065574343818e+00 3.801778366034905154e+00 3.553307375786686180e+02 1.411694040760094708e+02
4.797738054135297716e+02 9.713332169523654969e+00 5.511294806661137358e+00 3.853011981660428020e+00 3.758368158018096210e+02 1.480631952214920375e+02
5.850528433913420940e+02 1.057060260502139748e+01 5.642561182363294847e+00 4.054438806100155723e+00 3.732852708536927935e+02 1.468465170306777168e+02
6.604417547452138706e+02 1.082495157079855730e+01 6.227730684470389910e+00 4.519791903035128122e+00 7.476151442464052934e+02 3.210303968201976659e+02
7.641369157334098645e+02 1.051936410544039191e+01 5.901666711994732140e+00 4.519715328345486505e+00 7.127637438876867009e+02 3.171391259202916899e+02
9.175496370289223478e+02 1.151523742822733354e+01 6.067439737856222592e+00 4.441160601217648107e+00 7.398814565883216119e+02 3.070106757046801818e+02
1.040148955869469773e+03 1.126866152249858288e+01 6.218704041328729559e+00 4.417506093392407962e+00 7.595054104359427356e+02 3.186176684035658582e+02
1.045582182542798137e+03 1.179025675159835806e+01 6.667084003481622112e+00 4.614051839574879743e+00 7.035016730709886588e+02 2.985470238210465936e+02
1.257269127604100504e+03 1.155435299130999560e+01 6.533971713374350010e+00 4.859890994538128339e+00 7.591088608631769148e+02 3.063748873196668683e+02
1.264437920236858190e+03 1.196224235092538102e+01 6.303523072635520030e+00 5.057224824366507221e+00 7.549834125220733085e+02 3.219541764820741037e+02
1.353516325429449807e+03 1.191888318468963526e+01 6.574694896994842885e+00 4.828170831289942733e+00 7.228930416348428025e+02 3.050402227523903775e+02
1.627735478963087417e+03 1.208741831282472390e+01 6.888365586925946360e+00 5.029006565998694001e+00 7.053799637369288575e+02 3.185787079095446757e+02
1.767446551535638719e+03 1.256041409236384609e+01 7.134873980141448691e+00 5.186723106822555884e+00 7.713184547127585802e+02 3.123601082411561265e+02
2.028909852248659945e+03 1.252575684224313868e+01 6.751576308656969339e+00 5.421910335607136311e+00 7.963491166649999968e+02 3.181757287075115528e+02
2.154037218506122372e+03 1.357300302143688953e+01 7.177689458186253368e+00 5.569466611603492545e+00 8.238293339137994735e+02 3.157683208558142383e+02
2.189091210974847854e+03 1.300380010541302056e+01 7.265373260311926096e+00 5.174442327439269462e+00 7.923466142559676655e+02 3.262301686804545966e+02
2.689805181299700507e+03 1.365753112141761250e+01 6.725949021045795284e+00 5.229229346566911296e+00 7.619122616856752757e+02 3.084488904025857892e+02
2.555786395716474999e+03 1.417488562422783538e+01 7.010065084848156935e+00 5.645025775767870790e+00 8.208279643233275920e+02 3.275880507433740831e+02
2.788911652843429238e+03 1.331537007916345416e+01 7.624534437620134497e+00 5.780793209793922749e+00 7.691324776157912311e+02 3.115011457865685429e+02
3.020106886585976554e+03 7.883631740190867987e+00 0.000000000000000000e+00 9.896120117784043657e+00 8.042181960829358331e+02 3.268636246080066599e+02
2.887503745819339201e+03 8.504925117311074700e+00 0.000000000000000000e+00 9.732510772066572002e+00 5.732448033328851307e+04 0.000000000000000000e+00
3.123131333407194234e+03 7.969092975210468666e+00 0.000000000000000000e+00 1.067380327484644909e+01 6.011359244838290761e+04 0.000000000000000000e+00
3.274824913110012858e+03 8.334448044536474143e+00 0.000000000000000000e+00 1.049653469395665262e+01 6.012119394148095307e+04 0.000000000000000000e+00
3.291119352603699554e+03 8.543945580522386507e+00 0.000000000000000000e+00 1.030373220165450832e+01 5.766163474281998788e+04 0.000000000000000000e+00
3.513480151657513034e+03 8.574895510769197315e+00 0.000000000000000000e+00 1.077004668934501908e+01 5.921490121321853076e+04 0.000000000000000000e+00
3.467964400554451004e+03 8.591887339640031485e+00 0.000000000000000000e+00 1.099242367142664101e+01 5.643655203403270571e+04 0.000000000000000000e+00
3.492451465870655738e+03 8.881827870981870987e+00 0.000000000000000000e+00 1.125916969238701704e+01 6.048078719741400710e+04 0.000000000000000000e+00
3.556827166791978016e+03 8.968123166264600599e+00 0.000000000000000000e+00 1.132243156715833621e+01 5.531098600345148589e+04 0.000000000000000000e+00
3.623845167668849172e+03 8.887872333979474959e+00 0.000000000000000000e+00 1.153913357004190665e+01 5.799569396879531268e+04 0.000000000000000000e+00
3.855958246699541633e+03 9.339634430957056921e+00 0.000000000000000000e+00 1.095003359657187936e+01 5.978590748117287876e+04 0.000000000000000000e+00
4.086146424240982924e+03 9.584574001506354080e+00 0.000000000000000000e+00 1.152324256668628166e+01 5.842756590413078811e+04 0.000000000000000000e+00
4.166869588739039500e+03 9.558252492519409671e+00 0.000000000000000000e+00 1.193605915322383737e+01 6.017209060802933527e+04 0.000000000000000000e+00
4.022893236901567889e+03 9.423039909913748957e+00 0.000000000000000000e+00 1.176626616414910664e+01 5.526138971199053776e+04 0.000000000000000000e+00
4.108786951110977498e+03 9.473830618927900460e+00 0.000000000000000000e+00 1.149775803807507302e+01 5.756658871369252302e+04 0.000000000000000000e+00
4.239377184769293308e+03 1.023847002675457674e+01 0.000000000000000000e+00 1.187897575236787340e+01 5.956056282349896355e+04 0.000000000000000000e+00
4.303506869019356600e+03 9.472439951295140048e+00 0.000000000000000000e+00 1.134392066812696953e+01 5.972208409856722574e+04 0.000000000000000000e+00
4.594936238185592629e+03 9.508094382599745487e+00 0.000000000000000000e+00 1.216527288466811285e+01 6.067542192650451761e+04 0.000000000000000000e+00
4.589710115970558036e+03 9.641944543295354109e+00 0.000000000000000000e+00 1.187577609280679170e+01 5.710952206688679144e+04 0.000000000000000000e+00
4.799022696223542880e+03 1.017048615834197101e+01 0.000000000000000000e+00 1.243677825153928573e+01 5.641988236946379766e+04 0.000000000000000000e+00
5.102125330142863277e+03 1.017763962433903480e+01 0.000000000000000000e+00 1.154262085621208023e+01 5.863785715648956830e+04 0.000000000000000000e+00
4.949056448197938153e+03 1.053572574957344798e+01 0.000000000000000000e+00 1.215579557727721571e+01 6.010577699554229184e+04 0.000000000000000000e+00
4.820795909340615253e+03 1.075892925634506270e+01 0.000000000000000000e+00 1.193545859587240798e+01 5.635642962234336301e+04 0.000000000000000000e+00
4.924137961046698365e+03 1.071604849041228746e+01 0.000000000000000000e+00 1.223076532045952192e+01 5.640449456758140877e+04 0.000000000000000000e+00
5.247312648743144564e+03 1.057734372408994972e+01 3.334984056704980659e+00 1.226460068287802763e+01 4.442168717133818632e+02 8.709078264378577217e+01
5.335080461910182748e+03 1.142345984123202385e+01 3.397740444612632249e+00 1.215320306557121022e+01 4.541789007397949831e+02 8.274809342643006005e+01
5.208126085333844458e+03 1.073923785867829928e+01 3.479989092177536936e+00 1.320738486075095253e+01 4.249504341926456163e+02 8.243367248639457046e+01
5.109649035993700636e+03 1.160503078323074710e+01 3.608959164883456694e+00 1.304401214538622078e+01 4.458488546023492631e+02 8.222440466282880323e+01
5.714573933814567681e+03 1.140001486984868251e+01 3.677668847873380997e+00 1.266174686003557603e+01 4.403124727549854924e+02 8.142122907920706609e+01
5.778141011263828659e+03 1.126706384166511121e+01 3.436683719276369509e+00 1.246086508725150743e+01 4.173362569573585006e+02 8.593027685706726970e+01
5.436366723210543569e+03 1.077232731981614577e+01 3.508921741982661935e+00 1.302289085945614211e+01 4.239145345634848923e+02 8.129332570359241572e+01
5.719619179266024730e+03 1.087823078785193864e+01 3.674066663708244196e+00 1.348384281391036410e+01 4.300152386062804908e+02 8.534736735896377979e+01
5.709699915207436788e+03 1.090555748233136413e+01 3.544421262933158623e+00 1.267178680163015692e+01 4.121955754219911228e+02 8.584719214172999102e+01
5.750480252141594065e+03 1.084351742643957017e+01 3.620563223923574547e+00 1.308649677077295692e+01 4.414152744888448296e+02 8.828859437199925253e+01
5.852501102083331716e+03 1.116553189379021660e+01 3.497068039955796070e+00 1.355647447248518489e+01 4.132068438311570731e+02 8.664507474283011845e+01
6.480030914353930712e+03 1.116153066110891423e+01 3.713294349845324582e+00 1.245578686838689286e+01 4.331910236823603668e+02 8.218307881724220465e+01
6.110267468025794187e+03 1.126193482898620069e+01 3.523892097345113772e+00 1.256726854653542524e+01 4.496695427167267667e+02 8.438744279280635396e+01
6.542092834355698869e+03 1.081392674994360803e+01 3.598081065017408431e+00 1.252196676579000467e+01 4.496961438765500816e+02 8.236674682179280182e+01
