1.341595322078479313e-01 5.588316276058313825e+00 3.362929700563469737e+00 2.763286691811672746e+00 1.401829901204338057e+03 6.132586369774122659e+02
3.104513232108708110e+01 5.689287209650612631e+00 3.409062919461625984e+00 2.929434348022931900e+00 1.461150997435267982e+03 5.882879124641868884e+02
3.416363302824970560e+01 7.579592493674005560e+00 4.326341746160054846e+00 3.216573522830722620e+00 1.395402068935358102e+03 6.127348934730173369e+02
4.881447497176694128e+01 7.979717471296256193e+00 4.537745052196251905e+00 3.195139575850283187e+00 1.444544098970814275e+03 5.936522275872684986e+02
1.047906618433445516e+02 7.572206132323490380e+00 4.228591268228398370e+00 3.238687514706080073e+00 2.046439768282372142e+02 7.848160097254543643e+01
1.496781708105878010e+02 7.865878315033653756e+00 4.433169916337765137e+00 3.510149191372890165e+00 2.005132121939959120e+02 7.803326069680507260e+01
1.942676283644187833e+02 8.566234539522305624e+00 4.493918066752370599e+00 3.631519437014203433e+00 3.434206255217839612e+02 7.912677046189152463e+01
2.619075161939588270e+02 8.452373596692186908e+00 4.705709658257218209e+00 3.574798062207323657e+00 3.704799773175305972e+02 1.456346914863651136e+02
3.135023859286672518e+02 8.798922283046596959e+00 4.836840574378807212e+00 3.607356351660642613e+00 3.441924959259608272e+02 1.451520611422844524e+02
3.396068596308145970e+02 8.577028356352101923e+00 4.717024092974592797e+00 3.573590278056373748e+00 3.512984221709637609e+02 1.435161754377843408e+02
4.293180668070442039e+02 9.099996151357522933e+00 5.088467285972324561e+00 3.753462899638709160e+00 3.459484251755560535e+02 1.410009959447564825e+02
5.146262449100458980e+02 9.805118198975335986e+00 5.027189976822773687e+00 3.777252245308964529e+00 3.746828480869392024e+02 1.401399440872264108e+02
5.888400380126284972e+02 9.948369350176216486e+00 5.708549172602396027e+00 4.004301597308344896e+00 3.639838264241199681e+02 1.433891382580252696e+02
6.901166750414272428e+02 1.097104433759452391e+01 5.788735227724927768e+00 4.234698049653560226e+00 7.208619009509773150e+02 3.164443969942029184e+02
7.647324689270126328e+02 1.093065799931907023e+01 6.221088565489941935e+00 4.573558997485437594e+00 7.445105243425006165e+02 3.078567935728297016e+02
8.648079859311469590e+02 1.097746072672924811e+01 6.323690918261002381e+00 4.480594762988696189e+00 7.349313894501037794e+02 3.246826033188733049e+02
1.045537934369956474e+03 1.185788891062474448e+01 6.471757326866921289e+00 4.530289033733238213e+00 7.295910154226170334e+02 3.013292761116400698e+02
1.151548118067865516e+03 1.156740098340778822e+01 6.130018844466649242e+00 4.813240078344081851e+00 7.472266500839160699e+02 3.118118529816500768e+02
1.153091612904569956e+03 1.193257524894411148e+01 6.342512478403971699e+00 4.928694297777837185e+00 7.743198277049013996e+02 3.072667133597956308e+02
1.318640980846511184e+03 1.220480786336770507e+01 6.366210281896609757e+00 4.879740246631266487e+00 7.433941924386019764e+02 3.087293787568042376e+02
1.390913842504934792e+03 1.232226728263038318e+01 6.603569079223149174e+00 4.879653243863090850e+00 7.614798277048492992e+02 3.261663990201291767e+02
1.614342987853167642e+03 1.202360093481847159e+01 6.653660891041830006e+00 5.077309483812014967e+00 7.628713692293665645e+02 3.171028207284957716e+02
1.869907912320208197e+03 1.225721525452989802e+01 6.734149605504160974e+00 5.105986525784564023e+00 8.138663114018748956e+02 3.031718528138675879e+02
2.050683976708411592e+03 1.340921366943746129e+01 7.276143804090009048e+00 5.067389230995579474e+00 7.888228277645373510e+02 3.035896573856334157e+02
2.159857719556859593e+03 1.354448414616375196e+01 6.978118557888076445e+00 5.531115368326836368e+00 7.981732755857455004e+02 3.176215255671486943e+02
2.401703235578092517e+03 1.362825996738814638e+01 6.948881028844228425e+00 5.254267627499978666e+00 7.842570390117758734e+02 2.980807213225355099e+02
2.479915280553424509e+03 1.318081582607674562e+01 7.039824927330336379e+00 5.293968268240519137e+00 7.660537107888656010e+02 3.213281888799858166e+02
2.640200938191890145e+03 1.366542192616421758e+01 7.376227595480888688e+00 5.485319400980028348e+00 8.362399448837225009e+02 3.171677852098989092e+02
2.860112429902480471e+03 1.387112815768318619e+01 7.524587283930309844e+00 5.743893422405880855e+00 7.820989584566017356e+02 3.043248745521034948e+02
2.852911552277156716e+03 8.428567241397818322e+00 0.000000000000000000e+00 9.629835194320870428e+00 7.847495355866624323e+02 3.104664969570418407e+02
2.901335176859990497e+03 8.317179212044045755e+00 0.000000000000000000e+00 1.050801949239345312e+01 5.509471965154497593e+04 0.000000000000000000e+00
2.953510728963111433e+03 8.670007136899474887e+00 0.000000000000000000e+00 9.677640743842555793e+00 5.847090817445153516e+04 0.000000000000000000e+00
3.208321329905080347e+03 8.725114893845612229e+00 0.000000000000000000e+00 1.060531616935642418e+01 6.017808997391579760e+04 0.000000000000000000e+00
3.126964466996276315e+03 8.263022653868116407e+00 0.000000000000000000e+00 1.054085419592575690e+01 5.516010777829896688e+04 0.000000000000000000e+00
3.383938449034160385e+03 8.380910743878857261e+00 0.000000000000000000e+00 1.107405513112204609e+01 6.001959220555610227e+04 0.000000000000000000e+00
3.420153126913809956e+03 9.353417231068904769e+00 0.000000000000000000e+00 1.114565050303420257e+01 6.015787838919049682e+04 0.000000000000000000e+00
3.522137161137902694e+03 9.254636235933048738e+00 0.000000000000000000e+00 1.064952533521008959e+01 5.638286550499516306e+04 0.000000000000000000e+00
3.667151387523214908e+03 9.117156719970070711e+00 0.000000000000000000e+00 1.125123841581262418e+01 5.799112153070669592e+04 0.000000000000000000e+00
3.935565931318555158e+03 8.906665694969730040e+00 0.000000000000000000e+00 1.081797417945751683e+01 5.687246131310326018e+04 0.000000000000000000e+00
3.953978260476652849e+03 9.213988579652017563e+00 0.000000000000000000e+00 1.122061652756968897e+01 6.032716415266723197e+04 0.000000000000000000e+00
4.047404787185123951e+03 9.455835154100368456e+00 0.000000000000000000e+00 1.085616693514361053e+01 5.606604878554528113e+04 0.000000000000000000e+00
4.197045769316977385e+03 9.169308494910154650e+00 0.000000000000000000e+00 1.157115389159317864e+01 6.027681901496130740e+04 0.000000000000000000e+00
4.274817848766747375e+03 9.395466025718699044e+00 0.000000000000000000e+00 1.176147828873435763e+01 5.673984091118088691e+04 0.000000000000000000e+00
4.365922826096048084e+03 9.618769000933269808e+00 0.000000000000000000e+00 1.179427347632144496e+01 5.728206583108036284e+04 0.000000000000000000e+00
4.253394192007494894e+03 9.851670564559164234e+00 0.000000000000000000e+00 1.157172048087365290e+01 5.870489604406935541e+04 0.000000000000000000e+00
4.408626824358851081e+03 9.784323575487817948e+00 0.000000000000000000e+00 1.164946617300678255e+01 5.952446680888411356e+04 0.000000000000000000e+00
4.505935399117892302e+03 1.022905268182627658e+01 0.000000000000000000e+00 1.224472098671778220e+01 5.937700033559804433e+04 0.000000000000000000e+00
4.677392354433188302e+03 1.023761439187301825e+01 0.000000000000000000e+00 1.233553808780050787e+01 5.823740205666920519e+04 0.000000000000000000e+00
4.778649356208507925e+03 9.637661963080294214e+00 0.000000000000000000e+00 1.186580390967968590e+01 5.855101343934128818e+04 0.000000000000000000e+00
5.010837329801128362e+03 1.009543201354704856e+01 0.000000000000000000e+00 1.239902441454597515e+01 5.710931444330055820e+04 0.000000000000000000e+00
5.015602283827557585e+03 1.034150373000556478e+01 0.000000000000000000e+00 1.151516884631661064e+01 5.494666754489956656e+04 0.000000000000000000e+00
5.119698793656977614e+03 1.065702746009582924e+01 0.000000000000000000e+00 1.253561186640931879e+01 5.579213455396210338e+04 0.000000000000000000e+00
5.115724405565220877e+03 1.005458286911200716e+01 0.000000000000000000e+00 1.163794387348996295e+01 5.745536884187115356e+04 0.000000000000000000e+00
4.947767822619947765e+03 1.096369009162641639e+01 3.516926527446056383e+00 1.224846468932454790e+01 4.641947683925888555e+02 8.567735781789096450e+01
5.237078670311180758e+03 1.066014626869016446e+01 3.628126642591428919e+00 1.262382846123365709e+01 4.553182526370891310e+02 8.761159206406365740e+01
5.320178030074997878e+03 1.091167917130965925e+01 3.543270456331380824e+00 1.242106851320836469e+01 4.469168611604241619e+02 8.267701273100244919e+01
5.122302153355502924e+03 1.150007018851938412e+01 3.381603380214672327e+00 1.295428327674632740e+01 4.572514668301689085e+02 8.779058809862817725e+01
5.252289981573180739e+03 1.098677551992636836e+01 3.584912607364562742e+00 1.256791455771733013e+01 4.229434472364437170e+02 8.798734050278150676e+01
5.830838813398159800e+03 1.087165278417222503e+01 3.748774908932059446e+00 1.300363197274343463e+01 4.223102291935998664e+02 8.521923129912519812e+01
5.858947583484201459e+03 1.071033415387729271e+01 3.641166538375144146e+00 1.280681699779723637e+01 4.454053420346097596e+02 8.611061660074904012e+01
5.601831469634432324e+03 1.083149375073664622e+01 3.622517402322778857e+00 1.251744275427469866e+01 4.230256917094251321e+02 8.292919418397487163e+01
5.872906077705341886e+03 1.143323306686012941e+01 3.557286029332874744e+00 1.327911047272200484e+01 4.417026479032153361e+02 8.589466008016617593e+01
6.122179978407119961e+03 1.147246553760664867e+01 3.705915151504389105e+00 1.271526954119651798e+01 4.179218276640303884e+02 8.235926066695317616e+01
5.841840689423220283e+03 1.129536089061788573e+01 3.834942377356109322e+00 1.254686572157770819e+01 4.207250252738976997e+02 8.462177506200930566e+01
6.226986948137107902e+03 1.098982705620581335e+01 3.620683036864929871e+00 1.301028700634018875e+01 4.251118006165650627e+02 8.401623381131916801e+01
6.123057093292876743e+03 1.108264886572784036e+01 3.534041207920214589e+00 1.278729016263826246e+01 4.327186456016016791e+02 8.870557432781406249e+01
6.313184384249439972e+03 1.139980327375761604e+01 3.506260401836755136e+00 1.259426253214347291e+01 4.312414324943926545e+02 8.134424186594225148e+01
