-1.521639627736738332e-01 5.574000342699561905e+00 3.398168248307360084e+00 2.859050877875660923e+00 1.350183983934722846e+03 5.741031797082102912e+02
3.245678096348899544e+01 5.620025788666916711e+00 3.389227481664575325e+00 2.787797658511019794e+00 1.435103851976212809e+03 6.006551421515110860e+02
3.396076304233920951e+01 7.662947245206625624e+00 4.222133691531364086e+00 3.422114537541298684e+00 1.447218267817295327e+03 6.132026035363579695e+02
4.772305883202657384e+01 7.424677674716005704e+00 4.260530880032353807e+00 3.378299072065412023e+00 1.405646209599527765e+03 5.894746103649072211e+02
9.695422628486161898e+01 7.570233810015122522e+00 4.341180092027848048e+00 3.544008887045934308e+00 2.056003010701557514e+02 8.303936346182547368e+01
1.467906056611672341e+02 7.716408409309797989e+00 4.723730730152651880e+00 3.470013405916456239e+00 1.960362398617973554e+02 8.108588386941571002e+01
1.916727580935314563e+02 8.050239576691668120e+00 4.501433368222409470e+00 3.448829935126522805e+00 3.516310865961750665e+02 7.798383560720662899e+01
2.508895491861296421e+02 8.019418802538552882e+00 4.581420851923994952e+00 3.373725286424581693e+00 3.493197204497683970e+02 1.392121412963450098e+02
3.112547733232030396e+02 8.292137650060574572e+00 4.595173351570810638e+00 3.625276234205213832e+00 3.671082759437715026e+02 1.365176908045926041e+02
3.626510600950556977e+02 8.607569657670847363e+00 4.945997797305003552e+00 3.531472189802704609e+00 3.776101801517887679e+02 1.384795787601998711e+02
4.221014394403530332e+02 8.617656971298160329e+00 4.879783714412752715e+00 3.565759061638581251e+00 3.460726896256268788e+02 1.381178666712745553e+02
4.900775748350017693e+02 9.255579097157097479e+00 5.381252879058040506e+00 3.700008979207595861e+00 3.729791316146277040e+02 1.470687859087749132e+02
6.266159141917084980e+02 1.032294110356673045e+01 5.520689295856945122e+00 4.148050039690410529e+00 3.574387093653256215e+02 1.411056262867679152e+02
6.512083567973285199e+02 1.080753908814713071e+01 5.939261082923693813e+00 4.516366797924938226e+00 7.519204184994388243e+02 3.246576034753832687e+02
7.604934643889463359e+02 1.045397931643346467e+01 6.262599996181161366e+00 4.292629851479373038e+00 7.318081783530625444e+02 3.042353819159434352e+02
9.037388929659479118e+02 1.173281006938867144e+01 6.141360145869076526e+00 4.728188006828776047e+00 7.645955958184497376e+02 3.242058029891436490e+02
9.651149057462844212e+02 1.125115577524414157e+01 6.129795345543193719e+00 4.696300687005075858e+00 7.645726437046232604e+02 2.978267621173425255e+02
1.134346051097926420e+03 1.185782915487430422e+01 6.230112634169808317e+00 4.788348723117330508e+00 7.365901210066400608e+02 3.046478295675656796e+02
1.159935104841973953e+03 1.147739925034811925e+01 6.506358730448362770e+00 4.975470061043664849e+00 7.146411732194167143e+02 3.248249232265479236e+02
1.297786825616775559e+03 1.157490513945824162e+01 6.868457955886824173e+00 4.726616377445805206e+00 7.190627369102089688e+02 3.252959583134687023e+02
1.363942366069017226e+03 1.223147588295620380e+01 6.721966759131746905e+00 5.076545430069834275e+00 7.237226952605516317e+02 3.047828088059404763e+02
1.602576514490238196e+03 1.257509903279251873e+01 6.671898084852195154e+00 4.871402527459870235e+00 7.729922205458004782e+02 3.055596130675787663e+02
1.883040482749229341e+03 1.254340418740292940e+01 6.869130692221468770e+00 5.321129522885846619e+00 7.778328749857747653e+02 3.221080227492399786e+02
2.046009436260289476e+03 1.288234830769224715e+01 6.755858970659633478e+00 5.064444408540736298e+00 7.783505393129039476e+02 3.144697299917697251e+02
2.142248742837337431e+03 1.303065588614834525e+01 7.109678573881934582e+00 5.211319948267110647e+00 7.983523144418321635e+02 3.027265028305052965e+02
2.235298279128084232e+03 1.368314865455078078e+01 7.068596809026509220e+00 5.458081373169193284e+00 7.750343574822358050e+02 3.225952395439377369e+02
2.475564148918950650e+03 1.307607612135200448e+01 7.029408192023851143e+00 5.496245184626868507e+00 8.264428371735378960e+02 3.181875742572770491e+02
2.618388557623421548e+03 1.333961048073622813e+01 7.506176688761754257e+00 5.490219014900212358e+00 8.259841984998619182e+02 3.191581103481378250e+02
2.996145379279705594e+03 1.377914075120932225e+01 7.581966863276085711e+00 5.758694869982580400e+00 7.732486173896455739e+02 3.165255421933334219e+02
2.830155723975321507e+03 8.296851336544591504e+00 0.000000000000000000e+00 9.728510794713695731e+00 7.612325708142531084e+02 3.042079598286067039e+02
2.948691169772032026e+03 8.400715273647740844e+00 0.000000000000000000e+00 9.612823346257707513e+00 5.768603350731705723e+04 0.000000000000000000e+00
3.194045453889595592e+03 8.089275059628278086e+00 0.000000000000000000e+00 1.006378702879399611e+01 5.554106972941966524e+04 0.000000000000000000e+00
3.182914158891707302e+03 8.883942517413970563e+00 0.000000000000000000e+00 1.076733091196923553e+01 5.684790297631257999e+04 0.000000000000000000e+00
3.329641043993837684e+03 8.946585276082783977e+00 0.000000000000000000e+00 1.083213265094310884e+01 5.894164958804465277e+04 0.000000000000000000e+00
3.272991234282390451e+03 8.652883062836854933e+00 0.000000000000000000e+00 1.059043841076834980e+01 5.974184057230579492e+04 0.000000000000000000e+00
3.579919988124835527e+03 9.258715276020808460e+00 0.000000000000000000e+00 1.056426003686694237e+01 5.821417675068221433e+04 0.000000000000000000e+00
3.499621588298377901e+03 9.150631640642187037e+00 0.000000000000000000e+00 1.125972697732691330e+01 5.752600669803594792e+04 0.000000000000000000e+00
3.528674203406034394e+03 9.305188135615521716e+00 0.000000000000000000e+00 1.143148289366351555e+01 5.980605596935108770e+04 0.000000000000000000e+00
3.905856453864586001e+03 9.531217505521766498e+00 0.000000000000000000e+00 1.079039437536105339e+01 5.936856198162631335e+04 0.000000000000000000e+00
3.936249952375963858e+03 9.451407377045512703e+00 0.000000000000000000e+00 1.064229214235938947e+01 5.999914155786712217e+04 0.000000000000000000e+00
3.968311039951527164e+03 9.888922757678594522e+00 0.000000000000000000e+00 1.139058748202830174e+01 5.537531473732894665e+04 0.000000000000000000e+00
3.953650856223951450e+03 9.448965074812536002e+00 0.000000000000000000e+00 1.167562366084055370e+01 5.575278516822717938e+04 0.000000000000000000e+00
4.182393634640780874e+03 9.362882734317659938e+00 0.000000000000000000e+00 1.120370749296776225e+01 5.934700922558364255e+04 0.000000000000000000e+00
4.123231741038962355e+03 9.707514797837346165e+00 0.000000000000000000e+00 1.127137524403620894e+01 5.865247872318069130e+04 0.000000000000000000e+00
4.565243937432567691e+03 9.565621883643078860e+00 0.000000000000000000e+00 1.143441025677852529e+01 5.537312686073067744e+04 0.000000000000000000e+00
4.591734567676778170e+03 9.916268727272733230e+00 0.000000000000000000e+00 1.181804583411047460e+01 6.023225491164686537e+04 0.000000000000000000e+00
4.769984099443542618e+03 9.664726513615415016e+00 0.000000000000000000e+00 1.165280925943220325e+01 5.549540926856346778e+04 0.000000000000000000e+00
4.842811544743309241e+03 9.674773150304156744e+00 0.000000000000000000e+00 1.213724744425607227e+01 5.715678333518617728e+04 0.000000000000000000e+00
4.722861503628811079e+03 1.005780525108610135e+01 0.000000000000000000e+00 1.155337246004894958e+01 5.735799886579132726e+04 0.000000000000000000e+00
5.099566331255232399e+03 9.976135412487330711e+00 0.000000000000000000e+00 1.207957660091414454e+01 5.874980593927815789e+04 0.000000000000000000e+00
5.024558328230192274e+03 9.748200827228323817e+00 0.000000000000000000e+00 1.147130804205571231e+01 5.892571114390669391e+04 0.000000000000000000e+00
4.825827557283719216e+03 9.892226181390265438e+00 0.000000000000000000e+00 1.218392750195202012e+01 6.027681867309124937e+04 0.000000000000000000e+00
5.348255468826286233e+03 9.921632307718448729e+00 0.000000000000000000e+00 1.183519233403477244e+01 5.599453522320408229e+04 0.000000000000000000e+00
5.035157742819653322e+03 1.055624637852484149e+01 3.574220065247339928e+00 1.261952085770693621e+01 4.363443353965531060e+02 8.573185123196735447e+01
5.121654403403299511e+03 1.089881661562907489e+01 3.666850072482584100e+00 1.280133000324057591e+01 4.464201489915669185e+02 8.480698144300663444e+01
5.455536135733883384e+03 1.080090924224530724e+01 3.618758566452319414e+00 1.291625812234111237e+01 4.501420476065034677e+02 8.845799473578837535e+01
5.109027224907763411e+03 1.111387901107559983e+01 3.672878109385584899e+00 1.258403011909155467e+01 4.411631019998669672e+02 8.851490561813021429e+01
5.279366328610345590e+03 1.080323218559438203e+01 3.709851103383813520e+00 1.237845994498339408e+01 4.432892966809125141e+02 8.262057174612473887e+01
5.417058070821623915e+03 1.143267458316773855e+01 3.643281769649304724e+00 1.253500840853273779e+01 4.387398854302026052e+02 8.333027494994095719e+01
5.944158928587040464e+03 1.122988343780544263e+01 3.576791804949429832e+00 1.356272933143821291e+01 4.499085204268264420e+02 8.188606821252571422e+01
5.890212838221253151e+03 1.147984731693383331e+01 3.574075571793235095e+00 1.357620086811713911e+01 4.174495039108486480e+02 8.758416983679435930e+01
5.919542190962492896e+03 1.080876887188503588e+01 3.674466700310581313e+00 1.321105742629449864e+01 4.507207992219800303e+02 8.483543495707908733e+01
5.866785999506331791e+03 1.120856000342068803e+01 3.587323992106242532e+00 1.345070068673376085e+01 4.309360846349741792e+02 8.887297684594838643e+01
5.801287014708002062e+03 1.136189611571747982e+01 3.626392684077695439e+00 1.296121301828643091e+01 4.121486489433120823e+02 8.754395486719579367e+01
6.013924084193668932e+03 1.161903659262824817e+01 3.542323988905587306e+00 1.313187073487894629e+01 4.461648233435100792e+02 8.148617381874009880e+01
6.138366277921160872e+03 1.174797627253055055e+01 3.815051805240310401e+00 1.269665218509569371e+01 4.108078572763577085e+02 8.192701945063625146e+01
6.406499069231517751e+03 1.159026108824646251e+01 3.768629824766971836e+00 1.364737260220297799e+01 4.224126013563534343e+02 8.226686219183825699e+01
