-1.096430528602968524e-01 5.912070176108383812e+00 3.270509363506851397e+00 2.696971409668653674e+00 1.406723069601155203e+03 6.010511321502867759e+02
3.176033608556675247e+01 5.718700961894297663e+00 3.264107252350570310e+00 2.754679269927438501e+00 1.464203514590585428e+03 6.029863559845135796e+02
3.390195563119565492e+01 7.912308245580598864e+00 4.517573208823814745e+00 3.324405908489208361e+00 1.374120803093373752e+03 5.702584162000491688e+02
4.981523703031807315e+01 7.608333237257411952e+00 4.475142438079314111e+00 3.341864707798164691e+00 1.451648544390498500e+03 6.003536783678512165e+02
1.035384762636820142e+02 7.576135123838333207e+00 4.558937590912397475e+00 3.299687369931770142e+00 2.044761692534258657e+02 7.903312206150260977e+01
1.566915691148284679e+02 7.937592771548924730e+00 4.729699947217266498e+00 3.537254597882366181e+00 1.924070585535749274e+02 8.080057812857279487e+01
2.079816862050450368e+02 8.671838079659933030e+00 4.603812104276186368e+00 3.441607419097273191e+00 3.755998469050843482e+02 7.754169468966763645e+01
2.464075857441877702e+02 8.224730733944406680e+00 4.910030046349516120e+00 3.514465843576284332e+00 3.512812984621606915e+02 1.465432248767726264e+02
3.036226928417378303e+02 8.323914551984170629e+00 4.750890275786750827e+00 3.450811825269577415e+00 3.725233246747229714e+02 1.483071992287315197e+02
3.522375117831547300e+02 8.953273950434002870e+00 4.629667396282584946e+00 3.572407958534563832e+00 3.657292780298041635e+02 1.407872153045969128e+02
4.019411026554396926e+02 9.281140962820721541e+00 4.819570897033235823e+00 3.783518238077576257e+00 3.564827922420749360e+02 1.436911078336696050e+02
5.142721856509375584e+02 9.940524657357928007e+00 5.416012238960269620e+00 3.910658012870101174e+00 3.553709300131997111e+02 1.481726344498804906e+02
5.820721200506807236e+02 1.074418035739479471e+01 5.815405908140020230e+00 4.131269735359756723e+00 3.521230753340388446e+02 1.398100470756579341e+02
6.883575896764907611e+02 1.052631260884238884e+01 6.146781555531129371e+00 4.327314653664570798e+00 7.509043771809529062e+02 3.065425948154205003e+02
8.054159638545279449e+02 1.091840820410816981e+01 6.400931237173647759e+00 4.243442619085011636e+00 7.470631655975361127e+02 3.083215783618798014e+02
9.181534516921290106e+02 1.126130702700904784e+01 6.524412222303623388e+00 4.770567808803101606e+00 7.642508320778390498e+02 3.169622092449276920e+02
9.975147662971788804e+02 1.191449887677134356e+01 6.544057676512255561e+00 4.598547410338115426e+00 7.041394087648887989e+02 3.138365618986732102e+02
1.121618264975458260e+03 1.182507588260291875e+01 6.735263556738654067e+00 4.476784806106532066e+00 7.173047292167057094e+02 3.033888032781067636e+02
1.226418968623052024e+03 1.160278984130627933e+01 6.211366192540642928e+00 4.591564654675091894e+00 7.329500641805899477e+02 3.263615643562661148e+02
1.255342475096087128e+03 1.213940902050090820e+01 6.693218573040072172e+00 4.707164847477616654e+00 7.473511828691015353e+02 3.220809134017740689e+02
1.449308780083457805e+03 1.199191442831627263e+01 6.547782842109165280e+00 4.647278931991883688e+00 7.707096544135406475e+02 3.136284355759607365e+02
1.607658552871353095e+03 1.259920331004482108e+01 6.714304686979634340e+00 4.809033891268155614e+00 7.244837034946410768e+02 3.108280701385349403e+02
1.866586231660782914e+03 1.190867073217877170e+01 7.148805953114417910e+00 5.343482841452530607e+00 7.962002216782203732e+02 3.154816704175127029e+02
2.005012204653928620e+03 1.309592714448498008e+01 7.165284860653296839e+00 5.219475113339432149e+00 7.623832375604341678e+02 3.015531970070950933e+02
2.274027881137355052e+03 1.255655148719760206e+01 7.356462718459729544e+00 5.255619039589817909e+00 7.978021298696000940e+02 3.228246116179865339e+02
2.338023516929516063e+03 1.344711572544545675e+01 6.766564828846129309e+00 5.105995736792724671e+00 8.306681660968381493e+02 3.031542735259735650e+02
2.529167228904619151e+03 1.265224949183026659e+01 7.117088229393078613e+00 5.565115033881418150e+00 8.270935562506144834e+02 2.971028978381357319e+02
2.664226488894099475e+03 1.388213741409602697e+01 7.444022946944969910e+00 5.363431954030950521e+00 7.713406382263640353e+02 3.129972129332782060e+02
2.924386573550465528e+03 1.357649813664835037e+01 7.561207340030402513e+00 5.692996357732544865e+00 7.674557843143045375e+02 2.993575406600569409e+02
2.829350533344513224e+03 8.248845709683498839e+00 0.000000000000000000e+00 1.009842963316405395e+01 8.184572677409796597e+02 3.095945265998110472e+02
2.899146895856102674e+03 8.561077738157672812e+00 0.000000000000000000e+00 1.037405138854360409e+01 6.006720128563671460e+04 0.000000000000000000e+00
3.201552812800050560e+03 8.077569940033184182e+00 0.000000000000000000e+00 9.875523210737602753e+00 5.581264310845529690e+04 0.000000000000000000e+00
3.114242478942889647e+03 8.110476409398739150e+00 0.000000000000000000e+00 1.009639100635359732e+01 5.900433074589586613e+04 0.000000000000000000e+00
3.394563447676001033e+03 8.984942369984675992e+00 0.000000000000000000e+00 9.996792371408846023e+00 5.539484282138203707e+04 0.000000000000000000e+00
3.312583013976913207e+03 8.693698634235719425e+00 0.000000000000000000e+00 1.009207145523052773e+01 5.947506957659631007e+04 0.000000000000000000e+00
3.434823626479742416e+03 8.841443675715060735e+00 0.000000000000000000e+00 1.091737112387180630e+01 5.978682356409545901e+04 0.000000000000000000e+00
3.619197478714224417e+03 8.751976803436424035e+00 0.000000000000000000e+00 1.093442908348668219e+01 5.767498060937122500e+04 0.000000000000000000e+00
3.563606123540475892e+03 9.268907509527512190e+00 0.000000000000000000e+00 1.070384838678353745e+01 5.727940127777938324e+04 0.000000000000000000e+00
3.610251853600501818e+03 9.411703101390232362e+00 0.000000000000000000e+00 1.118971484167505892e+01 6.022784405285025423e+04 0.000000000000000000e+00
3.992916363601380908e+03 9.421080521138300412e+00 0.000000000000000000e+00 1.111120583689354646e+01 5.581994730640375928e+04 0.000000000000000000e+00
3.812180589043626696e+03 9.780460945219749291e+00 0.000000000000000000e+00 1.113184385486882100e+01 5.741209297470294405e+04 0.000000000000000000e+00
4.174326387055040868e+03 9.442327620493855989e+00 0.000000000000000000e+00 1.098275891920870251e+01 5.818496001313444867e+04 0.000000000000000000e+00
4.310331372939464018e+03 9.982367193760268265e+00 0.000000000000000000e+00 1.164397325037545627e+01 5.897328925966210227e+04 0.000000000000000000e+00
4.226757278169644451e+03 9.994218314532389513e+00 0.000000000000000000e+00 1.199880585879488670e+01 5.587174312006912078e+04 0.000000000000000000e+00
4.392748007688172038e+03 1.032211352282765304e+01 0.000000000000000000e+00 1.167277593189685092e+01 5.935429705168688815e+04 0.000000000000000000e+00
4.548144448206773632e+03 1.013843599682934737e+01 0.000000000000000000e+00 1.169600585975839380e+01 5.850776251458017214e+04 0.000000000000000000e+00
4.608516213324925047e+03 9.621362963502912535e+00 0.000000000000000000e+00 1.155406771320816084e+01 5.901828350116909132e+04 0.000000000000000000e+00
4.694219770647917358e+03 9.941935990590307526e+00 0.000000000000000000e+00 1.176207523866312776e+01 5.566106631629637559e+04 0.000000000000000000e+00
4.839776181564923718e+03 1.035224854738046751e+01 0.000000000000000000e+00 1.163207015551319046e+01 5.885105999611022708e+04 0.000000000000000000e+00
4.647246335045341766e+03 1.019045213189368759e+01 0.000000000000000000e+00 1.221245628187988608e+01 5.531324264658200991e+04 0.000000000000000000e+00
4.849381429811393900e+03 1.067776978624939588e+01 0.000000000000000000e+00 1.178959751782552168e+01 5.969928633664993686e+04 0.000000000000000000e+00
5.079456176395924558e+03 9.867232596793954258e+00 0.000000000000000000e+00 1.233538682581670543e+01 5.592512910966431082e+04 0.000000000000000000e+00
5.380286641176195189e+03 1.042661946103477710e+01 0.000000000000000000e+00 1.182697951518064983e+01 5.938012725196714746e+04 0.000000000000000000e+00
5.119573074369577625e+03 1.051780862593139965e+01 3.607594005633074197e+00 1.315161292684832972e+01 4.309458784022447162e+02 8.596106135439194418e+01
5.180802315900578833e+03 1.152423965509871095e+01 3.624768935417731708e+00 1.325411352645809160e+01 4.547783091948898004e+02 8.637136177719048646e+01
5.033925976207978238e+03 1.081487153855068684e+01 3.388187352577265443e+00 1.344171909061309478e+01 4.536874043614420771e+02 8.483662038513287484e+01
5.391112277216663642e+03 1.149599137620656109e+01 3.694134411558322562e+00 1.286859406137498851e+01 4.474041042918461812e+02 8.875991223235514838e+01
5.434707021631198586e+03 1.080287828626768842e+01 3.664153805600001146e+00 1.280429336915717009e+01 4.406976416023269394e+02 8.450963717063338265e+01
5.590167481700591452e+03 1.153950573814146807e+01 3.605531827053833904e+00 1.243870380140108800e+01 4.161636611784074375e+02 8.647741406147169130e+01
5.811267860349879811e+03 1.147770245924819044e+01 3.527356607730366189e+00 1.261753823609282854e+01 4.289849680013237503e+02 8.839509083457744509e+01
5.862972181699247813e+03 1.149478297920412828e+01 3.544948364326284018e+00 1.352433530078056201e+01 4.280365126023488074e+02 8.640589343799661037e+01
5.689252842793803211e+03 1.168697887281187775e+01 3.458209145225459746e+00 1.352578466612355612e+01 4.351286137264239642e+02 8.192825084338575437e+01
5.736379062955894369e+03 1.131592209050265829e+01 3.667518585436590151e+00 1.285889495811065153e+01 4.362782282536941807e+02 8.141609964143884781e+01
6.198636319447193273e+03 1.146750566640761093e+01 3.552011615617806317e+00 1.265442113353558007e+01 4.258075186588571341e+02 8.736804968706177021e+01
6.052262722870037578e+03 1.086079501197204422e+01 3.715368775484889419e+00 1.365868729887152888e+01 4.241640390261860603e+02 8.540719572957836192e+01
6.390440235009028584e+03 1.120615928724804533e+01 3.586421875696797379e+00 1.253804954353429402e+01 4.433955010441377453e+02 8.105208848672720023e+01
6.314972654387034709e+03 1.164135042870799097e+01 3.616741054700363556e+00 1.267389579759695728e+01 4.446252828172442264e+02 8.350300384655623986e+01
