3.043078536347566532e-01 5.803609530446912856e+00 3.321591473618992651e+00 2.883374660513502885e+00 1.357302195817477696e+03 5.806381434039237774e+02
3.129758346768085531e+01 5.704218385559854276e+00 3.210909282379324381e+00 2.737020332764592112e+00 1.447253449497563679e+03 6.236492834301146786e+02
3.208576198850293792e+01 8.126343940750748729e+00 4.519837938651305009e+00 3.408795693607987953e+00 1.364683708318876370e+03 6.274158631066998169e+02
5.220320772971378886e+01 7.604950018986423643e+00 4.412226413069411102e+00 3.263224083472469950e+00 1.372950894521118926e+03 6.028354471139477937e+02
1.054328758844624758e+02 7.554508492174215384e+00 4.520825321729205371e+00 3.278165234696522656e+00 1.967347073247816525e+02 8.353468717735282212e+01
1.482755413536378057e+02 8.153002094952714884e+00 4.314081237033796867e+00 3.502726952556617590e+00 1.963395031423265777e+02 8.089483790757029169e+01
2.067100866836401849e+02 8.001917399491516036e+00 4.724049065957095728e+00 3.296915659159021850e+00 3.659588656514207514e+02 7.823177656600171304e+01
2.536709387882702629e+02 8.265737740325507232e+00 4.871210601962353337e+00 3.446517742062970235e+00 3.504002916335577424e+02 1.431892665142839292e+02
2.993438966605082214e+02 8.641136731869252685e+00 4.710634135311074999e+00 3.386784667609429089e+00 3.756314053627568796e+02 1.438383306661400525e+02
3.487244184076235456e+02 8.384325100449759205e+00 4.687242572789273254e+00 3.607478818688519162e+00 3.497689862821675888e+02 1.465591023096923209e+02
4.183199189876985997e+02 9.116913228127627278e+00 5.132730837234180221e+00 3.592551028763992793e+00 3.499561667280531765e+02 1.444003014128287532e+02
5.039039061397407409e+02 9.667238918225191213e+00 5.265295932885167396e+00 3.930570842905286355e+00 3.618874528642177211e+02 1.425638976458843956e+02
6.143528707692191801e+02 1.005875635140585622e+01 5.805366894145290502e+00 4.074002002025413738e+00 3.744737592567362299e+02 1.375235621919899245e+02
6.920208809048656349e+02 1.090882163514540082e+01 5.731717995173812419e+00 4.263242858996682649e+00 7.172057782991827253e+02 3.085066551519673794e+02
7.877995959475274503e+02 1.137431151815414410e+01 6.286879472200714858e+00 4.680257863224860593e+00 7.331049027278362473e+02 3.152303604700501296e+02
8.852063770519093850e+02 1.084232581152096664e+01 6.156884669837164203e+00 4.778387326479398567e+00 7.122236142475904899e+02 3.146449508663013148e+02
9.648032632405460163e+02 1.156667096562560992e+01 6.332090471965039491e+00 4.560521587098794072e+00 7.047590574633347842e+02 3.192620984063131004e+02
1.155146259249728473e+03 1.163610519992239212e+01 6.251580529943522535e+00 4.671848020591224504e+00 7.466214052135691190e+02 2.999540642848729703e+02
1.159750369764273955e+03 1.223474533080436011e+01 6.569789394633823498e+00 4.636554479734969370e+00 7.057718022975969916e+02 3.067592518600553717e+02
1.333852926341392049e+03 1.175026815021021420e+01 6.525104556293659819e+00 4.857990919950802677e+00 7.058099288326558280e+02 3.173967780614268008e+02
1.372460766807398386e+03 1.205457959357867814e+01 6.312063542810943062e+00 4.768621503077240753e+00 7.133025092311352182e+02 2.979349435085577511e+02
1.647686141295293055e+03 1.225947509123687595e+01 6.791271206503403768e+00 4.841260794404515622e+00 7.608971923671570039e+02 2.981430543414336398e+02
1.840822059652571170e+03 1.297585539985451497e+01 6.845832073255866845e+00 5.081264381700282939e+00 7.960887579099251070e+02 3.181137222035528112e+02
2.083424932609570078e+03 1.312129350216531876e+01 7.220268251537379278e+00 5.129363887630103314e+00 8.336122629609731121e+02 3.170254814367046947e+02
2.123811157401568380e+03 1.301136638379901811e+01 7.143054636523714862e+00 5.180887650830049651e+00 7.812420943771065822e+02 3.203164429115724374e+02
2.414042543236841993e+03 1.359569696985342802e+01 6.910965834477157621e+00 5.412358022242263367e+00 8.371581351556674235e+02 3.073755066171746080e+02
2.713629101898406134e+03 1.327086875823371592e+01 7.311409511647116055e+00 5.495573774642266152e+00 7.787476016321945735e+02 3.171029217370025890e+02
2.666653726124266541e+03 1.297811612476892940e+01 7.181380219745392424e+00 5.427027704223116089e+00 8.256111756385306535e+02 3.220341019564872340e+02
2.797584909587980292e+03 1.435847052205362750e+01 7.108859973236121732e+00 5.698891787542361698e+00 7.976859936888989751e+02 3.129876234998691302e+02
2.836538784130397744e+03 7.826151565409493749e+00 0.000000000000000000e+00 1.018343878970221716e+01 7.603201667525408993e+02 3.124010165276591806e+02
3.089019957873523254e+03 7.819453155867088334e+00 0.000000000000000000e+00 9.634529927799704296e+00 5.768547743241454009e+04 0.000000000000000000e+00
2.944960267692400521e+03 8.027445143307302189e+00 0.000000000000000000e+00 1.030711897416224510e+01 5.585785305885663547e+04 0.000000000000000000e+00
3.276947365154139334e+03 8.609489023247750339e+00 0.000000000000000000e+00 1.005704570161707068e+01 5.516206264646822819e+04 0.000000000000000000e+00
3.232233953027458028e+03 8.993660218748605217e+00 0.000000000000000000e+00 1.061438571966033528e+01 5.631364028938025876e+04 0.000000000000000000e+00
3.406419170901093821e+03 8.446542209822023750e+00 0.000000000000000000e+00 1.031027887169343593e+01 5.567603694817015639e+04 0.000000000000000000e+00
3.566067656044292107e+03 8.626297939251092117e+00 0.000000000000000000e+00 1.088047255745971853e+01 5.989208853208639630e+04 0.000000000000000000e+00
3.610767835071507307e+03 9.436004696817256843e+00 0.000000000000000000e+00 1.127786602768375168e+01 5.749639532528927521e+04 0.000000000000000000e+00
3.626909870137356847e+03 9.294096296468470797e+00 0.000000000000000000e+00 1.055960449895217046e+01 5.789994089250868274e+04 0.000000000000000000e+00
3.624780564260741357e+03 9.412827381634413015e+00 0.000000000000000000e+00 1.139015706489657731e+01 5.996526873640656413e+04 0.000000000000000000e+00
3.783287641641167284e+03 9.720905332912101571e+00 0.000000000000000000e+00 1.143299133582142879e+01 5.505328574129907793e+04 0.000000000000000000e+00
3.938043461358036893e+03 9.444582679862055130e+00 0.000000000000000000e+00 1.164380495933040649e+01 5.595912342938687652e+04 0.000000000000000000e+00
4.205408046631947400e+03 9.930785861456607577e+00 0.000000000000000000e+00 1.096559982754418705e+01 5.552474458426450292e+04 0.000000000000000000e+00
4.279445894707525440e+03 9.578840012096872414e+00 0.000000000000000000e+00 1.202543739669200207e+01 5.568428371462786163e+04 0.000000000000000000e+00
4.432356868872531777e+03 9.591197878487822237e+00 0.000000000000000000e+00 1.100587525604585615e+01 5.957007541602368292e+04 0.000000000000000000e+00
4.342577735623918670e+03 1.007207654735903368e+01 0.000000000000000000e+00 1.169449621702817410e+01 5.610165867962500488e+04 0.000000000000000000e+00
4.678822766440839587e+03 9.827808541024106503e+00 0.000000000000000000e+00 1.144199979880434270e+01 5.929467906187815970e+04 0.000000000000000000e+00
4.651225173862549127e+03 1.032283587888275278e+01 0.000000000000000000e+00 1.122168643405110089e+01 5.948749640854816971e+04 0.000000000000000000e+00
4.747887578848675730e+03 1.019069856185284628e+01 0.000000000000000000e+00 1.199167182065282056e+01 5.828656661463017372e+04 0.000000000000000000e+00
4.917738818714600711e+03 9.831317341844972191e+00 0.000000000000000000e+00 1.213743077024463979e+01 5.629728744913000264e+04 0.000000000000000000e+00
5.038556773742920086e+03 1.037477000027570107e+01 0.000000000000000000e+00 1.241432625479311724e+01 5.997201585846064700e+04 0.000000000000000000e+00
4.900349622774041563e+03 1.061730710858178384e+01 0.000000000000000000e+00 1.223906947605762952e+01 5.558200203111686278e+04 0.000000000000000000e+00
5.078534706891122369e+03 1.032907883936064941e+01 0.000000000000000000e+00 1.217855412372433221e+01 5.813300201348325936e+04 0.000000000000000000e+00
5.160819753715461047e+03 1.066655963396947371e+01 0.000000000000000000e+00 1.218568933733133441e+01 5.961676126112138445e+04 0.000000000000000000e+00
5.105375674224948852e+03 1.095594758767432886e+01 3.328829582696360756e+00 1.302347805971715999e+01 4.561839920125395906e+02 8.520568980842229223e+01
4.999234848273068565e+03 1.099726132097984710e+01 3.404427559024164829e+00 1.279656039065801387e+01 4.280105570999082261e+02 8.217776407697849095e+01
5.354278093784838347e+03 1.153685866441809083e+01 3.464601532185120902e+00 1.292184872499917780e+01 4.338744704351487940e+02 8.785427947443984920e+01
5.551517480184870692e+03 1.072409009801123325e+01 3.621169941690089988e+00 1.300892067555771803e+01 4.458611192617088932e+02 8.635176654893825798e+01
5.426750715299751391e+03 1.104008656570903035e+01 3.482305571220210449e+00 1.344792635057888219e+01 4.385231280965750216e+02 8.334847238060211794e+01
5.652368784708880412e+03 1.060578145271862915e+01 3.764104094323686311e+00 1.337041378757766097e+01 4.443753032704475459e+02 8.863007312135714244e+01
5.859704032470884158e+03 1.120265430930754746e+01 3.775849131140955883e+00 1.324191298595649080e+01 4.556516728888133798e+02 8.327570850855438778e+01
6.004325637044372343e+03 1.167213309126904264e+01 3.460891964625622208e+00 1.274225418246911801e+01 4.153790598977215609e+02 8.892443204781318400e+01
5.783017115267151894e+03 1.080098005443943165e+01 3.732387478473174980e+00 1.331387868913594019e+01 4.279527486358143165e+02 8.899790771825020386e+01
5.764737650975038378e+03 1.088841210291107764e+01 3.596780003900841294e+00 1.261587724775573705e+01 4.264510709309923868e+02 8.766621566818353983e+01
6.322159028964384561e+03 1.148769622776202226e+01 3.497110242073742548e+00 1.344192793571869338e+01 4.309071068682776513e+02 8.471742310645166185e+01
6.404936737315339087e+03 1.162060306893297756e+01 3.496614402116247522e+00 1.371115288215772132e+01 4.108091066712037787e+02 8.251310854313513232e+01
6.269969284170966603e+03 1.103061530200766249e+01 3.786380534987189517e+00 1.320378891470917360e+01 4.271399440796401450e+02 8.763971398322671291e+01
6.092935354715752510e+03 1.131036798955192246e+01 3.544549197609100144e+00 1.339141591149632049e+01 4.105441473490187150e+02 8.325387332747986591e+01
