1.902982044727733468e-01 5.680607519862025612e+00 3.439512448473506012e+00 2.863686517740793303e+00 1.435697316537831284e+03 5.869692042991016478e+02
3.460295735721891219e+01 6.023156316356126361e+00 3.399440188825281428e+00 2.715121552926865967e+00 1.357905819760569557e+03 6.107908295703845170e+02
3.437515533685964186e+01 7.966255610826809885e+00 4.287710405201378805e+00 3.301710373048349911e+00 1.375589971058496758e+03 6.287203733655577480e+02
4.806726513348785801e+01 7.532317017009539484e+00 4.554618884817481117e+00 3.456402329136126106e+00 1.349361264284803156e+03 6.159970785914463249e+02
1.052823535469596123e+02 8.328575055858161491e+00 4.515650207717484932e+00 3.496411421233305727e+00 2.004747424502607487e+02 7.711600637821759108e+01
1.540532542347330889e+02 7.770629596541813733e+00 4.477015626780340263e+00 3.459898579508289718e+00 2.099332275202403935e+02 8.338324890906002906e+01
1.918255210895728169e+02 8.215762266081332754e+00 4.658275533350374253e+00 3.476247779688288464e+00 3.693814593516779041e+02 8.123251975018591509e+01
2.502797601120024922e+02 8.555283863141704970e+00 4.539676363927937608e+00 3.638692035243534129e+00 3.462961163272825615e+02 1.405815173726081753e+02
3.102025241202929919e+02 8.359407505812802341e+00 4.903987163005502303e+00 3.526325976414011798e+00 3.581550544612063049e+02 1.482118703075076951e+02
3.511828574058878303e+02 8.479415263137433101e+00 4.746545915415193662e+00 3.749374271691670479e+00 3.516035986850801578e+02 1.379708933790097944e+02
4.148678700177750329e+02 8.586564050336914278e+00 5.151435182781515465e+00 3.726973652021313477e+00 3.703924044874930814e+02 1.424632655989018133e+02
5.155087892800366944e+02 9.153820978155316368e+00 5.452390035294028436e+00 3.771499985660002441e+00 3.471732234004259112e+02 1.391919124710142626e+02
6.229408390735209196e+02 1.069096923707679281e+01 5.735343742412409185e+00 4.237216915762466840e+00 3.625791526624639118e+02 1.400882128415717034e+02
6.466089853815717561e+02 1.077108517874607330e+01 6.273036154449348700e+00 4.162963858346514279e+00 7.197163845243613878e+02 3.179154048853675931e+02
8.398973521061698193e+02 1.101230676909496964e+01 5.875441630954813199e+00 4.427417304887081961e+00 7.763347674608053239e+02 3.078509706278568387e+02
9.116195973890991127e+02 1.092961057439259243e+01 6.043127252956552731e+00 4.413417124856483298e+00 7.055593034633600382e+02 3.004565555377189412e+02
1.028121363056712426e+03 1.170857572185233231e+01 6.374767769047960719e+00 4.534594398372985502e+00 7.347966892405934232e+02 3.142306861570448859e+02
1.111415192212632292e+03 1.199688020671584177e+01 6.343039099833919892e+00 4.496703943250369484e+00 7.610772483425176915e+02 3.225010885369691209e+02
1.232154569437720966e+03 1.204059155834404038e+01 6.196277780201052465e+00 4.939328974633713898e+00 7.585110522127889681e+02 3.180883538258455587e+02
1.242932172768560577e+03 1.142856098317253455e+01 6.802140627111649351e+00 4.595165008599703782e+00 7.597410814851527903e+02 3.095575709709453349e+02
1.452821948582695995e+03 1.175856520440546404e+01 6.757637354418328357e+00 4.968640228741191933e+00 7.415058122015108211e+02 3.003243466997375890e+02
1.626302049187249850e+03 1.269553757980556696e+01 6.933531488288331879e+00 4.990374590793059895e+00 7.492518999480195134e+02 3.274848000724716712e+02
1.789941460939514627e+03 1.200547179956260280e+01 7.156547072765324202e+00 5.198051447736792952e+00 7.799169028514004367e+02 3.256662527291942979e+02
2.060333043902041936e+03 1.337822507495961766e+01 7.207830980153585365e+00 5.118294337224583046e+00 8.282265903148525013e+02 3.250039880879291445e+02
2.156347992449098911e+03 1.299588714250768540e+01 6.955361648296092270e+00 5.093175563967201391e+00 8.028845021570544986e+02 3.226021446283066325e+02
2.331760222183198039e+03 1.254799600398623305e+01 6.720591706027652990e+00 5.546398926107189098e+00 8.343760153322321003e+02 3.204475012520906034e+02
2.686252508467144253e+03 1.382792085212400934e+01 7.360110439173675800e+00 5.558045045164510256e+00 8.050880984021556515e+02 2.968071533829426016e+02
2.725014567600947430e+03 1.334720262922231981e+01 7.561954573081004938e+00 5.354488209136059496e+00 7.708188824664150616e+02 2.965115993341092349e+02
2.838939521088658694e+03 1.389650637498669283e+01 7.032316043814475393e+00 5.757005320491780154e+00 7.851396034418238514e+02 3.050590197825268888e+02
2.795351707329319652e+03 7.961371453277702237e+00 0.000000000000000000e+00 9.735895211456401910e+00 8.162330267400623143e+02 3.204940495664830564e+02
2.903644186850942788e+03 8.272627513862840232e+00 0.000000000000000000e+00 9.658024690488062447e+00 5.501483449580467277e+04 0.000000000000000000e+00
3.106277489070385400e+03 8.218049719803786957e+00 0.000000000000000000e+00 1.065421368269526248e+01 5.700229776913097885e+04 0.000000000000000000e+00
3.250415568960111159e+03 8.883733883455713354e+00 0.000000000000000000e+00 1.062463963229573771e+01 5.612847294691898423e+04 0.000000000000000000e+00
3.176048721194958034e+03 8.742444796134977381e+00 0.000000000000000000e+00 1.076838294330453927e+01 5.664041141475659970e+04 0.000000000000000000e+00
3.242781699589695563e+03 8.777779512202004142e+00 0.000000000000000000e+00 1.025834199394709323e+01 6.015041777225934493e+04 0.000000000000000000e+00
3.396927052494170766e+03 8.592082815923820505e+00 0.000000000000000000e+00 1.110407567396291206e+01 5.670046476880288537e+04 0.000000000000000000e+00
3.695506151243762815e+03 8.792481457366553954e+00 0.000000000000000000e+00 1.092196909968602192e+01 5.952312087614023039e+04 0.000000000000000000e+00
3.615597210929966423e+03 9.238921018124106155e+00 0.000000000000000000e+00 1.149124938810149743e+01 5.537032757948002836e+04 0.000000000000000000e+00
3.598439135258700844e+03 9.332808914873014672e+00 0.000000000000000000e+00 1.055922825768960216e+01 5.802193771300691878e+04 0.000000000000000000e+00
3.932917613062596956e+03 9.762184411791533734e+00 0.000000000000000000e+00 1.102071433550939972e+01 5.530281809527452424e+04 0.000000000000000000e+00
4.044769858304259287e+03 9.586452576222555422e+00 0.000000000000000000e+00 1.080543884363980744e+01 5.957347502069808979e+04 0.000000000000000000e+00
4.000815015687883260e+03 9.903772935878832229e+00 0.000000000000000000e+00 1.166773663227137270e+01 5.856660659107960964e+04 0.000000000000000000e+00
4.029005260676755825e+03 9.324610923360863168e+00 0.000000000000000000e+00 1.092938353300608689e+01 5.739515820453943161e+04 0.000000000000000000e+00
4.172849203274030515e+03 9.635039989059146492e+00 0.000000000000000000e+00 1.127309595434326361e+01 5.734845996589274728e+04 0.000000000000000000e+00
4.161160151390754436e+03 9.429881022635303367e+00 0.000000000000000000e+00 1.127250651951875149e+01 5.539119583452520601e+04 0.000000000000000000e+00
4.683777014970741220e+03 1.033616082065938890e+01 0.000000000000000000e+00 1.126744172330665172e+01 5.537072182304230228e+04 0.000000000000000000e+00
4.731429697517467503e+03 1.044479006737567595e+01 0.000000000000000000e+00 1.186580204605043498e+01 5.645191862209454121e+04 0.000000000000000000e+00
4.502608530008511480e+03 1.012214746634721685e+01 0.000000000000000000e+00 1.135770233886522895e+01 5.747308086493825249e+04 0.000000000000000000e+00
4.966553570330223920e+03 9.750488924758162312e+00 0.000000000000000000e+00 1.186203402984355293e+01 6.056257674561772001e+04 0.000000000000000000e+00
4.666320997934545630e+03 9.876761657007470774e+00 0.000000000000000000e+00 1.167480520794505416e+01 5.888884516576771421e+04 0.000000000000000000e+00
4.929324401540352483e+03 1.012134917099733222e+01 0.000000000000000000e+00 1.210214460156413452e+01 6.062607528181747330e+04 0.000000000000000000e+00
5.079837431125397416e+03 1.048580215459458920e+01 0.000000000000000000e+00 1.186116732614864056e+01 6.067461113347124774e+04 0.000000000000000000e+00
5.025851453209137617e+03 1.027979456157679117e+01 0.000000000000000000e+00 1.215799686223970610e+01 5.940241986262192950e+04 0.000000000000000000e+00
5.195367057365186156e+03 1.113462407670784948e+01 3.530041393820804618e+00 1.289913430943609818e+01 4.428270798265792791e+02 8.145466771018620022e+01
5.382360737972600873e+03 1.122637692526395803e+01 3.525384797905003698e+00 1.328539643864808539e+01 4.605359636652175936e+02 8.495575345137180534e+01
5.124165409468826510e+03 1.131733129196013188e+01 3.560004553580047304e+00 1.258220287307482010e+01 4.490696025728974519e+02 8.729714758762443694e+01
5.294923229005325993e+03 1.090396754206574315e+01 3.538255308143785971e+00 1.225120518605075226e+01 4.543626904347805748e+02 8.140043235395252452e+01
5.480875868547619575e+03 1.060919527311179777e+01 3.535832878507354504e+00 1.333313675217782190e+01 4.465451806608713810e+02 8.285395430936038963e+01
5.515116193416194619e+03 1.066160899437671716e+01 3.732204970067120708e+00 1.259011242057969859e+01 4.426398895119292547e+02 8.827600525882773752e+01
5.434561785616196175e+03 1.080179343441494133e+01 3.669423582424610863e+00 1.339111420629288141e+01 4.237890816791918951e+02 8.490885799537582557e+01
5.909434640358611432e+03 1.132352596066839467e+01 3.650553760007392956e+00 1.260408031798554340e+01 4.312505533100116395e+02 8.109586757016177216e+01
6.059905545783948583e+03 1.132210566832055676e+01 3.699331260414238098e+00 1.318619621548818444e+01 4.504481817741408349e+02 8.616541572078574518e+01
6.023110819201884624e+03 1.147950048688361235e+01 3.529330948212359154e+00 1.340359328527769200e+01 4.508108481046651264e+02 8.085202186778639089e+01
6.013180481981929006e+03 1.091893045926094885e+01 3.706560505011822215e+00 1.282063367575292467e+01 4.337671450590800077e+02 8.330427912231124310e+01
6.229781326740853729e+03 1.082839275870327889e+01 3.797860842542648552e+00 1.339144975229347700e+01 4.491572399459198550e+02 8.162266983208905913e+01
6.415461416877119518e+03 1.141213162940717751e+01 3.709268375871120238e+00 1.269258816421607428e+01 4.186873690897524511e+02 8.468810331471078712e+01
6.322626185292388072e+03 1.181784908289723113e+01 3.698965043504413241e+00 1.336100821918466508e+01 4.165170535539671164e+02 8.521318753569585169e+01
