3.335801684364169128e-01 5.923860647330531748e+00 3.293526684006538474e+00 2.727965021421527414e+00 1.422219143463749560e+03 6.281012156628595449e+02
3.486263577199954256e+01 5.877937663308145488e+00 3.325792888140420622e+00 2.760638999906332991e+00 1.452930831386954424e+03 6.253072219726901722e+02
3.181145247977964630e+01 8.059641961782018527e+00 4.326080806796403166e+00 3.273951316399239531e+00 1.450583631604419907e+03 5.937170980431502585e+02
5.195832919462856125e+01 7.532529049041916558e+00 4.588592432304705149e+00 3.319229661611640125e+00 1.342878825018005728e+03 5.895244646439484768e+02
1.005089669427614325e+02 7.688355360683218009e+00 4.464322614111099874e+00 3.383185254979721002e+00 1.997816154583046000e+02 8.372171508511733862e+01
1.521282608044507469e+02 8.206188839520791589e+00 4.496298672657522921e+00 3.501376092347582958e+00 1.919675882516457932e+02 8.039408092424812935e+01
1.953163758860182213e+02 8.515503149969777752e+00 4.390182518175713255e+00 3.390989034311973072e+00 3.451127423773412488e+02 8.205524486838339726e+01
2.622821808280251048e+02 8.712092163874663342e+00 4.840391912929286278e+00 3.531766151880460836e+00 3.552439445379587255e+02 1.493388108631970965e+02
2.985933525689653720e+02 8.478317101834406344e+00 4.712965962066355985e+00 3.559226565485176241e+00 3.647624026053929924e+02 1.406277971442069656e+02
3.396343824873634389e+02 8.865269467838146511e+00 4.841190338063152687e+00 3.709775786070665049e+00 3.672183684568724971e+02 1.423135554195427801e+02
4.251266620423903078e+02 9.096916054163967758e+00 5.002840005186586225e+00 3.639052033119837493e+00 3.688396021011710104e+02 1.488249686646119017e+02
5.038271140264100154e+02 9.643563536434237804e+00 5.054329702591489948e+00 4.013343834804544485e+00 3.492797079578763260e+02 1.465268556466508869e+02
6.127606714676520596e+02 1.075689555541529607e+01 5.515886661441056660e+00 3.963640332711634073e+00 3.724350856282947575e+02 1.381625749742548805e+02
6.473780104005779776e+02 1.072943818770657032e+01 5.897445428934681821e+00 4.251019266448379241e+00 7.757305543936155345e+02 3.019481821420794176e+02
8.387128742663857111e+02 1.123084548472306210e+01 6.236272274294210050e+00 4.433495821911104251e+00 7.123300062792518474e+02 3.173315548800198940e+02
9.389336811376509786e+02 1.157574999152441109e+01 6.248465245992877115e+00 4.752168907307210866e+00 7.461164232673639845e+02 3.121771999969317335e+02
9.600897885865811077e+02 1.186459100282074708e+01 6.591474400562384872e+00 4.685245554950255631e+00 7.442769025119781645e+02 3.185799745733531836e+02
1.102888011792165344e+03 1.121776703748932569e+01 6.539070163108521072e+00 4.673896702433989248e+00 7.094997346472163144e+02 3.149548558623025656e+02
1.210360279073950778e+03 1.128224794972766354e+01 6.720916285532246626e+00 4.581594922548151594e+00 7.382499007302799328e+02 3.197163626417520277e+02
1.290476262529066616e+03 1.236490132861394287e+01 6.350152761081972130e+00 4.665475555866619217e+00 7.702521501345810293e+02 3.197799014328830935e+02
1.354229436596061760e+03 1.142196348672392681e+01 6.848908355330381781e+00 4.847015421085520082e+00 7.297000890913831199e+02 3.270730449246762532e+02
1.568870320911857334e+03 1.211546090526786124e+01 6.493385980653630263e+00 5.111125666739061657e+00 7.032395955842716830e+02 3.204081910302975302e+02
1.757943563556153549e+03 1.260641337328091005e+01 6.927036169678705946e+00 5.198383802011345090e+00 7.838711601531761062e+02 3.272773492100962471e+02
2.014088845535354949e+03 1.320515342382559076e+01 6.873822302487428537e+00 5.118902516686528514e+00 7.737570516952051776e+02 3.257928437131695887e+02
2.268509487111933140e+03 1.324862970546408469e+01 6.984859113841207723e+00 5.132870517610005123e+00 7.716830111211843359e+02 3.078290848354892546e+02
2.238391272346120786e+03 1.329190994621451161e+01 7.302192471810034391e+00 5.534134504743077443e+00 8.190510792904703976e+02 3.018199380798388347e+02
2.684569771513023170e+03 1.284627213108795729e+01 7.313862187760448386e+00 5.431779154826729794e+00 7.777543613133406097e+02 3.051947707857360115e+02
2.605095180048849215e+03 1.400675700106509680e+01 7.507413226731521227e+00 5.558890774038892424e+00 8.083193892642244691e+02 3.196959044154179423e+02
2.965453280935026214e+03 1.314902677617410909e+01 7.096470616260674547e+00 5.798356057873524705e+00 7.762258733953299270e+02 3.163651417207885856e+02
3.004011991234000106e+03 8.386556575031415051e+00 0.000000000000000000e+00 9.601200304324713386e+00 8.082297721612578698e+02 3.143921874896794861e+02
3.053750891013673026e+03 8.604758651736119646e+00 0.000000000000000000e+00 9.657292849695796377e+00 5.931439495723590517e+04 0.000000000000000000e+00
2.997522511926959396e+03 8.284178511637030340e+00 0.000000000000000000e+00 1.067089395003568342e+01 5.812421729144239362e+04 0.000000000000000000e+00
3.205041184695338870e+03 8.152100613663511908e+00 0.000000000000000000e+00 1.001619642720335790e+01 6.018702634405151184e+04 0.000000000000000000e+00
3.139377900867741573e+03 8.813560911663277153e+00 0.000000000000000000e+00 1.001593824641024000e+01 5.708774880442618451e+04 0.000000000000000000e+00
3.326107824343183438e+03 8.431477746937117601e+00 0.000000000000000000e+00 1.101663618561008562e+01 5.617641984022461111e+04 0.000000000000000000e+00
3.410542390417903334e+03 8.712540850398005077e+00 0.000000000000000000e+00 1.099876328803126668e+01 5.632111154121514119e+04 0.000000000000000000e+00
3.580569824359722134e+03 9.367195282225182495e+00 0.000000000000000000e+00 1.054556322861758133e+01 6.006286078951919626e+04 0.000000000000000000e+00
3.617244810310994581e+03 8.787502894430780032e+00 0.000000000000000000e+00 1.112053947182209512e+01 5.571847197666042484e+04 0.000000000000000000e+00
3.654993350159944384e+03 9.158709492285632692e+00 0.000000000000000000e+00 1.127647903150160680e+01 6.050702201021314249e+04 0.000000000000000000e+00
3.752250459640184999e+03 8.935587085918092143e+00 0.000000000000000000e+00 1.067779192987877934e+01 5.888716237757157069e+04 0.000000000000000000e+00
4.110405585340856305e+03 9.199222429185981653e+00 0.000000000000000000e+00 1.155918278689329171e+01 5.954081700571948750e+04 0.000000000000000000e+00
3.889085254297628126e+03 9.949925489205430296e+00 0.000000000000000000e+00 1.103691519173202096e+01 5.710983801648826920e+04 0.000000000000000000e+00
4.129935521889533447e+03 9.448685136051286904e+00 0.000000000000000000e+00 1.126885650677811057e+01 5.779803176251210971e+04 0.000000000000000000e+00
4.280540426196804219e+03 1.020426656075416361e+01 0.000000000000000000e+00 1.206224256852775589e+01 5.739062045928358566e+04 0.000000000000000000e+00
4.412838306060022660e+03 9.451219029348138179e+00 0.000000000000000000e+00 1.148189963239074807e+01 6.015750117907443200e+04 0.000000000000000000e+00
4.404674567399491025e+03 9.705286071026064221e+00 0.000000000000000000e+00 1.128195558912028318e+01 6.037536168348505453e+04 0.000000000000000000e+00
4.657533730562169694e+03 9.501310465745268274e+00 0.000000000000000000e+00 1.208724085761637390e+01 6.030523879317672254e+04 0.000000000000000000e+00
4.636169136394140878e+03 1.045549798707730993e+01 0.000000000000000000e+00 1.244435911965200070e+01 5.544899281069778226e+04 0.000000000000000000e+00
4.858825141135566810e+03 1.000480691650862042e+01 0.000000000000000000e+00 1.191534741185938451e+01 5.918185053236552631e+04 0.000000000000000000e+00
4.757318655538795610e+03 1.015921622383001122e+01 0.000000000000000000e+00 1.169656362643167391e+01 5.890331933300935634e+04 0.000000000000000000e+00
4.882628566403609511e+03 1.065513265035023238e+01 0.000000000000000000e+00 1.218238073231697172e+01 6.009390765319378988e+04 0.000000000000000000e+00
5.305276859741607950e+03 1.040396678901678484e+01 0.000000000000000000e+00 1.165670376198773184e+01 5.546161262291291496e+04 0.000000000000000000e+00
5.244871340886517828e+03 1.051240775215987533e+01 0.000000000000000000e+00 1.172169095758460955e+01 5.515528716782281117e+04 0.000000000000000000e+00
5.169452169967411464e+03 1.056483507677690881e+01 3.441216347779926910e+00 1.276838785959735389e+01 4.520824659732136297e+02 8.331434285264998607e+01
5.057878569520040401e+03 1.146627974911244330e+01 3.659462006445995286e+00 1.299131784804712808e+01 4.666043991603408472e+02 8.598453633059742174e+01
5.188907064881948827e+03 1.129653466890448144e+01 3.685015065491752395e+00 1.324861072789227023e+01 4.346925871430672714e+02 8.081911813765999852e+01
5.624382170924041020e+03 1.129104588521030195e+01 3.669688795309045570e+00 1.223786828875111254e+01 4.227403157058249121e+02 8.431479681413362925e+01
5.283823553548118070e+03 1.151979401238382117e+01 3.431516698634609508e+00 1.232757429278411898e+01 4.249894875302272794e+02 8.371353280009869025e+01
5.779301835638971170e+03 1.070326072712396837e+01 3.472207898745024668e+00 1.250980982845111633e+01 4.388178967393225207e+02 8.149417599821455838e+01
5.782760209146164925e+03 1.120719514846832077e+01 3.508561730452150140e+00 1.298030690742105975e+01 4.516679980570138468e+02 8.549330348652222256e+01
5.886196951949154936e+03 1.132496403263920470e+01 3.730783678699967965e+00 1.293218228223718036e+01 4.392219111562847047e+02 8.712707271053535862e+01
5.984843392354253410e+03 1.172779928854812503e+01 3.465880752356537364e+00 1.286052708360140784e+01 4.305893990829640643e+02 8.790194732311334747e+01
5.752420234316494316e+03 1.110440926573228637e+01 3.745982275174837284e+00 1.304056967494651431e+01 4.358429356235616865e+02 8.247351377892894675e+01
6.364744532035254451e+03 1.087490842532866964e+01 3.766385589327344796e+00 1.343371665129105530e+01 4.383961647208341219e+02 8.655799096402527937e+01
6.292134323232883617e+03 1.082823190529076918e+01 3.810443984790760297e+00 1.307373535535676368e+01 4.397136067255403873e+02 8.798691418461086755e+01
6.540456591231439234e+03 1.112228629705592908e+01 3.598480268902132018e+00 1.359937003379075371e+01 4.492078076622091771e+02 8.510420037845611319e+01
6.657505596316677838e+03 1.156018604882230250e+01 3.729720663617804632e+00 1.352192349439129160e+01 4.241566359565062498e+02 8.500407075858372252e+01
