2.000000000000000111e-01 3.472256785691283820e+00
1.000000000000000056e-01 3.500256785691283845e+00
5.000000000000000278e-02 3.918256785691283994e+00
3.333333333333333287e-02 3.964256785691284257e+00
2.000000000000000042e-02 4.074256785691283689e+00
1.250000000000000069e-02 4.226256785691283824e+00
1.000000000000000021e-02 4.310256785691284342e+00
6.666666666666667095e-03 4.518256785691283639e+00
5.000000000000000104e-03 4.730256785691284271e+00
4.000000000000000083e-03 4.920256785691283774e+00
3.333333333333333547e-03 5.064256785691283902e+00
