2.854247805260182735e-01 5.945339158930772250e+00 3.240388004842928549e+00 2.754337611695232280e+00 1.437889321205037959e+03 5.848646317155015595e+02
3.440277297363637388e+01 5.681106414458489517e+00 3.327628130785796667e+00 2.907425001878836124e+00 1.389108887602905497e+03 5.877186594715161618e+02
3.439901833140427811e+01 7.677451076427113108e+00 4.511899724829593339e+00 3.459734868659173124e+00 1.355261574924268189e+03 5.797448176128878004e+02
4.826167001536310863e+01 7.816684935500252784e+00 4.249431832137868348e+00 3.408388775313421437e+00 1.375787090506310733e+03 6.057770329353230636e+02
9.779354888688267522e+01 7.664955912817995376e+00 4.419011997455262630e+00 3.392535407981907447e+00 2.014783268165701600e+02 8.272758056887957423e+01
1.524742593770968710e+02 7.812196429128655417e+00 4.511094899901531008e+00 3.519555913077963893e+00 1.988003018027240500e+02 7.772610269274233019e+01
2.059306951896604687e+02 7.967817208575181276e+00 4.667964870590607163e+00 3.519356604909257946e+00 3.542852073334654506e+02 7.625987254453417563e+01
2.561464261093557297e+02 8.301500366843047374e+00 4.520350560151066510e+00 3.537789093058313128e+00 3.498510458875851441e+02 1.425467088762295873e+02
2.948602368737322763e+02 8.650767950574167031e+00 4.770247345880696876e+00 3.677187383170585022e+00 3.622015312004005523e+02 1.383514813376336292e+02
3.664939620226414831e+02 8.783104074550580620e+00 5.051366608492852350e+00 3.612987239680525153e+00 3.697304393867824501e+02 1.494067232033398795e+02
4.205660391599836885e+02 8.957228543423491729e+00 4.937631424800579261e+00 3.634676055952847928e+00 3.546474320098540716e+02 1.389106487245739459e+02
4.876627372861376557e+02 9.750378064290837088e+00 5.535465695175080469e+00 3.888337020951975642e+00 3.469091031527215137e+02 1.395848601601600478e+02
6.236903163548345219e+02 1.027191927378515679e+01 5.400102484356295029e+00 3.954390495083283330e+00 3.668893171683917558e+02 1.454727103541052031e+02
6.960708299028054853e+02 1.107812135054701663e+01 6.176880704116688214e+00 4.460804421699115174e+00 7.144703542679293378e+02 3.063557856965105657e+02
7.653740951458548807e+02 1.075939359290631536e+01 6.435699837675894486e+00 4.290427809244643953e+00 7.276742186008553972e+02 2.992382127968475629e+02
8.723074192177456325e+02 1.164024766651996678e+01 6.381755451127911982e+00 4.529694448646795379e+00 7.427144224648732234e+02 3.220917814635329819e+02
1.016505113667835190e+03 1.138582604652208552e+01 6.378421841470008680e+00 4.419793039804098100e+00 7.371080214107830670e+02 3.262267723229210787e+02
1.091896026742856975e+03 1.202566499946856737e+01 6.518063107638449871e+00 4.774082982121461427e+00 7.502157809639522839e+02 2.968324577967352980e+02
1.213365124265028726e+03 1.154272298844952438e+01 6.250126141372990496e+00 4.550221402274361893e+00 7.335549866899917788e+02 3.237837187954846740e+02
1.347579606622943402e+03 1.187900672946026148e+01 6.631584040511824263e+00 4.993561478554410016e+00 7.662826361843700624e+02 3.147065802466298692e+02
1.379191653627820642e+03 1.231264019383324460e+01 6.477196867092644972e+00 4.893360145598323996e+00 7.589353451750090471e+02 3.051785338716152296e+02
1.566995956198011527e+03 1.174552077739284783e+01 7.023574754710270263e+00 4.854411753135346785e+00 7.652794367601866270e+02 3.113010205576952671e+02
1.788692272396497856e+03 1.281258693341955990e+01 6.932114082803075839e+00 5.074529812761586101e+00 8.252240605047433064e+02 3.115851773814618468e+02
2.083432660337283778e+03 1.221041823173152352e+01 7.169627786096571143e+00 5.156999131878032827e+00 7.958471298015582533e+02 3.056215867007844054e+02
2.194254435176667357e+03 1.354813150911788000e+01 7.016075170478948131e+00 5.307864699492866656e+00 8.084326652670952171e+02 3.109055163707638485e+02
2.307966553754231882e+03 1.338493435793654562e+01 6.768140517782478938e+00 5.368559276673342318e+00 8.046744297247178110e+02 3.105800604627018515e+02
2.689537069737892125e+03 1.294514602312334084e+01 7.309327291294066775e+00 5.502218232771079798e+00 8.182641448936856250e+02 3.176666016664236167e+02
2.644974015151307412e+03 1.378440787531377154e+01 7.587570035872719387e+00 5.788259383357892141e+00 8.350382225040821140e+02 3.048785967058772712e+02
2.891917306918950089e+03 1.405394491804281287e+01 7.203867853733099125e+00 5.588969544268524103e+00 7.677396482517141294e+02 3.212605996859757624e+02
2.826778148043948022e+03 7.754807668436616730e+00 0.000000000000000000e+00 9.585553310546139016e+00 8.043756051967818621e+02 3.011270594991843268e+02
2.858982384032545269e+03 8.118897235569308535e+00 0.000000000000000000e+00 1.026791293446653697e+01 5.866633559689240792e+04 0.000000000000000000e+00
3.193565297271174131e+03 8.483337856838167212e+00 0.000000000000000000e+00 1.067672140379893442e+01 6.014070711141043284e+04 0.000000000000000000e+00
3.290152182887490653e+03 8.431861759418884716e+00 0.000000000000000000e+00 1.074322826106763884e+01 6.010329025042783178e+04 0.000000000000000000e+00
3.412916362875940649e+03 8.692961344104780608e+00 0.000000000000000000e+00 1.051867094000939673e+01 5.588713762035081891e+04 0.000000000000000000e+00
3.509126475254377056e+03 8.933865282314052081e+00 0.000000000000000000e+00 1.029737351885255947e+01 5.816837998241342575e+04 0.000000000000000000e+00
3.363489543229677565e+03 9.206861908068185940e+00 0.000000000000000000e+00 1.092276844204365283e+01 5.642138138687434548e+04 0.000000000000000000e+00
3.489474441863312677e+03 9.447296307805737925e+00 0.000000000000000000e+00 1.128622363229299808e+01 5.953405877134016191e+04 0.000000000000000000e+00
3.573951949869925102e+03 9.410472750555525678e+00 0.000000000000000000e+00 1.077537921571763135e+01 6.064660198007522558e+04 0.000000000000000000e+00
3.709943874053403761e+03 9.397570846415513657e+00 0.000000000000000000e+00 1.124065666366217897e+01 6.004561639962669869e+04 0.000000000000000000e+00
3.846430819354224241e+03 9.010092647371456209e+00 0.000000000000000000e+00 1.123301310170903022e+01 5.713879834642983769e+04 0.000000000000000000e+00
3.855790417972190426e+03 9.787670046106654809e+00 0.000000000000000000e+00 1.160928114215611373e+01 5.817328547689481638e+04 0.000000000000000000e+00
4.273281603645821633e+03 9.479795186696911458e+00 0.000000000000000000e+00 1.120901554640312092e+01 5.531755193239489017e+04 0.000000000000000000e+00
4.032750791737336840e+03 9.325369071899622497e+00 0.000000000000000000e+00 1.149904142003737917e+01 5.899882186688231013e+04 0.000000000000000000e+00
4.292708241099286170e+03 9.785106180614873139e+00 0.000000000000000000e+00 1.139915291721903934e+01 6.044631643852088746e+04 0.000000000000000000e+00
4.190922945446478479e+03 9.705032757612718441e+00 0.000000000000000000e+00 1.197168390526550574e+01 6.039705277068975556e+04 0.000000000000000000e+00
4.612307087565344773e+03 1.025229301795316061e+01 0.000000000000000000e+00 1.176269141652262284e+01 5.509256402829662693e+04 0.000000000000000000e+00
4.630324676773228930e+03 9.767310474925945840e+00 0.000000000000000000e+00 1.123502656339135264e+01 5.558940233223122777e+04 0.000000000000000000e+00
4.660820001519711695e+03 9.959930601483462098e+00 0.000000000000000000e+00 1.181871826430347383e+01 5.635878781885820354e+04 0.000000000000000000e+00
4.898874328103730477e+03 9.781220282449204717e+00 0.000000000000000000e+00 1.215418101931412131e+01 5.587173547669782420e+04 0.000000000000000000e+00
5.013055016529709064e+03 1.051826364994872343e+01 0.000000000000000000e+00 1.204683155807435568e+01 5.838653291461004119e+04 0.000000000000000000e+00
4.853671857877166076e+03 9.998690565353195225e+00 0.000000000000000000e+00 1.154174284950418894e+01 6.051260521687196888e+04 0.000000000000000000e+00
5.033982004966614113e+03 9.804092674585106693e+00 0.000000000000000000e+00 1.248535728885039298e+01 5.960884407493741310e+04 0.000000000000000000e+00
5.110031114075368350e+03 1.005991425208001644e+01 0.000000000000000000e+00 1.179919998817830695e+01 5.821995206609379966e+04 0.000000000000000000e+00
4.980868130848529290e+03 1.070046712114946530e+01 3.559496896318738113e+00 1.234690015682968500e+01 4.499708672720880713e+02 8.191339547527761056e+01
5.025539396324329573e+03 1.099118457276308014e+01 3.442413439643268624e+00 1.316171291819156686e+01 4.473398663243755777e+02 8.555236968345332116e+01
5.201534766503041283e+03 1.115097331453331009e+01 3.582884897824376136e+00 1.275054068438874388e+01 4.623016946329076973e+02 8.087665181838802653e+01
5.402712461805928797e+03 1.149820636262184514e+01 3.677768848795141210e+00 1.323711365829707809e+01 4.396247011071247357e+02 8.337102601244221489e+01
5.345538194798204131e+03 1.136618919720377541e+01 3.514155342620125300e+00 1.264376872393280316e+01 4.578405821499186459e+02 8.121251439937444161e+01
5.406505512235501556e+03 1.081649306121432730e+01 3.478534380214650223e+00 1.304137820913724966e+01 4.521397717685881616e+02 8.794366364762447574e+01
5.472873229652508599e+03 1.106373483627676002e+01 3.507273436594791960e+00 1.273660400984017649e+01 4.276639959838675509e+02 8.710633486336402598e+01
5.884413636742306153e+03 1.153530187887463399e+01 3.804292704965585248e+00 1.354970865519880086e+01 4.257444404133215130e+02 8.800954854215724765e+01
6.094861159355923519e+03 1.149404365398961225e+01 3.808612723945299372e+00 1.297071850360697987e+01 4.270318546085417779e+02 8.790164674828371005e+01
5.740461320342128602e+03 1.079349259577439035e+01 3.506657687559340708e+00 1.323405703960031410e+01 4.414363501374970156e+02 8.225181493137711186e+01
6.160206844092580468e+03 1.161885100669519133e+01 3.837234781399134320e+00 1.267508398446008933e+01 4.407542286319450682e+02 8.655653756522566766e+01
5.998253878365341734e+03 1.139578060567956186e+01 3.582912445400958212e+00 1.337070849529773753e+01 4.427852985600806051e+02 8.289088359603617562e+01
6.207104286081241298e+03 1.089807237119113559e+01 3.570051879378598247e+00 1.288298572920371221e+01 4.329702386651275106e+02 8.490424038669802087e+01
6.207680950785997084e+03 1.118546391273378582e+01 3.613150334940395947e+00 1.312844839953332432e+01 4.125038791085041225e+02 8.306377264772196156e+01
