-2.573308678011475559e-01 5.520428829841798724e+00 3.403865993947166491e+00 2.901495437418233347e+00 1.385082506799389421e+03 5.802906390543950010e+02
3.399401203959452289e+01 5.530848029844968039e+00 3.241239072855630621e+00 2.705280873639654970e+00 1.418341980995520089e+03 6.101714935446061645e+02
3.234201723290515673e+01 8.060365825109366611e+00 4.480992197463192994e+00 3.195268385492031626e+00 1.339116253471714572e+03 6.254487983058141936e+02
5.236058130305940495e+01 7.976250773552075124e+00 4.542655862189342919e+00 3.339464869019647786e+00 1.459820895016903705e+03 5.956880488987799254e+02
1.051113371129162886e+02 8.239450288354840168e+00 4.558173262161075101e+00 3.232297914415014795e+00 1.911587048243681295e+02 8.360584309727444463e+01
1.457973022516958679e+02 8.342181390708560684e+00 4.591374880912694856e+00 3.508010620028000126e+00 2.097167287953013783e+02 7.846838123251804120e+01
2.068830043736305413e+02 8.380337449084247936e+00 4.414331217149851661e+00 3.581885735155776018e+00 3.476045127416533660e+02 7.715614584219493111e+01
2.593565945261273100e+02 8.012612833962412751e+00 4.710504438785420689e+00 3.412518629046147556e+00 3.637331197995533216e+02 1.401999400566157306e+02
3.053116735611257582e+02 8.355962228031312833e+00 4.749588271786486793e+00 3.721663808859483780e+00 3.743971668493604170e+02 1.483820444615483609e+02
3.527752783108967378e+02 8.379613298457911696e+00 4.768637851895174862e+00 3.697055113173866037e+00 3.617682814121973820e+02 1.363593348422957945e+02
3.983162884146164515e+02 8.541813506332239569e+00 4.757065901712143940e+00 3.736215642487216826e+00 3.703958448743464942e+02 1.473682402099917681e+02
5.053921389009847189e+02 9.283087427231647482e+00 5.328914326755609387e+00 3.997781579955593578e+00 3.451616221841777019e+02 1.360208193003213921e+02
6.075168593601996463e+02 1.068411850626495863e+01 5.734308225472611653e+00 4.143523134144128761e+00 3.481251787732067555e+02 1.376872009152568523e+02
6.958927876936478469e+02 1.124785450258542419e+01 5.868820942415998942e+00 4.394207614031746978e+00 7.053596538718355760e+02 3.167514508725313931e+02
7.704402486505802017e+02 1.050057434688449831e+01 6.054379553825843807e+00 4.255006375012384545e+00 7.316267659215109234e+02 3.247050293476478942e+02
8.787489345391492179e+02 1.142396974317239433e+01 6.230108871512382684e+00 4.393674511300094565e+00 7.192125921060263636e+02 3.093711009469631108e+02
1.033555570747756974e+03 1.181981841601929695e+01 6.243141859536320837e+00 4.767701667519520292e+00 7.750769448802591342e+02 3.261974208187134536e+02
1.045876473192613730e+03 1.163221660486570030e+01 6.667530206446243390e+00 4.498122714367404740e+00 7.763184120308587808e+02 3.242519717018414553e+02
1.205757462875796364e+03 1.122764679442206415e+01 6.660393659384871157e+00 4.614941243883027511e+00 7.370790243298540645e+02 3.196789708737647970e+02
1.333532324442364370e+03 1.134784015786527611e+01 6.718142545362353779e+00 4.949025733204461375e+00 7.759935679044157268e+02 3.043866871059165078e+02
1.424963148720367826e+03 1.175232832021977103e+01 6.822170239526077928e+00 4.910436264139321771e+00 7.189667886895128959e+02 3.111297817973689916e+02
1.578092382077665889e+03 1.283652164886406055e+01 6.609476837648345260e+00 4.854374439453621015e+00 7.755738857532165866e+02 2.980133847837387293e+02
1.809660931074522750e+03 1.219779186783935465e+01 7.150142494421769968e+00 5.149941291797912157e+00 8.063478969957703839e+02 3.187259649517346816e+02
2.009283122063166957e+03 1.341405392350838710e+01 6.705871374702373267e+00 5.317622319954515397e+00 8.056297903920315093e+02 3.005307164029288742e+02
2.246939910385469830e+03 1.286292084850201256e+01 7.000694801743463813e+00 5.338608691351510949e+00 8.379007554629812375e+02 3.038982593551870082e+02
2.382171770545441632e+03 1.339844577750508492e+01 7.184729652527297006e+00 5.480740320194226634e+00 8.284354668152898284e+02 3.006961735370225028e+02
2.611803866349452164e+03 1.278384315598328236e+01 7.286950761027664925e+00 5.416325108296728530e+00 8.145765967621766777e+02 3.252500713542233939e+02
2.484546393220076425e+03 1.399470751177074845e+01 7.603631442868636903e+00 5.581553377998871746e+00 8.394507742787526468e+02 3.196206095192600287e+02
2.808206085926483865e+03 1.359344842037149448e+01 7.309087665025084668e+00 5.650913655220789700e+00 8.387549681758824818e+02 3.275171243549934843e+02
2.965506269276432249e+03 8.060532421769101674e+00 0.000000000000000000e+00 9.902723117495103367e+00 7.838136162332624508e+02 3.083663765566133748e+02
3.119475813869948070e+03 8.526805025170936858e+00 0.000000000000000000e+00 1.011305749814649957e+01 5.674769518800975493e+04 0.000000000000000000e+00
3.000801861971985090e+03 8.751835102229819086e+00 0.000000000000000000e+00 1.055212539046706333e+01 5.781520992290552385e+04 0.000000000000000000e+00
3.275625453287865184e+03 8.374231556333809223e+00 0.000000000000000000e+00 1.038525037675230323e+01 5.855022406299102295e+04 0.000000000000000000e+00
3.322305165568282064e+03 9.079125361826326568e+00 0.000000000000000000e+00 1.011201596606522379e+01 5.999173958879037673e+04 0.000000000000000000e+00
3.310287161306039707e+03 8.629898848004048162e+00 0.000000000000000000e+00 1.007786182678113818e+01 5.998250159154684661e+04 0.000000000000000000e+00
3.384146161121693240e+03 9.338518772591907435e+00 0.000000000000000000e+00 1.044516366253507655e+01 5.709606346593959461e+04 0.000000000000000000e+00
3.428448791757176878e+03 9.490089973926654210e+00 0.000000000000000000e+00 1.065988120824250274e+01 6.002227576533344836e+04 0.000000000000000000e+00
3.696619455167307933e+03 8.916475013860861054e+00 0.000000000000000000e+00 1.088620331243528128e+01 5.515793276943743695e+04 0.000000000000000000e+00
3.597466831063113204e+03 8.828365434503709253e+00 0.000000000000000000e+00 1.096417094033853701e+01 5.566484802856176248e+04 0.000000000000000000e+00
3.825841409179932270e+03 9.419995606687427525e+00 0.000000000000000000e+00 1.105883253220227758e+01 5.730141434496717557e+04 0.000000000000000000e+00
4.074474073779938863e+03 9.373538933949634000e+00 0.000000000000000000e+00 1.100476822334751503e+01 5.921107766563197220e+04 0.000000000000000000e+00
4.214680154346653580e+03 9.819188563323557162e+00 0.000000000000000000e+00 1.086890354059744901e+01 5.905023078102809814e+04 0.000000000000000000e+00
4.305159403437678520e+03 9.928538488073495927e+00 0.000000000000000000e+00 1.120694669262968191e+01 5.646783299287404952e+04 0.000000000000000000e+00
4.081104926607373727e+03 1.009015587919467016e+01 0.000000000000000000e+00 1.154063091611181768e+01 5.966127734485237306e+04 0.000000000000000000e+00
4.225133244136800386e+03 9.465278265528960233e+00 0.000000000000000000e+00 1.156743631683027296e+01 5.929487808786414098e+04 0.000000000000000000e+00
4.489649589580360953e+03 1.037599046848182027e+01 0.000000000000000000e+00 1.146685152791436657e+01 6.025347171306596283e+04 0.000000000000000000e+00
4.770243178082792838e+03 1.002140419493797197e+01 0.000000000000000000e+00 1.124837555745263806e+01 5.526400838378601475e+04 0.000000000000000000e+00
4.722769052199865655e+03 1.047668518974531437e+01 0.000000000000000000e+00 1.142717481784427491e+01 5.822384253107605036e+04 0.000000000000000000e+00
4.835459941513877311e+03 1.030525165897570972e+01 0.000000000000000000e+00 1.146565084045656313e+01 5.625913416058682196e+04 0.000000000000000000e+00
4.716570485733325768e+03 1.023960825762408966e+01 0.000000000000000000e+00 1.163355365833747967e+01 5.607978139415754413e+04 0.000000000000000000e+00
4.966796591570184319e+03 1.053537341868412369e+01 0.000000000000000000e+00 1.243242951416828923e+01 5.566115828527859412e+04 0.000000000000000000e+00
5.242898297035638279e+03 1.031234579557110465e+01 0.000000000000000000e+00 1.257624534549015038e+01 5.928710686643907684e+04 0.000000000000000000e+00
4.892594575864723083e+03 1.051974491762580577e+01 0.000000000000000000e+00 1.160827129525499579e+01 5.986077496395872004e+04 0.000000000000000000e+00
4.899451239911910307e+03 1.065829719925970842e+01 3.399217809461044126e+00 1.306908760053726759e+01 4.453653531627923030e+02 8.779658368532776080e+01
4.968429018907634600e+03 1.079645205383616080e+01 3.669014585026201480e+00 1.252214355256402456e+01 4.633918057249294975e+02 8.444475256811942643e+01
5.094358121017022313e+03 1.126748524755808845e+01 3.581450483351398262e+00 1.258137984476688587e+01 4.504948946946934143e+02 8.114453846524371272e+01
5.133056745425870758e+03 1.087264422925858121e+01 3.570271520961973089e+00 1.351174680593222988e+01 4.212740280335258376e+02 8.519097773961337339e+01
5.523178731485259959e+03 1.065739599895792011e+01 3.664911512818596950e+00 1.238676351926621955e+01 4.479718170103776060e+02 8.462753921966886139e+01
5.775612967000965000e+03 1.145437991604047312e+01 3.754075469611630300e+00 1.236135914734103025e+01 4.171557477272306187e+02 8.241192460732573011e+01
5.792290538882923101e+03 1.166058215295457678e+01 3.780302911655261333e+00 1.275540616498790492e+01 4.267899474088338820e+02 8.484656552895486925e+01
5.653074236846214262e+03 1.100109672318400378e+01 3.773400135351657969e+00 1.327824543564614856e+01 4.218556252853181263e+02 8.120212852966071182e+01
5.943281409972863912e+03 1.155576255634001726e+01 3.641701835250298558e+00 1.293289997294546900e+01 4.174442099161315696e+02 8.213362136925502455e+01
6.193312288921330037e+03 1.101475655708905244e+01 3.533944403355483210e+00 1.297254332896287465e+01 4.360259149014976856e+02 8.308041391144126919e+01
5.821199067969723728e+03 1.088199508196541920e+01 3.806343930146128152e+00 1.284817401737559628e+01 4.307856935943631242e+02 8.923392965214404171e+01
6.168820011240324675e+03 1.143674800844786787e+01 3.766241072378450738e+00 1.362797445682015152e+01 4.468316250711899897e+02 8.314191972073669490e+01
6.015325635968581082e+03 1.098755949416067779e+01 3.484777419013610711e+00 1.292357567442262933e+01 4.217148478719651052e+02 8.586303521568537178e+01
6.065899913086918787e+03 1.126731715146372181e+01 3.534201176281692725e+00 1.353792476825166169e+01 4.438097566588710947e+02 8.497887491527147574e+01
