1.248937794409856306e+00 5.966878928533057014e+00 3.162899457165437855e+00 2.630695808697288030e+00 1.327980990399425309e+03 5.807012228500844913e+02
2.578817841226520713e+01 5.752396220115125303e+00 3.022188096481667419e+00 2.739004337718462079e+00 1.516324893418510101e+03 5.679873718847408099e+02
3.091902114132284396e+01 8.008695250949052991e+00 4.034016571210740310e+00 3.606067350311509490e+00 1.506579768540630766e+03 5.749284247046501832e+02
4.467687802699925470e+01 7.417254076746075953e+00 4.056552720829627035e+00 3.545614887988253638e+00 1.401771106081999960e+03 5.593428732170990543e+02
1.136852621981269920e+02 8.009117069081101548e+00 4.577125593132038262e+00 3.242795234616055122e+00 2.197975265293428890e+02 8.311540096029102642e+01
1.342169437357569564e+02 7.329928641866302996e+00 4.383206446309357851e+00 3.578177128349987246e+00 2.018085633992149610e+02 8.219846134237442925e+01
2.212457835374336526e+02 8.091903899971436331e+00 4.288404273374237796e+00 3.533792057063719572e+00 3.373112563414753140e+02 7.910994016943024576e+01
2.583483347063081510e+02 8.834234880260995126e+00 4.504003181541701650e+00 3.779857082341687491e+00 3.452385821208813468e+02 1.514145854252592471e+02
2.936048975408837691e+02 7.939649541800246624e+00 4.520238388116229800e+00 3.352803156839264886e+00 3.299309122998443513e+02 1.459090125943463079e+02
3.221802339730656968e+02 8.463022856576765562e+00 5.050371329918904806e+00 3.397782724828338541e+00 3.748638610030259883e+02 1.291197977121921667e+02
3.825303440833213813e+02 8.181675106849082724e+00 4.745729230072900151e+00 3.508712670005451173e+00 3.941129012931608600e+02 1.493600774010324699e+02
5.585074343328370787e+02 9.235079424917385538e+00 5.014803921595060388e+00 3.857098097782435620e+00 3.513753544639394022e+02 1.559745621248648888e+02
5.125307288076542136e+02 1.061619903687395983e+01 5.610718470472460417e+00 4.519323231957075748e+00 3.565807535116906024e+02 1.343808045184461548e+02
5.982259055635355480e+02 1.113623993425438563e+01 5.853239899339444108e+00 4.490161027488776213e+00 7.398440467186602518e+02 3.069575635589339981e+02
9.164483348473511342e+02 9.975007259874306698e+00 5.952260520888972728e+00 4.529749908317484142e+00 7.245136643061000541e+02 3.421563965858915708e+02
1.061648860312895749e+03 1.204197313683702042e+01 6.129176126006684378e+00 4.512225192236374305e+00 7.944444828914166692e+02 3.296981391791238138e+02
1.014997623701757334e+03 1.167435041683589603e+01 6.489928277308804283e+00 4.879971957683187256e+00 6.780057783208399087e+02 2.838064200367977605e+02
9.072450861532362296e+02 1.191655080160687596e+01 6.675760561900351497e+00 4.347550080201290967e+00 7.513843174486479484e+02 2.832566476950808010e+02
1.210772897507619746e+03 1.135138825869035450e+01 6.100344954369691486e+00 4.408350155012002780e+00 6.790315571433534387e+02 2.835560711751828649e+02
1.425845110895535981e+03 1.274062296032907504e+01 6.031100235052623049e+00 4.959043651479506210e+00 7.369910815103634150e+02 3.297499613882920357e+02
1.231980214367865074e+03 1.102796028024496167e+01 6.732483647233922675e+00 4.917754246029713450e+00 7.108459558820986786e+02 3.291373456400375517e+02
1.556084643552840816e+03 1.144357618841978663e+01 6.490725342830357292e+00 4.905196755997263125e+00 8.112132921288148282e+02 3.334359071330851521e+02
2.127473238943141496e+03 1.150111979787743621e+01 6.647177810589501412e+00 5.542721813941922981e+00 8.727404557050082303e+02 3.005896788357675860e+02
1.689333685096944919e+03 1.201612825601278089e+01 6.961511677791997421e+00 4.705718240249612272e+00 7.758062245385571032e+02 3.071300495947722879e+02
1.944375538653598824e+03 1.407176882346343660e+01 7.334742927137900104e+00 4.890688552475440432e+00 8.484242341119456796e+02 3.041338987520624073e+02
2.316710371533928992e+03 1.233775033057689363e+01 7.054448775232854629e+00 5.277996949638258606e+00 8.588379445863936326e+02 3.023248183050371836e+02
2.469516694010349511e+03 1.354208026622058725e+01 6.640207403249556606e+00 5.598169120067469251e+00 7.333999737606144436e+02 3.083711451902017870e+02
2.575133584395646267e+03 1.361250153664989426e+01 6.990045918193528607e+00 6.067851279472687764e+00 8.363451447669708614e+02 3.398207004106989757e+02
3.359350892227188524e+03 1.255343074088042599e+01 7.097528044336741893e+00 6.085849894675715355e+00 7.571038520735683051e+02 3.128030556172149659e+02
2.977122620960587028e+03 8.878110726363603433e+00 0.000000000000000000e+00 8.741076198713244594e+00 8.154588380205395879e+02 3.244234049590406812e+02
3.464500900099234059e+03 8.857808759331291526e+00 0.000000000000000000e+00 9.112803698793632279e+00 5.400334897129377350e+04 0.000000000000000000e+00
2.493263048318910478e+03 8.674880824591459927e+00 0.000000000000000000e+00 1.024746316362609022e+01 5.651604624785255146e+04 0.000000000000000000e+00
3.136809427330512790e+03 8.981553533752608232e+00 0.000000000000000000e+00 1.092810578153436474e+01 5.851765441340780671e+04 0.000000000000000000e+00
2.797895837846210270e+03 8.664910580615881486e+00 0.000000000000000000e+00 1.024435112078124632e+01 5.783325743647383206e+04 0.000000000000000000e+00
2.830835005849975005e+03 8.063458900634651982e+00 0.000000000000000000e+00 1.165286660742667557e+01 5.474366943192508188e+04 0.000000000000000000e+00
3.165748115864311330e+03 9.019636219676957722e+00 0.000000000000000000e+00 1.126039288581124254e+01 5.568942815119338775e+04 0.000000000000000000e+00
3.166763047725637989e+03 8.370184828037073643e+00 0.000000000000000000e+00 9.973538095781243840e+00 5.312342216528738936e+04 0.000000000000000000e+00
3.932261684438664815e+03 9.132394063882678381e+00 0.000000000000000000e+00 1.147826415920010668e+01 5.902961177188422153e+04 0.000000000000000000e+00
4.158609544373734025e+03 9.696300480753910378e+00 0.000000000000000000e+00 1.139912622076682247e+01 5.773997368491024827e+04 0.000000000000000000e+00
4.382347554513656178e+03 9.369829958736961117e+00 0.000000000000000000e+00 1.097847288320278381e+01 6.329112534965771192e+04 0.000000000000000000e+00
4.176957994395022070e+03 9.702944297026963483e+00 0.000000000000000000e+00 1.020732290453187652e+01 6.300358797292454983e+04 0.000000000000000000e+00
4.153142165443017802e+03 9.044125519847186823e+00 0.000000000000000000e+00 1.128628508823493526e+01 5.696896657976618008e+04 0.000000000000000000e+00
3.818927067471053306e+03 1.040355920304704185e+01 0.000000000000000000e+00 1.186948343171250109e+01 5.730196867832593853e+04 0.000000000000000000e+00
3.674549390963557016e+03 9.730952136496767935e+00 0.000000000000000000e+00 1.257622712854908542e+01 6.030582916369399027e+04 0.000000000000000000e+00
4.042134845777469764e+03 1.066217720523433421e+01 0.000000000000000000e+00 1.172996706879339079e+01 5.385812772567627690e+04 0.000000000000000000e+00
4.833924968835202890e+03 9.508510998596383601e+00 0.000000000000000000e+00 1.227316138937991852e+01 5.413440100194398838e+04 0.000000000000000000e+00
5.286966052821653648e+03 9.848645498164389167e+00 0.000000000000000000e+00 1.238348933385783468e+01 5.606874937147619494e+04 0.000000000000000000e+00
3.760055554324613695e+03 9.171577017065486004e+00 0.000000000000000000e+00 1.104765937751977489e+01 6.318000631822168361e+04 0.000000000000000000e+00
5.087076078218088696e+03 1.029137079859606096e+01 0.000000000000000000e+00 1.163156894779228523e+01 5.647531237987618806e+04 0.000000000000000000e+00
4.035833787198367190e+03 1.057017977211073578e+01 0.000000000000000000e+00 1.245140929688348841e+01 5.995807942509507120e+04 0.000000000000000000e+00
4.765731242766992182e+03 9.989821463282254399e+00 0.000000000000000000e+00 1.144679027365645929e+01 6.091656414792402211e+04 0.000000000000000000e+00
4.677539617713820917e+03 1.078977194444176035e+01 0.000000000000000000e+00 1.163080807486526780e+01 6.196559399322777608e+04 0.000000000000000000e+00
4.757086283310129147e+03 9.607794461039048883e+00 0.000000000000000000e+00 1.200572950792306415e+01 6.352925347765234619e+04 0.000000000000000000e+00
4.593737244149600883e+03 1.078710931637880321e+01 3.659219092524431893e+00 1.340166508506014864e+01 4.261842936741514336e+02 9.168538035614361092e+01
5.332920285478817277e+03 1.200827342725336955e+01 3.645332752998965198e+00 1.395873553151785984e+01 4.628827629840097302e+02 8.149310009513344255e+01
5.313710470006873038e+03 1.137843746737049422e+01 3.430260317156310190e+00 1.355503089965120189e+01 4.846825950623598942e+02 8.178661912421451063e+01
4.803297777522292563e+03 1.057470366208740131e+01 3.559424832449406217e+00 1.328815996828553025e+01 4.088259028002258333e+02 7.670806423778455496e+01
5.412759190190859954e+03 1.210819918633528580e+01 3.525022732661294178e+00 1.357620728256295095e+01 4.050665050408382513e+02 8.865850199407218213e+01
6.547927933480764295e+03 1.060582924293002982e+01 3.300803322027056286e+00 1.186174312193873526e+01 4.188961100082396456e+02 9.245744670590302405e+01
4.718617542026056981e+03 1.100206962954525736e+01 3.253645955071445606e+00 1.221456374790781574e+01 4.301890959628099154e+02 8.321682505886433034e+01
4.765220947996843279e+03 1.090749670120081660e+01 3.338246378740837628e+00 1.243186170208245045e+01 4.549333814104876978e+02 8.909856220448619979e+01
6.854820608976626318e+03 1.086948983474623098e+01 3.318624116144893055e+00 1.213317880443605112e+01 4.060046675301456389e+02 7.950632673620110324e+01
6.604756677398057946e+03 1.128850664576118845e+01 3.636334651716344180e+00 1.261335902238685769e+01 4.501211324630589274e+02 9.047593473254663365e+01
6.842869010026712203e+03 1.174568509253088600e+01 3.977676338951785517e+00 1.323914539924843758e+01 4.745635917355113520e+02 8.370373114410428173e+01
7.195349820606729736e+03 1.027677971784848054e+01 4.010735500140103937e+00 1.196928632428811490e+01 4.337707116703898578e+02 8.058144459761234657e+01
5.632847495813529349e+03 1.171527342072672262e+01 3.685951939038687897e+00 1.299078050287583430e+01 4.209363722301275175e+02 8.150888692892397103e+01
6.971180797424191951e+03 1.032558482778006947e+01 3.365735912263772889e+00 1.280988749893343481e+01 4.089063106092719977e+02 7.748039422542339594e+01
