4.891103424541950462e-01 5.596154458143676180e+00 3.412197014048257149e+00 2.819977002479639339e+00 1.362973811513967348e+03 6.071188292382704503e+02
3.497767657950557663e+01 5.664018351382295258e+00 3.197871646310737503e+00 2.875796955743853189e+00 1.392505611209377548e+03 6.117339763709550198e+02
3.194784067090075297e+01 7.769619309017659958e+00 4.190064030338347401e+00 3.201167004146574513e+00 1.330282423484588890e+03 5.919241538580521365e+02
4.770566341541319844e+01 7.474081597824373091e+00 4.511033472239387443e+00 3.456331680298561970e+00 1.413315240915332424e+03 5.976950252644754755e+02
9.874900677676399141e+01 7.572894928611522580e+00 4.499782332184766531e+00 3.287976053293747203e+00 1.997307140031382175e+02 7.880317156969064740e+01
1.540436660303217877e+02 8.251024726056559899e+00 4.573409917830483451e+00 3.401189593368894482e+00 2.058567387009186405e+02 7.717912175050977908e+01
1.917469106449825347e+02 8.326561873903406408e+00 4.447615707399233287e+00 3.475311422778330162e+00 3.484611805529339108e+02 8.239822449813857475e+01
2.375173402826456481e+02 8.025884229620212196e+00 4.510788836222888953e+00 3.624807273464556889e+00 3.552007634999850438e+02 1.413427523726288086e+02
2.852481656021876120e+02 8.822981050379206991e+00 4.890956774427449361e+00 3.493231092157786488e+00 3.667954802617074961e+02 1.455751481931433204e+02
3.487600714283557295e+02 8.579523863445475129e+00 4.821082676520989985e+00 3.421785989854372101e+00 3.627072963219918051e+02 1.476968486834907139e+02
4.212933457800250494e+02 8.892353677081512586e+00 5.007733288269879957e+00 3.712882047692998899e+00 3.465650346664783683e+02 1.368020159214094349e+02
5.119076803802018389e+02 9.421124212487598015e+00 5.371770281996552932e+00 3.950241475542278113e+00 3.623091725751461922e+02 1.408456345852421521e+02
5.776206662851927831e+02 1.039812015286828561e+01 5.393854033234118717e+00 4.279334169342537741e+00 3.509099888828445728e+02 1.442979033592182248e+02
6.550628704128971549e+02 1.066190260012992397e+01 5.983998917924126637e+00 4.292066751429496563e+00 7.420007277470609779e+02 3.251332171793360999e+02
8.072506212801056336e+02 1.077264433552337053e+01 6.239452112959599894e+00 4.484080546746883833e+00 7.720631840150804237e+02 2.965596974349840025e+02
8.840766348390027360e+02 1.076153445392576558e+01 6.064303423928144809e+00 4.619569224226311555e+00 7.175951537663154340e+02 3.140338156269314140e+02
1.014480913170799226e+03 1.107999951306925190e+01 6.418733314785010080e+00 4.748628928008904460e+00 7.070464879641045854e+02 3.206221029822335140e+02
1.051203935105666233e+03 1.136219157723717110e+01 6.397545914412233081e+00 4.703257735513147075e+00 7.316692229122277240e+02 3.110429968781612047e+02
1.260264073725424851e+03 1.133771632152945052e+01 6.445111871616541421e+00 4.901715073928827771e+00 7.249043341453359517e+02 3.263940716981241508e+02
1.305441737381599751e+03 1.238422113119465173e+01 6.782770810764604974e+00 4.754319351115873893e+00 7.144316351811509094e+02 3.120216610823451333e+02
1.345562393669895755e+03 1.143904497489660699e+01 6.607010282558778869e+00 4.860718009554837238e+00 7.671908990738446619e+02 3.258644097272539284e+02
1.608118190064752753e+03 1.189540564130702371e+01 6.939518061337332178e+00 4.760963160774973169e+00 7.237719106628031795e+02 3.225992540896002652e+02
1.874463153860953753e+03 1.239270306030567603e+01 6.848027007239701369e+00 4.943881914453607251e+00 7.864596881417576242e+02 3.234314279654943789e+02
1.926148671075052334e+03 1.288648965947068881e+01 7.242101152115850482e+00 5.229299964891319874e+00 8.348458341599528012e+02 3.251004240785387651e+02
2.211348603906523749e+03 1.358622432759242926e+01 6.745886839200214702e+00 5.256642992733092434e+00 7.997913168820450664e+02 3.114075069535332432e+02
2.367161988732941609e+03 1.331724825334872442e+01 7.383297318468122761e+00 5.379700154249198896e+00 7.678887401728154600e+02 3.263498969763492141e+02
2.538783061694409753e+03 1.285537242071517738e+01 6.744852362709345073e+00 5.321828200777807716e+00 7.704373142619381269e+02 3.050331782314904103e+02
2.728832454123783464e+03 1.388258435210663855e+01 7.363477038067396840e+00 5.483647665783739633e+00 7.933972813999813525e+02 3.075367726916695119e+02
2.846121895452667559e+03 1.413183590160288716e+01 7.424290554812743359e+00 5.914283901774885166e+00 8.052956440484773566e+02 3.062816132167782257e+02
2.909399703644954116e+03 8.090256126859280528e+00 0.000000000000000000e+00 9.730676469163991982e+00 7.893447895624817647e+02 3.147752152896140387e+02
2.845130771151146291e+03 8.187612409911793065e+00 0.000000000000000000e+00 1.010977858522348249e+01 5.598846031725728244e+04 0.000000000000000000e+00
3.212780465540998648e+03 7.997690485541064653e+00 0.000000000000000000e+00 1.041653105343778130e+01 5.511180328172948794e+04 0.000000000000000000e+00
3.034102251923763561e+03 8.518621495931284926e+00 0.000000000000000000e+00 1.055773778986325162e+01 6.013058382077177521e+04 0.000000000000000000e+00
3.368458305741690310e+03 8.616913874850688160e+00 0.000000000000000000e+00 1.056819530887429437e+01 5.531539956069606706e+04 0.000000000000000000e+00
3.357289719855836211e+03 8.835716369288396876e+00 0.000000000000000000e+00 1.023891706144030422e+01 5.828566127779419912e+04 0.000000000000000000e+00
3.385311656718139602e+03 9.315366849065121357e+00 0.000000000000000000e+00 1.112379164514428886e+01 5.629899589315392950e+04 0.000000000000000000e+00
3.434314374660142676e+03 8.651484202593007211e+00 0.000000000000000000e+00 1.036809038267682936e+01 5.686999767030544899e+04 0.000000000000000000e+00
3.772148836101445795e+03 9.161139490476273295e+00 0.000000000000000000e+00 1.096589992186554063e+01 5.612467971228809620e+04 0.000000000000000000e+00
3.656398593481564603e+03 9.556870047902613408e+00 0.000000000000000000e+00 1.100367229979211636e+01 5.841371731602779619e+04 0.000000000000000000e+00
3.854013996979839703e+03 9.074924163299032287e+00 0.000000000000000000e+00 1.154186809593946350e+01 5.934750538003915426e+04 0.000000000000000000e+00
3.964674400957788293e+03 9.376520084191339421e+00 0.000000000000000000e+00 1.146655108260154954e+01 5.932454700811694056e+04 0.000000000000000000e+00
3.992830427403677277e+03 9.804777717270464876e+00 0.000000000000000000e+00 1.125486040982164759e+01 5.631546479066017491e+04 0.000000000000000000e+00
4.115908565699396604e+03 9.430520367470069942e+00 0.000000000000000000e+00 1.182587264236482305e+01 5.697494389245589264e+04 0.000000000000000000e+00
4.091221068877639482e+03 1.011415243877789472e+01 0.000000000000000000e+00 1.210981415180901344e+01 5.639105537435171573e+04 0.000000000000000000e+00
4.368845701396125150e+03 1.006570556188446020e+01 0.000000000000000000e+00 1.171749001755397934e+01 5.798055933947463200e+04 0.000000000000000000e+00
4.554459889669123186e+03 9.433576046083903321e+00 0.000000000000000000e+00 1.193968425657442900e+01 6.028883928310938063e+04 0.000000000000000000e+00
4.678735025983271044e+03 1.017127763561086518e+01 0.000000000000000000e+00 1.191961414619121129e+01 5.787558733496755303e+04 0.000000000000000000e+00
4.796923461433199009e+03 9.660856722364341564e+00 0.000000000000000000e+00 1.226022834118999327e+01 5.612737860308015661e+04 0.000000000000000000e+00
4.822398050484012856e+03 1.054132319124777872e+01 0.000000000000000000e+00 1.195166646126141963e+01 5.519260666259785648e+04 0.000000000000000000e+00
4.702445427673532322e+03 1.021012715261015202e+01 0.000000000000000000e+00 1.230364650648098923e+01 5.675808067498678429e+04 0.000000000000000000e+00
5.173449881493270368e+03 1.025823692611520954e+01 0.000000000000000000e+00 1.204892117423623787e+01 5.587571161866568582e+04 0.000000000000000000e+00
5.169944146374512457e+03 1.011882360365050815e+01 0.000000000000000000e+00 1.233361378001553987e+01 5.895589295484583999e+04 0.000000000000000000e+00
4.913282217207255599e+03 1.064206903136127558e+01 0.000000000000000000e+00 1.231310354848105071e+01 5.615851642268725118e+04 0.000000000000000000e+00
5.153822621924008672e+03 1.138115671683466701e+01 3.425767273515332612e+00 1.312360552694197935e+01 4.551794823335241063e+02 8.590876364443147395e+01
5.207902033836428018e+03 1.064484813223541870e+01 3.586968518715775822e+00 1.242547403012921414e+01 4.452497614932474335e+02 8.396932198365509237e+01
5.396825950444491355e+03 1.109866416877942008e+01 3.524408053000412266e+00 1.310252475028150876e+01 4.299572468719125595e+02 8.364859735646236061e+01
5.294087323543347338e+03 1.143955115985035853e+01 3.677837433712728643e+00 1.255888926416709594e+01 4.220255920973602883e+02 8.176753420560686436e+01
5.549327679474225079e+03 1.140575985473588005e+01 3.419110383862535407e+00 1.348769397115396806e+01 4.328948279365544636e+02 8.292727514841485004e+01
5.493855816071374647e+03 1.110108935237742500e+01 3.568967155313476081e+00 1.309197730478646449e+01 4.221796157529585116e+02 8.709796201700093832e+01
5.529913563785059523e+03 1.090906742562809306e+01 3.761714258257725430e+00 1.326526887408220645e+01 4.558595638218607746e+02 8.877519720485319965e+01
5.503140028143498967e+03 1.088274162344168516e+01 3.698465206619403034e+00 1.315159898096121260e+01 4.311714383989557859e+02 8.921867869869306844e+01
6.055015864249094193e+03 1.097248994379832787e+01 3.732854292088991777e+00 1.303794423058466023e+01 4.197535715853972533e+02 8.832614701253535827e+01
6.254280270308641775e+03 1.162923326162087889e+01 3.498358175369884027e+00 1.259111969223355665e+01 4.138628635733501255e+02 8.120230306559145106e+01
6.089487013734715219e+03 1.089779438204229756e+01 3.643327308411222543e+00 1.370517437685204598e+01 4.341051272166321269e+02 8.462826914124052280e+01
6.133840252291535762e+03 1.139213529822091786e+01 3.678646465729328519e+00 1.281015740942368986e+01 4.363559252341838146e+02 8.544025691190320515e+01
6.046704762327408389e+03 1.146170286319655318e+01 3.651872250593081404e+00 1.338369943609334278e+01 4.184575119066655589e+02 8.667221440489647932e+01
6.475215322941538034e+03 1.089349298063634919e+01 3.499014871628622014e+00 1.282892920329491204e+01 4.254999597589917357e+02 8.311908236546476303e+01
