-2.322136542308814722e-01 5.689281730292325534e+00 3.506068436720235937e+00 2.852900289647748888e+00 1.339411578407168236e+03 6.167344759167801840e+02
3.129715990383406066e+01 5.935211854056240632e+00 3.191282449041665359e+00 2.770717513042473268e+00 1.404056137581428175e+03 5.953891455260875318e+02
3.356109622385169189e+01 8.040269244875048571e+00 4.218770912458147393e+00 3.453719831438070376e+00 1.349854710085971647e+03 6.200355965744705600e+02
4.973076287191202027e+01 7.649064910298975839e+00 4.188073497359972919e+00 3.492871709458213569e+00 1.379233312032424692e+03 5.834671725468890600e+02
1.051858364534019614e+02 8.308429256310912336e+00 4.388235090339428268e+00 3.235991534626480703e+00 2.039245626206555357e+02 8.211938770821856792e+01
1.456367818818690409e+02 8.254132950395550949e+00 4.709650258649009658e+00 3.386989310468488501e+00 2.027116616203580577e+02 8.038073392985209864e+01
1.949131769056615155e+02 8.355973039872559127e+00 4.628313877856759184e+00 3.323451004725578084e+00 3.448696497840040252e+02 7.858095282568623929e+01
2.415679424988678647e+02 8.656758612943885822e+00 4.691503090100436424e+00 3.502003380223953410e+00 3.447216502163227574e+02 1.433770289366020450e+02
2.952374528408436163e+02 8.197477914264394983e+00 4.653197976921016554e+00 3.686911432365188812e+00 3.433539725379436049e+02 1.410629966447212382e+02
3.468836434203893191e+02 8.603791502824240212e+00 4.858165034958905615e+00 3.648752537085918402e+00 3.633951139143863998e+02 1.400111460844941575e+02
3.966944423372729034e+02 9.339601340917797145e+00 4.963290259220110912e+00 3.786533726527322674e+00 3.428295301063639613e+02 1.443148108850908784e+02
4.778156243269736478e+02 9.088475993800658514e+00 5.453526110950805084e+00 3.699832467492810029e+00 3.625218367478839241e+02 1.471482555687705087e+02
5.876583890739960907e+02 9.901974957552377887e+00 5.631889616212238714e+00 4.076566190748486918e+00 3.615733931069247546e+02 1.370870301446409201e+02
6.856977627751022055e+02 1.029716197991147908e+01 5.822949228206574901e+00 4.502442776960051241e+00 7.069696622410035616e+02 3.118603204192050953e+02
7.857689007641716898e+02 1.101338455617102774e+01 5.981043614900307226e+00 4.589492790797859101e+00 7.315704873260191334e+02 3.217839214238070440e+02
9.163949747282611042e+02 1.126446695196551850e+01 6.139000082095395605e+00 4.644089268079979682e+00 7.396138395822304119e+02 3.072926310119261188e+02
1.009280699951864108e+03 1.177021332995772340e+01 6.309607701121469958e+00 4.532923770445301592e+00 7.753162202986022749e+02 3.252756214769882490e+02
1.115257267393541269e+03 1.169671981998737387e+01 6.310910315698992967e+00 4.843572840145152547e+00 7.285756029642886915e+02 3.064191782733103082e+02
1.156395098999402080e+03 1.130628551366758749e+01 6.288983519320247240e+00 4.551461563297238833e+00 7.621773602542339177e+02 2.972903983314599259e+02
1.321532073142309855e+03 1.197336293916518812e+01 6.844659263263858762e+00 4.650438318417512207e+00 7.649085839272152043e+02 3.085798649612224835e+02
1.390108557422571266e+03 1.200414142636721593e+01 6.533338737616453784e+00 5.071104278624467554e+00 7.189408876759636087e+02 3.002157597867553704e+02
1.526876675866056758e+03 1.241243601470573665e+01 6.632053686779561197e+00 4.923221431174928497e+00 7.215876017908277618e+02 3.045231795092457219e+02
1.832524782207934550e+03 1.280834717362745145e+01 6.583162399064394599e+00 4.968774209340384829e+00 8.029897743032439621e+02 3.145025896544011630e+02
1.968280576372626456e+03 1.282774694042063679e+01 6.898874738174186838e+00 5.263305240801352092e+00 8.240506675524800357e+02 3.109882382505339820e+02
2.097023902463139166e+03 1.315330095943700250e+01 7.034109211131068129e+00 5.256396427876424582e+00 8.325025503417136861e+02 3.009977105576097642e+02
2.237137394760404732e+03 1.331476536081841644e+01 6.956545856613589152e+00 5.244150022761691510e+00 8.274131763533375761e+02 3.260430061490785647e+02
2.487505994652256049e+03 1.304721648988252269e+01 7.120132242889276597e+00 5.432109725849709747e+00 8.176137143183802891e+02 3.072904577746951418e+02
2.684357732375987780e+03 1.325471771442652447e+01 7.377708809298494153e+00 5.738288846150487288e+00 7.676066158220304487e+02 3.001735650875199894e+02
2.773415729730762450e+03 1.423892211438158384e+01 7.340027919650451871e+00 5.530857619496129196e+00 8.348284109121487973e+02 3.203262892808735387e+02
2.998381315252909189e+03 8.498688188579535563e+00 0.000000000000000000e+00 9.678604729955097241e+00 7.946490242202429499e+02 2.965080300116142098e+02
2.919485833440764509e+03 8.224806972207339584e+00 0.000000000000000000e+00 1.017726818651919451e+01 5.826577953954826808e+04 0.000000000000000000e+00
2.958806721696061686e+03 8.622802787213116105e+00 0.000000000000000000e+00 1.007985906977866009e+01 5.777703780999823357e+04 0.000000000000000000e+00
3.025205328908074989e+03 8.644555327717281301e+00 0.000000000000000000e+00 1.043153610777111417e+01 5.561437142109363776e+04 0.000000000000000000e+00
3.165951184935069705e+03 8.478178888330209162e+00 0.000000000000000000e+00 1.066456863437989178e+01 5.592129774950126011e+04 0.000000000000000000e+00
3.444435003484011759e+03 8.606708651670903265e+00 0.000000000000000000e+00 1.013618272214665517e+01 5.742856795849894115e+04 0.000000000000000000e+00
3.330639164553262617e+03 8.894147363836326647e+00 0.000000000000000000e+00 1.052395728992758706e+01 5.722888421905272844e+04 0.000000000000000000e+00
3.652002661153700046e+03 9.105712739698891056e+00 0.000000000000000000e+00 1.095766107715106941e+01 5.938590793701478833e+04 0.000000000000000000e+00
3.622397994508682132e+03 8.918206229874902746e+00 0.000000000000000000e+00 1.075078580367707737e+01 5.895319460976286064e+04 0.000000000000000000e+00
3.826444946440983585e+03 9.315259233844422226e+00 0.000000000000000000e+00 1.059944748939006764e+01 5.836734506736199546e+04 0.000000000000000000e+00
3.721499217911319192e+03 9.402231396256595986e+00 0.000000000000000000e+00 1.085437890588933385e+01 5.793405696600767988e+04 0.000000000000000000e+00
3.976902420848371094e+03 9.659606058472411050e+00 0.000000000000000000e+00 1.125717714702932959e+01 5.918987620108914416e+04 0.000000000000000000e+00
4.040608520186259739e+03 9.559551962432497163e+00 0.000000000000000000e+00 1.153317983419522896e+01 5.925163986773390207e+04 0.000000000000000000e+00
4.205654990536477271e+03 9.630163304605764196e+00 0.000000000000000000e+00 1.188408958906067703e+01 6.062448793677888898e+04 0.000000000000000000e+00
4.410959881147041415e+03 9.451846336983649621e+00 0.000000000000000000e+00 1.199330184417796374e+01 5.624626959879612696e+04 0.000000000000000000e+00
4.344579834816729999e+03 9.924720125178454921e+00 0.000000000000000000e+00 1.207780656199279434e+01 5.790381070204074786e+04 0.000000000000000000e+00
4.381768863967394282e+03 9.993344507617131001e+00 0.000000000000000000e+00 1.139684455683904929e+01 5.557012212729419116e+04 0.000000000000000000e+00
4.461433275488568142e+03 9.562298480039123305e+00 0.000000000000000000e+00 1.168112523772901312e+01 5.957983298965995345e+04 0.000000000000000000e+00
4.864998345952752061e+03 9.707421020603892003e+00 0.000000000000000000e+00 1.206459406636711407e+01 5.538885190481894824e+04 0.000000000000000000e+00
4.982594067304159580e+03 1.048936689553305968e+01 0.000000000000000000e+00 1.176086213699151806e+01 5.991079529747372726e+04 0.000000000000000000e+00
4.988970169388364411e+03 9.823073802469895810e+00 0.000000000000000000e+00 1.153540359577784891e+01 6.046537085049913003e+04 0.000000000000000000e+00
4.914230408841794997e+03 1.056330690966916741e+01 0.000000000000000000e+00 1.194114487894442433e+01 5.813757641223161045e+04 0.000000000000000000e+00
4.844481054424840295e+03 1.050044341846734142e+01 0.000000000000000000e+00 1.154270527957859827e+01 5.838319278203816066e+04 0.000000000000000000e+00
4.892183746826668539e+03 9.889123460016842060e+00 0.000000000000000000e+00 1.230364207534271870e+01 5.536287243438882433e+04 0.000000000000000000e+00
5.205422061761950317e+03 1.102936768532122969e+01 3.347298447008361766e+00 1.233485988357735685e+01 4.669680291240861720e+02 8.151692956981557359e+01
5.418292712345407381e+03 1.062141474685842901e+01 3.626985608501963831e+00 1.217815115704962814e+01 4.542963915486912470e+02 8.260500283559714774e+01
5.507159913777751171e+03 1.134065511616385713e+01 3.423036816110014868e+00 1.316709680226832369e+01 4.240206573526991747e+02 8.883302690910493027e+01
5.579795413086869303e+03 1.157514778682979895e+01 3.630921306636174961e+00 1.274439675147876905e+01 4.562096544297429546e+02 8.467191866970148340e+01
5.494654019792251347e+03 1.067209844794027163e+01 3.553782846208940249e+00 1.282190523049596997e+01 4.174907908953662172e+02 8.811662454734889138e+01
5.318499575593170448e+03 1.098928703287813669e+01 3.507525842597846832e+00 1.316872272607462513e+01 4.317526061863138125e+02 8.141016666086187570e+01
5.440002007534233599e+03 1.150918856353646369e+01 3.767470027813454525e+00 1.312183996094521632e+01 4.282238654922915089e+02 8.334374187116185340e+01
6.028163455469340079e+03 1.153242930939736866e+01 3.608983193356977370e+00 1.322316704243140606e+01 4.296005516340310351e+02 8.303608190754989948e+01
5.751107862669405222e+03 1.076833829810827581e+01 3.758904422948848190e+00 1.269213767326226083e+01 4.501694449836456329e+02 8.799039489144544746e+01
5.995053792643647284e+03 1.175111386026572013e+01 3.801508977392763722e+00 1.269027374963488874e+01 4.270956862705216963e+02 8.690356620299888846e+01
6.081107983447541301e+03 1.168533103546546315e+01 3.757948097034693902e+00 1.282336801405606330e+01 4.454456304503049182e+02 8.582529974923674843e+01
5.923950295580380043e+03 1.102635985225662374e+01 3.828916987900060853e+00 1.339220436207359022e+01 4.502812513377309642e+02 8.790060476829948755e+01
6.582101530920331243e+03 1.162612356639134248e+01 3.544232181175869023e+00 1.369501594374678000e+01 4.481843025576638411e+02 8.803481963251064712e+01
6.144584853504030434e+03 1.074070257307160503e+01 3.690440064116534913e+00 1.340351058882976076e+01 4.299119305382246807e+02 8.303961888199278008e+01
