4.459025711966202454e-02 6.081039103893875364e+00 3.376983146469501929e+00 2.782295213223585861e+00 1.357236919753409666e+03 5.788839903906628024e+02
3.443069408377274954e+01 5.887587947569642211e+00 3.504534357837685299e+00 2.861498404126003869e+00 1.343762406364300432e+03 5.772245806788786240e+02
3.246776124520504681e+01 7.563853727856043818e+00 4.540024407151498131e+00 3.198351943846935441e+00 1.341870647221404852e+03 5.943132249054730210e+02
4.807220107753484228e+01 7.886335963289822004e+00 4.495918685118729385e+00 3.191228803011096460e+00 1.340731867981338382e+03 5.852625358464861165e+02
1.043575785652872412e+02 8.345974345591914201e+00 4.665382796835418233e+00 3.256399579440247827e+00 2.032066749106500367e+02 8.087945807954726263e+01
1.441285214268137906e+02 7.710136466184438930e+00 4.690597089620718307e+00 3.487995018519602475e+00 2.037455155028658282e+02 8.111653328053765222e+01
2.028142168710481030e+02 8.126651856178733979e+00 4.584982638553054102e+00 3.601164512270377482e+00 3.619396868798709193e+02 8.110671709390888395e+01
2.399012437343652948e+02 8.448039634973673273e+00 4.564446710879123792e+00 3.662498478101163801e+00 3.484529230696957143e+02 1.500226430653399063e+02
3.123122682002063470e+02 8.930053678455328381e+00 4.887595103789785789e+00 3.535669367492545678e+00 3.551644617580648742e+02 1.435828754502710751e+02
3.353450021655462479e+02 8.795427739850739002e+00 5.020909768954515684e+00 3.591057988576333404e+00 3.699821726860221247e+02 1.475103148337287280e+02
4.137604090125474841e+02 8.948485373203272530e+00 4.942367307663186438e+00 3.681506900190870013e+00 3.499306394079848133e+02 1.417780305686025031e+02
4.910060048768283991e+02 9.101433536626142740e+00 5.485210905152329453e+00 3.990561724447699632e+00 3.503431669999780524e+02 1.452604312893064105e+02
5.837768475328299473e+02 1.046878962244665345e+01 5.634948011969686199e+00 3.928980125977495241e+00 3.716784667759508807e+02 1.411828083232070412e+02
6.954423621711354144e+02 1.029252945539863617e+01 6.043780971251480949e+00 4.358335354906377468e+00 7.054616730901484516e+02 2.980504224182028565e+02
7.923060772080527840e+02 1.120803632861772670e+01 6.118365453039799284e+00 4.427578197365793500e+00 7.398317647670601218e+02 3.120265618279983073e+02
8.865731231110087265e+02 1.148143917703400874e+01 5.997448641195000540e+00 4.744690116577046091e+00 7.539111548768526063e+02 3.224631464867677551e+02
1.029880168787918365e+03 1.180844650267687612e+01 6.333722265061738632e+00 4.641924339404266853e+00 7.408025174959811920e+02 3.014694837787122879e+02
1.152070163768516068e+03 1.135774573555783817e+01 6.359568285834206414e+00 4.490688905568751110e+00 7.089921047987298834e+02 3.099187883289349656e+02
1.160119454065215223e+03 1.197338632636527400e+01 6.322334303385299670e+00 4.846595137585046231e+00 7.699569099668792660e+02 3.044559893893915046e+02
1.241633878454304067e+03 1.140859726203830959e+01 6.502895345439003272e+00 4.951159404517651019e+00 7.034833643234574083e+02 3.139196421695156687e+02
1.389926371626278524e+03 1.225204979680294848e+01 6.916931105240389677e+00 4.740908270552740333e+00 7.305724152485029208e+02 2.984977770535274999e+02
1.522005696430413991e+03 1.168798627688862624e+01 6.801001793401398210e+00 4.903386283902772647e+00 7.177544486250839100e+02 3.264296087325564599e+02
1.815082679315819178e+03 1.305633930422725975e+01 6.771054959344484203e+00 5.065926664527810708e+00 7.813047700230022201e+02 3.070789254792566112e+02
2.058569513750697297e+03 1.247349760535545116e+01 6.840583691997625060e+00 5.446064557087873403e+00 8.379823899627300534e+02 3.015895135941188414e+02
2.181477290349402210e+03 1.289799493105362238e+01 7.305576605690367487e+00 5.446108567019976476e+00 7.793983111981659704e+02 3.201553294336607109e+02
2.356140644070264443e+03 1.267252259606266662e+01 6.976040852669937564e+00 5.267208000707778837e+00 7.618450634273018522e+02 3.122574708905743250e+02
2.651369502379917321e+03 1.275626586867272216e+01 6.871662809731241772e+00 5.313142520588814754e+00 8.299860117521755001e+02 3.075641402899731247e+02
2.535893743203682789e+03 1.431111764329969915e+01 7.416181959674679192e+00 5.539445224837479032e+00 7.736060142960324129e+02 3.234822704950795469e+02
2.796956851807123712e+03 1.409457029930860017e+01 7.336426821323866143e+00 5.608767012714720224e+00 7.924601010304945703e+02 3.075437367771793333e+02
2.892465980577389928e+03 7.942700299699337663e+00 0.000000000000000000e+00 9.499833202195361537e+00 8.201114962141339220e+02 3.231472255507378009e+02
2.950602791978868481e+03 8.542450512975618082e+00 0.000000000000000000e+00 9.867096910387315845e+00 5.919560318839232787e+04 0.000000000000000000e+00
3.211202242031219612e+03 8.378795264103445106e+00 0.000000000000000000e+00 1.058919241845803860e+01 5.506032075980056834e+04 0.000000000000000000e+00
3.057211052549243959e+03 8.487344673438634857e+00 0.000000000000000000e+00 1.044678945438928608e+01 6.020140322496828594e+04 0.000000000000000000e+00
3.242713949212205534e+03 8.786274765333127235e+00 0.000000000000000000e+00 1.039770543276006975e+01 5.791400273244246637e+04 0.000000000000000000e+00
3.517227486753258745e+03 9.003437195049880160e+00 0.000000000000000000e+00 1.016615122741082011e+01 5.548586086275156413e+04 0.000000000000000000e+00
3.451913740802761367e+03 9.311116225138542646e+00 0.000000000000000000e+00 1.051810379322837896e+01 5.688108136291336996e+04 0.000000000000000000e+00
3.730562421412055301e+03 8.721061479844761877e+00 0.000000000000000000e+00 1.118146718905789783e+01 5.774782063554930210e+04 0.000000000000000000e+00
3.562733350140866605e+03 8.827829896432458412e+00 0.000000000000000000e+00 1.064240562971133564e+01 5.828134152015227301e+04 0.000000000000000000e+00
3.917920806282033936e+03 9.525873567893379246e+00 0.000000000000000000e+00 1.150794674854905963e+01 5.960054101365280803e+04 0.000000000000000000e+00
3.929166333318409670e+03 9.258399469460000475e+00 0.000000000000000000e+00 1.076597629886872021e+01 5.746012023948323622e+04 0.000000000000000000e+00
3.778425257813780263e+03 9.806162492819066046e+00 0.000000000000000000e+00 1.129948068493318836e+01 5.679647648277567350e+04 0.000000000000000000e+00
4.056048330240009818e+03 9.848639086482885219e+00 0.000000000000000000e+00 1.178845920373618483e+01 5.530423287582776538e+04 0.000000000000000000e+00
4.016946428766822464e+03 9.697905459749559753e+00 0.000000000000000000e+00 1.147499325930430913e+01 5.543359743709414033e+04 0.000000000000000000e+00
4.225216929269877255e+03 9.718823067577185171e+00 0.000000000000000000e+00 1.144571448502201250e+01 5.867461710974333982e+04 0.000000000000000000e+00
4.418003380578250471e+03 9.986409464959391968e+00 0.000000000000000000e+00 1.223009806848799919e+01 5.782834078503045748e+04 0.000000000000000000e+00
4.655199820070751230e+03 9.586260703759815982e+00 0.000000000000000000e+00 1.177505359324155876e+01 5.969471082619667141e+04 0.000000000000000000e+00
4.432721005606802464e+03 9.874421307846237283e+00 0.000000000000000000e+00 1.213786666040170736e+01 6.032503727919812081e+04 0.000000000000000000e+00
4.708180042466949999e+03 9.650644874521395522e+00 0.000000000000000000e+00 1.194101668290535834e+01 5.561546896543954063e+04 0.000000000000000000e+00
4.716283178156120812e+03 1.021211857873543494e+01 0.000000000000000000e+00 1.186932019479705502e+01 5.583013232481667364e+04 0.000000000000000000e+00
4.765158007093093147e+03 1.028248996713014840e+01 0.000000000000000000e+00 1.178563633400051813e+01 5.660964723042406695e+04 0.000000000000000000e+00
4.768601663476348222e+03 1.042235869483238098e+01 0.000000000000000000e+00 1.266515998794177911e+01 5.811145095886730269e+04 0.000000000000000000e+00
5.202774228470273556e+03 1.004843160517950551e+01 0.000000000000000000e+00 1.155433392136092507e+01 5.554684828940463922e+04 0.000000000000000000e+00
5.324731963362862189e+03 1.051031113132430939e+01 0.000000000000000000e+00 1.239895148426242599e+01 5.989666811450245586e+04 0.000000000000000000e+00
4.917593431447690818e+03 1.100455829672056751e+01 3.576115264905911140e+00 1.316036879221736555e+01 4.320540417175121206e+02 8.260739716293343804e+01
5.394937987415897624e+03 1.083872230803095782e+01 3.626247713609969114e+00 1.266931629668935244e+01 4.250357258916322962e+02 8.693517796671358155e+01
5.217153883957155813e+03 1.083197014555952009e+01 3.583751733397738004e+00 1.218611591253181814e+01 4.471602287898739974e+02 8.471675081013582087e+01
5.566032293112877596e+03 1.064426689177104279e+01 3.472677255244083661e+00 1.226130699506044053e+01 4.372560400540877481e+02 8.471846736246945397e+01
5.465516312608539010e+03 1.167417606187565049e+01 3.518707998391615188e+00 1.313720244777395862e+01 4.607627283172599277e+02 8.679841902049601288e+01
5.423522491495191389e+03 1.130366240243672316e+01 3.444073995909988639e+00 1.324986711074595291e+01 4.314175699880565276e+02 8.700926928529929683e+01
5.421076207505650018e+03 1.152736775440911110e+01 3.531548410246138747e+00 1.322639180511558443e+01 4.378867478914181106e+02 8.344312418535008646e+01
5.967362918448642631e+03 1.153182615047366966e+01 3.657649189481289032e+00 1.259591941002494941e+01 4.482355460872445292e+02 8.457860002365497110e+01
5.689400853384142465e+03 1.177389652961664446e+01 3.480613442673683888e+00 1.264934352811326690e+01 4.460934399820094995e+02 8.278665179169342991e+01
5.750832820342533523e+03 1.086942786817622597e+01 3.701716649992025765e+00 1.366040095210212080e+01 4.358594152694927857e+02 8.354944769307026320e+01
5.781520227178248206e+03 1.127012739991333490e+01 3.491312594338805919e+00 1.306011897438343183e+01 4.419543665983002256e+02 8.289576808067951674e+01
5.917642513296430479e+03 1.097388532808884420e+01 3.513137623905937978e+00 1.358558897675509591e+01 4.508618044424476352e+02 8.609068686918321589e+01
6.494313956613495975e+03 1.146230903354238961e+01 3.650795356226203658e+00 1.340097524475930868e+01 4.196326979788861422e+02 8.733253319205901732e+01
6.100757996203041330e+03 1.134659297457521276e+01 3.627363226330501345e+00 1.282647433784150692e+01 4.299727050372915755e+02 8.688359550160384970e+01
