2.615226164324779834e-01 5.664988105437346988e+00 3.226073544030233720e+00 2.917767890389741048e+00 1.453995003449999558e+03 5.714152733702159139e+02
3.319365910441288747e+01 5.653566410905921380e+00 3.377064481345835922e+00 2.703943294250326979e+00 1.423522291693052694e+03 5.911434797926482361e+02
3.236887147655367869e+01 7.495654291082169074e+00 4.414400648314737552e+00 3.341605698066754115e+00 1.448547795841495827e+03 5.881449742284788726e+02
4.782905751678688944e+01 7.960313386181261386e+00 4.192970999997378101e+00 3.383917790346256727e+00 1.429131966516676812e+03 6.247761496321855930e+02
9.967858062814269715e+01 8.207397442739841509e+00 4.570382938068910939e+00 3.391806691835681509e+00 1.918654459490978184e+02 7.644488316834699049e+01
1.491277278952365464e+02 8.211144677773177136e+00 4.534339915651100839e+00 3.569013925854569891e+00 2.000672900163964130e+02 7.704109298808866413e+01
2.005954989574787817e+02 7.873409190227661725e+00 4.772772163155962311e+00 3.519569852231088536e+00 3.554902595366634728e+02 8.265880523755384957e+01
2.558863235317967053e+02 8.143158652183739576e+00 4.686433864419016437e+00 3.448141269197399161e+00 3.479888647475212906e+02 1.366228111476419826e+02
3.142673894900544838e+02 8.717314117543876861e+00 4.767315564297339492e+00 3.533755735220371452e+00 3.443452750610763360e+02 1.453319004858690846e+02
3.571017878501272662e+02 8.420570819544513697e+00 4.634533422756625498e+00 3.675296946989273561e+00 3.727989909774112220e+02 1.420734657666200178e+02
4.105790997429571121e+02 8.894931008846556963e+00 5.143436308932873402e+00 3.618885887137126112e+00 3.537345626291896110e+02 1.477983158282714840e+02
4.973205161929970473e+02 9.510883060996006222e+00 5.305575304599467579e+00 3.807782107096311375e+00 3.736486110094806463e+02 1.389655003596883489e+02
5.941981982654766625e+02 9.751171157718887983e+00 5.799668923176086288e+00 4.227190069113962778e+00 3.665278682202495020e+02 1.483358414158347216e+02
6.790132034227145823e+02 1.035533197311944420e+01 6.022416187739282556e+00 4.420963730814078119e+00 7.404948015736028992e+02 3.193190057464264555e+02
7.941959842624387420e+02 1.106101171519209814e+01 6.405503628486789225e+00 4.372861929637858580e+00 7.488439860308876632e+02 2.996343803397755323e+02
8.958658859823906369e+02 1.094446776633534490e+01 6.113901930858262723e+00 4.522436453273347645e+00 7.207055956495535156e+02 3.234911891455482760e+02
9.801796228088253429e+02 1.109006199011146876e+01 6.056508642111777974e+00 4.468367703849335903e+00 7.534426235539891650e+02 2.990947723684658968e+02
1.117929299922384416e+03 1.112618894210902454e+01 6.661876224475320463e+00 4.707503396999691780e+00 7.070994225534124098e+02 3.018949491959813258e+02
1.207799974451938397e+03 1.168195943889666388e+01 6.374873832468353818e+00 4.856406174334998660e+00 7.351138083388469795e+02 2.967956425682633608e+02
1.320068911011537693e+03 1.185659525977694884e+01 6.494020145693323975e+00 5.011317182345790044e+00 7.336403311550214994e+02 3.179646125965942929e+02
1.435365172034265697e+03 1.225051647551202549e+01 6.525107828553562861e+00 4.849124284925836470e+00 7.755793842300593042e+02 3.025038432744074726e+02
1.641322330850978915e+03 1.179019098176107505e+01 6.884189897710371930e+00 4.850685890040540293e+00 7.375481387949969303e+02 3.229049083882894706e+02
1.875930362951822872e+03 1.262347447455540461e+01 6.616531551930485477e+00 4.888331878755840521e+00 7.661587032336087759e+02 3.129989589425255758e+02
1.913018652961193993e+03 1.331063448467438981e+01 6.740867030834237106e+00 5.072210005283590561e+00 8.051461406924896664e+02 3.218428501583204024e+02
2.147756395584981874e+03 1.315821549399353430e+01 7.136055241792932158e+00 5.355095124664202011e+00 7.709613601565107501e+02 2.991296540390853806e+02
2.259011615685456945e+03 1.359459893452135759e+01 6.766028044355262061e+00 5.189693954908851659e+00 8.201155343797274782e+02 3.254623895203831125e+02
2.668240252145902105e+03 1.334394288797352424e+01 6.838074490126228255e+00 5.233172096325806599e+00 7.995576583514833828e+02 3.238824281224118522e+02
2.631686145955997290e+03 1.359666910820525665e+01 7.349079357167640048e+00 5.828996764699053479e+00 7.650353309037320741e+02 3.183276013758965632e+02
2.942696011306753007e+03 1.429880090105717017e+01 7.238354317034678687e+00 5.503063365681970964e+00 8.056868841950517890e+02 3.002086097234748081e+02
2.957644978600234481e+03 8.447259443134148782e+00 0.000000000000000000e+00 9.895010958450598082e+00 8.072851673653410671e+02 3.252353583474423431e+02
3.108709898719066132e+03 7.959484842708712371e+00 0.000000000000000000e+00 9.647532579702662758e+00 5.582259024387731915e+04 0.000000000000000000e+00
3.162671228778632667e+03 8.035528838880010127e+00 0.000000000000000000e+00 9.872389408010858958e+00 5.688108134474894905e+04 0.000000000000000000e+00
3.236149121137484144e+03 8.232405301212587290e+00 0.000000000000000000e+00 1.037545492106966449e+01 5.630019539549334877e+04 0.000000000000000000e+00
3.365429053749225659e+03 8.708735550656738766e+00 0.000000000000000000e+00 1.046502075150560707e+01 5.803023624304147233e+04 0.000000000000000000e+00
3.318000673600316532e+03 8.533030732931084827e+00 0.000000000000000000e+00 1.088693686934471039e+01 5.763405386448247737e+04 0.000000000000000000e+00
3.344809326733785838e+03 8.686433464960849449e+00 0.000000000000000000e+00 1.058794246735994093e+01 5.638365308572130743e+04 0.000000000000000000e+00
3.499055536027085964e+03 9.485196858031411438e+00 0.000000000000000000e+00 1.074366932516981166e+01 5.705161129710572277e+04 0.000000000000000000e+00
3.710810391300756237e+03 8.942338357064233634e+00 0.000000000000000000e+00 1.118525025592900768e+01 5.955124435000400263e+04 0.000000000000000000e+00
3.628568709986376234e+03 9.284523523432056891e+00 0.000000000000000000e+00 1.075730662371745971e+01 5.697893077205560257e+04 0.000000000000000000e+00
3.986165921584589341e+03 9.108924834631736189e+00 0.000000000000000000e+00 1.075728407777114981e+01 5.689912308478924388e+04 0.000000000000000000e+00
3.956001114129475354e+03 9.457419984839996019e+00 0.000000000000000000e+00 1.135454512932180826e+01 6.054132578342541092e+04 0.000000000000000000e+00
4.060488401929954307e+03 9.969413270149843243e+00 0.000000000000000000e+00 1.131568997095291529e+01 5.563955905496923515e+04 0.000000000000000000e+00
4.253921777523878518e+03 9.927285493969153052e+00 0.000000000000000000e+00 1.179018846397501363e+01 5.518937888624815969e+04 0.000000000000000000e+00
4.234007936606978546e+03 1.008860486935423495e+01 0.000000000000000000e+00 1.105340859732531555e+01 5.587762332645270362e+04 0.000000000000000000e+00
4.195082949494840250e+03 9.871097518991241770e+00 0.000000000000000000e+00 1.151077871925484075e+01 5.932284348261009291e+04 0.000000000000000000e+00
4.428798686482867197e+03 1.024423550658389104e+01 0.000000000000000000e+00 1.187818846521975225e+01 5.889146500670983369e+04 0.000000000000000000e+00
4.438684110243521900e+03 9.971377479299567526e+00 0.000000000000000000e+00 1.127174705687436607e+01 5.648654877161300828e+04 0.000000000000000000e+00
4.562564152844614910e+03 9.766424728709706571e+00 0.000000000000000000e+00 1.148550400854646547e+01 5.955712610347809823e+04 0.000000000000000000e+00
4.939114411533064413e+03 1.031167786607556458e+01 0.000000000000000000e+00 1.151881278015717669e+01 5.886409868803771678e+04 0.000000000000000000e+00
4.936047152892871964e+03 9.773657086234285529e+00 0.000000000000000000e+00 1.260553404759738960e+01 5.541957097908911965e+04 0.000000000000000000e+00
4.958765304585743252e+03 1.000940651851146868e+01 0.000000000000000000e+00 1.167878114471917783e+01 5.645383936282421200e+04 0.000000000000000000e+00
5.271467491546209203e+03 1.074167674464526279e+01 0.000000000000000000e+00 1.236891119281417240e+01 5.725523916773888777e+04 0.000000000000000000e+00
4.983178175829591964e+03 1.041611038766932218e+01 0.000000000000000000e+00 1.239598195653063861e+01 5.566064709891608800e+04 0.000000000000000000e+00
5.019413553315999707e+03 1.060996007880248371e+01 3.418746548487210823e+00 1.291659791568119964e+01 4.344709525550470630e+02 8.173867388674139534e+01
5.423069906384567730e+03 1.102406434617504516e+01 3.615614416409400178e+00 1.232863634493358340e+01 4.406975210376243126e+02 8.899638925478221552e+01
5.144931417635357320e+03 1.115494098268618295e+01 3.361518436545253063e+00 1.222234221420206346e+01 4.251950945373408786e+02 8.733276249345507836e+01
5.378167057295430823e+03 1.076335030405092397e+01 3.504832118095032367e+00 1.343065275088802046e+01 4.371731633898089626e+02 8.191030483283641672e+01
5.580090755021873520e+03 1.102884823891887045e+01 3.489556637739048561e+00 1.319660733478380976e+01 4.455385176899154658e+02 8.446359855869731348e+01
5.420148530474066320e+03 1.135233806118215050e+01 3.461588760805710763e+00 1.312571626054421614e+01 4.436658201518566784e+02 8.580131670733327098e+01
5.921976014249856235e+03 1.124036317749776259e+01 3.765391935819097036e+00 1.246148162327032161e+01 4.184452894238656313e+02 8.676415907108668080e+01
5.842901622828351719e+03 1.121686717784890597e+01 3.800800875896069630e+00 1.317068573013462007e+01 4.352271975174669478e+02 8.791443923849033126e+01
5.988758202683952732e+03 1.155469012635080972e+01 3.764110477389316589e+00 1.308980231887284695e+01 4.406730670876004297e+02 8.767507894378250910e+01
5.896981114077540951e+03 1.151194171318834591e+01 3.600556199062277862e+00 1.344524810476768906e+01 4.177332124415453904e+02 8.218257226532151094e+01
6.086339420774423161e+03 1.146406603870384622e+01 3.598583280382849470e+00 1.356947886915465773e+01 4.201891474206616408e+02 8.611254884000537402e+01
5.874463263107895727e+03 1.106747199495999823e+01 3.732013471784945580e+00 1.249032256811099018e+01 4.279668194497469926e+02 8.635984437754700593e+01
6.284945254422649668e+03 1.071295344219375956e+01 3.607530565137414325e+00 1.330746694289817889e+01 4.155551359181733915e+02 8.503398799175974432e+01
6.345818334460461301e+03 1.119899004582567414e+01 3.813892576166814319e+00 1.295031060693723113e+01 4.367713908794314648e+02 8.401837738551414247e+01
