-4.481159003821165721e-01 5.825144750435073959e+00 3.194946346638339207e+00 2.793710149622806060e+00 1.465435101232597617e+03 6.233910274094911301e+02
3.454251830550742852e+01 6.000713414996569739e+00 3.267980940017409797e+00 2.873708004208797906e+00 1.431813396914965779e+03 6.106027527477215244e+02
3.092851740375374803e+01 7.834675358303224257e+00 4.175926014798161390e+00 3.178091698525291164e+00 1.363907794543437376e+03 6.274887910460388412e+02
4.812092140590434042e+01 7.817863964384669906e+00 4.468044399793162036e+00 3.207329054312362260e+00 1.448349755430990626e+03 6.214934450195859199e+02
1.035142091992754985e+02 8.341669816774887281e+00 4.228195846060699203e+00 3.398554001595119445e+00 2.089606986157294841e+02 8.269389018260184798e+01
1.485031479253891860e+02 7.872534856220177346e+00 4.411611537260099247e+00 3.375178995277862803e+00 1.972447980891651582e+02 7.855345013629769824e+01
2.084825356887519376e+02 8.078983507386228169e+00 4.828974066245088181e+00 3.568535812772971383e+00 3.440352178228420712e+02 7.672834909453834484e+01
2.551560224048830889e+02 8.593926898368442480e+00 4.701157645599333357e+00 3.671235982997925973e+00 3.598966169969698967e+02 1.390039565186281720e+02
3.042780309684169993e+02 9.007318434301662791e+00 4.852976317212505997e+00 3.453243365497356443e+00 3.671006756154703794e+02 1.420679616148777598e+02
3.571757235012785827e+02 8.391810077414177726e+00 4.988423515877208558e+00 3.701160860718590850e+00 3.541470467902036035e+02 1.409894022283648951e+02
4.128348327323762419e+02 8.648204802386409540e+00 4.736520535002484600e+00 3.563747091473912221e+00 3.674443764291511911e+02 1.462871599545142942e+02
5.041238844570414130e+02 9.988225524421656232e+00 5.209975277816638162e+00 3.993262853218589647e+00 3.638864875051962713e+02 1.389733768716931195e+02
6.101061118243483179e+02 1.042742246084933910e+01 5.417519747874044889e+00 3.981524019059773156e+00 3.593813210439786872e+02 1.467190638538361043e+02
6.798976675868212851e+02 1.064413838423451608e+01 5.991576334564319595e+00 4.171883793205033442e+00 7.129117566621448532e+02 2.967370518515905928e+02
7.761603100031669555e+02 1.126193789125900402e+01 6.295057014098608406e+00 4.424417047014781446e+00 7.168403174149244705e+02 2.987386318582539957e+02
8.936951009840416873e+02 1.156615292341458101e+01 6.338362791142874819e+00 4.656450777559415499e+00 7.183232170690539533e+02 3.074090341347553590e+02
9.941784399188240968e+02 1.108977684937634578e+01 6.413123320402508654e+00 4.659790932189866730e+00 7.294227803622198962e+02 3.098970111343576264e+02
1.050695695943318242e+03 1.147888044795604401e+01 6.108596535556893414e+00 4.644580531529285850e+00 7.346071939637450896e+02 3.171237030282389355e+02
1.249531456230980893e+03 1.112457720398901451e+01 6.790002433780747637e+00 5.002969054456754883e+00 7.203490543032975211e+02 3.006682954421336262e+02
1.299482054812481238e+03 1.203016489087046992e+01 6.261813515401347452e+00 4.618125658351922347e+00 7.330112181007514209e+02 3.073319821666984808e+02
1.372177845177793188e+03 1.229645511020298621e+01 6.808151504352363936e+00 4.798085916329604572e+00 7.485003750213114699e+02 3.240963314083429054e+02
1.616099441586895637e+03 1.245391282826895818e+01 6.574101896766648245e+00 4.807647612516793068e+00 7.748723343973585997e+02 3.015530869199106974e+02
1.799212038638831245e+03 1.217723963626665729e+01 6.951703160635560153e+00 5.114570262914231336e+00 7.834759059481241366e+02 3.130687342361495666e+02
1.974348508869125681e+03 1.282224268280701018e+01 6.803326832346901831e+00 5.320178951363940811e+00 7.923624699695768641e+02 3.217154761664845068e+02
2.245135172368138683e+03 1.246886631455209482e+01 7.149174562099665842e+00 5.425889656578627651e+00 8.387385174102550991e+02 3.171669146801912689e+02
2.240528058062043328e+03 1.301597178691677925e+01 6.805488343736072920e+00 5.396325937369611303e+00 8.078825639446657760e+02 3.093813549389908530e+02
2.616068817335545646e+03 1.316821726288680061e+01 7.026978648672188577e+00 5.396171708651903209e+00 7.948631372171568046e+02 3.008683841826074854e+02
2.478239757591770285e+03 1.310471773492432845e+01 7.229919744997198805e+00 5.530364862859289410e+00 8.293067810021979085e+02 3.268068241877135733e+02
2.981978459233283502e+03 1.389152438368504328e+01 7.045440661889973200e+00 5.960661354889134955e+00 8.371669532402663663e+02 3.246301140841111419e+02
2.832666904409662948e+03 7.946079705926194947e+00 0.000000000000000000e+00 9.894760858434485939e+00 8.046430363539860764e+02 3.138194203265233568e+02
3.048804187145275591e+03 8.045443167883421509e+00 0.000000000000000000e+00 1.036688068256711226e+01 5.933810252366257191e+04 0.000000000000000000e+00
3.123335504459280855e+03 8.175466520600910059e+00 0.000000000000000000e+00 9.785841628740506337e+00 5.521620722882307018e+04 0.000000000000000000e+00
3.100814565170329843e+03 8.741253677481505946e+00 0.000000000000000000e+00 1.016495000448006181e+01 5.639468665851632250e+04 0.000000000000000000e+00
3.161875337456506259e+03 8.925509556353043550e+00 0.000000000000000000e+00 1.080933309691468835e+01 5.664285346804472647e+04 0.000000000000000000e+00
3.269392780663972644e+03 8.391348544078068628e+00 0.000000000000000000e+00 1.024182663588902287e+01 5.868851359783921362e+04 0.000000000000000000e+00
3.628095713688016531e+03 8.711472847397665475e+00 0.000000000000000000e+00 1.102730416523771417e+01 6.040698812772329256e+04 0.000000000000000000e+00
3.734612029359655935e+03 8.618605246760237648e+00 0.000000000000000000e+00 1.137960123429228076e+01 5.573702533194616990e+04 0.000000000000000000e+00
3.574970012342862901e+03 9.082625764865280615e+00 0.000000000000000000e+00 1.119535533789313320e+01 5.974933258211403881e+04 0.000000000000000000e+00
3.841661465209212110e+03 9.415391370296276818e+00 0.000000000000000000e+00 1.119079372186834931e+01 5.854270935058802570e+04 0.000000000000000000e+00
3.702810620354560342e+03 9.426663353939607859e+00 0.000000000000000000e+00 1.099090825042869923e+01 5.730173264751774695e+04 0.000000000000000000e+00
4.159421883997738405e+03 9.779761604501057803e+00 0.000000000000000000e+00 1.169074577562136419e+01 5.627302508778198535e+04 0.000000000000000000e+00
4.119709898402260478e+03 9.645381816732214730e+00 0.000000000000000000e+00 1.089264996179555389e+01 5.673265832168627094e+04 0.000000000000000000e+00
4.052683418008241915e+03 9.680405935080626634e+00 0.000000000000000000e+00 1.130206043384269954e+01 5.809067434634695383e+04 0.000000000000000000e+00
4.162554224487823376e+03 9.785951952398336928e+00 0.000000000000000000e+00 1.166444074453395352e+01 5.786690449260336754e+04 0.000000000000000000e+00
4.542467197011336793e+03 1.001276225496572359e+01 0.000000000000000000e+00 1.134436879595788739e+01 5.937712346509368217e+04 0.000000000000000000e+00
4.293395025301555506e+03 9.597452541754103450e+00 0.000000000000000000e+00 1.119569797238625775e+01 5.542937346722061193e+04 0.000000000000000000e+00
4.597825240899033815e+03 1.020987194908860829e+01 0.000000000000000000e+00 1.128515410901697535e+01 5.628494195527167176e+04 0.000000000000000000e+00
4.469040332526918974e+03 1.035562929418386702e+01 0.000000000000000000e+00 1.143680986309817982e+01 5.562422518353511259e+04 0.000000000000000000e+00
4.721607867576573881e+03 9.961599743064089907e+00 0.000000000000000000e+00 1.137951682703239165e+01 5.762493390213092789e+04 0.000000000000000000e+00
4.977301551852762714e+03 1.059146465362988465e+01 0.000000000000000000e+00 1.217025025126859283e+01 5.647572882633004338e+04 0.000000000000000000e+00
4.914898528456799795e+03 1.060810320346112157e+01 0.000000000000000000e+00 1.250154435590063962e+01 5.522934933083909709e+04 0.000000000000000000e+00
5.174052828334908554e+03 1.051478514819432597e+01 0.000000000000000000e+00 1.224384568477766067e+01 6.068854660889574006e+04 0.000000000000000000e+00
5.052608162226829336e+03 1.051090966670922811e+01 0.000000000000000000e+00 1.273177198007084066e+01 5.645861014407977927e+04 0.000000000000000000e+00
5.190062982558016301e+03 1.072928571155222599e+01 3.485183901141396756e+00 1.221409717993623545e+01 4.377660130814596187e+02 8.605524168855694711e+01
4.997710913602190885e+03 1.138350112027265659e+01 3.605946849156099976e+00 1.256162698135472233e+01 4.600414999091664754e+02 8.238856737697864219e+01
5.140346211992136887e+03 1.122020260552800863e+01 3.561083784643675365e+00 1.235908729979811405e+01 4.579225086270119505e+02 8.871364273181607984e+01
5.349063989737411248e+03 1.130155291452104294e+01 3.470179778324224973e+00 1.307596200941779152e+01 4.199080890195595543e+02 8.884336667886741168e+01
5.546423896860715104e+03 1.063277574336563802e+01 3.551581478048535967e+00 1.335634444507515006e+01 4.553795858432420687e+02 8.392715882620052525e+01
5.651798122216353477e+03 1.073943141761943210e+01 3.634621803228757386e+00 1.307355377087156967e+01 4.388768865716598953e+02 8.152934459765953079e+01
5.403822744832323224e+03 1.103934618009953894e+01 3.688383074578706289e+00 1.263245153957386968e+01 4.574933805715216977e+02 8.829640257763766442e+01
5.972267473991965744e+03 1.072541689275993093e+01 3.761945224900336004e+00 1.238954225484168248e+01 4.244123869000271725e+02 8.895799890868877924e+01
6.129187407834478108e+03 1.070619227536755247e+01 3.644226979725587956e+00 1.311813710051012372e+01 4.362686895306525230e+02 8.159967301860295663e+01
5.995801030686839113e+03 1.113915507140667138e+01 3.665863226609443526e+00 1.353641627811004433e+01 4.425451122169565110e+02 8.571884101913477139e+01
6.276348204692839317e+03 1.073716963070908292e+01 3.613732738502743569e+00 1.360677222061684688e+01 4.390143995052413288e+02 8.680614683920859420e+01
6.434445720377472753e+03 1.181638842098241149e+01 3.812242405449622229e+00 1.291641983870701438e+01 4.108232887126837340e+02 8.631855712335647013e+01
6.404849399079407704e+03 1.146256629307502806e+01 3.641932694918796454e+00 1.244412919543975171e+01 4.098304107574389263e+02 8.799095168668986844e+01
6.301694638607497836e+03 1.152434396026433561e+01 3.631752981916420708e+00 1.373086355414223192e+01 4.192165458090581751e+02 8.232325705041783692e+01
