1.757631137367258400e+00 5.844443014422300742e+00 3.359452446224639566e+00 2.946158334337106055e+00 1.302591787790722037e+03 5.978267564329037214e+02
3.723386374166067725e+01 5.609071086669869644e+00 3.117145279465555419e+00 2.809845622912789054e+00 1.475456155150630593e+03 5.760324912286382641e+02
2.762863607364914742e+01 7.986331800552855853e+00 4.508337973875643279e+00 3.205812069793727126e+00 1.282497678630673590e+03 5.479014048864610231e+02
6.189589381604866958e+01 7.823307237155454175e+00 4.605964135885759703e+00 3.305510259346489121e+00 1.332823926209649017e+03 6.074042146004653659e+02
1.040529510142278298e+02 8.676170762704888517e+00 4.579339392100449047e+00 3.073268440538332147e+00 1.842329796732919363e+02 8.509474001749114791e+01
1.344505057423748724e+02 8.188606087072363593e+00 4.727138476035215753e+00 3.763172388079548458e+00 2.154482754052255018e+02 8.590523120770396304e+01
1.766536667808989307e+02 7.548736459490410944e+00 4.805609515687348399e+00 3.572041677520362057e+00 3.640824380553329433e+02 7.283786616061063057e+01
2.608908254374646276e+02 8.959320428822087123e+00 4.911163050802418439e+00 3.356918886027625781e+00 3.533355528663577729e+02 1.540102248857286611e+02
2.667859207031740993e+02 9.151732124190457895e+00 4.474086141205928513e+00 3.852332674273186708e+00 3.561012695323929051e+02 1.404602045258235421e+02
2.813688694379741264e+02 8.145854411640701898e+00 4.834181916077751495e+00 3.357825884248533121e+00 3.723432310273730650e+02 1.494039088720357142e+02
3.739712114987362384e+02 8.535205233116997192e+00 5.340178426159218006e+00 3.801102089329209122e+00 3.742459183917367227e+02 1.295912192771467062e+02
4.603042134141746828e+02 1.014637832649142446e+01 5.088702086327779206e+00 3.773877749993772568e+00 3.851687844474146800e+02 1.437197970480795277e+02
5.254382349026031989e+02 1.008952653014587497e+01 6.217997610434292888e+00 3.773832622664545777e+00 3.827362729861370099e+02 1.480088433355697077e+02
5.695380873606031855e+02 9.753291953867339714e+00 6.086053780398168023e+00 4.223158290231502576e+00 7.600211010158392355e+02 3.092673788668316774e+02
6.709553938212906132e+02 1.149245169575787884e+01 5.996594715855739999e+00 4.635565029513204927e+00 7.389837681455445590e+02 3.360182845476012972e+02
1.049764774910672941e+03 1.132353244742767551e+01 5.780911217135516367e+00 4.379202422308558162e+00 7.947270922575639815e+02 3.242556932055395009e+02
1.008911224630184279e+03 1.225358418978323627e+01 6.265697297199461779e+00 4.540559203662098753e+00 7.553336763465202921e+02 3.255940517917813395e+02
9.103692666733238639e+02 1.058144591490442821e+01 6.856483497419081807e+00 4.312471724108609017e+00 7.785395720238815329e+02 3.370949599185111651e+02
1.024308893961118429e+03 1.091437056406225636e+01 6.095080902203227069e+00 5.028770826893016022e+00 8.085988932389876709e+02 3.431875687106267492e+02
1.431344056867385007e+03 1.149571651754351720e+01 6.140338389037593103e+00 5.175623227201301191e+00 7.179527562191602783e+02 2.858579918804646809e+02
1.657845883117292033e+03 1.309465896992583644e+01 6.569917207779655932e+00 4.657955118487124402e+00 7.030608021129921781e+02 3.305372614772970223e+02
1.744449018501311684e+03 1.348255113772734859e+01 6.179016050687592632e+00 4.931707562523635957e+00 7.873880902595578846e+02 3.227275218139603226e+02
1.679217382214797453e+03 1.272370299298936125e+01 6.519351192817985918e+00 5.163462716914213324e+00 7.533162067088264848e+02 3.180511005856830593e+02
2.000484069036979008e+03 1.332561582592659022e+01 6.770957025177732014e+00 5.233165952409277288e+00 7.825018464506874807e+02 3.091591058451028857e+02
1.778798291036775481e+03 1.229607397507082389e+01 6.998678376779590593e+00 4.788920302588571154e+00 8.182392540546042028e+02 2.857672230201754928e+02
1.868615312343590631e+03 1.338013288788367738e+01 7.253266956330101323e+00 4.915896760849311597e+00 8.209163307180047013e+02 3.246527406877922317e+02
2.137286728123521243e+03 1.291564614812805623e+01 7.404413456839235685e+00 5.243668692795353969e+00 7.212394202874734219e+02 3.073491625316477212e+02
2.702425436115619050e+03 1.354518067966488815e+01 7.128138925727387054e+00 5.082127003388578146e+00 7.593839760379423751e+02 2.979761783545932872e+02
3.462873501003989531e+03 1.234279357507624297e+01 7.747801814484322591e+00 5.670269043042241996e+00 7.744749634186200637e+02 2.918434916784887605e+02
2.583187674028671609e+03 7.424837832716503883e+00 0.000000000000000000e+00 9.148462709914374713e+00 7.853218967281931100e+02 3.113810194939737812e+02
3.352920998768371192e+03 8.882007493777976492e+00 0.000000000000000000e+00 1.030166859307704108e+01 5.499522756462412508e+04 0.000000000000000000e+00
3.227058362751243749e+03 8.723756069972745664e+00 0.000000000000000000e+00 9.418744118010256017e+00 5.849327009919660486e+04 0.000000000000000000e+00
3.686125739354546567e+03 8.859023446590992279e+00 0.000000000000000000e+00 9.319450359749019697e+00 6.222456170378962997e+04 0.000000000000000000e+00
3.448152438162695034e+03 9.025210879034462508e+00 0.000000000000000000e+00 1.118223834309142362e+01 5.294984184506884776e+04 0.000000000000000000e+00
3.863947425070631652e+03 8.022004626365525581e+00 0.000000000000000000e+00 1.156055532110995010e+01 5.802915650311361969e+04 0.000000000000000000e+00
3.583832152754597701e+03 9.534626221171954796e+00 0.000000000000000000e+00 1.149180623240406263e+01 5.943880399284620216e+04 0.000000000000000000e+00
3.748122818666630792e+03 9.459819888640735641e+00 0.000000000000000000e+00 1.125804944126089424e+01 5.486426241497301817e+04 0.000000000000000000e+00
4.041735018986982141e+03 8.353580312876378144e+00 0.000000000000000000e+00 1.050551822456114337e+01 6.007189383882645052e+04 0.000000000000000000e+00
3.168968551125653903e+03 1.020510034914323860e+01 0.000000000000000000e+00 1.137871931544036919e+01 5.380792068852920784e+04 0.000000000000000000e+00
3.259331017242510370e+03 9.918049776857264632e+00 0.000000000000000000e+00 1.192760665305185874e+01 5.534835401338094380e+04 0.000000000000000000e+00
3.355010465649078469e+03 9.143749302641944965e+00 0.000000000000000000e+00 1.117952413722094995e+01 5.626175952605291241e+04 0.000000000000000000e+00
4.159483608629761875e+03 9.133762329128639834e+00 0.000000000000000000e+00 1.144479765194490639e+01 6.360028613380780735e+04 0.000000000000000000e+00
4.224190506562571500e+03 9.610052312203372082e+00 0.000000000000000000e+00 1.241988107780853312e+01 5.454592079107582686e+04 0.000000000000000000e+00
3.898743249817309334e+03 9.674428042177414255e+00 0.000000000000000000e+00 1.168790040805295583e+01 5.436356215757018799e+04 0.000000000000000000e+00
4.100741339832492486e+03 1.025139767407903335e+01 0.000000000000000000e+00 1.090246893789733917e+01 5.563175459260416392e+04 0.000000000000000000e+00
5.292548975646683175e+03 9.610183679231592890e+00 0.000000000000000000e+00 1.078209322891112087e+01 5.763040780388929124e+04 0.000000000000000000e+00
4.590097584761450889e+03 9.903079240201662969e+00 0.000000000000000000e+00 1.280110461520039244e+01 6.238561448610593652e+04 0.000000000000000000e+00
3.896112187255932440e+03 1.012032780016212108e+01 0.000000000000000000e+00 1.198103790607211927e+01 5.429533753960392642e+04 0.000000000000000000e+00
4.205140028753032311e+03 1.100385079116403375e+01 0.000000000000000000e+00 1.182552697623486182e+01 6.023108620844520192e+04 0.000000000000000000e+00
4.633400548246094331e+03 9.768722978647605970e+00 0.000000000000000000e+00 1.101132528825249146e+01 6.265859836399131018e+04 0.000000000000000000e+00
4.337581448637424728e+03 1.036780373244584119e+01 0.000000000000000000e+00 1.203518477040790025e+01 6.139339968406371190e+04 0.000000000000000000e+00
6.006166200179824955e+03 1.071082801952133323e+01 0.000000000000000000e+00 1.239941744701077830e+01 5.383825629479988129e+04 0.000000000000000000e+00
6.091430030771705788e+03 1.031143870138403784e+01 0.000000000000000000e+00 1.181399632561570456e+01 5.949125804567413434e+04 0.000000000000000000e+00
5.762535977116280264e+03 1.148153471251733571e+01 3.721627158216212372e+00 1.278536254078189494e+01 4.797745481318137877e+02 8.056545951980481846e+01
5.049308918616514347e+03 1.207107402673886121e+01 3.543688426350450005e+00 1.378988308146127117e+01 4.047745011281372740e+02 8.232295929795010636e+01
5.462746107951825252e+03 1.154643796723910576e+01 3.525110661009927426e+00 1.350919685567939865e+01 4.632383377575280292e+02 8.227724986363452331e+01
4.426159719044613666e+03 1.125576177068339412e+01 3.715666943671597000e+00 1.362240086126957728e+01 4.087150329803192790e+02 9.001041727306525786e+01
6.442453981707841194e+03 1.065001992040456180e+01 3.301575732214441672e+00 1.369687862962076430e+01 4.108775357248574096e+02 7.820592568806996780e+01
6.434720632578599179e+03 1.043549790655580978e+01 3.524294092359813391e+00 1.295714150494445072e+01 3.933935079072306849e+02 8.259852419652624178e+01
4.628948288169262923e+03 1.041952274971833248e+01 3.256196822347928066e+00 1.381147194591834371e+01 4.082642967367011693e+02 9.207044475325666610e+01
5.378897913332279131e+03 1.138021089682365705e+01 3.654163426129494852e+00 1.412499667105088186e+01 4.694937098636287374e+02 8.031364603969674931e+01
5.064531553439092932e+03 1.018570970568410416e+01 3.501774721558783110e+00 1.392865587802178240e+01 4.401795185560779373e+02 8.589827950000389478e+01
5.232620060226417991e+03 1.153302042728912191e+01 3.682927840559237165e+00 1.315416187284777649e+01 4.244212655191807926e+02 7.744432455290603912e+01
7.151488021384076092e+03 1.126250956467350228e+01 3.723322840499896813e+00 1.295724509577550343e+01 4.545328436956652922e+02 8.370862713748813633e+01
5.957186494796421357e+03 1.225973853542454073e+01 3.558290792577948558e+00 1.317022343900257297e+01 3.947432284283048034e+02 9.258737040370013460e+01
5.319531397155946252e+03 1.113901330508069698e+01 3.773547435472103917e+00 1.394508659436367992e+01 4.101888519499551080e+02 9.176302444683535953e+01
5.382591466898072213e+03 1.161126886084482912e+01 3.840437515340088037e+00 1.332965797044617595e+01 4.236658872092063461e+02 8.077708945641367677e+01
