-2.382518162882737434e-01 5.686464440702045486e+00 3.468718071772654454e+00 2.660030718077816214e+00 1.401747363262546514e+03 5.962084335865650928e+02
3.437041154038001167e+01 5.778690505882175366e+00 3.270415363029254063e+00 2.709125884996064659e+00 1.353386245929744518e+03 6.021445686663469132e+02
3.188223918844141380e+01 7.794595642673040281e+00 4.286309703716450592e+00 3.312995416612308119e+00 1.401261944421992439e+03 5.978773885936767556e+02
4.763144418147580694e+01 8.179444240598693128e+00 4.470768884863706383e+00 3.277040410492014555e+00 1.432296641874377428e+03 5.862630903601540240e+02
1.004347223420655126e+02 8.042221755616692391e+00 4.368283590241700765e+00 3.426080587598684168e+00 1.936956009277177770e+02 7.606592044462597357e+01
1.511367668860114861e+02 8.144881494642078223e+00 4.563980603839563166e+00 3.363136069647252313e+00 1.963909448065585082e+02 8.133927312425015543e+01
2.068458393415502599e+02 8.299637895097200513e+00 4.711436958473267822e+00 3.511637624737139252e+00 3.624189243120604829e+02 8.067289971051060604e+01
2.551440803880548742e+02 8.025227758522444077e+00 4.508971296660719830e+00 3.522996102532801377e+00 3.560503773815508453e+02 1.421878697078142579e+02
2.906495358659215640e+02 8.478884617767402432e+00 4.785024560260792370e+00 3.596281426149650073e+00 3.489216069375448797e+02 1.408744212675537142e+02
3.586299270919815285e+02 8.995439703038089263e+00 4.884588273956692817e+00 3.698523254478770728e+00 3.695858287898552703e+02 1.367407675945535743e+02
3.960677890278092832e+02 9.062162292639447614e+00 5.038708194015261377e+00 3.547760172876949003e+00 3.729292433012105903e+02 1.435171348319084075e+02
5.226155695361966309e+02 9.762117463499366821e+00 5.230228447223912447e+00 3.802547335222636438e+00 3.736003920330406913e+02 1.366215271354329559e+02
5.839645992574398861e+02 1.033109974735128667e+01 5.601387490163654448e+00 4.215431755528355140e+00 3.563545239856164812e+02 1.361855768008302050e+02
6.986910047551521075e+02 1.116029473132916650e+01 5.801645135352706539e+00 4.256875107411481451e+00 7.058076497549825490e+02 3.057947276674628938e+02
7.705230573306589577e+02 1.069250069643143242e+01 5.963073039325603730e+00 4.675069918816254777e+00 7.271885702114941523e+02 3.097463012033529708e+02
8.580578388939329670e+02 1.176528180966934300e+01 6.168909069351319552e+00 4.770011896990254741e+00 7.621673113127586703e+02 3.264623834068300994e+02
9.980844153939316357e+02 1.168567490337281001e+01 6.208545916226230865e+00 4.882010520863495628e+00 7.528494960307749579e+02 2.964568890397119958e+02
1.116992306728820495e+03 1.114776309098605367e+01 6.147919512963632371e+00 4.700512666409471407e+00 7.461926616301773265e+02 3.035992214777932077e+02
1.185404197501398130e+03 1.178794514267996973e+01 6.582184637802233063e+00 4.874440693245133183e+00 7.256238928043322858e+02 3.219040894817859453e+02
1.358489804136922658e+03 1.227852739777764057e+01 6.401713262678171645e+00 4.792651723809958852e+00 7.198606422234399815e+02 2.965702227426188529e+02
1.389901013139031193e+03 1.228852279942111636e+01 6.696241889120117641e+00 4.989066709285329360e+00 7.040923400151498299e+02 3.244305883940949116e+02
1.581360976123100272e+03 1.213134650887283605e+01 6.536471085839119510e+00 4.800211371888544853e+00 7.298883348239592124e+02 3.267480748586648360e+02
1.890440973181734762e+03 1.302313333971742715e+01 6.791191491477204245e+00 5.223880742770594665e+00 8.314858258244687477e+02 3.191756774545514190e+02
1.980608686793599645e+03 1.322862574676042691e+01 7.130318130922357334e+00 5.288068464774132060e+00 8.130357172601962930e+02 3.031696131330647859e+02
2.225243959708233888e+03 1.251892039111999289e+01 6.797897410069253077e+00 5.295423705863010255e+00 8.238491983181678506e+02 3.069620386785956043e+02
2.406952295958855302e+03 1.371063413005177267e+01 6.862593737203331656e+00 5.270246385212172591e+00 7.871062548341629963e+02 3.089682386318268641e+02
2.718206224226640188e+03 1.348398643689673726e+01 7.264571306917443572e+00 5.211036803031872111e+00 8.047971145381751512e+02 3.038403964321057629e+02
2.712270321807055097e+03 1.384833988684610695e+01 7.649778571723538256e+00 5.574169153680282207e+00 7.937104336824294251e+02 3.198287622120214451e+02
2.781611887638980079e+03 1.316229636403016912e+01 7.405904831307578817e+00 5.656261317828301216e+00 8.263061385240878280e+02 3.100788152055111482e+02
2.973188917627393948e+03 7.699719037912620578e+00 0.000000000000000000e+00 9.288546541864098671e+00 8.323154552037603935e+02 3.217932597234453169e+02
3.042223444861832377e+03 7.946746962325331509e+00 0.000000000000000000e+00 9.573867166230328962e+00 5.590246430873802456e+04 0.000000000000000000e+00
3.125347194042837145e+03 8.016476460785858293e+00 0.000000000000000000e+00 1.003882372206463636e+01 5.734252117269828886e+04 0.000000000000000000e+00
3.061209498327430083e+03 8.784446726105381131e+00 0.000000000000000000e+00 1.057727760026876318e+01 5.664841834577264672e+04 0.000000000000000000e+00
3.416045756753198475e+03 8.353350074967464067e+00 0.000000000000000000e+00 9.994369946600642152e+00 5.913441786302050605e+04 0.000000000000000000e+00
3.262961269084397372e+03 9.167155977303316661e+00 0.000000000000000000e+00 1.054412329118661162e+01 5.678003059991157352e+04 0.000000000000000000e+00
3.365853410695144703e+03 8.869602089286473756e+00 0.000000000000000000e+00 1.085446264389864446e+01 5.671396758034436061e+04 0.000000000000000000e+00
3.490458266861072843e+03 8.866902049202707303e+00 0.000000000000000000e+00 1.129034367991105725e+01 5.711692823168042378e+04 0.000000000000000000e+00
3.852574003556255775e+03 9.238710754899500444e+00 0.000000000000000000e+00 1.113737559681371536e+01 5.939711385929360404e+04 0.000000000000000000e+00
3.929469596270982947e+03 9.002035228941959843e+00 0.000000000000000000e+00 1.082055233317421816e+01 5.974490988203287270e+04 0.000000000000000000e+00
3.899083711562529061e+03 9.231335257149570594e+00 0.000000000000000000e+00 1.088642968759194751e+01 5.892306743824343721e+04 0.000000000000000000e+00
4.099329262998965532e+03 9.239653716255356031e+00 0.000000000000000000e+00 1.175150085756785501e+01 5.827787503674651816e+04 0.000000000000000000e+00
4.051967168826704892e+03 9.652249265151262136e+00 0.000000000000000000e+00 1.082527342109769641e+01 5.747272707979435654e+04 0.000000000000000000e+00
4.025527989826530757e+03 9.566870885564549454e+00 0.000000000000000000e+00 1.127844416818726891e+01 5.832754963295852212e+04 0.000000000000000000e+00
4.136694055463790392e+03 9.777853163663616343e+00 0.000000000000000000e+00 1.128161359445063638e+01 5.569697712517205946e+04 0.000000000000000000e+00
4.571431717858374213e+03 9.626672868031260322e+00 0.000000000000000000e+00 1.173722552780186312e+01 5.509955758419642370e+04 0.000000000000000000e+00
4.532192150313883758e+03 9.795820875779822856e+00 0.000000000000000000e+00 1.213667934707979157e+01 5.537670528458649642e+04 0.000000000000000000e+00
4.798068587417653362e+03 9.815730828536146646e+00 0.000000000000000000e+00 1.238743710564210510e+01 5.765292515132175322e+04 0.000000000000000000e+00
4.677566436854953281e+03 9.579697978730496999e+00 0.000000000000000000e+00 1.142002821114692956e+01 5.712969330352846009e+04 0.000000000000000000e+00
4.787653448518704863e+03 9.900875437500429754e+00 0.000000000000000000e+00 1.225399263284285389e+01 5.770336680325759517e+04 0.000000000000000000e+00
4.752266057188516243e+03 1.028928437653182648e+01 0.000000000000000000e+00 1.183192097975367219e+01 6.009443201503646560e+04 0.000000000000000000e+00
5.134973049384459046e+03 9.910807448322300317e+00 0.000000000000000000e+00 1.207954568531511974e+01 5.895299911500517919e+04 0.000000000000000000e+00
5.263933785691579033e+03 1.025068605078518047e+01 0.000000000000000000e+00 1.158578274747462089e+01 5.660776244009633956e+04 0.000000000000000000e+00
5.315083926289143164e+03 9.894356518797330580e+00 0.000000000000000000e+00 1.179778582113461027e+01 6.062755297444330790e+04 0.000000000000000000e+00
5.320696653173173218e+03 1.069154252403538941e+01 3.643359141521968159e+00 1.318319659651203501e+01 4.499086196981783132e+02 8.913095244311455190e+01
5.119316524752456644e+03 1.100332175807324475e+01 3.628299108260248484e+00 1.280654035526947077e+01 4.635157296243453402e+02 8.661988824088420813e+01
5.098393271025058311e+03 1.138395512138200871e+01 3.605577125861930021e+00 1.322999709295746484e+01 4.504933372744596340e+02 8.181289290819445625e+01
5.160835412424937203e+03 1.102044434084890234e+01 3.603042390136710793e+00 1.282308595816602725e+01 4.437372147587237805e+02 8.227843302505756640e+01
5.209677424564582907e+03 1.081580805210044716e+01 3.586975122795563742e+00 1.329343275506366950e+01 4.531786930011298296e+02 8.813200680920679986e+01
5.307476342582425787e+03 1.169395380174565702e+01 3.697431972793807198e+00 1.318363358995783052e+01 4.205719590887046024e+02 8.619168430126021008e+01
5.787681289561377525e+03 1.141649831788294378e+01 3.690361744727069127e+00 1.237043018075489620e+01 4.408424408280766897e+02 8.089828859029479702e+01
5.795257473520965505e+03 1.083927771039469512e+01 3.711192905154853339e+00 1.299951271197285685e+01 4.511351871810414877e+02 8.771007162066004526e+01
6.148794427303616430e+03 1.110425651453729579e+01 3.715513051800612754e+00 1.257601513416710404e+01 4.241749813287865436e+02 8.852230504180872117e+01
5.937401538795288616e+03 1.126097657099495741e+01 3.706656446527216708e+00 1.253011229034157914e+01 4.255864981329115153e+02 8.485025375798051073e+01
6.117315500838492881e+03 1.161315831819106137e+01 3.723868997154230254e+00 1.312105783686977922e+01 4.439521191286558519e+02 8.709240361535235309e+01
6.344983015604350840e+03 1.078743089987130332e+01 3.801351417896519536e+00 1.354540359896625112e+01 4.254161036733703440e+02 8.834450893125917048e+01
6.466819249777060577e+03 1.170058250644669862e+01 3.786738222253162256e+00 1.248570642967191091e+01 4.134437945645461809e+02 8.392691153855118102e+01
6.288063882182760608e+03 1.141829128793758130e+01 3.522077366450213187e+00 1.338451991686797271e+01 4.107454468268072105e+02 8.583184459173145342e+01
