-4.621603212162761487e-01 5.643859528947541726e+00 3.451767586631669271e+00 2.783754395854785457e+00 1.428293397777427572e+03 5.836691328608884533e+02
3.341929156639476162e+01 5.846976988068800729e+00 3.213960418193884561e+00 2.896221531719571640e+00 1.424623383146715014e+03 5.885004105588434413e+02
3.273351342992270219e+01 7.379657464108804632e+00 4.308420235924081965e+00 3.191989814618761745e+00 1.465656920234122254e+03 6.065998218857874917e+02
4.970364840267411211e+01 7.988175421353258088e+00 4.344037885488996942e+00 3.219324305307079470e+00 1.341878131010572133e+03 6.185818477549161116e+02
9.717653081710274421e+01 8.281179158402457219e+00 4.415851538980850144e+00 3.365898134309976530e+00 2.075979772226937712e+02 8.347735389218414070e+01
1.543630976723086974e+02 7.935163535908041688e+00 4.361471354073779061e+00 3.377309343354697457e+00 2.068478056656307444e+02 7.757458674357860673e+01
2.002812377196192983e+02 8.665248254629121405e+00 4.686426838074514656e+00 3.432668071856327607e+00 3.502808419243497156e+02 7.737903023924154411e+01
2.514425736684459309e+02 8.017306331447747070e+00 4.870600748579251515e+00 3.519839694055436397e+00 3.747438389367276272e+02 1.396350874280117580e+02
2.867898511245563213e+02 8.975822918336698208e+00 4.764790262374631880e+00 3.701876996695544708e+00 3.779525497403316194e+02 1.373323828934960602e+02
3.490716267875798167e+02 8.934292148984113169e+00 4.922540693700391934e+00 3.515385808193095762e+00 3.648006111420779121e+02 1.382829949491237755e+02
4.113069486376431314e+02 8.718813816642704495e+00 4.923317298480808901e+00 3.695195719370195420e+00 3.711487327535032819e+02 1.447264568854103857e+02
4.904736477006474615e+02 9.891273788947643197e+00 5.414630077090939686e+00 3.793323710911982172e+00 3.550545110123665609e+02 1.421498957818954523e+02
5.717950135304212154e+02 1.044766093005858210e+01 5.408884891809240258e+00 4.235675377899067229e+00 3.770675826271022402e+02 1.491112798943337054e+02
6.694645450856173738e+02 1.088522323800009595e+01 5.854730681445070140e+00 4.204146602802456556e+00 7.636414750087860739e+02 3.224327467150557140e+02
8.303084895110866910e+02 1.079277052886862798e+01 6.076103179046373093e+00 4.377228141675795214e+00 7.559293588693734591e+02 3.248163778410722671e+02
8.587297550718300272e+02 1.100208720050637190e+01 6.336856540975130514e+00 4.616192916682238412e+00 7.698513483964812849e+02 3.108606725756185369e+02
1.031249745754569403e+03 1.130065693701083340e+01 6.373263716429036663e+00 4.799175287536170842e+00 7.166953499866370976e+02 3.148563252402400963e+02
1.061094572431760525e+03 1.143827106684203088e+01 6.569535067413630358e+00 4.790518617191360740e+00 7.347857701452189758e+02 3.001766172695550949e+02
1.247774096569003859e+03 1.180769997569802499e+01 6.668324720375327530e+00 4.788613712713459591e+00 7.492225490424980308e+02 2.970063123920427302e+02
1.272824058162382471e+03 1.217554120515188565e+01 6.611483589182137521e+00 4.933105977359958594e+00 7.446893041236460249e+02 3.147415753313459845e+02
1.426872591008538848e+03 1.188504914425193348e+01 6.788284359831713743e+00 4.752750236707869114e+00 7.142892571386172449e+02 3.135209822694041009e+02
1.527509030637942033e+03 1.213159863546476025e+01 6.966676108249390431e+00 5.063203362434739674e+00 7.432131918495507534e+02 3.210379665167527037e+02
1.838902938581222315e+03 1.220192063399322002e+01 6.612820206775429810e+00 5.075322601279952828e+00 7.991094823844942994e+02 3.230681512222434435e+02
2.042436878264519237e+03 1.247463934156501608e+01 6.851775686440911173e+00 5.175837298413051180e+00 8.306540985761304228e+02 3.166757570664248647e+02
2.261505696389464902e+03 1.300405366802695006e+01 7.183081424317445673e+00 5.443138406980403410e+00 7.753252134756729674e+02 3.055553702495370771e+02
2.331917554446250051e+03 1.377163051726098963e+01 6.811398979209437599e+00 5.336508504546403131e+00 7.705096000398303886e+02 2.974976369542909538e+02
2.547898007790228803e+03 1.284910782737083679e+01 6.882149899266909898e+00 5.322333393566037074e+00 7.951746880895677805e+02 3.140493509876270082e+02
2.593318819450291357e+03 1.379275808973878625e+01 7.257839269361030077e+00 5.565616088457549182e+00 7.746920351508368867e+02 3.227571767300287320e+02
2.922126934093906129e+03 1.424838375572028148e+01 7.638854105928673199e+00 5.863391490062300093e+00 8.123781169454998690e+02 2.991411057083388982e+02
2.847460466701189034e+03 8.430529279474777482e+00 0.000000000000000000e+00 9.661953223244598377e+00 8.217688928318179933e+02 3.150066908217733044e+02
2.837342311964272085e+03 8.363733882344787318e+00 0.000000000000000000e+00 9.906702390365882849e+00 6.051509035247545398e+04 0.000000000000000000e+00
3.097344338602013067e+03 8.321534324495514667e+00 0.000000000000000000e+00 1.068101243107929044e+01 6.006381342041742028e+04 0.000000000000000000e+00
3.113847280629129273e+03 8.578751532992752615e+00 0.000000000000000000e+00 1.019344069184706036e+01 5.822982128622563323e+04 0.000000000000000000e+00
3.402198577502589160e+03 8.905088054977921885e+00 0.000000000000000000e+00 1.050317353602876125e+01 5.724616516310600855e+04 0.000000000000000000e+00
3.372177180100446094e+03 8.717771978696873703e+00 0.000000000000000000e+00 1.092416445166553451e+01 6.005164012436309713e+04 0.000000000000000000e+00
3.549276122916533495e+03 8.522342959682113417e+00 0.000000000000000000e+00 1.116074425950747440e+01 5.570948529925753974e+04 0.000000000000000000e+00
3.578744033500662681e+03 9.231119438079639750e+00 0.000000000000000000e+00 1.113407667805564749e+01 5.573875808151609090e+04 0.000000000000000000e+00
3.703310676216653974e+03 8.814556990058749264e+00 0.000000000000000000e+00 1.048973176609342595e+01 5.513902255750710901e+04 0.000000000000000000e+00
3.678065615259265542e+03 8.881677162665436498e+00 0.000000000000000000e+00 1.143675878003418411e+01 5.685322417283007962e+04 0.000000000000000000e+00
3.773256772623685720e+03 9.664673313577509361e+00 0.000000000000000000e+00 1.166298654951389047e+01 5.898167484210892144e+04 0.000000000000000000e+00
4.150590585442191696e+03 9.710905695999226594e+00 0.000000000000000000e+00 1.169699988011186775e+01 6.043400803421254386e+04 0.000000000000000000e+00
4.089464093949540256e+03 9.803523876599211206e+00 0.000000000000000000e+00 1.106130726066130165e+01 5.961082695779926144e+04 0.000000000000000000e+00
4.166229590504737644e+03 1.008392605709969914e+01 0.000000000000000000e+00 1.187085081291734312e+01 5.615110043865861371e+04 0.000000000000000000e+00
4.344968756663399290e+03 1.001834450568653700e+01 0.000000000000000000e+00 1.099822271751831160e+01 5.717557071173904842e+04 0.000000000000000000e+00
4.545055849656894679e+03 1.000651885566307620e+01 0.000000000000000000e+00 1.212107707206927643e+01 5.758912404297354078e+04 0.000000000000000000e+00
4.519675695015615020e+03 9.485101950342704313e+00 0.000000000000000000e+00 1.175765030378953035e+01 6.045432646327171824e+04 0.000000000000000000e+00
4.757536571180619831e+03 1.039946125540269506e+01 0.000000000000000000e+00 1.137926704034664738e+01 5.648533778946047096e+04 0.000000000000000000e+00
4.551860512805869803e+03 1.002337776925697632e+01 0.000000000000000000e+00 1.243006067007251758e+01 5.627486775897441112e+04 0.000000000000000000e+00
4.928545003712459220e+03 9.950073743713456764e+00 0.000000000000000000e+00 1.183854213736241157e+01 5.905768104077429598e+04 0.000000000000000000e+00
4.768444946583698766e+03 1.044696046280578194e+01 0.000000000000000000e+00 1.259868235053619578e+01 5.579830241077471874e+04 0.000000000000000000e+00
4.863613215539618977e+03 1.004370066874695588e+01 0.000000000000000000e+00 1.164245054776642974e+01 6.022334133870599908e+04 0.000000000000000000e+00
4.885220164293329617e+03 1.075045537158118059e+01 0.000000000000000000e+00 1.258783457359296065e+01 5.661130363931263128e+04 0.000000000000000000e+00
5.107817464348938302e+03 1.072739134537196826e+01 0.000000000000000000e+00 1.199593782422283184e+01 5.751722579844318534e+04 0.000000000000000000e+00
5.146817763774685773e+03 1.140359559062592432e+01 3.536043742850785598e+00 1.314470630771179671e+01 4.555560888144595992e+02 8.365808775719159485e+01
5.016718368774432747e+03 1.074173311776763384e+01 3.548198445971158854e+00 1.276416219712436018e+01 4.351555266014350991e+02 8.451954631825478259e+01
5.361649495480887708e+03 1.162219791617988918e+01 3.613769489568822824e+00 1.272214884419579484e+01 4.319307589751465457e+02 8.376058167158407741e+01
5.624817969445040944e+03 1.082088243680447270e+01 3.402729829892291225e+00 1.240213665467866733e+01 4.321461256618351285e+02 8.203523629407122542e+01
5.687784489772609959e+03 1.160331455535540002e+01 3.599050972246145896e+00 1.290194282884904453e+01 4.335627616543092131e+02 8.432829039975176499e+01
5.648429988680801216e+03 1.159652610693111718e+01 3.443125468694207214e+00 1.351616996414252547e+01 4.194419537637465396e+02 8.678139847862617273e+01
5.415086639111823388e+03 1.114428019271701586e+01 3.510068546180029170e+00 1.238097482570745456e+01 4.405975786851636258e+02 8.206637000137297377e+01
5.780298196889912106e+03 1.091286196294457689e+01 3.613802118565789367e+00 1.300644665433074643e+01 4.192086188271875926e+02 8.137109650672074679e+01
6.107301135705148226e+03 1.145021611941989548e+01 3.788624992087096466e+00 1.355348530739830792e+01 4.420339930315259949e+02 8.709146116338160937e+01
6.114904079131076287e+03 1.109761232568737199e+01 3.533951272484242345e+00 1.276935556227271640e+01 4.461887556796816057e+02 8.887695044235138653e+01
5.781722802023740769e+03 1.107568419311396468e+01 3.770153346806154993e+00 1.311627780113202490e+01 4.221035985161389021e+02 8.386661501677272668e+01
6.181016538964026040e+03 1.123058023976648734e+01 3.626265679393956276e+00 1.328787570750354519e+01 4.331770061473678197e+02 8.427231315224925368e+01
6.440449221325658073e+03 1.160466956423239715e+01 3.619079349757064357e+00 1.367018666095917823e+01 4.155964970793139628e+02 8.713746714776806357e+01
6.631115443137185139e+03 1.155222718914944657e+01 3.689844111603784338e+00 1.369126153703646231e+01 4.248644350953938442e+02 8.274465576638509390e+01
