1.095752283538550254e-01 6.003036520059024994e+00 3.243153521283933305e+00 2.807031951177257234e+00 1.356246730068699890e+03 6.085221473295099486e+02
3.431878300345790933e+01 5.580508788556960198e+00 3.243101903812984688e+00 2.694812066444693954e+00 1.364761665664466364e+03 6.012189376951221220e+02
3.447770045704215391e+01 7.634766521163264485e+00 4.480605248623755088e+00 3.363157112143753125e+00 1.429192335188022753e+03 6.117171135378467852e+02
4.781858046343685942e+01 7.673070447876702893e+00 4.375548662492430019e+00 3.442628664005198846e+00 1.404042818353162147e+03 5.875147706698235197e+02
1.041975794159937152e+02 7.788175102946019557e+00 4.318356560186865423e+00 3.444221659804784341e+00 2.091888055101479722e+02 7.990086013439864132e+01
1.429716569285123171e+02 7.874629184296739304e+00 4.673447959264718676e+00 3.317309695277434134e+00 2.069188008273757191e+02 7.656637538185255210e+01
2.016918918913744108e+02 8.307799660628734983e+00 4.370254099451067020e+00 3.471405184575553804e+00 3.675256492780667372e+02 7.644702303929192055e+01
2.545896204254415807e+02 8.108345564186077326e+00 4.688203899611871783e+00 3.489289714821130151e+00 3.660993695582892542e+02 1.456299648249905374e+02
3.139595002643796420e+02 8.266997571528643007e+00 4.947790746024637976e+00 3.690057448291547804e+00 3.621886044278128907e+02 1.461657243231014434e+02
3.415605754340796807e+02 8.711284152032327199e+00 4.638322893404576597e+00 3.580949588241875148e+00 3.620303248499112669e+02 1.395424669671504034e+02
4.208333309751477600e+02 9.261310571650261281e+00 5.146633049158627848e+00 3.710471607343316158e+00 3.501218506545297942e+02 1.426440598100845705e+02
4.763487142042494042e+02 9.879214789320037937e+00 5.398710983584187773e+00 3.884528895257136849e+00 3.772563082567134529e+02 1.420088737177885037e+02
5.741588418218796050e+02 1.075979489104381237e+01 5.391918355550225250e+00 3.978691485953703921e+00 3.772253031492340938e+02 1.463366475159135689e+02
6.983573383182756515e+02 1.085505551215114650e+01 5.913143354966273080e+00 4.556369634855712114e+00 7.417467627513692605e+02 3.168593691980718745e+02
8.191520083135337700e+02 1.110192371304722414e+01 5.860312912143348818e+00 4.271052765358971826e+00 7.205599030698667775e+02 2.972199642294972364e+02
8.918597003534951000e+02 1.140205862705629336e+01 6.233156291140369731e+00 4.472308152121373226e+00 7.093066207529227540e+02 3.221087337568609996e+02
1.003698182271846804e+03 1.113124742611119800e+01 6.440477867017358804e+00 4.658085046850897193e+00 7.736961790126325695e+02 3.101272112908781651e+02
1.065802351329058638e+03 1.158151597993918358e+01 6.272589258591749761e+00 4.668717212651022130e+00 7.283734802365069072e+02 3.090399348220983597e+02
1.144868197922297668e+03 1.182652972198653352e+01 6.702816690361975915e+00 4.702630235802711667e+00 7.314261312706014451e+02 3.148060172627320981e+02
1.249608122360320067e+03 1.147023248353900193e+01 6.858234763304885462e+00 4.997341374744776132e+00 7.394303061689929564e+02 3.082179681690906818e+02
1.335774636577872798e+03 1.252059960186213594e+01 6.290878458154049113e+00 5.024688160575871976e+00 7.148278238438581411e+02 3.087570838938524389e+02
1.626875451178929552e+03 1.169027707351644096e+01 6.935506978745697104e+00 4.999808909934449375e+00 7.191704217126416552e+02 3.145332391269055847e+02
1.712936705717780569e+03 1.213991849472547813e+01 6.995862772684349196e+00 5.236864698356695769e+00 8.085601672075547413e+02 3.063709441382233649e+02
2.002962838768623442e+03 1.323972523918073030e+01 7.035102174033506905e+00 5.335915821464180198e+00 8.328100566768764565e+02 3.202748629450458111e+02
2.140358534948105444e+03 1.277103582963578887e+01 6.685565324867392079e+00 5.102658065787166741e+00 7.898707648022210606e+02 2.999514622219941771e+02
2.397786623345753469e+03 1.343426681950261070e+01 7.044533802708983217e+00 5.436803823227713828e+00 8.330985396708550752e+02 3.144104731290748873e+02
2.560700476067525869e+03 1.357712913659481835e+01 7.041275645721600362e+00 5.677048868367307044e+00 7.863807250632967225e+02 3.041627048948004131e+02
2.669049610094906711e+03 1.328070661879714720e+01 7.533567190189503826e+00 5.709046620883710510e+00 7.630075620234944154e+02 3.010932773557544806e+02
3.009934204335550930e+03 1.362583287779099805e+01 7.363821436502105300e+00 5.522455779856510816e+00 7.707859743400232446e+02 2.989203452496961404e+02
2.931013155304472548e+03 7.937730766311021924e+00 0.000000000000000000e+00 9.476211168143393593e+00 8.182139723182320949e+02 3.022426266792846832e+02
2.956009029428473696e+03 7.886660007261027339e+00 0.000000000000000000e+00 1.020202092729210008e+01 6.011457411297150247e+04 0.000000000000000000e+00
3.210312470082014897e+03 8.616258791611278056e+00 0.000000000000000000e+00 1.021829745230757425e+01 5.744379629695593758e+04 0.000000000000000000e+00
3.125579064503453537e+03 8.415820247885749339e+00 0.000000000000000000e+00 1.015591844155082413e+01 5.971053982121185254e+04 0.000000000000000000e+00
3.221306233579885884e+03 8.460049475020030130e+00 0.000000000000000000e+00 1.009809800616343622e+01 6.011341836530288856e+04 0.000000000000000000e+00
3.287308367323201310e+03 8.871663314172073100e+00 0.000000000000000000e+00 1.104756368901757924e+01 5.916404880516429694e+04 0.000000000000000000e+00
3.639584072102545633e+03 8.491908002378609766e+00 0.000000000000000000e+00 1.070435310024494235e+01 5.929324117822637345e+04 0.000000000000000000e+00
3.605452922057339038e+03 9.424383959725235016e+00 0.000000000000000000e+00 1.126559823506100244e+01 5.964429650371515891e+04 0.000000000000000000e+00
3.796186365597368876e+03 8.848906629227206722e+00 0.000000000000000000e+00 1.056108986264787220e+01 5.751280260428179463e+04 0.000000000000000000e+00
3.696326043545357606e+03 9.140996077073697990e+00 0.000000000000000000e+00 1.069450349885535267e+01 5.930803458616536955e+04 0.000000000000000000e+00
3.858739224501454373e+03 9.388237584523388080e+00 0.000000000000000000e+00 1.091559837214435191e+01 5.760728436110055191e+04 0.000000000000000000e+00
4.000276532972186487e+03 9.355037941657430522e+00 0.000000000000000000e+00 1.094049268155731980e+01 5.797350534767656063e+04 0.000000000000000000e+00
3.989869418761278666e+03 9.774359486669025543e+00 0.000000000000000000e+00 1.191148589449818296e+01 5.600043547954420501e+04 0.000000000000000000e+00
4.117993343441008619e+03 9.461876963507727112e+00 0.000000000000000000e+00 1.203250831725344483e+01 5.867430698463330918e+04 0.000000000000000000e+00
4.070071159761418130e+03 1.001040780982127032e+01 0.000000000000000000e+00 1.152151128495026633e+01 5.693208075500297127e+04 0.000000000000000000e+00
4.180870699452879308e+03 1.005128390026394136e+01 0.000000000000000000e+00 1.152013623911044782e+01 5.609966868087707553e+04 0.000000000000000000e+00
4.632308392969159286e+03 9.584721024692882452e+00 0.000000000000000000e+00 1.136733550507423907e+01 5.914665300189037953e+04 0.000000000000000000e+00
4.375893424718783535e+03 1.042476630511053770e+01 0.000000000000000000e+00 1.205274022877693696e+01 5.944435239542990166e+04 0.000000000000000000e+00
4.805114854383085913e+03 1.032936903506982418e+01 0.000000000000000000e+00 1.240685068436751237e+01 5.569738946937812580e+04 0.000000000000000000e+00
4.617282357092212806e+03 1.034257354623378511e+01 0.000000000000000000e+00 1.240121959611653502e+01 5.833071062241884647e+04 0.000000000000000000e+00
4.893955376415472529e+03 9.787310273503097235e+00 0.000000000000000000e+00 1.238485330157407383e+01 5.776325687955696776e+04 0.000000000000000000e+00
4.836452753596896400e+03 9.846443110077766292e+00 0.000000000000000000e+00 1.264541408306328307e+01 6.020899040204573248e+04 0.000000000000000000e+00
5.052613319320480514e+03 1.010361560298252037e+01 0.000000000000000000e+00 1.246433424802489753e+01 5.593495042787265993e+04 0.000000000000000000e+00
4.900064741173865514e+03 1.081625165245983311e+01 0.000000000000000000e+00 1.226618428233360625e+01 6.033944914563905331e+04 0.000000000000000000e+00
5.156421794383940323e+03 1.058697210396845634e+01 3.395545630552248006e+00 1.288788930874544469e+01 4.341429149337296280e+02 8.880177720555401777e+01
5.253591169032489233e+03 1.077609630770682614e+01 3.356872409906204613e+00 1.237682024937964265e+01 4.660139452394623163e+02 8.629056234260022507e+01
5.068757387783871309e+03 1.068524568264802355e+01 3.414343078333053505e+00 1.333422911020085344e+01 4.481894369650861449e+02 8.376917993937793483e+01
5.526275902365676302e+03 1.165781712295038020e+01 3.389245923754472756e+00 1.324997988554095052e+01 4.515559027156342609e+02 8.365945399344951738e+01
5.325268475752494851e+03 1.149895058525613933e+01 3.755743608323932392e+00 1.253641210498648029e+01 4.416644454819710290e+02 8.631584778182605078e+01
5.412639576232925720e+03 1.071406800944495785e+01 3.531407723914005814e+00 1.268956758317421496e+01 4.432554757319654755e+02 8.271868775909233307e+01
5.587126599381912456e+03 1.174306855264892491e+01 3.790376841428046539e+00 1.322882720659030831e+01 4.200823173162103217e+02 8.791440355905551485e+01
5.874450736477404462e+03 1.168772028587667222e+01 3.504720921910525089e+00 1.278174127058941778e+01 4.165808170308640683e+02 8.249079931913817632e+01
5.811481586224189414e+03 1.154034690830268772e+01 3.772375223461290616e+00 1.331087903566940689e+01 4.184879723971954490e+02 8.208089728254400086e+01
5.674310130073747132e+03 1.177341712692321529e+01 3.744714634936151754e+00 1.270387106279372169e+01 4.451720960412400245e+02 8.920045371179881499e+01
6.258058390601557221e+03 1.165181190424195989e+01 3.726457173587571337e+00 1.305279237697634009e+01 4.491662991730026420e+02 8.865110291371088636e+01
6.267534906776441858e+03 1.132519333314646559e+01 3.590627786821872558e+00 1.298538387539057126e+01 4.300871897412818043e+02 8.847669328775025122e+01
6.038281229772377628e+03 1.121847478785014118e+01 3.542495671629405152e+00 1.359690492031890940e+01 4.190247062289347468e+02 8.275000328938345717e+01
6.628488262075333296e+03 1.176753037192260720e+01 3.613532427810348224e+00 1.301263539913762379e+01 4.225952758738670809e+02 8.290435373190011603e+01
