3.321315534215398824e-01 5.734754120943389211e+00 3.204297412746181628e+00 2.848141598532962782e+00 1.467523261123221118e+03 6.012002060667500700e+02
3.137970609243771136e+01 5.783590047552158886e+00 3.354737769494851474e+00 2.912069475713546574e+00 1.388655633424282996e+03 6.220828934103006986e+02
3.193959619205165978e+01 7.422077111232853852e+00 4.379777220387539138e+00 3.160977860484400548e+00 1.395818467450450726e+03 6.084090140646850386e+02
5.246929043094716150e+01 8.016591303808141333e+00 4.216387995837560076e+00 3.221079206672996964e+00 1.395687627940971424e+03 5.994650768482373451e+02
9.467247181136428935e+01 8.124314093687077687e+00 4.388736914715161141e+00 3.469266964036744394e+00 2.027031587101980392e+02 8.182049632018970442e+01
1.548484228868083221e+02 8.273106567237075382e+00 4.545208530502518940e+00 3.511260567971064006e+00 2.075693367330473791e+02 8.255872121836632971e+01
2.009765307542691914e+02 8.207794901408306032e+00 4.623445858700678812e+00 3.640513127649299907e+00 3.532661176988011675e+02 7.683023998513900210e+01
2.438489655626252670e+02 8.124738175138320528e+00 4.834524121764388838e+00 3.464464517645242658e+00 3.755645907393222842e+02 1.408110288326810178e+02
2.845888833264394293e+02 8.750179143893747735e+00 4.724465303660448257e+00 3.407115289102258693e+00 3.422256440209766311e+02 1.382427717095228843e+02
3.367399103527619104e+02 8.740251029351934875e+00 4.920268220564834927e+00 3.718379061760840987e+00 3.683986843765457593e+02 1.494081826374308264e+02
4.122485635363249230e+02 8.601929988367562174e+00 4.800005259072440467e+00 3.646691421684904899e+00 3.598117962702272621e+02 1.428992178393563961e+02
5.205436949314894264e+02 9.812377375247699263e+00 5.485285865407795391e+00 3.746212611210982146e+00 3.450087240307014440e+02 1.416913458040823173e+02
5.997380585704365785e+02 1.012028766532131385e+01 5.838497415799076329e+00 4.208299514561238297e+00 3.721536007030415476e+02 1.385131496106861562e+02
6.875569605669284101e+02 1.038864916605447064e+01 5.858303278019458382e+00 4.470009473478506301e+00 7.573992071730478983e+02 3.001504238228166059e+02
8.118368169398202099e+02 1.118539885317144744e+01 6.432181624435754586e+00 4.272733478739516144e+00 7.646961698976956541e+02 2.987107423272443611e+02
8.831789155718677193e+02 1.075653093873740040e+01 6.298505769914473973e+00 4.717832456093503879e+00 7.590398377143608286e+02 3.041212068163623030e+02
9.994061063348450489e+02 1.187435594432504793e+01 6.570124922061975958e+00 4.488902726531104115e+00 7.500924050893787580e+02 3.182404385322659550e+02
1.108029498753979624e+03 1.210067904763990931e+01 6.643042478507229731e+00 4.620373550191836820e+00 7.568756221681110219e+02 3.111132674586621079e+02
1.230277018920888850e+03 1.187126877105863265e+01 6.327734777807052069e+00 4.971293913557057742e+00 7.711321199442878651e+02 3.161837227892917781e+02
1.250288536662458910e+03 1.154808808662918196e+01 6.276677082007994457e+00 5.017672851143676560e+00 7.216649682692716397e+02 2.976999451999200801e+02
1.392545257831066237e+03 1.172678181251824370e+01 6.550583298048327840e+00 4.851050593186763571e+00 7.397474878878191475e+02 3.218135304737197089e+02
1.521409437046690982e+03 1.269016727667093747e+01 6.599190604537009897e+00 4.823561673913757453e+00 7.187040463329001341e+02 2.978108567286007542e+02
1.870384709656626910e+03 1.214548955304368860e+01 6.592720199552393190e+00 5.263148632854997011e+00 7.620576388254651192e+02 3.022060784353413965e+02
1.910021120663078591e+03 1.275410180685163830e+01 7.010293249491128087e+00 5.128041891018678022e+00 7.721799350869101772e+02 3.040947337828779951e+02
2.215138963928331123e+03 1.322849888680247155e+01 7.048527798778670750e+00 5.498585791950050705e+00 7.697334158520295659e+02 3.267309290765682022e+02
2.321131880393351821e+03 1.335309517171804927e+01 7.387935247278138107e+00 5.244110417331826035e+00 8.217971510278608775e+02 3.255830642364175560e+02
2.678922756774719346e+03 1.283443078580234875e+01 6.838907223659230539e+00 5.213696336507106288e+00 8.181006476025642087e+02 3.248531825818564585e+02
2.491157591630628303e+03 1.414827875446680849e+01 7.332858916596423526e+00 5.735160894519874653e+00 7.998133694442321939e+02 3.076524887174559240e+02
3.017563804750719100e+03 1.418812575067184412e+01 7.489368106145025017e+00 5.704172789837113733e+00 7.885782626122471584e+02 3.267336626568913971e+02
2.961086634731101640e+03 8.409277703939146420e+00 0.000000000000000000e+00 9.882430346443467073e+00 8.190024597734982308e+02 3.185902653376834905e+02
3.068617870131585732e+03 8.369951665305707778e+00 0.000000000000000000e+00 1.023109112644576690e+01 5.572109679935249005e+04 0.000000000000000000e+00
3.091275944521827569e+03 8.532279930095505449e+00 0.000000000000000000e+00 1.002090785329451350e+01 5.613871201802562427e+04 0.000000000000000000e+00
3.160236336200462119e+03 8.840789126752817140e+00 0.000000000000000000e+00 1.081749905424797475e+01 5.920533245987627743e+04 0.000000000000000000e+00
3.300291266005197940e+03 8.478935220121933014e+00 0.000000000000000000e+00 1.070221071487623377e+01 5.945003547447275923e+04 0.000000000000000000e+00
3.258545644873257515e+03 8.644591914683205758e+00 0.000000000000000000e+00 1.049331556790758846e+01 5.493672981492369581e+04 0.000000000000000000e+00
3.550445100796419865e+03 9.139986194740281178e+00 0.000000000000000000e+00 1.092329753234063716e+01 5.871852568637164222e+04 0.000000000000000000e+00
3.729991419829219922e+03 8.747122623111255990e+00 0.000000000000000000e+00 1.040206216856030608e+01 5.538632546467785141e+04 0.000000000000000000e+00
3.831245615929559335e+03 9.239646719534180264e+00 0.000000000000000000e+00 1.044509605654025286e+01 5.674800101296110370e+04 0.000000000000000000e+00
3.883855733511775270e+03 9.256892138655896218e+00 0.000000000000000000e+00 1.118803279388968086e+01 5.594729770669314894e+04 0.000000000000000000e+00
4.010437957711296804e+03 9.675640653623871046e+00 0.000000000000000000e+00 1.144545378496315280e+01 5.560945829043180856e+04 0.000000000000000000e+00
3.875727750626166198e+03 9.402515305372199705e+00 0.000000000000000000e+00 1.143300836892685091e+01 5.822888829885811720e+04 0.000000000000000000e+00
4.259193255893333117e+03 1.000124476766361248e+01 0.000000000000000000e+00 1.099487730777281769e+01 5.890884254684522602e+04 0.000000000000000000e+00
4.028683851280400177e+03 1.004018341024579719e+01 0.000000000000000000e+00 1.140114662268855206e+01 5.723554560331462562e+04 0.000000000000000000e+00
4.265530296307020762e+03 9.495507848611461910e+00 0.000000000000000000e+00 1.144689324097736716e+01 5.852282301089687098e+04 0.000000000000000000e+00
4.576288015623262254e+03 9.839914345763498105e+00 0.000000000000000000e+00 1.209923792405535004e+01 6.054691124319402297e+04 0.000000000000000000e+00
4.615994745479912126e+03 9.778767356587389159e+00 0.000000000000000000e+00 1.189272430544344594e+01 5.513307945329659560e+04 0.000000000000000000e+00
4.491152862856790307e+03 9.995221398208974151e+00 0.000000000000000000e+00 1.209171557168132161e+01 5.805248259076301474e+04 0.000000000000000000e+00
4.659904046172246126e+03 9.810588142994030036e+00 0.000000000000000000e+00 1.230320503901827678e+01 5.821166405144454620e+04 0.000000000000000000e+00
4.596824641944287578e+03 9.706467395906035023e+00 0.000000000000000000e+00 1.151331529650196117e+01 5.802749623320235696e+04 0.000000000000000000e+00
4.746186929936267006e+03 1.030458381523346212e+01 0.000000000000000000e+00 1.255845803185930976e+01 5.909041090895759407e+04 0.000000000000000000e+00
4.965518128948250705e+03 1.010638512609179251e+01 0.000000000000000000e+00 1.265046199169396424e+01 5.564291319765780645e+04 0.000000000000000000e+00
5.234989587294885496e+03 1.050548600081698325e+01 0.000000000000000000e+00 1.251763862017231865e+01 6.037916413207873120e+04 0.000000000000000000e+00
5.333267115437184657e+03 1.034319007075991159e+01 0.000000000000000000e+00 1.273958812284410946e+01 5.679998964902218722e+04 0.000000000000000000e+00
5.290530311744822029e+03 1.092297737712384631e+01 3.506387267369539984e+00 1.230174633548364760e+01 4.480689738179689812e+02 8.128826755191835218e+01
4.958645173740665996e+03 1.084949293990962182e+01 3.614886906603600014e+00 1.279839538916144903e+01 4.500540301615467911e+02 8.727514217847119937e+01
5.313151486273784940e+03 1.056641370355343668e+01 3.635492539884993324e+00 1.306353921180585154e+01 4.302297932854947362e+02 8.621618341798814811e+01
5.450131953910998163e+03 1.070422504124801755e+01 3.584338373709840209e+00 1.310862535109489890e+01 4.447668980992217485e+02 8.443154443695767952e+01
5.346171999998804495e+03 1.148215666254384359e+01 3.729970174567435848e+00 1.278950684596789245e+01 4.424100573023849847e+02 8.725964887803132797e+01
5.306623522155918181e+03 1.163033764574158724e+01 3.773162555169404797e+00 1.358511687370463861e+01 4.419380412684880639e+02 8.529982636975067578e+01
5.627305173775046569e+03 1.154260391700375799e+01 3.615891584159414140e+00 1.312247950400401386e+01 4.481815365675946055e+02 8.720875186744218865e+01
6.054318778982011281e+03 1.095333073509181432e+01 3.457264673012061529e+00 1.248624936979105549e+01 4.345361695029300790e+02 8.465262726634715307e+01
5.953777785998517174e+03 1.139522339576624432e+01 3.787881434040769157e+00 1.322104844477241059e+01 4.434216199614435823e+02 8.468280254255557793e+01
5.819260303568193194e+03 1.163110344769531856e+01 3.791375532301813678e+00 1.367417192830985151e+01 4.318065066758341572e+02 8.915579052058097886e+01
5.922546999354797663e+03 1.133653112092443571e+01 3.608352849770726234e+00 1.256606585933506359e+01 4.184725528953828189e+02 8.549086580591168172e+01
6.234077271369922528e+03 1.124334886943378820e+01 3.681525906565212836e+00 1.344031459040891008e+01 4.330554261554666482e+02 8.268852197090821221e+01
6.525164115948278777e+03 1.144197049083318163e+01 3.606611379164216036e+00 1.325413296102574634e+01 4.237440003578504388e+02 8.088837778388128186e+01
6.663862232188671442e+03 1.150538193994098002e+01 3.850105953965238914e+00 1.273252717692986558e+01 4.435342538650085089e+02 8.434471368637606759e+01
