1.447734547236870783e-01 5.838024364359180929e+00 3.244327450368353460e+00 2.815337035061323601e+00 1.375962122737922982e+03 6.079663665098046295e+02
3.297345685397625914e+01 5.629818893087912279e+00 3.260431425166089969e+00 2.871250639571132801e+00 1.362260214355803328e+03 6.196732692344423867e+02
3.410425393654770687e+01 7.465261385595598931e+00 4.206593472555738344e+00 3.430433502650404254e+00 1.442783100151482586e+03 6.276103654990765790e+02
5.097272614715134864e+01 7.545324842508263963e+00 4.270923081397031140e+00 3.222372143344721440e+00 1.448591630627976656e+03 5.724306871752672805e+02
1.010359915718576502e+02 7.709624334814601632e+00 4.288280195854973442e+00 3.234389539819393367e+00 2.026248557045513508e+02 8.044685754121945820e+01
1.485648311255849308e+02 8.295193026673786107e+00 4.315526754804888121e+00 3.375589517299183662e+00 1.913351453745505637e+02 7.737720484004798038e+01
2.015736467757773198e+02 7.950202710733239364e+00 4.768750910162181889e+00 3.537452250552203914e+00 3.753803033763587109e+02 8.377420757531767492e+01
2.453204219078385506e+02 8.838850049653506957e+00 4.697616941130464241e+00 3.448480243869075590e+00 3.525138004011529347e+02 1.423506101364279175e+02
2.900072996471351985e+02 8.545941066811650444e+00 4.837356561230333973e+00 3.475637865827166273e+00 3.426014565416627420e+02 1.435317892605086456e+02
3.625954904898514428e+02 8.331122350859285319e+00 4.702940324407567374e+00 3.739110871811071046e+00 3.703409273181448498e+02 1.419940775304758631e+02
4.287300260397165061e+02 9.344498375197899165e+00 4.869039311359061983e+00 3.679781677117622163e+00 3.586927659037783656e+02 1.439098805360251845e+02
4.786479400042777570e+02 9.471652167819092583e+00 5.272408327058084154e+00 3.812455784211592924e+00 3.719008059519368885e+02 1.442182117888229982e+02
5.714294337710315403e+02 1.069885919586051592e+01 5.664414556815046353e+00 4.095415333414742953e+00 3.448315699771151799e+02 1.398255176490139036e+02
6.502028136153753621e+02 1.034802581371935837e+01 5.996080249181147792e+00 4.344286352467806367e+00 7.301860887974949037e+02 3.195288304855451429e+02
7.797270936702929021e+02 1.153467692041497195e+01 6.054657182203052379e+00 4.673883878062329522e+00 7.658037164777289263e+02 2.986126540106219522e+02
8.902949365072778392e+02 1.130011435683336174e+01 6.334371719920314447e+00 4.535585015571427903e+00 7.287628806548507328e+02 2.976600254467716127e+02
9.731629802868707202e+02 1.099806538844135950e+01 6.136676809130081622e+00 4.420962460133122107e+00 7.424452283596697271e+02 3.062526984741490423e+02
1.086982204494073585e+03 1.102597472036837445e+01 6.669703154629840647e+00 4.752885298801383662e+00 7.705784298220551136e+02 3.137942357525582224e+02
1.258940269384472458e+03 1.159778620775820812e+01 6.621211525230203065e+00 4.726668991453516711e+00 7.132171607579501824e+02 3.055857083033162667e+02
1.238740570166661882e+03 1.226765350909876595e+01 6.547315148405791874e+00 4.816852695422928043e+00 7.557853320330639235e+02 3.138581319407962837e+02
1.452240666521226785e+03 1.154530480600026010e+01 6.788674439058540955e+00 4.893306821629508363e+00 7.643918769323229299e+02 3.200517314365295647e+02
1.661374450429171247e+03 1.233080832821633166e+01 6.468316920375607459e+00 4.773276636665236161e+00 7.399522544569001639e+02 2.982675452311975732e+02
1.839037514120802143e+03 1.202170436074140092e+01 6.888893754987679863e+00 4.988693761376833180e+00 7.848722393442125167e+02 3.058703853442755189e+02
2.056874775493904963e+03 1.215668846564482486e+01 6.876075760481457522e+00 5.311591373029913576e+00 7.610174053474031552e+02 3.131534849489702310e+02
2.117437313841305695e+03 1.261194849884137348e+01 6.682725440366585445e+00 5.551378846688621138e+00 8.371805287076799686e+02 3.126989233625382667e+02
2.212744566032554758e+03 1.272060334018032357e+01 7.367082639902296393e+00 5.252938859368148528e+00 7.663966527746249540e+02 3.011573835026790675e+02
2.600583205980200546e+03 1.387761555191935159e+01 7.418544606338083547e+00 5.180037468795223532e+00 7.760094066534128388e+02 3.186964872770732882e+02
2.632816665703589933e+03 1.399393169266632952e+01 7.001214937760960488e+00 5.360378945140529261e+00 7.747276478709281946e+02 3.191320962353011055e+02
2.782739243854575761e+03 1.425845516469315655e+01 7.249362418447855561e+00 5.580997673736962206e+00 8.384626747134180960e+02 3.039977376982657233e+02
2.902835043855410731e+03 7.699165674604445897e+00 0.000000000000000000e+00 9.880762486324622174e+00 7.637447255831925759e+02 3.102300190310286894e+02
2.907176139670450993e+03 8.104522713553633295e+00 0.000000000000000000e+00 9.980810710765760874e+00 6.041744559985978412e+04 0.000000000000000000e+00
3.129822904194643797e+03 8.155434487289893397e+00 0.000000000000000000e+00 1.044853712679402058e+01 5.586252679337053269e+04 0.000000000000000000e+00
3.327670705669621839e+03 8.710719300385438402e+00 0.000000000000000000e+00 1.012521234912336254e+01 5.889281887026435288e+04 0.000000000000000000e+00
3.126723161976045049e+03 8.759236125050705368e+00 0.000000000000000000e+00 1.088421014010144283e+01 6.049113824386546185e+04 0.000000000000000000e+00
3.451209264071571397e+03 8.759376063907952314e+00 0.000000000000000000e+00 1.059732472372239442e+01 5.827097434950222669e+04 0.000000000000000000e+00
3.636415807574178416e+03 9.143713766198601434e+00 0.000000000000000000e+00 1.035555341362080028e+01 5.983537076417791104e+04 0.000000000000000000e+00
3.533337935997182285e+03 9.058321396395792036e+00 0.000000000000000000e+00 1.119345252443839911e+01 5.745383007367992104e+04 0.000000000000000000e+00
3.515265463549493234e+03 9.101030830759304635e+00 0.000000000000000000e+00 1.074546519265425815e+01 5.835437155565556168e+04 0.000000000000000000e+00
3.638978090272114059e+03 9.189315006624223514e+00 0.000000000000000000e+00 1.084592604808994842e+01 5.563308839683249971e+04 0.000000000000000000e+00
3.937370575534104773e+03 9.452366164866349507e+00 0.000000000000000000e+00 1.171408257377189344e+01 5.684146038095131371e+04 0.000000000000000000e+00
3.918302562691557796e+03 9.628032043502109616e+00 0.000000000000000000e+00 1.110536865615854474e+01 5.504159184258727328e+04 0.000000000000000000e+00
4.024061538100520920e+03 9.858594137155826331e+00 0.000000000000000000e+00 1.140037402371042852e+01 5.671357861954406690e+04 0.000000000000000000e+00
3.996914292633705372e+03 9.513447957317653803e+00 0.000000000000000000e+00 1.181988906036333020e+01 5.647509028287381079e+04 0.000000000000000000e+00
4.422257234106813485e+03 1.005683965924500001e+01 0.000000000000000000e+00 1.102636600688628299e+01 5.754528624656499596e+04 0.000000000000000000e+00
4.476975371699941206e+03 1.023495063863991916e+01 0.000000000000000000e+00 1.157265078098764732e+01 5.684844466387570719e+04 0.000000000000000000e+00
4.330702400540326380e+03 9.577938859130577853e+00 0.000000000000000000e+00 1.205178173158554600e+01 5.575902820410767163e+04 0.000000000000000000e+00
4.647541565492672817e+03 9.747855383819263864e+00 0.000000000000000000e+00 1.147803990146695341e+01 5.851264616409405426e+04 0.000000000000000000e+00
4.740261948590887187e+03 1.038625041275790295e+01 0.000000000000000000e+00 1.220192998857442035e+01 5.844414698237763514e+04 0.000000000000000000e+00
4.574471925053498126e+03 1.035470123672250509e+01 0.000000000000000000e+00 1.245439913714481150e+01 5.792170048074000806e+04 0.000000000000000000e+00
4.678293978836172755e+03 9.761578891466925256e+00 0.000000000000000000e+00 1.169784805801923433e+01 5.540427588803844992e+04 0.000000000000000000e+00
5.028616697271969315e+03 1.056967268535042592e+01 0.000000000000000000e+00 1.226101011798266427e+01 5.706305499241187499e+04 0.000000000000000000e+00
4.863212757812311793e+03 1.062459009498586759e+01 0.000000000000000000e+00 1.228006480611806950e+01 5.793457360097784112e+04 0.000000000000000000e+00
5.013113973499731401e+03 1.030718519503595587e+01 0.000000000000000000e+00 1.243867356870304697e+01 5.877172358050825278e+04 0.000000000000000000e+00
5.026407085394212118e+03 1.156074987916471564e+01 3.656230188278972282e+00 1.225149042870592098e+01 4.244116810545621661e+02 8.865601800324671444e+01
5.211094396165899525e+03 1.150410289648561601e+01 3.659552692344309577e+00 1.335059375759755262e+01 4.292171366864924948e+02 8.577644669716403314e+01
5.098134508103325061e+03 1.130312687129038451e+01 3.522568878231042255e+00 1.302336410755771645e+01 4.446796406490309437e+02 8.838456747305549754e+01
5.222916836762031380e+03 1.094641471472940886e+01 3.437776863418381623e+00 1.342200812373114260e+01 4.248304419651665853e+02 8.264611592014061614e+01
5.212435844044946862e+03 1.109926335126495900e+01 3.678371412007433783e+00 1.333039896822330483e+01 4.316102955047235241e+02 8.209141228932914203e+01
5.362149501409257027e+03 1.065381214114512254e+01 3.559579263764486967e+00 1.256680985099608705e+01 4.266529749844793855e+02 8.212682204733648916e+01
5.589717811179441924e+03 1.063660311558286331e+01 3.742142724394284858e+00 1.270708644925943531e+01 4.202131404822688410e+02 8.083328344319451730e+01
5.711348990463523478e+03 1.139529909270471286e+01 3.770761606086135309e+00 1.248929409164670545e+01 4.419138139606585582e+02 8.113880727497272005e+01
5.735412761441516523e+03 1.092840899170606583e+01 3.673791127137330470e+00 1.300986844988219282e+01 4.148194422537413288e+02 8.082829420342679327e+01
5.734312138510959812e+03 1.175360463688500978e+01 3.811986187729458297e+00 1.340777876869181995e+01 4.416231572212301444e+02 8.272180954737841319e+01
6.251962068860311774e+03 1.160145704626947172e+01 3.593583828080408882e+00 1.264476052814735318e+01 4.372472699816084969e+02 8.233946892799147577e+01
6.364088087376075237e+03 1.104810831120726000e+01 3.790339459858003135e+00 1.357871618020667093e+01 4.207354381102277330e+02 8.373804792928984853e+01
6.549640795693713699e+03 1.165974439683825992e+01 3.810969846117194137e+00 1.267108240114807849e+01 4.335457916544152681e+02 8.712599502571899279e+01
6.321186592124783601e+03 1.087859616073652091e+01 3.822136138279723205e+00 1.363316384586716090e+01 4.281997228597388698e+02 8.459173839973077236e+01
