3.312704108974762196e-02 5.809023126031940265e+00 3.490488951363096337e+00 2.793107908307115750e+00 1.371675286316240090e+03 6.068185277134116404e+02
3.179042855060983896e+01 5.715705617018044471e+00 3.252853217683832288e+00 2.764922358553301596e+00 1.390888826590417239e+03 6.129556444959175678e+02
3.415143063506338450e+01 7.780034468784437607e+00 4.268345557754654962e+00 3.398522419856380594e+00 1.357329471515194427e+03 6.208620779649038468e+02
5.118212886869104494e+01 7.718982488706453537e+00 4.349300763807272929e+00 3.356305759990511284e+00 1.336063826694417230e+03 5.702007617498495620e+02
9.852167708901410492e+01 8.334807360242034946e+00 4.323593545271626759e+00 3.519699201222816320e+00 1.916729796032428510e+02 7.623719182600133593e+01
1.467156778095487937e+02 8.441918098187663588e+00 4.516108668828403339e+00 3.449835374904840268e+00 1.985511347879844379e+02 7.921137475198425193e+01
2.092295713682786413e+02 8.116893997432717001e+00 4.634401862868848809e+00 3.434812537777621078e+00 3.585376470161701832e+02 7.838363791186185381e+01
2.474059352208818154e+02 8.283350665571980187e+00 4.664326232679819384e+00 3.350439173640427981e+00 3.681353735334676003e+02 1.451603784291222894e+02
3.082260937999767521e+02 8.446718963844512373e+00 4.677257430297289353e+00 3.617315644530555208e+00 3.466632121668486661e+02 1.389627288727653536e+02
3.472205872746595787e+02 8.944914144967929914e+00 4.961280550330171124e+00 3.527600699445998966e+00 3.539371551777926470e+02 1.410393248402876338e+02
4.162550586900887879e+02 9.210374862615889668e+00 4.890889947156384032e+00 3.533609593784996061e+00 3.539031770192623298e+02 1.445625499789470041e+02
4.991525699928798190e+02 1.004079270950846947e+01 5.547236262510415905e+00 3.726133677576908720e+00 3.549385539603969733e+02 1.451549124127622292e+02
5.950855464707634610e+02 9.810655481057661831e+00 5.904093848881783124e+00 4.078539033569741790e+00 3.525605575868045207e+02 1.376930630601141843e+02
6.660442785248712880e+02 1.103683281359014323e+01 6.045833062295597138e+00 4.374298429897768514e+00 7.423464176836815795e+02 3.246517613954163721e+02
7.609673200599709162e+02 1.104625860203715781e+01 5.903520574885587457e+00 4.412734131083755784e+00 7.103144191850852849e+02 3.082484431751741454e+02
8.880179041264087800e+02 1.154940690683922000e+01 6.218243777017770313e+00 4.503703128741586958e+00 7.505438084753465091e+02 3.214530781260030494e+02
9.648189600366248442e+02 1.141423507732539910e+01 6.288162059868076526e+00 4.762826954595130502e+00 7.625872419482029727e+02 3.075421846937519490e+02
1.109125516599558296e+03 1.206622010295152236e+01 6.662993657215555032e+00 4.735883137538663412e+00 7.438926823431756929e+02 3.250498680533410152e+02
1.209062990224635996e+03 1.222889690634093540e+01 6.550065156233321417e+00 4.865825245437398472e+00 7.281912576083672093e+02 2.994003133648487847e+02
1.289519469229003789e+03 1.172345977897277791e+01 6.618895553048673719e+00 5.003621696840463429e+00 7.603788694512113580e+02 3.252417656763158789e+02
1.365477913097430701e+03 1.244388669165878802e+01 6.545288660220572652e+00 4.947954730164783932e+00 7.597367911194185126e+02 3.070226157515603518e+02
1.672943725576370753e+03 1.199079329533779692e+01 6.974200392123583114e+00 4.906826297684578897e+00 7.411713859410989471e+02 3.272473287845498930e+02
1.829084236085918747e+03 1.279581969128730456e+01 6.598742388229686284e+00 5.092672733688291764e+00 7.655032669559819851e+02 3.149974991608683013e+02
2.031978868961803528e+03 1.249423416578299495e+01 6.901337338217058637e+00 5.176340291426576812e+00 7.837004992027005983e+02 3.236646412998048277e+02
2.126221430665551907e+03 1.332763580368945888e+01 7.276406167979985185e+00 5.405590460805785646e+00 7.846316581129235601e+02 2.970889517245393563e+02
2.191054651934401136e+03 1.370162855378657696e+01 7.416284671627101588e+00 5.277247875468727756e+00 8.335341325791874851e+02 3.141949789720353579e+02
2.485936172252894266e+03 1.323963783503982761e+01 7.121777842091979949e+00 5.403439119603902441e+00 8.209815980550540644e+02 3.073498355534178472e+02
2.631843369398588038e+03 1.407915568898435055e+01 7.284270202109117243e+00 5.698478140332261965e+00 8.156044130646272379e+02 2.994169089097413234e+02
2.855362727052535320e+03 1.322988360290339394e+01 7.345191498072551894e+00 5.758066855127366601e+00 7.785147218244813985e+02 3.100574586819768115e+02
2.847835864825017779e+03 8.089785564700450848e+00 0.000000000000000000e+00 9.313089025778676699e+00 7.901486271508022128e+02 3.264519141882947793e+02
3.075251785949091300e+03 8.080543483912823177e+00 0.000000000000000000e+00 1.046425583313353513e+01 5.951744046922483540e+04 0.000000000000000000e+00
3.224815368834060791e+03 8.361405861248227822e+00 0.000000000000000000e+00 1.032813896836009526e+01 5.793516434136084717e+04 0.000000000000000000e+00
3.273600142960988251e+03 8.389648603171407260e+00 0.000000000000000000e+00 1.048449124639061303e+01 5.546191692627465818e+04 0.000000000000000000e+00
3.247212431741657838e+03 8.922905777718012743e+00 0.000000000000000000e+00 1.018407633871010454e+01 5.698387907381598779e+04 0.000000000000000000e+00
3.320125613619991782e+03 8.438730294061759452e+00 0.000000000000000000e+00 1.063095892659201169e+01 5.866458113570031855e+04 0.000000000000000000e+00
3.444889894261643803e+03 8.987110635455666241e+00 0.000000000000000000e+00 1.077329800244896596e+01 5.820817521496944391e+04 0.000000000000000000e+00
3.741081662483818945e+03 9.207049013906988932e+00 0.000000000000000000e+00 1.040317791601430208e+01 5.545915754237343936e+04 0.000000000000000000e+00
3.775298176343654177e+03 9.259011231702174882e+00 0.000000000000000000e+00 1.136801103574240379e+01 6.067526549411545420e+04 0.000000000000000000e+00
3.906008585777425196e+03 9.044129245253106575e+00 0.000000000000000000e+00 1.095595531523766653e+01 5.527433726542402292e+04 0.000000000000000000e+00
3.942914661492065989e+03 9.249454746608090971e+00 0.000000000000000000e+00 1.115215808444882661e+01 5.956476650015050109e+04 0.000000000000000000e+00
3.839420587748505113e+03 9.419897549821332206e+00 0.000000000000000000e+00 1.176227343334938347e+01 5.540017696523154154e+04 0.000000000000000000e+00
4.270211671863179618e+03 9.703003259533099722e+00 0.000000000000000000e+00 1.193131107068992769e+01 5.657426335189670499e+04 0.000000000000000000e+00
4.089854366503620895e+03 9.776081451978090087e+00 0.000000000000000000e+00 1.105033696749263861e+01 5.849367186625266913e+04 0.000000000000000000e+00
4.316868472764465878e+03 1.016453349949793150e+01 0.000000000000000000e+00 1.103287911393011456e+01 5.495943078016833169e+04 0.000000000000000000e+00
4.247864041678800277e+03 9.924405064954910927e+00 0.000000000000000000e+00 1.214642030668744610e+01 5.808315164437373460e+04 0.000000000000000000e+00
4.560347759849761133e+03 9.975043959513152814e+00 0.000000000000000000e+00 1.142664696947198344e+01 5.547055338868237595e+04 0.000000000000000000e+00
4.728904043262090454e+03 9.850798862608824535e+00 0.000000000000000000e+00 1.203714571873505434e+01 5.795125918412860483e+04 0.000000000000000000e+00
4.762662483341536245e+03 9.952905169238432492e+00 0.000000000000000000e+00 1.166923519675308007e+01 5.881704171746271459e+04 0.000000000000000000e+00
4.680028779919441149e+03 1.023832539627118621e+01 0.000000000000000000e+00 1.244569617062200528e+01 5.526087585782512178e+04 0.000000000000000000e+00
4.828376965809009562e+03 1.004938963818250208e+01 0.000000000000000000e+00 1.220529928990771040e+01 5.609013822506084398e+04 0.000000000000000000e+00
5.196884941958259333e+03 1.052834277137006325e+01 0.000000000000000000e+00 1.260525391189344013e+01 6.018262751473415847e+04 0.000000000000000000e+00
5.312970909962551559e+03 1.032262048956565614e+01 0.000000000000000000e+00 1.174031620587130931e+01 5.993389379020173510e+04 0.000000000000000000e+00
5.316969422881305945e+03 1.035323221586082276e+01 0.000000000000000000e+00 1.221394776316211939e+01 5.506638756216997717e+04 0.000000000000000000e+00
5.205171742632966016e+03 1.104974069200482489e+01 3.457225460839208786e+00 1.240760068571224650e+01 4.295783890821522846e+02 8.309552808640901844e+01
5.397734833862339656e+03 1.079058628325084968e+01 3.484333779489118044e+00 1.319876645960998829e+01 4.539992700633228537e+02 8.846804176779328088e+01
5.346084445392962152e+03 1.077056942211669011e+01 3.705266530087486743e+00 1.288143283552619245e+01 4.429710777982414243e+02 8.534363311027887278e+01
5.583702948566427040e+03 1.126967078112337184e+01 3.614671675820124275e+00 1.253393019028279731e+01 4.616746319524743285e+02 8.359610773231594294e+01
5.644712418850097492e+03 1.156340234144268919e+01 3.628842575104920698e+00 1.243201401658466665e+01 4.215156862871659769e+02 8.545182787466750085e+01
5.414046465476268168e+03 1.094369218526444953e+01 3.612981844546897747e+00 1.304382818474717531e+01 4.570140539829661179e+02 8.744021749373587227e+01
5.535614962262764493e+03 1.136496878570523350e+01 3.433370157310921655e+00 1.303189170080746884e+01 4.142646161501074289e+02 8.689904004055752296e+01
5.485914158151528682e+03 1.124244709067231440e+01 3.485720579076071690e+00 1.301559368823416385e+01 4.505193813878985338e+02 8.101832188354985931e+01
5.930565319503464707e+03 1.095959901736053510e+01 3.567521112914838533e+00 1.336924816960969231e+01 4.238270885652611923e+02 8.457957648533256645e+01
5.809812299523915499e+03 1.159313944242690475e+01 3.558197932587666035e+00 1.345537074527349652e+01 4.251125907137567879e+02 8.460497155107353251e+01
6.182434558394495980e+03 1.070229399595998743e+01 3.615785505199030414e+00 1.250760004436540029e+01 4.395143668666757435e+02 8.158815733989487740e+01
6.209392190386737639e+03 1.181362983675143319e+01 3.485395759300248919e+00 1.363468011469416297e+01 4.232968555766541385e+02 8.810745557630534108e+01
6.398644589971688220e+03 1.142677780431566070e+01 3.620389722139099931e+00 1.275666012533775096e+01 4.196737385199473351e+02 8.111780138568994403e+01
6.451920351299152571e+03 1.127916416606060324e+01 3.585703597647595053e+00 1.279982507514294809e+01 4.203567899039319968e+02 8.233497253219108813e+01
