-1.465386054141692984e-02 5.638686288447486206e+00 3.344367826637042906e+00 2.844658233083371179e+00 1.413296137164740912e+03 5.714665352532720135e+02
3.270221140614627586e+01 6.045022464191504241e+00 3.283510250249241924e+00 2.735180630511310440e+00 1.454356869263323233e+03 5.817368845446939076e+02
3.388986548856730252e+01 7.791394655502866584e+00 4.577123490264150441e+00 3.215176448597313108e+00 1.346937076841322323e+03 6.077504179340386372e+02
5.026003291267242901e+01 7.572696853261917660e+00 4.494084576472261894e+00 3.501197632371635837e+00 1.368104308170887407e+03 6.176696506130854232e+02
1.015907216564561963e+02 8.098518643658415783e+00 4.408253163986712408e+00 3.538412253924764883e+00 2.073501758503719259e+02 8.391486158744255874e+01
1.541918222486933132e+02 7.717684210676477363e+00 4.572090155793703481e+00 3.337888069562265247e+00 2.071999101481230525e+02 8.105346433594317546e+01
1.913011119715573329e+02 8.608710060518259155e+00 4.775396541666820482e+00 3.379977122255274580e+00 3.712682814270973495e+02 7.905077399709699648e+01
2.579508270065553006e+02 8.249806156252974532e+00 4.481082935866282924e+00 3.398171489294148362e+00 3.688779544415368719e+02 1.403292560904970401e+02
3.040440767173433301e+02 8.498038750210266556e+00 4.762727037416975229e+00 3.429770242220519627e+00 3.734903223954020746e+02 1.445217734884400613e+02
3.531806161722767001e+02 8.868369687204763707e+00 4.791699503760054490e+00 3.687286743734021766e+00 3.634731286904913645e+02 1.369308769784522326e+02
4.164460649641890200e+02 9.238578727771246335e+00 5.206278938532494571e+00 3.649783139957064826e+00 3.695267472876275292e+02 1.476547530368187324e+02
4.912324344423159914e+02 9.718655885696444230e+00 5.453099523752322320e+00 3.752771105865546186e+00 3.476941057070818033e+02 1.461158457634059005e+02
5.758372126206368193e+02 9.823789218108327503e+00 5.833261501623963063e+00 4.072281245983189635e+00 3.709969879832410697e+02 1.453821691428229883e+02
6.411978974739862451e+02 1.068989813031352476e+01 6.152874729791061981e+00 4.167640101639550565e+00 7.421786216686023181e+02 2.995392352056354071e+02
8.228407462202998204e+02 1.088212170147921931e+01 6.409465581398590572e+00 4.316085662142203461e+00 7.345623110972168206e+02 3.052836605554576295e+02
9.021045118891157699e+02 1.145612202123572310e+01 6.027252767401710898e+00 4.387625221180088353e+00 7.765252439480319708e+02 3.124086306250297866e+02
9.933108332074522195e+02 1.123595217645968525e+01 6.563571450682566422e+00 4.574811515200675416e+00 7.715477031219236324e+02 3.054065553174967249e+02
1.138641460413951108e+03 1.133091525978634273e+01 6.366828891515495137e+00 4.931630136753376803e+00 7.300341662281025492e+02 3.244304509447163696e+02
1.171235176612217856e+03 1.140968294156502161e+01 6.523976187187708220e+00 4.741602255630757767e+00 7.256244770227298204e+02 2.983713040367338181e+02
1.354299747434277606e+03 1.228741482768858972e+01 6.421613032646948049e+00 4.846542621054111599e+00 7.271315734830752717e+02 2.984689943167624619e+02
1.342416848304472978e+03 1.200084911522511888e+01 6.475101080476513005e+00 5.037973994721396842e+00 7.633460525158418477e+02 3.020445800179836056e+02
1.653677260622336462e+03 1.199373627529000608e+01 6.687501775577810115e+00 5.138997685188058107e+00 7.387640128821732333e+02 2.966894072058210554e+02
1.725213930811653654e+03 1.302916902298703761e+01 7.078336134017992443e+00 4.849394713262060286e+00 8.168784323916507901e+02 3.221443950300169945e+02
1.938301771207067077e+03 1.299501521843967389e+01 6.668156668055369884e+00 5.184650635761911985e+00 7.764139025646327354e+02 3.064364485502227353e+02
2.114764715687062107e+03 1.241344865823538157e+01 7.152652053104413987e+00 5.161913657495479590e+00 8.359550437794913478e+02 3.178772250101658301e+02
2.238721858909437287e+03 1.302694542846530368e+01 7.310940792255380849e+00 5.117484397336524715e+00 7.612213967892433857e+02 3.071849595122681080e+02
2.666783193293606473e+03 1.302746584261651641e+01 7.010413082026180298e+00 5.576828510462982003e+00 7.692965978076032343e+02 2.988571992018995616e+02
2.630065108085444535e+03 1.297652658275684701e+01 7.025330388713280527e+00 5.615999959848128498e+00 8.260064309709266581e+02 3.262423920383379254e+02
2.930601331813685192e+03 1.305142878573773579e+01 7.450476062917315900e+00 5.414322925677223175e+00 8.042342587857961007e+02 3.144678802305552949e+02
3.004886255896024068e+03 8.113926142496032057e+00 0.000000000000000000e+00 9.587038021663678578e+00 7.646263566749208849e+02 3.132677314864519076e+02
2.886699210500144545e+03 8.575081377243551017e+00 0.000000000000000000e+00 9.650586792453912821e+00 6.013146108345413086e+04 0.000000000000000000e+00
3.170177397110078346e+03 7.969764271057115046e+00 0.000000000000000000e+00 9.962729805219764145e+00 5.849844877599026222e+04 0.000000000000000000e+00
3.070808541795436213e+03 8.372015048599452669e+00 0.000000000000000000e+00 1.016388035911791299e+01 5.841997750991291832e+04 0.000000000000000000e+00
3.157948396907610913e+03 8.228613522314745410e+00 0.000000000000000000e+00 9.980603667323983075e+00 5.683593293076513510e+04 0.000000000000000000e+00
3.373013813754932016e+03 8.804609710485332030e+00 0.000000000000000000e+00 1.110943255649467076e+01 5.788044006732584967e+04 0.000000000000000000e+00
3.606007422536032664e+03 8.847436828147404952e+00 0.000000000000000000e+00 1.105091454589642730e+01 5.597272722391679417e+04 0.000000000000000000e+00
3.604133955055686783e+03 9.088580236332424178e+00 0.000000000000000000e+00 1.113320063347502398e+01 5.805438118301206850e+04 0.000000000000000000e+00
3.616429903630614263e+03 8.778335318544037591e+00 0.000000000000000000e+00 1.077169553337969532e+01 5.652028028935243492e+04 0.000000000000000000e+00
3.640723355479134625e+03 8.919259255148729082e+00 0.000000000000000000e+00 1.129984864847609849e+01 5.764047794846175384e+04 0.000000000000000000e+00
3.707619941225104412e+03 9.045120550446155150e+00 0.000000000000000000e+00 1.072957318296052698e+01 5.857781971016331227e+04 0.000000000000000000e+00
3.815184048889638689e+03 9.292834174320834251e+00 0.000000000000000000e+00 1.184174153570122812e+01 5.913259055397635530e+04 0.000000000000000000e+00
4.208700262817003932e+03 9.554663389454368883e+00 0.000000000000000000e+00 1.191448277561548075e+01 5.705589488231330324e+04 0.000000000000000000e+00
4.322729850370858003e+03 9.222211045585048339e+00 0.000000000000000000e+00 1.097116023439934018e+01 6.056006155136463349e+04 0.000000000000000000e+00
4.262095474305642711e+03 9.443837081795940946e+00 0.000000000000000000e+00 1.173086275603491302e+01 5.570625983329608425e+04 0.000000000000000000e+00
4.345439580228096020e+03 9.892505770263520404e+00 0.000000000000000000e+00 1.160179984688000232e+01 5.710862452085708355e+04 0.000000000000000000e+00
4.497717307142480422e+03 1.022752214178962760e+01 0.000000000000000000e+00 1.130285454893284403e+01 5.547636548594776832e+04 0.000000000000000000e+00
4.596558930576661623e+03 1.032386595485852965e+01 0.000000000000000000e+00 1.153747782791785248e+01 5.798301437505021750e+04 0.000000000000000000e+00
4.452800534713331217e+03 1.031916492803803642e+01 0.000000000000000000e+00 1.139149783881454070e+01 5.720631393103081064e+04 0.000000000000000000e+00
4.819187163387037799e+03 1.051094331038924601e+01 0.000000000000000000e+00 1.174961589039094534e+01 5.629119621758655558e+04 0.000000000000000000e+00
4.757965455288233898e+03 9.907959143368721300e+00 0.000000000000000000e+00 1.258697134749533042e+01 5.628687377904968889e+04 0.000000000000000000e+00
4.934377730814724600e+03 9.750647293970667207e+00 0.000000000000000000e+00 1.246763565148709141e+01 5.881205921516848321e+04 0.000000000000000000e+00
4.931175594253503732e+03 9.833779167936274490e+00 0.000000000000000000e+00 1.219536501145935148e+01 5.616200613633234025e+04 0.000000000000000000e+00
5.373136812318741249e+03 1.048449526625044825e+01 0.000000000000000000e+00 1.162927240781869109e+01 5.615323516685971845e+04 0.000000000000000000e+00
5.011092948526913460e+03 1.090540983247616325e+01 3.619560177398990497e+00 1.268680965652123405e+01 4.415898119561150565e+02 8.227745108082223169e+01
5.078797237726368621e+03 1.063828836549131829e+01 3.458504959532100465e+00 1.232398406072132069e+01 4.307643114080582336e+02 8.887509170726801244e+01
5.190709390648827139e+03 1.115329319102183980e+01 3.657605781161133773e+00 1.233657691850893912e+01 4.485991080634752279e+02 8.366331570679795959e+01
5.245331528603837796e+03 1.156674743589019805e+01 3.625560176061416229e+00 1.290846622271567412e+01 4.409525213944176016e+02 8.652523153061852668e+01
5.485279273126452608e+03 1.103677277729388351e+01 3.510754907025712246e+00 1.293009814348813080e+01 4.566038817767974365e+02 8.902982925954339066e+01
5.756231884446949152e+03 1.142870978085016631e+01 3.444914602899761480e+00 1.250179160867070216e+01 4.311803702901415818e+02 8.406747050978633240e+01
5.510422324400020443e+03 1.148132106816585640e+01 3.713892993313650415e+00 1.336632319732629526e+01 4.336474256940726946e+02 8.095006870062896098e+01
5.895289328364278845e+03 1.112054119810718156e+01 3.685949579907694673e+00 1.334507392102923973e+01 4.425753325634617568e+02 8.138807812995823099e+01
5.667678270671646715e+03 1.097703351399211158e+01 3.720074714647727987e+00 1.325116288438476531e+01 4.221755591046140808e+02 8.183468235684553349e+01
5.691416420022672355e+03 1.166691374291344019e+01 3.819574987102073660e+00 1.247914063068979829e+01 4.373099969499775739e+02 8.117798293139877330e+01
6.183166699982166392e+03 1.158177967309162959e+01 3.628685669232837530e+00 1.359910533464598004e+01 4.207082848879063590e+02 8.459935328125037302e+01
6.325086457281206094e+03 1.123170495707019434e+01 3.692979918173443288e+00 1.341255525310272567e+01 4.510905017212049302e+02 8.203493480929920167e+01
6.116437873548808057e+03 1.122572367232009682e+01 3.579549792419048249e+00 1.317343699292104908e+01 4.218313244660402574e+02 8.406613645734658746e+01
6.118214003833438255e+03 1.124839900782105673e+01 3.621924119427534006e+00 1.360933543311223914e+01 4.471512377072801883e+02 8.633562642304282519e+01
