-6.020462280551019951e-02 5.741675379771628229e+00 3.502914241219886815e+00 2.891877979987769631e+00 1.347126431623068584e+03 5.723838261462115042e+02
3.494959522813299913e+01 5.745161376562955446e+00 3.356785439442512065e+00 2.833810244577073423e+00 1.409469543486253542e+03 5.929965782121980737e+02
3.286863789443600581e+01 7.704757589220007752e+00 4.488858514038298608e+00 3.403437972081549301e+00 1.385534341059623330e+03 5.967756121223695800e+02
4.811924464371132615e+01 8.148622388678429473e+00 4.208614665451778869e+00 3.239227284383895622e+00 1.365785863617909627e+03 6.241917154947153676e+02
9.733237940927217835e+01 7.836468959714106397e+00 4.227507611613867233e+00 3.240999637672003608e+00 2.019918242194371771e+02 8.150146894902333372e+01
1.489331550817001073e+02 7.819280135992916492e+00 4.696396413121720848e+00 3.316299508820730324e+00 2.063038082860987004e+02 7.624458576364548890e+01
1.932414738869467499e+02 8.457949245040721209e+00 4.415326763906811003e+00 3.591409110369424784e+00 3.746880558856680636e+02 8.175959113854662519e+01
2.445566626826061736e+02 8.330857024047691795e+00 4.673182106604994779e+00 3.547544665553575616e+00 3.462572293635492997e+02 1.385501134244806281e+02
3.045862478207732806e+02 8.820553827687783510e+00 4.529966269873326290e+00 3.672900799364263058e+00 3.639005544456860548e+02 1.489085633168739662e+02
3.492024182703599990e+02 8.433578200927096091e+00 5.008849458419029510e+00 3.623317000107664221e+00 3.653472126592891414e+02 1.454569169098598707e+02
4.201183489140541951e+02 8.854993141351856778e+00 5.005491777988252622e+00 3.675332873441086168e+00 3.538510173411206665e+02 1.413992718559462389e+02
5.101558313517317060e+02 9.277657274189026637e+00 5.434475591965225227e+00 4.013969813928087937e+00 3.444074065571575716e+02 1.457958767782826328e+02
6.301604973659851794e+02 1.070834098878586893e+01 5.720658980540657801e+00 4.261471694571801194e+00 3.502339314363083531e+02 1.416272428317407446e+02
6.898394294454068358e+02 1.102180390174478575e+01 6.271229322055224209e+00 4.228525115072651275e+00 7.272456238966823321e+02 3.023772806254008287e+02
8.195317045932896463e+02 1.082971370662059485e+01 6.271302467426541405e+00 4.377301569886234311e+00 7.709797419400123317e+02 3.071607549990125676e+02
9.168911974233340061e+02 1.117557170510708353e+01 6.185494266992566992e+00 4.601040600817492887e+00 7.433570813249315279e+02 3.104903702876813441e+02
9.888736615693985641e+02 1.198439948739238403e+01 6.092536267521047044e+00 4.600959420050614312e+00 7.650870284398465628e+02 2.964410335639093432e+02
1.122241625922401909e+03 1.132547219100769098e+01 6.746633310142549078e+00 4.628337595089888623e+00 7.688987514333645095e+02 3.014394960965436780e+02
1.237383004878954580e+03 1.120669037264876167e+01 6.492106875791051834e+00 4.729533781994155639e+00 7.204896112187410608e+02 3.117033528493814174e+02
1.349843103650809098e+03 1.144508516858018154e+01 6.758308133997555700e+00 4.735799933544088347e+00 7.050313980360207324e+02 3.052648187606194483e+02
1.357755999299087534e+03 1.251116096276027356e+01 6.648732806932765804e+00 4.930418129306978869e+00 7.396898468829655258e+02 3.130147409351008605e+02
1.623136424720023115e+03 1.279251606857784651e+01 6.623747650603987402e+00 4.789916199696299337e+00 7.391568472920811246e+02 3.174884704462122613e+02
1.728094835765817152e+03 1.213703489941596914e+01 6.956988680952937543e+00 5.288319866194233221e+00 7.817007659989230888e+02 3.213993779247264797e+02
2.062358794377742925e+03 1.252210107464862254e+01 7.211843625199284347e+00 5.281998300784532141e+00 8.363097824994507619e+02 2.973825502399888592e+02
2.195148271349120478e+03 1.261770088523266509e+01 7.316082561659730921e+00 5.472414644224484981e+00 7.803913199412515951e+02 3.050752925442376409e+02
2.283071548095290836e+03 1.261209754908632341e+01 7.132354215771967709e+00 5.141426095754343173e+00 8.205786374741945792e+02 3.219520779186652248e+02
2.597976976604727497e+03 1.326064639499801068e+01 6.757483059661695712e+00 5.312038764409763303e+00 7.746893713393404823e+02 3.107283424615513923e+02
2.650113079339897013e+03 1.385830502998338787e+01 7.528942084806413249e+00 5.360901710210662863e+00 7.955073271926261214e+02 3.017355086995935949e+02
2.867399322030470103e+03 1.409818994320871965e+01 7.145482659488356703e+00 5.886688431803616339e+00 8.388760325402923854e+02 3.156529641797532690e+02
2.877941713300450829e+03 8.117883257506854022e+00 0.000000000000000000e+00 9.251832294610720098e+00 8.098226890829886315e+02 3.001803219909368750e+02
3.037065799022234842e+03 7.958108025430440158e+00 0.000000000000000000e+00 9.602435781598103404e+00 5.786091227344979416e+04 0.000000000000000000e+00
3.134319100684880141e+03 8.564058836056094748e+00 0.000000000000000000e+00 1.055659382422808257e+01 5.505105340145587252e+04 0.000000000000000000e+00
3.186390320843080190e+03 8.587720810836538377e+00 0.000000000000000000e+00 1.000276067398743862e+01 6.021535876201657811e+04 0.000000000000000000e+00
3.382460210463485510e+03 8.304894498209490550e+00 0.000000000000000000e+00 1.082196533549182860e+01 5.744869842419566703e+04 0.000000000000000000e+00
3.240433908505179716e+03 8.756438317800187221e+00 0.000000000000000000e+00 1.043718335176753520e+01 5.965326177448641829e+04 0.000000000000000000e+00
3.622234934848276680e+03 9.331221119896881078e+00 0.000000000000000000e+00 1.109163078663972435e+01 6.014180299408832798e+04 0.000000000000000000e+00
3.592529746660040928e+03 9.333662998083607221e+00 0.000000000000000000e+00 1.115603990230592046e+01 5.587853166260569560e+04 0.000000000000000000e+00
3.780393046724796477e+03 9.018761092160984205e+00 0.000000000000000000e+00 1.101719410330127147e+01 6.041801340061285009e+04 0.000000000000000000e+00
3.765064352803926795e+03 9.466637779589564872e+00 0.000000000000000000e+00 1.064193961184387049e+01 5.831435648538682290e+04 0.000000000000000000e+00
3.720249404891354516e+03 9.331637308892801741e+00 0.000000000000000000e+00 1.076278687568604830e+01 6.041504829777067062e+04 0.000000000000000000e+00
3.966189991749460660e+03 9.955977451053396265e+00 0.000000000000000000e+00 1.185604685196315877e+01 6.007603230035711749e+04 0.000000000000000000e+00
4.078596870507940821e+03 9.608814588532148093e+00 0.000000000000000000e+00 1.154996281384053702e+01 5.638880789893712063e+04 0.000000000000000000e+00
4.183710796871414459e+03 9.717099579300816359e+00 0.000000000000000000e+00 1.183496976282626889e+01 5.878818375448817824e+04 0.000000000000000000e+00
4.259751025853397550e+03 9.781534839494629097e+00 0.000000000000000000e+00 1.110328773170494543e+01 5.652244297534107318e+04 0.000000000000000000e+00
4.191834667721857841e+03 9.458542003590167724e+00 0.000000000000000000e+00 1.146294370479681568e+01 5.823463322567533032e+04 0.000000000000000000e+00
4.415991545546398811e+03 9.580642026166998448e+00 0.000000000000000000e+00 1.161652868122901516e+01 5.621692075112937891e+04 0.000000000000000000e+00
4.740140852580465435e+03 9.578282099207282130e+00 0.000000000000000000e+00 1.133664075032258545e+01 5.502975841185447644e+04 0.000000000000000000e+00
4.713336506463300793e+03 1.042011482347546902e+01 0.000000000000000000e+00 1.137019620266847753e+01 5.989779053303697583e+04 0.000000000000000000e+00
4.951123068705699552e+03 1.002964361862421860e+01 0.000000000000000000e+00 1.161439520707875062e+01 5.663176742771791032e+04 0.000000000000000000e+00
4.894065218717720199e+03 9.788124143837363178e+00 0.000000000000000000e+00 1.197060715180593604e+01 5.667055716796622437e+04 0.000000000000000000e+00
5.055915620179987854e+03 1.061865892966579494e+01 0.000000000000000000e+00 1.255567390440137387e+01 5.868548146640082268e+04 0.000000000000000000e+00
5.047916227942493606e+03 1.010848209486572991e+01 0.000000000000000000e+00 1.196791661046100508e+01 5.640139716170945030e+04 0.000000000000000000e+00
5.184289649780276704e+03 1.063044578295325415e+01 0.000000000000000000e+00 1.192231963919989468e+01 6.013145163456397131e+04 0.000000000000000000e+00
5.390565634691534797e+03 1.056948817314929201e+01 3.498631417133072130e+00 1.334455686023443377e+01 4.261280415799396337e+02 8.325804774612298331e+01
5.328809897953800828e+03 1.063297422480228782e+01 3.676755184583711866e+00 1.317942768713920643e+01 4.466026920713729851e+02 8.623329371937936116e+01
5.527877017840944973e+03 1.056162514798720231e+01 3.604244938923352404e+00 1.295029744325162113e+01 4.451016688091913238e+02 8.309868517954285494e+01
5.537290431588406136e+03 1.068406522211710552e+01 3.686031439091958184e+00 1.266139225613341956e+01 4.611200549797018198e+02 8.358733138057866086e+01
5.381416461787905973e+03 1.168914314212492123e+01 3.572106229331014404e+00 1.298100457365021931e+01 4.400809239134442805e+02 8.150362457020325735e+01
5.597546151886984262e+03 1.083144621016781528e+01 3.432764746706263193e+00 1.252741934672168256e+01 4.464998311399649538e+02 8.751446285133566505e+01
5.746291674343620798e+03 1.144138229590625144e+01 3.565317348949986531e+00 1.337820029317090942e+01 4.386138874509809966e+02 8.175807177928676595e+01
5.525519077388778896e+03 1.162229331443611002e+01 3.771325619650394589e+00 1.318188406211005237e+01 4.209488044753096005e+02 8.758151141534621331e+01
6.003775018504453328e+03 1.132026564213654751e+01 3.607545572870175299e+00 1.338856931440783882e+01 4.493149775893969036e+02 8.353766417210762540e+01
5.804865102107974963e+03 1.108425901587609452e+01 3.746254600996938411e+00 1.244078281969181177e+01 4.243873937484443104e+02 8.613924076432080312e+01
6.047117387419723855e+03 1.114294201856681887e+01 3.757574039480434003e+00 1.280703737591825764e+01 4.395578914051516790e+02 8.094352234763667298e+01
6.108690274069432235e+03 1.071407783129483171e+01 3.841860789275555188e+00 1.261726635547756992e+01 4.211213135733551098e+02 8.238280479285901947e+01
5.964956258149576570e+03 1.082482258494813010e+01 3.704214183403661931e+00 1.309405301717845305e+01 4.105932694768562214e+02 8.868106509752011846e+01
6.563174721996862900e+03 1.154067106841934987e+01 3.761168047813571391e+00 1.258393328483169782e+01 4.500027944822498966e+02 8.700348488235340483e+01
