8.572670012135703566e-01 5.819894075346859097e+00 3.652929806368803600e+00 2.898918939961877328e+00 1.477964992290171040e+03 5.766763440607237499e+02
2.905050222459506415e+01 5.925869451646367025e+00 3.064668854241552776e+00 2.824257060576517819e+00 1.465952746333831556e+03 5.535257097213030875e+02
4.073642674041325762e+01 7.223462408180767902e+00 4.324803702720095622e+00 3.529554565422045265e+00 1.532578951466321769e+03 5.526756331709525512e+02
3.919463238970931229e+01 7.567083596127834433e+00 4.187194227168867577e+00 3.317748913235174069e+00 1.344674913080993747e+03 5.790169703877580787e+02
8.005084304718168653e+01 7.912134341438239460e+00 4.379097715623003317e+00 3.581999932435527612e+00 1.808474404523944656e+02 8.752863694538375228e+01
1.723159513411646628e+02 7.346296274521466607e+00 4.157334534546586191e+00 3.245769143303996351e+00 2.041474258704197098e+02 7.753069752392218561e+01
1.768407205571017755e+02 8.698481074189871265e+00 4.379080382495699197e+00 3.769666543221359412e+00 3.702141997949270831e+02 7.907191034979615551e+01
2.058644961844220802e+02 8.858038742907069718e+00 5.135826650082320199e+00 3.540116284703051619e+00 3.681171808096266318e+02 1.370570056162808044e+02
3.464769795632868181e+02 7.839928615170539850e+00 4.563919130479512809e+00 3.676900840054118547e+00 3.401838081552373296e+02 1.391887184698808824e+02
2.800918091154004514e+02 7.892328806509540051e+00 4.399957151736517247e+00 3.850847200949065741e+00 3.352592163680729413e+02 1.325780978675310280e+02
3.796895899370423422e+02 8.402208336849854575e+00 5.254398020679066583e+00 3.300060867621768423e+00 3.635132288470807111e+02 1.564625506523645413e+02
4.041557956659637512e+02 8.945265067903751088e+00 4.957165359614053024e+00 3.980310594205528574e+00 3.690603164164800774e+02 1.311866662636246872e+02
6.271441981678144657e+02 1.047326000688244640e+01 5.201539561513993881e+00 4.201559053080048400e+00 3.940266561019808478e+02 1.323860652225542083e+02
6.430863229707307482e+02 1.018242269995504934e+01 5.953164571741155875e+00 4.682702831057532045e+00 6.932224052792213342e+02 3.075821604450327982e+02
7.768012025415030166e+02 1.161133600355983830e+01 6.131911282730988511e+00 4.540816934841547692e+00 7.198466292739569781e+02 3.276677767282087075e+02
9.600766772637299482e+02 1.159333704739346160e+01 6.470029804139564966e+00 4.646737163466824860e+00 7.331618485136175423e+02 3.399257332618624332e+02
9.331390434065091313e+02 1.105112195845052803e+01 6.593432542240199368e+00 4.486999682337789785e+00 7.427282448905548335e+02 3.317094692646128919e+02
1.294513746136534110e+03 1.195598703502206561e+01 6.249209389220241384e+00 4.316960795591880284e+00 6.679840589956294252e+02 2.813531492237157750e+02
1.056027068510489926e+03 1.069749573435828438e+01 6.014104025917444751e+00 5.084726276701856840e+00 7.870063610912390004e+02 3.097471160585934058e+02
1.131305904581703544e+03 1.088949917468465323e+01 5.951638122318175128e+00 4.841532991269394515e+00 8.106599112875692299e+02 2.813394532660765890e+02
1.498379930298885256e+03 1.316152364805025243e+01 6.997512274119648268e+00 4.875072222658811683e+00 8.026737391826857220e+02 3.251177146333048995e+02
1.474535493683834602e+03 1.198985324641447470e+01 6.636223379435348235e+00 5.173752238022342631e+00 7.843532075683884841e+02 3.324967590733605221e+02
2.133545228651798425e+03 1.377435205236920979e+01 6.851698670331925811e+00 4.975028751584401832e+00 8.788147905071358537e+02 3.192315509960509985e+02
2.014547651790881673e+03 1.319679223272376767e+01 6.385508697727487082e+00 5.330605869933260799e+00 7.340066570362268976e+02 3.259618025172437683e+02
2.317395997426387112e+03 1.306241845450077754e+01 7.278850667989027023e+00 4.993516247849713707e+00 7.351219483235436201e+02 3.234145970016128331e+02
1.912455220490265674e+03 1.243928795416419142e+01 7.712264863771800094e+00 5.733248658117399366e+00 8.470941027160886279e+02 3.175541617896644766e+02
3.054168058853661933e+03 1.352591444235621765e+01 6.560837041386257340e+00 5.121647019390143996e+00 7.285375094668030442e+02 3.060511145562510933e+02
2.215301425130326152e+03 1.376716458090089290e+01 7.981561263080615198e+00 5.357511509771267555e+00 8.570332327327525945e+02 3.278069367739021232e+02
3.059997494773276685e+03 1.395658759964434914e+01 6.763590496748856040e+00 6.118549281660977002e+00 8.254475386192741553e+02 3.254576664911482453e+02
2.516183135731268976e+03 8.447271028852043173e+00 0.000000000000000000e+00 1.042368772472083549e+01 7.687162989569425235e+02 3.216506815048559815e+02
2.585097827792171756e+03 8.941786380794260580e+00 0.000000000000000000e+00 1.073546685368697240e+01 5.699810857766706613e+04 0.000000000000000000e+00
3.397296708669505279e+03 8.717904996340893220e+00 0.000000000000000000e+00 1.086797923617651840e+01 5.287828213837484509e+04 0.000000000000000000e+00
3.459529819453020991e+03 7.836562242259362598e+00 0.000000000000000000e+00 1.114224249003882505e+01 5.632023002167527011e+04 0.000000000000000000e+00
2.945675179906781068e+03 8.795802822716250802e+00 0.000000000000000000e+00 1.121993561422324071e+01 5.730801397614127200e+04 0.000000000000000000e+00
3.245733764455718301e+03 9.633207729378883144e+00 0.000000000000000000e+00 1.097119443768580460e+01 5.351909801701261313e+04 0.000000000000000000e+00
3.992639660766161342e+03 9.780402821628916499e+00 0.000000000000000000e+00 1.035665627800196553e+01 6.041151550310875609e+04 0.000000000000000000e+00
4.256801206277496021e+03 9.022080208274644519e+00 0.000000000000000000e+00 1.160145027362732328e+01 6.203093339902917069e+04 0.000000000000000000e+00
3.732830058223411925e+03 9.571245827681986285e+00 0.000000000000000000e+00 1.157053025195882334e+01 5.898453232596490852e+04 0.000000000000000000e+00
3.676069575123408413e+03 9.923035835720309450e+00 0.000000000000000000e+00 1.134990275074590471e+01 5.771771867081117671e+04 0.000000000000000000e+00
3.239069324276927546e+03 8.762732120841814520e+00 0.000000000000000000e+00 1.191038801331050045e+01 5.506059782486288896e+04 0.000000000000000000e+00
4.003548472179865257e+03 9.087005046948364750e+00 0.000000000000000000e+00 1.203104767824116728e+01 6.296827227240333741e+04 0.000000000000000000e+00
3.775179820395543175e+03 8.746941586523789169e+00 0.000000000000000000e+00 1.179437601729442164e+01 6.126283596329958527e+04 0.000000000000000000e+00
3.396292303066121349e+03 9.528693645229791898e+00 0.000000000000000000e+00 1.104637472444967372e+01 6.252650548929119395e+04 0.000000000000000000e+00
3.886048951579301047e+03 9.018959304312380354e+00 0.000000000000000000e+00 1.170633028190117209e+01 5.765865136665890896e+04 0.000000000000000000e+00
4.818493591116704920e+03 8.875677643290764252e+00 0.000000000000000000e+00 1.101362500963100821e+01 6.296977584445190587e+04 0.000000000000000000e+00
4.894926906746711211e+03 1.058794568433268779e+01 0.000000000000000000e+00 1.271510896901419230e+01 5.938135906774678006e+04 0.000000000000000000e+00
4.991707747909499631e+03 1.051005582126980542e+01 0.000000000000000000e+00 1.115707416834290733e+01 5.660883158524778992e+04 0.000000000000000000e+00
3.752138070227611934e+03 1.081372748796148997e+01 0.000000000000000000e+00 1.212031511597791500e+01 5.742693412112062651e+04 0.000000000000000000e+00
3.839363373615011369e+03 9.353293006859090042e+00 0.000000000000000000e+00 1.248384277301860124e+01 5.689591198294187780e+04 0.000000000000000000e+00
5.064934693142763535e+03 1.052777141188934706e+01 0.000000000000000000e+00 1.136197644575242371e+01 5.417664809503723518e+04 0.000000000000000000e+00
4.029420338021682255e+03 1.094813915842521190e+01 0.000000000000000000e+00 1.262716452631678798e+01 5.405408652300760150e+04 0.000000000000000000e+00
4.983658090332344727e+03 1.005374630770565325e+01 0.000000000000000000e+00 1.279381930169348003e+01 6.039530183240464248e+04 0.000000000000000000e+00
5.151150775346060072e+03 1.035222559554810395e+01 0.000000000000000000e+00 1.189287574312657192e+01 6.331254473145348311e+04 0.000000000000000000e+00
4.579952214269802425e+03 1.107024019375502988e+01 3.379214671413719895e+00 1.202415512128272468e+01 4.858977643168823874e+02 8.995377289841599122e+01
4.493966399863963488e+03 1.196110440998436353e+01 3.161429218886756765e+00 1.373892909225695114e+01 4.265143252162978911e+02 8.290006997446563730e+01
5.210525299187413111e+03 1.202872265789622652e+01 3.380698858501813842e+00 1.191665699509877285e+01 4.845133788235037855e+02 8.375659190608118365e+01
5.844030963649768637e+03 1.059647496019150026e+01 3.876079858082774443e+00 1.345616289155525003e+01 4.367701337083733506e+02 8.973555681930578487e+01
5.221228186056632694e+03 1.189055800033597698e+01 3.666144548757076738e+00 1.287142206240748443e+01 4.525008861163752272e+02 8.370644478515602316e+01
5.310358836007151695e+03 1.222930562841470348e+01 3.374918222122695877e+00 1.221161206278532063e+01 4.041312265171857803e+02 8.378117615087538184e+01
4.623728892767415346e+03 1.220232639404415487e+01 3.413782005160651778e+00 1.418521053567399903e+01 4.353375866434504928e+02 8.113149409544500656e+01
6.082994050164530563e+03 1.203129803813166809e+01 3.720052562935780571e+00 1.376455426001278859e+01 3.979362616996280622e+02 7.736602134735073832e+01
5.616824599956647944e+03 1.126363338351344190e+01 3.833603753390585567e+00 1.202465507798038402e+01 4.096182581331659094e+02 8.383428538276369579e+01
6.683040826750750057e+03 1.224050582203443582e+01 3.477885861067917084e+00 1.373031615521894899e+01 4.317747124001645034e+02 8.489381640370143600e+01
5.442874230750829156e+03 1.133328687853143357e+01 3.639170501744535269e+00 1.223276509789123701e+01 4.077219174968711286e+02 8.728009342457195885e+01
6.265524843758218594e+03 1.142676817545891055e+01 3.649361242118226212e+00 1.227293568422460979e+01 4.346761648452936697e+02 8.387641941643113341e+01
5.133994029691632932e+03 1.085154260484229027e+01 3.758536709518137009e+00 1.221589489255178584e+01 3.955179843900907031e+02 8.286014507500965465e+01
5.788708639988321920e+03 1.064233829414875743e+01 3.891023659354926778e+00 1.429365363610261319e+01 4.248232168727721501e+02 8.526349360819928336e+01
