1.043502405811751466e-01 5.774133913312446964e+00 3.369459736878758882e+00 2.866653943736778842e+00 1.361993363251846858e+03 5.896307728061523221e+02
3.490411536865838116e+01 5.649103019251394464e+00 3.426511298096597269e+00 2.725694877244442260e+00 1.357203060737409260e+03 5.759362142814192111e+02
3.362316335579799187e+01 7.752172474477132091e+00 4.342218442862641581e+00 3.405212013350100264e+00 1.358028137079756107e+03 6.216285418053863623e+02
4.914204722324829078e+01 8.179103507861572808e+00 4.323404122447541909e+00 3.372418743727162216e+00 1.455858212659534502e+03 5.975336520696494063e+02
1.028219558851989177e+02 8.278297162745733573e+00 4.591267697598210518e+00 3.304057002172677393e+00 1.973031264817731767e+02 7.844113308598807066e+01
1.573727796992934032e+02 8.323635152759797151e+00 4.488035028975342122e+00 3.403971209759931060e+00 2.045681343207631357e+02 8.360267604073027314e+01
2.056862859292801033e+02 8.031791981307863537e+00 4.614030879815501862e+00 3.442127945399713340e+00 3.758448750550947466e+02 7.892770355402316795e+01
2.561834502149042123e+02 8.312689987050390528e+00 4.735263310087122868e+00 3.522596178800943001e+00 3.513795543781274091e+02 1.390833580925070692e+02
2.932040559813374330e+02 8.516526973099544762e+00 4.631568913124729292e+00 3.480262409077370833e+00 3.665920808262667947e+02 1.464160805313205174e+02
3.460350814860146897e+02 8.319499043822213835e+00 4.805030135325796259e+00 3.661530088113531978e+00 3.742372146348649835e+02 1.462369200290921185e+02
4.243775464472926728e+02 9.286195515328174110e+00 5.178296742793343732e+00 3.532383081615329434e+00 3.717314965772835649e+02 1.446615544132999389e+02
5.197927605135338354e+02 9.336202896590892308e+00 5.129082978785996616e+00 3.791902681301112743e+00 3.776072397329403998e+02 1.378937989521364216e+02
5.711745792536154340e+02 1.023934536527678674e+01 5.672292248897026212e+00 4.194620359317865699e+00 3.679435222474007787e+02 1.380980083070604962e+02
6.557356676344971902e+02 1.128760300589339671e+01 6.203361042622489663e+00 4.255539505188195015e+00 7.143121725102771506e+02 3.121927650337257205e+02
8.276716611252639950e+02 1.092295832677559986e+01 6.210300647676432639e+00 4.478683741549124520e+00 7.083570549430336314e+02 3.050200877982773022e+02
8.606018663139498130e+02 1.084704990859726514e+01 6.265363549376663954e+00 4.353131281229613236e+00 7.432861384222704828e+02 3.248590279267687038e+02
9.967390798790414692e+02 1.159565582476902534e+01 6.508203208746437873e+00 4.540204054549000112e+00 7.467576586658151427e+02 3.178801111821082372e+02
1.118403451642855998e+03 1.197294850204893102e+01 6.585135892327533824e+00 4.746010315283356817e+00 7.337269952842798375e+02 3.260085092422137336e+02
1.158840593025994394e+03 1.222353850785610518e+01 6.234748655245386573e+00 4.628844099390281741e+00 7.567589234166532606e+02 2.999681490157212238e+02
1.311747372999753907e+03 1.226337394777054790e+01 6.599896589815081427e+00 4.843956570009887663e+00 7.456124072723599738e+02 3.113446133265288722e+02
1.409266464810343450e+03 1.250787188733232469e+01 6.498672388983397497e+00 4.950119460225950618e+00 7.036405179024289964e+02 3.264655316739673481e+02
1.577214539449014637e+03 1.212398355846809217e+01 6.854420164747271116e+00 4.951139675373808835e+00 7.618269522949250359e+02 3.153680800372819704e+02
1.726590164611043292e+03 1.247124233476718835e+01 7.016161648151887142e+00 4.873131157260328195e+00 7.737982442977630626e+02 3.250433945730051732e+02
1.965938484978714087e+03 1.248927605261081020e+01 7.088679799619915123e+00 4.970626646186294906e+00 8.329700192704428900e+02 3.100598674649463078e+02
2.094646167118096400e+03 1.282242346540223288e+01 7.131994675227281810e+00 5.365080454259794962e+00 8.268897416749903186e+02 3.086537931773764285e+02
2.311449838592327069e+03 1.286038373497755494e+01 6.936545884653705585e+00 5.382077003609008869e+00 7.685134858154043513e+02 3.007619955708368593e+02
2.532898492658304349e+03 1.362115469199278195e+01 6.870646042409197740e+00 5.244992210663909304e+00 8.207806158859607422e+02 3.170349383771327325e+02
2.558849802978907519e+03 1.352503586395302371e+01 7.437812478836589136e+00 5.719409619339312911e+00 7.845336898750141472e+02 3.097557501625878444e+02
2.780733311472217338e+03 1.369896280959022583e+01 7.567183769951128625e+00 5.596381785715483836e+00 8.272152286910561543e+02 3.167051132489453380e+02
2.779665189926573021e+03 8.438437117474338223e+00 0.000000000000000000e+00 1.012890047346635747e+01 7.840012284676412264e+02 2.987652156162053529e+02
2.934342513451229024e+03 8.507117553472946625e+00 0.000000000000000000e+00 9.817156353126113899e+00 5.618384903525718983e+04 0.000000000000000000e+00
2.948404324042565804e+03 8.078125209779036808e+00 0.000000000000000000e+00 1.019855637694544370e+01 5.906966612577268825e+04 0.000000000000000000e+00
3.121247379847859520e+03 8.525522569192872879e+00 0.000000000000000000e+00 9.997175478614746424e+00 5.807949425208515459e+04 0.000000000000000000e+00
3.303166998160911589e+03 9.049581763406740365e+00 0.000000000000000000e+00 1.034769735351401110e+01 5.600911027238602401e+04 0.000000000000000000e+00
3.220972482249718269e+03 8.859780554566723865e+00 0.000000000000000000e+00 1.053311811098172512e+01 5.680515671850216313e+04 0.000000000000000000e+00
3.350501133606799158e+03 9.192993128637928280e+00 0.000000000000000000e+00 1.120444693410234116e+01 5.864950293472414342e+04 0.000000000000000000e+00
3.419256266675411098e+03 9.421657545654259280e+00 0.000000000000000000e+00 1.092977827616615727e+01 5.968061113141008536e+04 0.000000000000000000e+00
3.675349071262563484e+03 8.817803670473759681e+00 0.000000000000000000e+00 1.062032873198838345e+01 5.858991806297880248e+04 0.000000000000000000e+00
3.612435180430687069e+03 9.667488269574310067e+00 0.000000000000000000e+00 1.124804374226086168e+01 5.918530789201502193e+04 0.000000000000000000e+00
3.988666382576169781e+03 9.541925430086820370e+00 0.000000000000000000e+00 1.111484551176134161e+01 5.574940663240961294e+04 0.000000000000000000e+00
4.104503027005403965e+03 9.794829061732087894e+00 0.000000000000000000e+00 1.184877087052724498e+01 5.991764133495797432e+04 0.000000000000000000e+00
3.920596070958870769e+03 1.005027278678156044e+01 0.000000000000000000e+00 1.142382374605634965e+01 5.569282188793869136e+04 0.000000000000000000e+00
4.155013610406423140e+03 9.690504138597342276e+00 0.000000000000000000e+00 1.168149819326828442e+01 5.802266502147141000e+04 0.000000000000000000e+00
4.367882231538373162e+03 9.708097785856947937e+00 0.000000000000000000e+00 1.158076162358367434e+01 5.725717754996759322e+04 0.000000000000000000e+00
4.429840315116735837e+03 9.627127275763303516e+00 0.000000000000000000e+00 1.130324938533049206e+01 5.849665299800255889e+04 0.000000000000000000e+00
4.485185330953599077e+03 9.464312592709216432e+00 0.000000000000000000e+00 1.162124651940146514e+01 5.656142625118984870e+04 0.000000000000000000e+00
4.548268181664813710e+03 1.028185050756141550e+01 0.000000000000000000e+00 1.233069685705367746e+01 5.560108097750553134e+04 0.000000000000000000e+00
4.751999970122579725e+03 1.051089114054721740e+01 0.000000000000000000e+00 1.247196751667203785e+01 5.627358647621564160e+04 0.000000000000000000e+00
4.813162866761731493e+03 1.056244824993359366e+01 0.000000000000000000e+00 1.206364347750288957e+01 5.940267864444486622e+04 0.000000000000000000e+00
5.071249607128671414e+03 1.057631707322946291e+01 0.000000000000000000e+00 1.193134429499353288e+01 5.781535643826724845e+04 0.000000000000000000e+00
5.100240313242071352e+03 1.071567608372420644e+01 0.000000000000000000e+00 1.148036976229463058e+01 6.027350636265423964e+04 0.000000000000000000e+00
4.842028399713015460e+03 1.007936462012609624e+01 0.000000000000000000e+00 1.246449005738438132e+01 5.977969200672394800e+04 0.000000000000000000e+00
5.338017993912639213e+03 1.051230820762164875e+01 0.000000000000000000e+00 1.253419988931819518e+01 5.565161828866474389e+04 0.000000000000000000e+00
5.292656399066514496e+03 1.069957641496725032e+01 3.596448784094330442e+00 1.277991714909672716e+01 4.297155891749514467e+02 8.574468174822953870e+01
4.976637108746156628e+03 1.146327639370336371e+01 3.448177256971475035e+00 1.215679260842157561e+01 4.236338534529753588e+02 8.905927650879895907e+01
5.221336008939984822e+03 1.146013972145055071e+01 3.644687127000153737e+00 1.256298078853383338e+01 4.500195100247312894e+02 8.786110990806132293e+01
5.455795588409612719e+03 1.077087740116739667e+01 3.695840062253009872e+00 1.347315337439814442e+01 4.395630339098790955e+02 8.785657301824960541e+01
5.675634493348894466e+03 1.059874894004494728e+01 3.741067315774595947e+00 1.303709463946252534e+01 4.172909204310582254e+02 8.765440140181252104e+01
5.610961749162600427e+03 1.170807454014766869e+01 3.473191878117024345e+00 1.312325328757612652e+01 4.488786675410909766e+02 8.738898231495556956e+01
5.407557066188598583e+03 1.166012489236269545e+01 3.515867719953594150e+00 1.270512415452815702e+01 4.201987013890221192e+02 8.678936386869489183e+01
6.026041910372182429e+03 1.163680321281567842e+01 3.661459343328918870e+00 1.340336618628344212e+01 4.273748386737884175e+02 8.418570674677597765e+01
5.830101239143472412e+03 1.103612923146942393e+01 3.668586590350451093e+00 1.359717554655494176e+01 4.229073172660052933e+02 8.872023591284857957e+01
5.989507505964145821e+03 1.158596350792589647e+01 3.763922358766572440e+00 1.370356770207882846e+01 4.400671022039606441e+02 8.276948340979133434e+01
6.332047405308456291e+03 1.098622727045403202e+01 3.538146448404749123e+00 1.343996869765773461e+01 4.389707463228894539e+02 8.493106699936497250e+01
5.995538103707797745e+03 1.085445549662370368e+01 3.633872734705784424e+00 1.278931655641039633e+01 4.520440052797437716e+02 8.172862196639130161e+01
6.088305880760754917e+03 1.176141843879158344e+01 3.677609526525078110e+00 1.301857782511270401e+01 4.107113904623315648e+02 8.310454086714770483e+01
6.183465866285829179e+03 1.150114241554496530e+01 3.577483020345304077e+00 1.327099712279037114e+01 4.192915837154868086e+02 8.608249299745070005e+01
