-1.523516282652247478e-01 5.891674952439418966e+00 3.473039302125382033e+00 2.843080244742886009e+00 1.371168592540564305e+03 6.261169532892112102e+02
3.310486869332653015e+01 6.043914937610529670e+00 3.382496483386553621e+00 2.918320380259861402e+00 1.417023846308703014e+03 6.129771610034773630e+02
3.308115670141818043e+01 8.102337140374231694e+00 4.284617066371594341e+00 3.433939273843610529e+00 1.390275549985433145e+03 5.846837660917442463e+02
4.916159857519301823e+01 7.735963159569979375e+00 4.220862484578405294e+00 3.317267235046405194e+00 1.419093918116182294e+03 5.731036049935223673e+02
9.949679562138484812e+01 8.069535293814492860e+00 4.480301372436064966e+00 3.293817435173098662e+00 2.078573611586758147e+02 7.738613248489340890e+01
1.461204167330943164e+02 8.004601105505415148e+00 4.621744877376514182e+00 3.468372195397857016e+00 1.945930978627388583e+02 8.154037349769430421e+01
1.980999709937072168e+02 7.971537130662215809e+00 4.699572201804549820e+00 3.380534290124681096e+00 3.513150887181603821e+02 8.296121993971043196e+01
2.468535827699197966e+02 8.576663556864758675e+00 4.759960948324030383e+00 3.343134557101642645e+00 3.532931623564274446e+02 1.471471012446969269e+02
2.964213944499758213e+02 8.755980256160189157e+00 4.875997288649666750e+00 3.526068940360748361e+00 3.699502825495799243e+02 1.466814540672179135e+02
3.325732984462209174e+02 8.494203093209440780e+00 4.637863416793973848e+00 3.423413022210687107e+00 3.533701935220265682e+02 1.478412289158200110e+02
4.155804429778729627e+02 8.918054207941553457e+00 4.860743401768364613e+00 3.811563203588574922e+00 3.632578377887571719e+02 1.431806833692133694e+02
5.223626229332477351e+02 9.515288629190090219e+00 5.124622086304897906e+00 3.756708399166007961e+00 3.738168043552550444e+02 1.399421436171577398e+02
5.887966783454676261e+02 1.037034561836185986e+01 5.647337167695433813e+00 3.995870895507151577e+00 3.546750333204107051e+02 1.479907744318924472e+02
6.385897625959456718e+02 1.064714888549384852e+01 6.188386557727596049e+00 4.490206484784014407e+00 7.246758779437291196e+02 2.990136681829914664e+02
7.758479350604420688e+02 1.053334767890079782e+01 6.155424827233504814e+00 4.374553668812003693e+00 7.122185311007456221e+02 3.256591392346923612e+02
8.985629971840569397e+02 1.172371131272977784e+01 6.487693978997945088e+00 4.674934818224588895e+00 7.152727339941704940e+02 3.208618729721736145e+02
9.605843760278308991e+02 1.172286098024993528e+01 6.608218053200339170e+00 4.789144313129335195e+00 7.103353590656031429e+02 3.006800354678273379e+02
1.106620217966651580e+03 1.210547740319085541e+01 6.511819020811279835e+00 4.799874810859589225e+00 7.442964854278161511e+02 3.152956788510866204e+02
1.212035581831420814e+03 1.122407549387239101e+01 6.573511571883077664e+00 4.980171406922525357e+00 7.102454262969035881e+02 3.123872999000287791e+02
1.263393673574166314e+03 1.163203312859349836e+01 6.853982108285946673e+00 4.782513246369897608e+00 7.294970800995004083e+02 3.193029085176002013e+02
1.416640556920028075e+03 1.153957610121340593e+01 6.924053547751087834e+00 5.042471340262363100e+00 7.143625797486206466e+02 3.196564236912198567e+02
1.656972339454260691e+03 1.249669297118047595e+01 6.529452416188338937e+00 4.805462595444507379e+00 7.350018829729410754e+02 3.029949687958710456e+02
1.772213532717223416e+03 1.309845641215989964e+01 6.619318646512464710e+00 5.141782531881241347e+00 8.278325578614485494e+02 3.268185504835495863e+02
1.982203734497586538e+03 1.259055653952251674e+01 6.703231351621396605e+00 5.370145629518740193e+00 8.211032258716771821e+02 3.213391895063649031e+02
2.092442757933969915e+03 1.268567228982711370e+01 6.808778390684945947e+00 5.499937814849521267e+00 7.708492260369324640e+02 3.123389352237383605e+02
2.210922904068711887e+03 1.348711261301890474e+01 7.391565578989370167e+00 5.446645515422248174e+00 7.720623744677649256e+02 3.219370698464867360e+02
2.556801697005797450e+03 1.318345951631514978e+01 6.791231587364008782e+00 5.218099120751093167e+00 8.111269490739005050e+02 3.222455206787765292e+02
2.539651606110297962e+03 1.425096130748169365e+01 7.486578885364074232e+00 5.759386907690235979e+00 8.349449005137040558e+02 3.054500061523947920e+02
3.016927478255487131e+03 1.306797068939373396e+01 7.310650523160401981e+00 5.939821733684825134e+00 8.239569779783780632e+02 2.983921981293825070e+02
2.761713528056250652e+03 8.343049211865244175e+00 0.000000000000000000e+00 1.017666190985400476e+01 7.942201849216296523e+02 2.976656034055909004e+02
2.955585466286161136e+03 7.829182737290807381e+00 0.000000000000000000e+00 1.033833860180472541e+01 5.978190828846116347e+04 0.000000000000000000e+00
2.987124796208133375e+03 8.064618655522219015e+00 0.000000000000000000e+00 9.719885629178017794e+00 5.522911722490049578e+04 0.000000000000000000e+00
3.097751942816290466e+03 8.554500334225261682e+00 0.000000000000000000e+00 1.084246684122927462e+01 5.655806724124072935e+04 0.000000000000000000e+00
3.154505669589083027e+03 8.698102853824057235e+00 0.000000000000000000e+00 1.005730963462793426e+01 5.730661533616696397e+04 0.000000000000000000e+00
3.302359144777996789e+03 8.541818061743542856e+00 0.000000000000000000e+00 1.078036757882020780e+01 5.959273864323884482e+04 0.000000000000000000e+00
3.384220854038659127e+03 9.135916832686710620e+00 0.000000000000000000e+00 1.104739073636663171e+01 5.899615331677918584e+04 0.000000000000000000e+00
3.749630586970857166e+03 9.466201311921444983e+00 0.000000000000000000e+00 1.089115580480281942e+01 5.537252829307876527e+04 0.000000000000000000e+00
3.812165101118833263e+03 9.089112266815339680e+00 0.000000000000000000e+00 1.047257452888193718e+01 5.701172927792468545e+04 0.000000000000000000e+00
3.654187174186080028e+03 9.411843483252690490e+00 0.000000000000000000e+00 1.112612154070878745e+01 5.660265783749624097e+04 0.000000000000000000e+00
3.696321390478953163e+03 9.429782487372232680e+00 0.000000000000000000e+00 1.107179826132563250e+01 5.609930460762046278e+04 0.000000000000000000e+00
3.899210944617640052e+03 9.209356662775977753e+00 0.000000000000000000e+00 1.082185890375162529e+01 5.617659833172507933e+04 0.000000000000000000e+00
3.980906638756586290e+03 9.918992805090411480e+00 0.000000000000000000e+00 1.084023726671912158e+01 5.526694545083872072e+04 0.000000000000000000e+00
3.974078773544443266e+03 9.867715075920051149e+00 0.000000000000000000e+00 1.163691440945238398e+01 5.862827180379855417e+04 0.000000000000000000e+00
4.174731715685810741e+03 9.783141825577304829e+00 0.000000000000000000e+00 1.117767299972712358e+01 5.846557186321920017e+04 0.000000000000000000e+00
4.408666754577698157e+03 1.031128038387433854e+01 0.000000000000000000e+00 1.112482834070317317e+01 5.935679286004623282e+04 0.000000000000000000e+00
4.319607133852722654e+03 9.421253754585286799e+00 0.000000000000000000e+00 1.214839780732799390e+01 5.677525469324281585e+04 0.000000000000000000e+00
4.377382564032747723e+03 1.020627244389625865e+01 0.000000000000000000e+00 1.135660061649676500e+01 5.798229339265215094e+04 0.000000000000000000e+00
4.679111637825486469e+03 9.682745525527003849e+00 0.000000000000000000e+00 1.141198929529001660e+01 5.641590663155219954e+04 0.000000000000000000e+00
4.725553696686923104e+03 1.010509359492282933e+01 0.000000000000000000e+00 1.244084147965490317e+01 5.594380988063994300e+04 0.000000000000000000e+00
4.926126931535876793e+03 1.051416616337353993e+01 0.000000000000000000e+00 1.209491360412667760e+01 5.939196601377175830e+04 0.000000000000000000e+00
5.140778464216433349e+03 1.007706028246241559e+01 0.000000000000000000e+00 1.147077879467086170e+01 5.919655370417387167e+04 0.000000000000000000e+00
5.093389102810858276e+03 1.011038559839418483e+01 0.000000000000000000e+00 1.166843151115257626e+01 5.596463920992101339e+04 0.000000000000000000e+00
5.008406681459501669e+03 1.001354881828425469e+01 0.000000000000000000e+00 1.224051600945540130e+01 5.598262432666454697e+04 0.000000000000000000e+00
5.079021488941164534e+03 1.094105069379187611e+01 3.424132860353596097e+00 1.300550964440498447e+01 4.468924074073249244e+02 8.296989893992717668e+01
5.290684478753827534e+03 1.117065040761212025e+01 3.613115600270563110e+00 1.324244429134163603e+01 4.529647034094099922e+02 8.603615284106471961e+01
5.500419584840448806e+03 1.059069565948379044e+01 3.670452702448268933e+00 1.299242387718204128e+01 4.573148768619452653e+02 8.841416738134596187e+01
5.463549392694326343e+03 1.116236038161261135e+01 3.580004589372255630e+00 1.224067829817007080e+01 4.391850074485319055e+02 8.249462050952458014e+01
5.550180713778639984e+03 1.063077729975115560e+01 3.588312251355631144e+00 1.303245393136075769e+01 4.543946073583020393e+02 8.879685514455204043e+01
5.292531674204894443e+03 1.159255276445564675e+01 3.513700062280928016e+00 1.235253658575955349e+01 4.290022706218366579e+02 8.755487206597381089e+01
5.638242054116661166e+03 1.165342903185077539e+01 3.537264766929383075e+00 1.255227924636180425e+01 4.531032860009765386e+02 8.663987463697603175e+01
5.689989416977607107e+03 1.175338147120685228e+01 3.763339439723611068e+00 1.349426799731626225e+01 4.321565124493984626e+02 8.285859625531305994e+01
5.844830910405285067e+03 1.112122934961228893e+01 3.656797977690965595e+00 1.247908080038451217e+01 4.224627812516537233e+02 8.326944861908702933e+01
6.181916302697225547e+03 1.118216372067237963e+01 3.614135313759029522e+00 1.271071271619741339e+01 4.322017218472523723e+02 8.637700394536624060e+01
5.970542399749740980e+03 1.112423228772050443e+01 3.798824723537514103e+00 1.365734327494315714e+01 4.312609086762873858e+02 8.745079632955432203e+01
6.381481705796600181e+03 1.089803336728831695e+01 3.660765962371804072e+00 1.268253380483730730e+01 4.236904251004424964e+02 8.336062660938821978e+01
6.202225751548940025e+03 1.151806948697811706e+01 3.560954313614005162e+00 1.370684569051412893e+01 4.151050601396403295e+02 8.678439998316973458e+01
6.539420022290500128e+03 1.137460505902404151e+01 3.503270225938734050e+00 1.327767834615633191e+01 4.186466259089717141e+02 8.703209980085823361e+01
