3.771524555713147153e-01 6.076064641896189222e+00 3.440333669276177897e+00 2.814792202690524991e+00 1.389481406261288384e+03 5.924018132553686655e+02
3.455991949678404751e+01 5.514557238286838192e+00 3.446607307602798542e+00 2.738438252966787001e+00 1.346958826244389229e+03 5.866319069397468411e+02
3.360655255259165841e+01 7.954344936210346440e+00 4.299621561566927319e+00 3.155120533916523584e+00 1.360541321731004473e+03 5.857732335897909479e+02
5.023451344615601499e+01 7.697462296623894140e+00 4.520973063276281678e+00 3.472219434437570307e+00 1.441446705570131144e+03 5.945411735933956834e+02
1.046507456060275985e+02 8.345803537951383078e+00 4.358747603757699984e+00 3.420570775669892427e+00 1.933066336592599441e+02 8.229884910583791680e+01
1.511677825652007527e+02 8.125576855842483681e+00 4.465261488220226838e+00 3.510282073654673152e+00 1.982939397406954072e+02 7.711421372651413719e+01
1.918043775560676067e+02 7.966386451566704885e+00 4.600668754246043157e+00 3.595757242634975093e+00 3.556617842204620388e+02 8.183509932746554227e+01
2.505278109568515958e+02 8.356568684798595825e+00 4.487429542409012484e+00 3.548589713966363135e+00 3.608490780247796579e+02 1.375772209559576424e+02
3.014803782254302291e+02 8.420497536012231166e+00 4.978505160337967972e+00 3.535720694513848628e+00 3.716857640759452011e+02 1.442710696754041351e+02
3.538901768537273824e+02 9.055787775027360098e+00 4.949863014384478177e+00 3.677462787485123563e+00 3.698606827302604643e+02 1.456029103994988247e+02
4.019459548932379107e+02 8.659401409995744814e+00 4.805005362634304333e+00 3.568102324794784508e+00 3.542533076680906561e+02 1.397899249392046386e+02
5.144983176370815272e+02 9.470730109097038607e+00 5.073852130115156456e+00 3.986850444075276112e+00 3.750854420716916593e+02 1.384808406752986514e+02
5.963581115165909523e+02 9.852259485957015173e+00 5.652054752987184294e+00 4.057757230908848101e+00 3.517045407744887484e+02 1.418564501397832771e+02
6.982609616236202328e+02 1.060902269704520506e+01 6.261467628081696546e+00 4.458252004882725217e+00 7.585713137517087716e+02 3.113325986997572272e+02
7.772300032803187833e+02 1.146339260610325184e+01 5.905766515127654159e+00 4.486256367678072010e+00 7.459645581075828886e+02 3.014828655787761136e+02
8.670269064136667794e+02 1.072650225533357116e+01 6.083767492709265312e+00 4.767488834701473444e+00 7.676646003248291663e+02 3.078012529861462667e+02
9.646168913372983980e+02 1.124780802646821698e+01 6.578091023726275743e+00 4.446619391947407962e+00 7.459569159746284868e+02 3.192554435184173940e+02
1.075565989958195132e+03 1.163301090806075777e+01 6.735107380160154200e+00 4.704945674671258793e+00 7.605784393554058624e+02 3.183371039323330933e+02
1.158508579587245322e+03 1.180755124592274719e+01 6.699062903018855764e+00 4.620126306524513282e+00 7.686975981802779643e+02 3.029311229760697870e+02
1.243555643834421289e+03 1.145471048327846475e+01 6.876401562628419839e+00 4.826703822044108527e+00 7.183851147617498327e+02 3.160540361758705785e+02
1.379904431373379794e+03 1.220416970641215038e+01 6.818625160545301434e+00 4.874407405187517917e+00 7.177244682447461628e+02 3.068957866854841541e+02
1.550438704724005220e+03 1.255646760045154053e+01 6.890516928429271992e+00 4.741687023516523602e+00 7.358876418241571855e+02 3.150148284634435640e+02
1.877269982225366903e+03 1.299201768032108006e+01 6.832990287316047073e+00 5.272240430530440669e+00 8.014031210229495628e+02 2.969368402606079371e+02
2.031651908509920077e+03 1.285714086913526799e+01 6.668146125815972880e+00 5.068017689852812424e+00 7.657935205782072217e+02 3.164622949240507523e+02
2.182536067020928385e+03 1.315314286535541299e+01 6.852731113048162293e+00 5.380018241875021978e+00 7.760141321215386370e+02 3.228584755522604155e+02
2.190029445666481479e+03 1.367445232827364521e+01 7.356579604471029654e+00 5.610052813609191169e+00 7.697240226341576772e+02 3.196064702292766242e+02
2.604685872080823174e+03 1.335967732941996111e+01 6.931146766179815621e+00 5.361433652411004225e+00 8.338860935391782050e+02 2.996721061982786978e+02
2.638277711236712094e+03 1.430998523145910895e+01 7.445239020093372240e+00 5.390211940898810283e+00 7.704357868753368166e+02 3.201174031491043479e+02
3.005619355940760670e+03 1.325592595633538195e+01 7.244917129950869672e+00 5.484732249894442191e+00 8.273281140611513820e+02 3.009728411655322589e+02
2.911029001602559674e+03 7.976528727255177031e+00 0.000000000000000000e+00 9.871417465992376350e+00 8.063877669070213869e+02 3.061174532284874772e+02
2.959538758207465889e+03 8.345755196517240293e+00 0.000000000000000000e+00 9.937533205333151543e+00 5.929712842638669099e+04 0.000000000000000000e+00
3.141338388963632951e+03 8.282440951262671547e+00 0.000000000000000000e+00 9.847127724143756922e+00 5.794960044147747249e+04 0.000000000000000000e+00
3.068231324293174112e+03 8.356075726224364786e+00 0.000000000000000000e+00 9.886046649497254535e+00 5.763162014691951481e+04 0.000000000000000000e+00
3.205700987727703250e+03 8.480383082613492718e+00 0.000000000000000000e+00 1.021633560788727024e+01 5.868491023846375901e+04 0.000000000000000000e+00
3.514807312248019116e+03 8.466006444746092541e+00 0.000000000000000000e+00 1.039250316400297258e+01 5.731197839051622577e+04 0.000000000000000000e+00
3.337887259869497029e+03 8.541719764221365807e+00 0.000000000000000000e+00 1.121218052135604992e+01 5.497882465738128667e+04 0.000000000000000000e+00
3.525814624908289261e+03 8.980887621388486508e+00 0.000000000000000000e+00 1.114585726666610022e+01 5.867926974476160103e+04 0.000000000000000000e+00
3.684678180441573204e+03 9.140157620968521357e+00 0.000000000000000000e+00 1.099384402549421047e+01 5.643549112119647179e+04 0.000000000000000000e+00
3.872197583326251788e+03 8.823185390697487307e+00 0.000000000000000000e+00 1.069846716055358193e+01 5.692775681267312029e+04 0.000000000000000000e+00
3.918974941166231019e+03 9.037902957562979012e+00 0.000000000000000000e+00 1.097067507267937359e+01 5.930716191701194475e+04 0.000000000000000000e+00
3.997580434893248366e+03 9.414161624072169943e+00 0.000000000000000000e+00 1.075269602310851091e+01 5.603457923899166053e+04 0.000000000000000000e+00
4.217301076318559353e+03 9.455572316731331028e+00 0.000000000000000000e+00 1.188726169177555647e+01 5.885259241343786562e+04 0.000000000000000000e+00
4.364932228931228565e+03 9.231014321510727427e+00 0.000000000000000000e+00 1.101626643209961465e+01 5.800725598708711186e+04 0.000000000000000000e+00
4.280986384066069149e+03 9.321499898528228911e+00 0.000000000000000000e+00 1.141631914179496121e+01 5.723560998427183222e+04 0.000000000000000000e+00
4.260127987485857375e+03 9.457866548374145310e+00 0.000000000000000000e+00 1.122032510085412227e+01 5.858580628561934282e+04 0.000000000000000000e+00
4.298193155559769366e+03 9.539438609164768934e+00 0.000000000000000000e+00 1.142272348918319125e+01 5.831937105632439489e+04 0.000000000000000000e+00
4.533041465384241747e+03 9.687838186025302889e+00 0.000000000000000000e+00 1.235057464148335171e+01 5.929843587218027096e+04 0.000000000000000000e+00
4.660668290542324939e+03 9.642876682941162514e+00 0.000000000000000000e+00 1.182243876420628226e+01 5.614760614708423236e+04 0.000000000000000000e+00
4.938120695789906677e+03 9.748096544658231721e+00 0.000000000000000000e+00 1.140767454942420045e+01 5.654605728321630158e+04 0.000000000000000000e+00
5.075252946147626972e+03 9.962526021694024791e+00 0.000000000000000000e+00 1.169362008630068672e+01 5.966646697739509545e+04 0.000000000000000000e+00
4.732563290406606029e+03 1.024652344062710618e+01 0.000000000000000000e+00 1.250112607276421883e+01 6.060386325758418388e+04 0.000000000000000000e+00
5.108039670696532994e+03 1.081101014787405568e+01 0.000000000000000000e+00 1.238866697755970492e+01 5.950669352565707959e+04 0.000000000000000000e+00
5.232517654915170169e+03 1.061853251298573220e+01 0.000000000000000000e+00 1.202084314243160712e+01 5.610828760846149089e+04 0.000000000000000000e+00
5.216438206916663148e+03 1.086428853762097368e+01 3.463565089340100212e+00 1.282540827579033227e+01 4.371788283375735773e+02 8.628916886344163117e+01
5.334602683819068261e+03 1.053577800835795664e+01 3.396840536344405859e+00 1.243238754931813794e+01 4.334228194628198594e+02 8.154081047117009007e+01
5.349738352831626798e+03 1.144448809231879594e+01 3.537460075449975871e+00 1.253906997012682645e+01 4.278732262893038865e+02 8.635935965537849768e+01
5.376799704445573298e+03 1.100710411678370626e+01 3.666309525235331712e+00 1.236841440637180511e+01 4.296049620687982156e+02 8.246580529251093594e+01
5.297009144267804004e+03 1.110727700369451121e+01 3.462282448734980811e+00 1.233869042354236711e+01 4.350376700170505728e+02 8.750642722712800037e+01
5.578320775945099740e+03 1.103285685081567635e+01 3.537117625055429482e+00 1.347332331465271160e+01 4.235941784938185037e+02 8.650303377700083729e+01
5.838747947847521573e+03 1.152490862148307116e+01 3.767026994392587813e+00 1.320796451224864398e+01 4.571154773569047620e+02 8.229958727459272438e+01
5.961231255650026469e+03 1.064795814076964042e+01 3.671071526873407986e+00 1.353445397613673506e+01 4.326432819542940251e+02 8.453741017946053660e+01
5.956442089114128066e+03 1.087254407117342048e+01 3.658504359315557952e+00 1.355430867437987352e+01 4.517498852118072250e+02 8.531294842018427005e+01
6.030043722333742153e+03 1.159541390427984986e+01 3.557015657241633821e+00 1.279238401657213409e+01 4.271162621431912498e+02 8.817399167338878385e+01
5.958538840148578856e+03 1.073453225563952174e+01 3.664220647929159469e+00 1.348550709890806765e+01 4.441990032934402279e+02 8.332200103315672379e+01
6.110423008869302066e+03 1.127607821067360483e+01 3.574282281432572095e+00 1.349280446059146854e+01 4.497294984763568095e+02 8.459885187385667393e+01
6.147507392964283099e+03 1.169898965289829462e+01 3.579259100532332649e+00 1.255836944587287007e+01 4.245601724351229223e+02 8.854684580053714171e+01
6.316570491820840289e+03 1.104129141550141568e+01 3.772787872364034012e+00 1.333562576806467703e+01 4.500194823644816324e+02 8.485321405392046756e+01
