-2.512701792645526400e-01 5.543841888275450103e+00 3.475224102389192105e+00 2.720695426031955577e+00 1.433287996441897803e+03 5.789115701399775844e+02
3.429299264862683572e+01 5.962345379323378047e+00 3.285332647754305224e+00 2.753183724018434919e+00 1.387402602800574641e+03 5.764866690263294231e+02
3.149460872823052071e+01 7.980139742386969104e+00 4.532371693212348340e+00 3.339670585380165591e+00 1.372511654301510816e+03 5.703967413638911239e+02
5.168641567427111028e+01 7.840100499363752640e+00 4.255408400770702038e+00 3.199084510040568485e+00 1.432740749318648568e+03 5.801299537283755399e+02
1.034804608273487787e+02 7.733443138519036530e+00 4.424347706105860034e+00 3.514352814995092000e+00 2.079993463117491501e+02 7.655680769499798544e+01
1.436736770683996554e+02 8.122300099572305143e+00 4.632422606403519438e+00 3.524840031127189022e+00 1.992765102908370238e+02 7.638897247780809607e+01
2.057525288771225007e+02 8.101964443347632994e+00 4.454932873886740197e+00 3.388948506268019134e+00 3.484519505353717364e+02 8.356554169328708781e+01
2.591591504703746409e+02 8.592754757567114154e+00 4.744441407417168577e+00 3.596120785150799914e+00 3.562488928828677786e+02 1.475976738275239768e+02
3.032155229519139539e+02 8.687521432017989653e+00 4.809199298220208973e+00 3.692847446191434901e+00 3.454282389333951073e+02 1.459234853310765914e+02
3.359772495706207565e+02 8.509096161879989850e+00 4.667530120700183360e+00 3.695682711491870887e+00 3.461165931320190907e+02 1.455334526905334371e+02
4.215877751530640012e+02 9.315849613191238276e+00 5.107309488061827274e+00 3.544287886697285117e+00 3.505067964022801448e+02 1.432097558164181521e+02
4.866817393508826513e+02 9.465229179384406777e+00 5.460675885195664492e+00 3.908628123959418499e+00 3.463358163360838375e+02 1.401168595176719691e+02
5.756216428922638215e+02 1.021526811803450663e+01 5.553020312838653716e+00 4.303764268637041646e+00 3.762665425414249398e+02 1.420068399314816929e+02
6.789087995572861018e+02 1.130761425385502150e+01 6.284196155864020028e+00 4.517409344953624561e+00 7.592832933296228930e+02 3.184957739864283894e+02
7.724802773763617552e+02 1.147601645834638973e+01 6.384282842862305074e+00 4.247581966479217819e+00 7.470106090367863771e+02 2.995139402185164386e+02
8.783612503062685164e+02 1.161292403602731405e+01 6.410508367262461427e+00 4.776849977686769222e+00 7.237255485829369945e+02 3.255875477333633512e+02
1.033265655296386512e+03 1.110453520861071475e+01 6.542535652358936638e+00 4.649643938522614484e+00 7.335387612860411082e+02 3.030309581844469449e+02
1.070235314485439858e+03 1.130372898381254387e+01 6.404269920389370263e+00 4.894641132072278467e+00 7.473659831709093169e+02 3.075921471484334688e+02
1.231243048258833369e+03 1.193195648532970488e+01 6.627724752678183506e+00 4.875951883030841927e+00 7.624901034053154945e+02 3.106521689336401550e+02
1.350983294727557450e+03 1.196998358040214683e+01 6.814803558143577078e+00 5.033334470471318767e+00 7.375772554880620646e+02 3.018274424149773836e+02
1.430051439341000560e+03 1.205894873012932322e+01 6.328171557684624915e+00 4.889060749121181715e+00 7.264331041727407410e+02 3.214146943697456322e+02
1.623040687230328103e+03 1.225573999120877922e+01 6.537813609030227902e+00 5.239373714053749076e+00 7.366947289403428840e+02 3.065601779222116647e+02
1.868482921188448927e+03 1.199116943106281141e+01 6.823357029536817109e+00 5.088739577543742953e+00 8.132529326416658932e+02 3.136580358521957237e+02
2.013695645620671030e+03 1.277201984471114748e+01 6.636452209908880739e+00 5.436994292085308267e+00 7.836410601913515848e+02 3.001326249229034033e+02
2.242477378014719307e+03 1.266047950547209133e+01 7.288179311792585047e+00 5.293925299895904324e+00 7.741954077388369342e+02 3.130587342748303854e+02
2.278352163942928200e+03 1.305473594782829316e+01 6.999699405376770045e+00 5.387414889960782105e+00 8.242761534539663444e+02 3.019162538587680729e+02
2.541393636964341567e+03 1.271859579758210401e+01 6.982143207117760930e+00 5.529956926548289076e+00 7.645336024813874474e+02 3.268084482382816418e+02
2.705933595559625246e+03 1.307638437998398118e+01 7.381078405277499144e+00 5.325332266570427464e+00 8.051224041406223932e+02 3.092098591988281555e+02
2.762672449537787088e+03 1.434441661988765659e+01 7.134322140223618547e+00 5.657247253060490699e+00 8.392525617858817668e+02 3.204087120991970323e+02
2.757738288114441275e+03 8.353025630429151249e+00 0.000000000000000000e+00 9.989145390066154206e+00 8.027095416983270297e+02 3.204141877773611782e+02
3.024255772179768428e+03 8.357719558216480493e+00 0.000000000000000000e+00 9.899841667733332073e+00 5.882242661040053645e+04 0.000000000000000000e+00
2.977105952896971303e+03 8.754648430177708107e+00 0.000000000000000000e+00 1.006737883017795276e+01 5.600651647394789325e+04 0.000000000000000000e+00
3.151402373727192298e+03 8.385107287393084974e+00 0.000000000000000000e+00 1.070598965247459766e+01 5.575832398847623699e+04 0.000000000000000000e+00
3.341175346237924259e+03 8.911810755900706482e+00 0.000000000000000000e+00 9.984369179424893659e+00 5.598693569801699778e+04 0.000000000000000000e+00
3.383125221102709020e+03 8.925795313261618347e+00 0.000000000000000000e+00 1.075606093717784795e+01 5.983442903062769619e+04 0.000000000000000000e+00
3.450954694841041146e+03 8.900703712186802008e+00 0.000000000000000000e+00 1.027285854201996074e+01 5.837800232051398780e+04 0.000000000000000000e+00
3.714840076928029703e+03 9.157315627933076740e+00 0.000000000000000000e+00 1.062634149480359902e+01 5.662984446666675649e+04 0.000000000000000000e+00
3.613806859850880755e+03 9.440346144583196875e+00 0.000000000000000000e+00 1.096431943191150182e+01 5.927570636174256651e+04 0.000000000000000000e+00
3.701180500741850665e+03 9.029257929078660538e+00 0.000000000000000000e+00 1.053566615446486132e+01 5.881349374206070934e+04 0.000000000000000000e+00
3.879438627069351696e+03 8.957563114167523821e+00 0.000000000000000000e+00 1.122491861985800199e+01 5.903023161180035095e+04 0.000000000000000000e+00
3.820074979886545407e+03 9.727798314782740263e+00 0.000000000000000000e+00 1.072876204406012945e+01 5.518565084918577486e+04 0.000000000000000000e+00
4.092408734790856670e+03 9.707772997833632900e+00 0.000000000000000000e+00 1.160388722684566787e+01 5.667857774075633642e+04 0.000000000000000000e+00
4.131804938908095210e+03 9.949409242044847446e+00 0.000000000000000000e+00 1.107268109701247916e+01 6.007803370149573311e+04 0.000000000000000000e+00
4.483490995963311434e+03 9.425544059118109885e+00 0.000000000000000000e+00 1.201543599545133745e+01 5.791577715322951553e+04 0.000000000000000000e+00
4.240003695047112160e+03 9.942250204401057445e+00 0.000000000000000000e+00 1.150798743839177263e+01 5.507512748247582203e+04 0.000000000000000000e+00
4.577414906272303597e+03 1.033563474257324799e+01 0.000000000000000000e+00 1.124236676893961651e+01 5.552062339439332573e+04 0.000000000000000000e+00
4.702631888191313010e+03 9.600403160543368841e+00 0.000000000000000000e+00 1.146320674636895021e+01 5.500895086036084831e+04 0.000000000000000000e+00
4.854465824068066468e+03 1.013238596147724380e+01 0.000000000000000000e+00 1.204534336642321257e+01 5.896422923348520271e+04 0.000000000000000000e+00
4.581684908792198257e+03 1.014190218870201932e+01 0.000000000000000000e+00 1.252949581936699985e+01 6.019372899925668753e+04 0.000000000000000000e+00
4.895903059226419828e+03 1.005159141907890685e+01 0.000000000000000000e+00 1.208292908844098967e+01 5.753218617450356396e+04 0.000000000000000000e+00
4.873590675516054034e+03 1.020096478089424963e+01 0.000000000000000000e+00 1.198938610384312220e+01 5.929868796618357737e+04 0.000000000000000000e+00
5.112269608755390436e+03 1.027843619252640295e+01 0.000000000000000000e+00 1.224537025829116565e+01 5.547162026046208484e+04 0.000000000000000000e+00
5.076282691790394892e+03 1.006819650393186194e+01 0.000000000000000000e+00 1.202883637687772733e+01 5.531260803005200432e+04 0.000000000000000000e+00
5.069232993366404116e+03 1.113893507843219766e+01 3.339440958801199955e+00 1.276230640739334277e+01 4.405844729708983891e+02 8.552643948087637682e+01
5.019403839870019510e+03 1.136574341826522883e+01 3.339431435724200536e+00 1.277853951181625902e+01 4.363515361494263516e+02 8.743177738276025934e+01
5.346541471198204817e+03 1.072855803672019093e+01 3.689751661135201921e+00 1.332787316988676452e+01 4.549467004848107763e+02 8.621928609121643206e+01
5.135109120186458313e+03 1.062018191558890656e+01 3.519175133951474965e+00 1.277702734298286558e+01 4.369596342604805272e+02 8.221710543723355613e+01
5.436954296543105556e+03 1.064150359423853054e+01 3.679116476815061265e+00 1.249485222962753284e+01 4.197978664005660789e+02 8.370241516130619175e+01
5.430998440384330934e+03 1.154077333732149491e+01 3.457849503698036120e+00 1.261590425826134343e+01 4.405875885005040686e+02 8.818987323209313445e+01
5.570003056690207814e+03 1.126057690556493895e+01 3.487853311449568228e+00 1.263070335336586325e+01 4.450737808361919292e+02 8.145656941972200116e+01
6.004688833652476205e+03 1.121784752563252496e+01 3.716102027968321675e+00 1.296007389359541939e+01 4.537691832603224498e+02 8.486046217298950012e+01
5.580745934085745830e+03 1.130730645639655485e+01 3.713442553731893803e+00 1.350699278224308664e+01 4.184080591708180350e+02 8.599149580133870074e+01
5.874618321034266046e+03 1.080721055587471824e+01 3.582744571937881872e+00 1.276140936540982196e+01 4.217769398951515427e+02 8.470501845096399052e+01
5.937270439676754904e+03 1.096952920271360910e+01 3.683209196690879761e+00 1.359129692340909834e+01 4.391639478067120876e+02 8.492420050596064129e+01
6.090460007105839395e+03 1.181156297355819973e+01 3.561247478622428631e+00 1.286856335099187021e+01 4.102982790765205436e+02 8.779854566265794347e+01
6.570441428099676159e+03 1.069810643503974212e+01 3.496483458752810858e+00 1.301852455274275577e+01 4.162157682951169022e+02 8.393804198734321176e+01
6.450669348387811624e+03 1.162517875234170006e+01 3.494460916592634803e+00 1.350171805374414369e+01 4.460263739087903900e+02 8.888363982426052701e+01
