-3.558244889925591403e-01 5.749473339199435706e+00 3.208610796344653071e+00 2.817882254457648283e+00 1.463900377470860121e+03 6.256074808065729940e+02
3.420591968567694607e+01 5.530302069145531796e+00 3.484396382074565590e+00 2.678795252238506119e+00 1.428442570726570921e+03 6.280862970694684009e+02
3.463202946558708817e+01 7.916889796269285462e+00 4.220545311301106217e+00 3.183398499864779740e+00 1.415954030225860606e+03 5.877724518698510110e+02
5.040815045782064630e+01 7.593197399642277468e+00 4.250964915220519558e+00 3.259217380501528982e+00 1.411450570679313387e+03 5.743761762843191718e+02
1.003082637994608177e+02 7.596130681169694476e+00 4.410800750232860779e+00 3.523439201426930456e+00 2.059800462799599643e+02 8.043146922206994986e+01
1.567965908716318211e+02 8.446487146645241140e+00 4.401129386946405653e+00 3.556584791815434521e+00 2.029005992169940100e+02 8.307924284983685936e+01
1.917241858332322977e+02 8.654920157113608070e+00 4.448701862271756902e+00 3.391209671805168302e+00 3.529853552100087200e+02 7.603240326594237786e+01
2.400389963919840284e+02 8.509150276842158078e+00 4.856342240447687253e+00 3.375794096658917720e+00 3.511261915347641320e+02 1.424382748089994948e+02
2.883116948397365604e+02 8.260684609198783335e+00 4.949600564551021264e+00 3.380407470826853888e+00 3.423689597985312503e+02 1.385177552712046918e+02
3.366463603602504122e+02 8.737190002196207672e+00 4.613471707327652105e+00 3.697176534693281447e+00 3.694412133282650075e+02 1.406195223779968160e+02
4.229365947597731292e+02 9.015998643983166971e+00 5.082076035988333906e+00 3.674113608290708211e+00 3.548431589180245851e+02 1.449543309057676765e+02
5.086478367150423310e+02 9.744835664663170860e+00 5.290599692750067362e+00 3.799130135878854286e+00 3.640581841017124702e+02 1.474505221341632648e+02
6.038002482242152382e+02 1.066220913635171463e+01 5.754356819919403954e+00 3.935244372739733709e+00 3.768035328764781298e+02 1.427855105095302974e+02
6.640684936963803011e+02 1.107296811462106412e+01 5.801656812095624893e+00 4.242534478673351650e+00 7.765722207815719003e+02 3.219557822755409688e+02
8.081294121652218791e+02 1.064820720245500496e+01 6.397393486787912309e+00 4.415732632267983071e+00 7.605664010980286776e+02 3.059271392630444666e+02
8.774013532223134462e+02 1.123379024654495950e+01 6.450096614266975337e+00 4.739236251669121991e+00 7.546164762315628423e+02 3.252692786950659070e+02
9.978762127578045238e+02 1.158282714345031295e+01 6.639428760062112467e+00 4.463433839244525636e+00 7.693087803725576350e+02 3.139166235025898004e+02
1.122119510738014014e+03 1.162425606089338359e+01 6.730203709787502042e+00 4.655212579458646971e+00 7.199864979235862847e+02 3.275631783998229594e+02
1.245461885823349576e+03 1.188570619770378123e+01 6.471660437964336765e+00 4.887443890724526341e+00 7.483415971630023478e+02 3.166781941601047379e+02
1.357166653947396298e+03 1.225458704847734204e+01 6.284901236318377826e+00 4.997608194227500356e+00 7.069759847383288616e+02 2.978317670698148731e+02
1.466085229151923841e+03 1.221325284195411598e+01 6.743097093664403907e+00 5.002132649652862639e+00 7.748483498037496702e+02 3.144521287226370987e+02
1.561142168818892742e+03 1.219793678728642128e+01 6.701579547616231203e+00 5.020768662194424081e+00 7.410782589590363614e+02 2.989018142483371889e+02
1.829887623612591142e+03 1.228189076691524484e+01 6.650474343435265112e+00 5.275624164595037691e+00 7.785259844336097785e+02 3.154507120386547854e+02
2.078189291930527361e+03 1.273436127943760710e+01 7.177533018859012515e+00 5.235069205788857261e+00 7.935791465749840654e+02 3.225326752504088290e+02
2.263347851058313609e+03 1.275390050737826186e+01 7.120311635473061784e+00 5.383921306061296264e+00 7.996781375595298869e+02 3.235313805887984131e+02
2.387589119393175224e+03 1.269617012731878347e+01 7.198607337583840859e+00 5.176776453593016747e+00 7.695116248210513277e+02 3.209122374611075657e+02
2.507775026752190570e+03 1.331609538868295317e+01 7.390966589644274443e+00 5.181086185997270555e+00 7.974419002873735280e+02 3.275297506353750805e+02
2.563602144587424846e+03 1.410383616913368598e+01 7.427361178318145463e+00 5.579220096810876051e+00 7.648014841064807570e+02 2.993248478848588547e+02
2.887965230866646834e+03 1.432644611836397353e+01 7.693610222695070000e+00 5.907042033028904626e+00 7.614166439865367693e+02 3.073674640089942613e+02
2.859523605744447195e+03 8.445689348493838011e+00 0.000000000000000000e+00 9.476974908137727027e+00 7.870571405027117180e+02 3.057886824953538962e+02
3.025376587745819961e+03 8.119950954881328897e+00 0.000000000000000000e+00 9.840712960896924599e+00 5.945577529457666969e+04 0.000000000000000000e+00
3.136330794726885415e+03 8.484136875444862724e+00 0.000000000000000000e+00 1.064139026518191677e+01 5.926062338056358567e+04 0.000000000000000000e+00
3.196946849888167890e+03 8.524338450422613178e+00 0.000000000000000000e+00 1.033515448350850718e+01 5.984596996656022384e+04 0.000000000000000000e+00
3.120672555800560076e+03 8.349589093122387951e+00 0.000000000000000000e+00 9.987413901600016075e+00 5.514174078322675632e+04 0.000000000000000000e+00
3.468300875486279438e+03 8.829075095267313600e+00 0.000000000000000000e+00 1.013878670970551354e+01 5.871258077286478510e+04 0.000000000000000000e+00
3.463161252043757941e+03 9.070601299597795375e+00 0.000000000000000000e+00 1.048159351701793618e+01 5.990487392148871004e+04 0.000000000000000000e+00
3.726840083083442551e+03 9.149034148284357570e+00 0.000000000000000000e+00 1.056902493053566161e+01 5.920268055420071323e+04 0.000000000000000000e+00
3.754446030743246865e+03 9.313856173618216161e+00 0.000000000000000000e+00 1.128006255731085083e+01 6.019719566414797009e+04 0.000000000000000000e+00
3.953340330471160087e+03 9.016738176918815739e+00 0.000000000000000000e+00 1.079570378587077251e+01 5.930315979823423550e+04 0.000000000000000000e+00
3.949498874548324693e+03 9.115692315997012685e+00 0.000000000000000000e+00 1.129775759767048982e+01 6.010242794785159640e+04 0.000000000000000000e+00
4.150672853858148301e+03 9.845280289301603815e+00 0.000000000000000000e+00 1.154558727468288382e+01 5.705104115935863229e+04 0.000000000000000000e+00
4.067372819456933030e+03 9.495672465931809469e+00 0.000000000000000000e+00 1.185455496919916563e+01 5.855462693977395247e+04 0.000000000000000000e+00
4.143522373601133950e+03 9.336094278660196366e+00 0.000000000000000000e+00 1.141770782475779100e+01 5.725406261359753989e+04 0.000000000000000000e+00
4.400509041991745107e+03 9.284972335103834240e+00 0.000000000000000000e+00 1.106528365607306696e+01 5.999648517714236368e+04 0.000000000000000000e+00
4.382913267951079433e+03 1.014988981347739383e+01 0.000000000000000000e+00 1.217740376283222581e+01 5.781717617633856571e+04 0.000000000000000000e+00
4.425604743600756592e+03 1.031992022733317071e+01 0.000000000000000000e+00 1.156789054699064856e+01 5.847010849476988369e+04 0.000000000000000000e+00
4.637147271198779890e+03 1.007420461431632752e+01 0.000000000000000000e+00 1.189643989696158854e+01 5.928148896937166865e+04 0.000000000000000000e+00
4.593481175014030669e+03 9.949850930434724461e+00 0.000000000000000000e+00 1.131250984556492334e+01 5.681547848845872795e+04 0.000000000000000000e+00
4.928130162567953448e+03 1.031876448274098124e+01 0.000000000000000000e+00 1.253470781995171990e+01 5.508489133873880201e+04 0.000000000000000000e+00
4.790412627707203683e+03 9.870362037747183237e+00 0.000000000000000000e+00 1.180465257492272002e+01 5.966205412308772793e+04 0.000000000000000000e+00
5.188907589220833870e+03 1.046659173662022013e+01 0.000000000000000000e+00 1.172395355352569801e+01 5.701765720508799859e+04 0.000000000000000000e+00
4.928129300822563891e+03 1.071961062194150571e+01 0.000000000000000000e+00 1.245630271015262380e+01 5.914425378847917455e+04 0.000000000000000000e+00
5.402794348481425004e+03 1.047236643248112031e+01 0.000000000000000000e+00 1.252726648241209340e+01 5.990121205771584209e+04 0.000000000000000000e+00
5.036691035607799677e+03 1.089703642693963737e+01 3.446879023809531706e+00 1.254429283587941768e+01 4.427439984489772087e+02 8.184304848897112095e+01
5.043283241081071537e+03 1.138096695184725604e+01 3.357681870234136223e+00 1.217029784300394191e+01 4.372879391340245547e+02 8.307958913654957200e+01
5.426201363269517969e+03 1.099120285811922670e+01 3.387653236885110442e+00 1.323245134091483521e+01 4.524594913311987057e+02 8.289649484605951102e+01
5.246886173043589224e+03 1.152268740655699908e+01 3.632235116245784212e+00 1.333079412349885118e+01 4.428620850678727265e+02 8.238606014172982839e+01
5.712038440918229753e+03 1.081625395636881493e+01 3.476055405676111487e+00 1.228011191018896220e+01 4.362129683789422074e+02 8.578356826507669552e+01
5.533116503632245440e+03 1.150605155224377718e+01 3.748364842348342219e+00 1.280504135543078981e+01 4.226722965488767159e+02 8.502419580658825282e+01
5.397614695556704646e+03 1.143984726101682980e+01 3.590974086723120351e+00 1.265890292452541921e+01 4.272434574747744591e+02 8.757020841653761067e+01
5.833805039772596501e+03 1.075521391226534007e+01 3.670381782331822773e+00 1.315445223227423632e+01 4.478831984864841047e+02 8.610283798922070275e+01
5.624517634717749388e+03 1.168394983398528986e+01 3.773080458321961483e+00 1.241187596132103543e+01 4.407998440577964061e+02 8.694019667847700816e+01
5.829212998421757220e+03 1.152217983778132471e+01 3.501788517780008103e+00 1.301532339162911711e+01 4.186264489039823502e+02 8.889460664652446553e+01
5.859916264400488217e+03 1.161851604367221391e+01 3.630317619506697735e+00 1.287917223559143309e+01 4.148105496759414450e+02 8.468972550575300318e+01
6.200018717258935794e+03 1.100803294853988668e+01 3.744541018126718246e+00 1.366464456124067617e+01 4.140434953231355735e+02 8.183831090331368330e+01
6.297209267445814476e+03 1.088877118674931133e+01 3.562595554568099399e+00 1.259821150241935328e+01 4.277566932848892520e+02 8.109732019098794353e+01
6.657068305402619444e+03 1.144328071706119587e+01 3.597033989372492080e+00 1.340205368081788251e+01 4.207974466952822468e+02 8.100940312518211783e+01
