-4.706664770787788443e-01 5.770981097675673688e+00 3.312101496572010362e+00 2.820276551136069898e+00 1.422368718871577357e+03 5.724154812565686825e+02
3.363876795876954873e+01 5.921022954401363059e+00 3.211474456593856885e+00 2.904112069608538960e+00 1.466775500729613213e+03 5.834450147438183194e+02
3.290642541688650624e+01 7.687488836124859226e+00 4.412462052786509048e+00 3.284855663372626466e+00 1.350319643811359356e+03 5.865212471300026209e+02
5.007487931973947326e+01 8.131337823270650134e+00 4.375419952136415880e+00 3.280349115030697149e+00 1.456219284699293667e+03 6.270656164258671197e+02
9.751720904540800916e+01 7.726002817824557667e+00 4.452493557712636552e+00 3.292223540604713339e+00 2.052429809727809698e+02 7.749885676426595182e+01
1.548979561327021486e+02 8.340323072900376999e+00 4.312263399771025796e+00 3.550642718962495170e+00 2.048519067882220099e+02 8.021273470999405220e+01
1.924567452251526163e+02 7.999616372477154513e+00 4.383307709067623570e+00 3.583688234669253347e+00 3.480832810384146114e+02 7.956066993189455161e+01
2.459878209770998581e+02 8.056951024620650159e+00 4.695919866620395844e+00 3.507335004676620294e+00 3.528698358221262197e+02 1.416159196485668303e+02
3.035971072220235101e+02 8.226545126116956652e+00 4.938900658101567309e+00 3.582329109336128248e+00 3.772397479850417312e+02 1.397769752904715403e+02
3.437341032588878988e+02 9.147306471410338702e+00 4.636317630535519818e+00 3.561417757191292832e+00 3.681809123088094111e+02 1.408991916352609337e+02
3.969375868997483963e+02 9.244198350154926302e+00 4.959764157419781938e+00 3.566393847075188361e+00 3.428227515188709731e+02 1.466843982611148931e+02
5.059524624288598034e+02 9.672911361395192031e+00 5.346464736382164240e+00 3.827968726884337869e+00 3.431058456194777477e+02 1.373797493874324402e+02
5.794809515324809581e+02 1.009871036362845942e+01 5.881743573807593606e+00 4.160190881613531566e+00 3.612046100941387294e+02 1.446727119981929661e+02
6.756851966980152611e+02 1.068366292049766209e+01 5.785333045801656304e+00 4.454912450790390999e+00 7.071713400499014597e+02 3.038282299301710054e+02
8.362957576051838942e+02 1.113573164648117952e+01 5.836633014657198970e+00 4.677480225032845773e+00 7.678328873062605453e+02 3.102269517073447673e+02
9.275897054945178297e+02 1.110822669364915427e+01 6.301647661040267856e+00 4.762620905243998060e+00 7.603939633189743290e+02 2.988948555482987786e+02
9.662943257253681395e+02 1.125126046078714381e+01 6.059660314043438412e+00 4.576260256109764946e+00 7.603458847756586465e+02 3.272593420931721084e+02
1.060323101651107663e+03 1.106832437931428181e+01 6.338619957795628146e+00 4.845287598088116710e+00 7.613487960888787711e+02 3.174465280262784290e+02
1.254879224781820994e+03 1.201169392370569611e+01 6.320611046860398652e+00 4.679929120747265081e+00 7.036806284652452632e+02 3.266414399125468435e+02
1.318888462428350522e+03 1.147321865152597198e+01 6.405784976528402730e+00 4.598903301703074042e+00 7.163949145705790897e+02 3.161977726881571584e+02
1.421240639586608040e+03 1.182220263268382254e+01 6.415160721912298136e+00 4.914945074701685179e+00 7.402675878420827758e+02 2.988545814252722721e+02
1.629001473076435104e+03 1.176619743661345119e+01 6.914663742748478725e+00 5.153977978523013093e+00 7.074531221894976625e+02 3.051326898692320242e+02
1.763784847322245014e+03 1.213707717969296596e+01 7.015298583200461735e+00 5.199637773095073356e+00 8.040281158998154751e+02 3.271385411558676992e+02
2.080735953501789481e+03 1.275060942096212457e+01 6.805924598708240403e+00 5.047827572801712570e+00 8.391146824490698464e+02 3.081925668360232748e+02
2.301025923639329449e+03 1.262336267349772712e+01 6.708715534356062271e+00 5.359464754807564013e+00 7.972139467122630094e+02 3.171000816071749568e+02
2.392935464782493455e+03 1.293911851178171979e+01 7.177805647575059567e+00 5.421883135107632867e+00 8.245848648248921791e+02 3.079658789069295040e+02
2.692051803707247473e+03 1.348610345189131898e+01 7.381162722688727307e+00 5.420587747736640871e+00 8.326109247661202062e+02 3.100351192623690508e+02
2.507461632899153301e+03 1.400508571077930497e+01 7.324834672966243687e+00 5.298367658369224742e+00 8.261824722630465203e+02 3.083398949947531946e+02
2.850825076744347371e+03 1.409642991376704835e+01 7.235490371341133375e+00 5.533544269969374874e+00 7.742889735626332595e+02 3.247714899398454236e+02
2.799215875188104292e+03 8.446748624422891538e+00 0.000000000000000000e+00 9.695012766557709938e+00 7.969670981829419816e+02 3.095087666092514951e+02
2.963025910930208283e+03 8.123798418564810220e+00 0.000000000000000000e+00 9.532630677631232174e+00 5.917233541406920995e+04 0.000000000000000000e+00
3.174038293938789138e+03 8.614676822612219453e+00 0.000000000000000000e+00 1.050800653422448860e+01 6.021900214844515722e+04 0.000000000000000000e+00
3.063615087845085782e+03 8.780585875558278630e+00 0.000000000000000000e+00 1.067613399992437984e+01 6.041426513581649488e+04 0.000000000000000000e+00
3.318982035339059621e+03 8.968867990384735478e+00 0.000000000000000000e+00 1.082173400711558564e+01 5.584723041206344351e+04 0.000000000000000000e+00
3.217367184669073140e+03 8.392013307807571820e+00 0.000000000000000000e+00 1.056561935543727415e+01 5.984189032855416008e+04 0.000000000000000000e+00
3.494010063639501823e+03 9.117761062781351455e+00 0.000000000000000000e+00 1.032867955253153802e+01 5.776337127838650486e+04 0.000000000000000000e+00
3.715006038365310360e+03 8.836567167259563149e+00 0.000000000000000000e+00 1.111317488975026180e+01 5.547128186385738081e+04 0.000000000000000000e+00
3.559409890500400252e+03 8.727429745092114999e+00 0.000000000000000000e+00 1.051818684477822075e+01 6.062960543391081592e+04 0.000000000000000000e+00
3.766461850870393391e+03 9.057731199974220715e+00 0.000000000000000000e+00 1.096348435418400946e+01 6.052786213833088550e+04 0.000000000000000000e+00
3.955537444134340603e+03 9.455731388817540051e+00 0.000000000000000000e+00 1.087641124413885763e+01 5.950823380444404029e+04 0.000000000000000000e+00
4.053820467568482400e+03 9.246152402266387682e+00 0.000000000000000000e+00 1.162819472260745179e+01 5.986117431725900678e+04 0.000000000000000000e+00
4.243619618388688650e+03 9.441342426114328390e+00 0.000000000000000000e+00 1.105452422234340304e+01 5.926980978143029643e+04 0.000000000000000000e+00
4.158774702679021175e+03 9.951966293277719089e+00 0.000000000000000000e+00 1.106866453963256269e+01 5.951687695330607676e+04 0.000000000000000000e+00
4.161812379729099121e+03 9.268270214797425410e+00 0.000000000000000000e+00 1.148820481560840179e+01 5.532356751546770829e+04 0.000000000000000000e+00
4.312826129922758810e+03 1.001862861652594461e+01 0.000000000000000000e+00 1.117890232071096968e+01 5.887867951851322141e+04 0.000000000000000000e+00
4.531684198851955443e+03 9.499176300235056658e+00 0.000000000000000000e+00 1.180256995018529764e+01 5.862004650139205478e+04 0.000000000000000000e+00
4.764311360766817415e+03 1.014297046388863777e+01 0.000000000000000000e+00 1.187632459836998500e+01 6.069154412748535105e+04 0.000000000000000000e+00
4.813262517144059530e+03 1.041796096934089810e+01 0.000000000000000000e+00 1.245272278573302671e+01 6.017972825518484751e+04 0.000000000000000000e+00
4.807046504374217875e+03 1.029049515761514222e+01 0.000000000000000000e+00 1.154774229760919191e+01 5.887293381429419969e+04 0.000000000000000000e+00
4.713703704384377488e+03 9.780489249461508550e+00 0.000000000000000000e+00 1.248680784015106759e+01 5.877092649272533163e+04 0.000000000000000000e+00
4.777804417716878561e+03 9.933367612912904931e+00 0.000000000000000000e+00 1.166828038214351260e+01 5.881501757418563648e+04 0.000000000000000000e+00
5.069538050698469306e+03 9.947331206953171190e+00 0.000000000000000000e+00 1.183735165079766993e+01 5.531582930371235852e+04 0.000000000000000000e+00
5.127873851132106211e+03 1.002788216788300524e+01 0.000000000000000000e+00 1.193145222219040136e+01 5.611671259148409445e+04 0.000000000000000000e+00
5.199091805006978575e+03 1.132021875109390230e+01 3.485982003873179913e+00 1.327673738357486499e+01 4.669741206030128069e+02 8.857101929288388931e+01
4.923460004343319270e+03 1.090716692749065331e+01 3.395569978559339841e+00 1.250321116791044673e+01 4.573667512967773519e+02 8.628020973497847024e+01
5.173946758130995477e+03 1.130509649199705535e+01 3.596099963765461816e+00 1.240570583927135395e+01 4.610236114076290619e+02 8.653148498626006813e+01
5.462173593919795167e+03 1.058416245192186089e+01 3.656126916455055831e+00 1.322803889434849900e+01 4.264284274600829576e+02 8.895134602199176754e+01
5.529660067736474048e+03 1.093846898144200708e+01 3.605355707171648660e+00 1.344829000487678172e+01 4.286077951284658525e+02 8.406863282273614857e+01
5.408845517523968738e+03 1.101376361529651149e+01 3.564749736811797298e+00 1.246495707410443643e+01 4.318042339209075067e+02 8.149540296263553785e+01
5.497134947213481610e+03 1.124084935195186041e+01 3.700690301477606692e+00 1.241319815377939051e+01 4.535453954258622957e+02 8.619934625586694210e+01
5.546874124463061889e+03 1.081397167028192463e+01 3.560850265577920837e+00 1.320305681306849976e+01 4.234921079185570534e+02 8.085044662754461342e+01
5.662270435016482224e+03 1.170926379950685003e+01 3.572920179487436343e+00 1.311426279463105438e+01 4.386171002562495005e+02 8.225370900507874694e+01
5.726465558649567356e+03 1.069775020830929613e+01 3.539741358517607406e+00 1.339933695698509020e+01 4.287964676046193517e+02 8.554387935677796406e+01
6.139302995102077148e+03 1.087369438366123831e+01 3.582561129000059630e+00 1.250913996345676615e+01 4.477669883978238090e+02 8.531817165632654110e+01
6.334739762742433413e+03 1.108619021847315445e+01 3.607028574631592210e+00 1.307145306573745280e+01 4.502623113538935513e+02 8.095967757700083212e+01
5.979874539761000960e+03 1.102536009360019698e+01 3.493593648994017364e+00 1.254366627957218938e+01 4.250059707240763487e+02 8.564915887789788940e+01
6.614639715869154315e+03 1.103899243366987903e+01 3.779074047858632213e+00 1.345326358388167520e+01 4.282919298601851779e+02 8.108293626763926909e+01
