4.307441331777051019e-01 5.898074460243083017e+00 3.263805274874899798e+00 2.881171997192123246e+00 1.432828014588452561e+03 6.164136551547450154e+02
3.346705736099624318e+01 5.945050463391497786e+00 3.478883653264251752e+00 2.686970634230245736e+00 1.375621115430838927e+03 5.929501777496848263e+02
3.102359044204983007e+01 7.420014007631132280e+00 4.380192360347477276e+00 3.194413041236243256e+00 1.360729944188161880e+03 5.988135728059028224e+02
4.952697463010274248e+01 8.157309900948597203e+00 4.499335169015460600e+00 3.458584723466170185e+00 1.405585174051646618e+03 5.893202692812262740e+02
1.038838459324680628e+02 7.698630246465586247e+00 4.405022951531949893e+00 3.352271679541094507e+00 2.016150454134800611e+02 7.966160122667788812e+01
1.510405471485703686e+02 8.366781710686693074e+00 4.473941254315865201e+00 3.449248401846373824e+00 2.005998874035247184e+02 8.284782465820902075e+01
1.917996060355838210e+02 7.867544671475571683e+00 4.781688680133772351e+00 3.368123440121553624e+00 3.507680758026758099e+02 7.734633528627560395e+01
2.561112317182671063e+02 8.806478102130474994e+00 4.649770288313238353e+00 3.675684416166142388e+00 3.603569985278631975e+02 1.450235836973536721e+02
2.920124155096200980e+02 8.457511038997930441e+00 4.698362174253595036e+00 3.606592285582792989e+00 3.700833486901195215e+02 1.396756102503592274e+02
3.549822510893758931e+02 8.577316082422525412e+00 4.967720374349178236e+00 3.747776683451801816e+00 3.701645475599534052e+02 1.389999848915790324e+02
4.276723740061252101e+02 9.380307600555283898e+00 4.837622811662368072e+00 3.722213679396907615e+00 3.762163061473822268e+02 1.426445055816382990e+02
4.858163541420527736e+02 9.797306299500574411e+00 5.048986219627626504e+00 3.933643272967659588e+00 3.660595349529203872e+02 1.428309573601328850e+02
5.979610397586056934e+02 1.063360953668487241e+01 5.559015269794948644e+00 4.278883468037261828e+00 3.523366062619113563e+02 1.360152304813664159e+02
6.411204274583237748e+02 1.057392170827092848e+01 6.208037519290822814e+00 4.385570269136398025e+00 7.603920233252653134e+02 3.062386385457406845e+02
8.343149576190455718e+02 1.149181789284967081e+01 6.394246312445731384e+00 4.653954639583781194e+00 7.098166960611858940e+02 3.161056744575997186e+02
8.794121497483762369e+02 1.148201023606240945e+01 6.318310399288550983e+00 4.486035835711087216e+00 7.072765662924879280e+02 2.995687149606958428e+02
1.004982940828834444e+03 1.129808731964693713e+01 6.516895441231647546e+00 4.798812872071659186e+00 7.764083404271049176e+02 3.049898523495524501e+02
1.108464565134966278e+03 1.162144157267924705e+01 6.733512297304585559e+00 4.919546299386921007e+00 7.143575858858107495e+02 3.203162122476174432e+02
1.166668665703675742e+03 1.139698512510599571e+01 6.592192780476459291e+00 4.542292535356116545e+00 7.054373989136490763e+02 3.064732361687442790e+02
1.362108035082433162e+03 1.154937540230397275e+01 6.398440176213990860e+00 4.609460567335195158e+00 7.067664734889945066e+02 3.054834065289598470e+02
1.428506923370635604e+03 1.221667249521654774e+01 6.357355352732615650e+00 4.857591224372256100e+00 7.688163155844847552e+02 3.259558358054886185e+02
1.612549766693150787e+03 1.204912190318849063e+01 6.900712214074756545e+00 4.904279941984397873e+00 7.505182413197138658e+02 3.264123609638492667e+02
1.873552819619227421e+03 1.288860051327703538e+01 6.490881326536030116e+00 4.937493238639237170e+00 7.941287862478798161e+02 3.000530495594155127e+02
1.996968012575420744e+03 1.246891579439022202e+01 7.183313299375356564e+00 5.185060975400187289e+00 7.894132547694352979e+02 3.085650349568934416e+02
2.183306521041038195e+03 1.335003038385272056e+01 6.677173808588219295e+00 5.226569220368810775e+00 8.394565484327607692e+02 3.190733733005490649e+02
2.374446086081104568e+03 1.282106622912919214e+01 7.307517910442901332e+00 5.249925313405244154e+00 8.159846914134003555e+02 2.997523756440706961e+02
2.654188636685682468e+03 1.294079634972822213e+01 6.935655933300044929e+00 5.529047182169383845e+00 8.029012907729450035e+02 3.188056003961928013e+02
2.589931732016816568e+03 1.392888871398460715e+01 7.453380615260447151e+00 5.308760784450429426e+00 8.351888764412457249e+02 3.117583952998742234e+02
2.930449035522542999e+03 1.389227984147627559e+01 7.067677288383017675e+00 5.854716786286208396e+00 8.209713649993975650e+02 3.043430460814652179e+02
2.882912533014363817e+03 7.791747858481620881e+00 0.000000000000000000e+00 9.544408633090004201e+00 8.393669870215866240e+02 3.101387429509567255e+02
2.995819898024093163e+03 8.195478842925613350e+00 0.000000000000000000e+00 9.950650745395094532e+00 5.656705421602235583e+04 0.000000000000000000e+00
3.143207548994229455e+03 8.768270340176512079e+00 0.000000000000000000e+00 1.057093438286934628e+01 5.552552590831807174e+04 0.000000000000000000e+00
3.024070833405472058e+03 8.463472720753626888e+00 0.000000000000000000e+00 9.862291446778273851e+00 6.024769688412195683e+04 0.000000000000000000e+00
3.140077224199972989e+03 9.074696987071872556e+00 0.000000000000000000e+00 1.065396917318542158e+01 6.014483587368330336e+04 0.000000000000000000e+00
3.335561262939650533e+03 9.033993584557691747e+00 0.000000000000000000e+00 1.095252088537837132e+01 5.659944684499839059e+04 0.000000000000000000e+00
3.466717810715016640e+03 8.703349087808707196e+00 0.000000000000000000e+00 1.112572512243083622e+01 5.716553236447413656e+04 0.000000000000000000e+00
3.592565013799261578e+03 8.871078188414658783e+00 0.000000000000000000e+00 1.135622222427726058e+01 5.812264662272229907e+04 0.000000000000000000e+00
3.725127037465561898e+03 9.035447720827971096e+00 0.000000000000000000e+00 1.053176021446396149e+01 5.616783751663381554e+04 0.000000000000000000e+00
3.615935370293054802e+03 8.849997824427697779e+00 0.000000000000000000e+00 1.155697104664460717e+01 5.818638670606502274e+04 0.000000000000000000e+00
3.691470977224788840e+03 9.736607770369559489e+00 0.000000000000000000e+00 1.125190319549054152e+01 5.893280492534261430e+04 0.000000000000000000e+00
3.839891425604075266e+03 9.246497417154339260e+00 0.000000000000000000e+00 1.170630883696690283e+01 5.726269541826215573e+04 0.000000000000000000e+00
3.896761842424724819e+03 1.001393395103644934e+01 0.000000000000000000e+00 1.142955887080424482e+01 5.647327800287795981e+04 0.000000000000000000e+00
4.220457533179119309e+03 1.012784146556625409e+01 0.000000000000000000e+00 1.120923189185216629e+01 6.012458198926836485e+04 0.000000000000000000e+00
4.389365708109003208e+03 9.496122957809854270e+00 0.000000000000000000e+00 1.168379958602751856e+01 5.590995523386740388e+04 0.000000000000000000e+00
4.283207233516962333e+03 1.030068070540634650e+01 0.000000000000000000e+00 1.141115874603810632e+01 5.758317191821859160e+04 0.000000000000000000e+00
4.642356747712648030e+03 9.947386042676200191e+00 0.000000000000000000e+00 1.180805150498821909e+01 5.541666612995826290e+04 0.000000000000000000e+00
4.644761304500993901e+03 1.015225867281109373e+01 0.000000000000000000e+00 1.135114813022666880e+01 5.674088462050425733e+04 0.000000000000000000e+00
4.844561682662198109e+03 9.632319984187196482e+00 0.000000000000000000e+00 1.200811764555830052e+01 5.975454883019703266e+04 0.000000000000000000e+00
4.980955017451295134e+03 1.006472635351530620e+01 0.000000000000000000e+00 1.202891136262728899e+01 5.863170863021678088e+04 0.000000000000000000e+00
4.692748600492973310e+03 1.068471508712443629e+01 0.000000000000000000e+00 1.161045162462453106e+01 5.631806589141147560e+04 0.000000000000000000e+00
5.199238333348530432e+03 1.018490609546410219e+01 0.000000000000000000e+00 1.246796904858752164e+01 6.002863371942225785e+04 0.000000000000000000e+00
5.103306575327219434e+03 9.929611793190185054e+00 0.000000000000000000e+00 1.236630594544437578e+01 5.912111457661809254e+04 0.000000000000000000e+00
5.200019419748500695e+03 1.000703648789746936e+01 0.000000000000000000e+00 1.215644525089177108e+01 6.025009119456827466e+04 0.000000000000000000e+00
5.392786904135189616e+03 1.146462498053377388e+01 3.594362347241421229e+00 1.281954842027409924e+01 4.574100689500333488e+02 8.325042521008322183e+01
5.268681711785474363e+03 1.088206199368067573e+01 3.662030035007866058e+00 1.262126415651511024e+01 4.575609854112273069e+02 8.627394202870699758e+01
5.476997532716634851e+03 1.063675801406460941e+01 3.432339146937894103e+00 1.340482787818012156e+01 4.342928542829682783e+02 8.606526713032435794e+01
5.637051509282518055e+03 1.088710302393164397e+01 3.529474889165143292e+00 1.305289931169452089e+01 4.217870767621350296e+02 8.434039043045183348e+01
5.475550633457140975e+03 1.151447042809034116e+01 3.712127507894575462e+00 1.342052834777349624e+01 4.336336974372167106e+02 8.308941040504763009e+01
5.837210624581946831e+03 1.121952373447508577e+01 3.565126587972526906e+00 1.237136773420566449e+01 4.459638114123497985e+02 8.277126854528903266e+01
5.792771229293031865e+03 1.158816307840361937e+01 3.614253723436476662e+00 1.343243464657036057e+01 4.386187824819328966e+02 8.392664592428211279e+01
5.587678574196558657e+03 1.111045328483700345e+01 3.602109061974290150e+00 1.267112351751864985e+01 4.310775584334159021e+02 8.521105454440092331e+01
5.828869927732743236e+03 1.067156778705329145e+01 3.675789799172245242e+00 1.241288203836832871e+01 4.479847721581109568e+02 8.318373240840796257e+01
6.089412053877025755e+03 1.154939124774978332e+01 3.509429835949216869e+00 1.350516566713565147e+01 4.240905038984770954e+02 8.774799626001988884e+01
6.260481289651183943e+03 1.124974705652534013e+01 3.775198040253557874e+00 1.268681816971825072e+01 4.405905042288750906e+02 8.235184667340024589e+01
6.173521107834615577e+03 1.181505721099212103e+01 3.522306363042556399e+00 1.259623984189270196e+01 4.143601569344966720e+02 8.626474559271096609e+01
6.494428816056290088e+03 1.107552568604608823e+01 3.678564907985017118e+00 1.303629328589844683e+01 4.419682942137002897e+02 8.788720458321070339e+01
6.158780321236936288e+03 1.084751741134274639e+01 3.668958276602977797e+00 1.344158004105189086e+01 4.312744522093219075e+02 8.435408292260240160e+01
