-9.608689534538417121e-03 5.815306953523829314e+00 3.303593845302601029e+00 2.764978856854225508e+00 1.466947457714596339e+03 6.288013512584871023e+02
3.489888124758947185e+01 5.517365716484393445e+00 3.355385054824123525e+00 2.756296451669786318e+00 1.437966532148740498e+03 5.739896284056230797e+02
3.441363069203075042e+01 7.648529815070652660e+00 4.311118703420949494e+00 3.450376630612186357e+00 1.358592977140790254e+03 6.287282872213552309e+02
5.029086637017297079e+01 7.928770188976592692e+00 4.504891535849478323e+00 3.398061357981595254e+00 1.408007885422966410e+03 5.710552086094485276e+02
1.027897827231421530e+02 8.249410735233777103e+00 4.622046528291242851e+00 3.371862285289264349e+00 1.995038379681912488e+02 7.867735696927569222e+01
1.565898187488158442e+02 8.362580555565534368e+00 4.362885453537754366e+00 3.427314070437723625e+00 1.947445792060092629e+02 7.670631209454759869e+01
1.981380880217087963e+02 8.010511618766248176e+00 4.703803688976766040e+00 3.571375628989001516e+00 3.599237007515610571e+02 7.764631864489493296e+01
2.597819774310735284e+02 8.031744985505776313e+00 4.836398882826324019e+00 3.633716903356287720e+00 3.747113672250529817e+02 1.399607196254327732e+02
3.045705468669287939e+02 8.213424141644924958e+00 4.581593058047831235e+00 3.594798014438977507e+00 3.727554550447865154e+02 1.426175791420988901e+02
3.621615105070483764e+02 8.345800494852005258e+00 4.700857377561067807e+00 3.619117689066845944e+00 3.626061907389645853e+02 1.404923274922199710e+02
4.254385831623752665e+02 8.566220527106722216e+00 5.012683698391206200e+00 3.565558987519041434e+00 3.443821979681741823e+02 1.405373059076946447e+02
4.989518355642741199e+02 9.209250259932685978e+00 5.300985542184503352e+00 3.859301960180764102e+00 3.666611589158845845e+02 1.423605301753602532e+02
5.890969731738123301e+02 1.065343589346318254e+01 5.875785672512336966e+00 4.264250888344457202e+00 3.438780416672105389e+02 1.484089171049376432e+02
7.031597797388211575e+02 1.101512818886472900e+01 6.094184885209688041e+00 4.549832584039703143e+00 7.378278417496086377e+02 3.051323913595245472e+02
7.945820858105095112e+02 1.081356455530870164e+01 6.060397761869626088e+00 4.482753433366956308e+00 7.453492826190603182e+02 3.208301543370399713e+02
9.102304229784857625e+02 1.164310765147589066e+01 5.969524433323709189e+00 4.384201539199240827e+00 7.536637248659380930e+02 2.983794717968912664e+02
9.643143416764534095e+02 1.091105933469649081e+01 6.411186644384224032e+00 4.850748770245072450e+00 7.396470739688596723e+02 3.229491680072688382e+02
1.062838623415022312e+03 1.140448131404598264e+01 6.159590914772927306e+00 4.517139984521274521e+00 7.286780669497978806e+02 3.182155601730838157e+02
1.248542035462843842e+03 1.133713711251685829e+01 6.498800000157367585e+00 4.810849378498916806e+00 7.749333338053255602e+02 3.153752261076829200e+02
1.261881443238959264e+03 1.240983456109812977e+01 6.360071601444194478e+00 4.967274564006545212e+00 7.070477060275838994e+02 3.050723526949109328e+02
1.410834570256494999e+03 1.251592693090042552e+01 6.410337771247418104e+00 5.069209056630755050e+00 7.174325022313636282e+02 3.248967617814072923e+02
1.579387376678614373e+03 1.235618229256398770e+01 6.827534432770700157e+00 4.867152819699248845e+00 7.580914756459734463e+02 3.069666622468705555e+02
1.806113578699951631e+03 1.210819867909398972e+01 6.702573289892763242e+00 5.136083854365256052e+00 7.848959930074676095e+02 3.177854746388223361e+02
2.066314502887365506e+03 1.308191149419799437e+01 6.727469259204164942e+00 5.102011332377011321e+00 8.077853958324810719e+02 3.184158545265785847e+02
2.273496433103589879e+03 1.308163184313772476e+01 6.969923215285630747e+00 5.432061840115602003e+00 7.726358017690572524e+02 2.985896869691931101e+02
2.295258217487907586e+03 1.294284141754713069e+01 7.356885587434357276e+00 5.316072294302776058e+00 8.270284603913577257e+02 3.082212893835460363e+02
2.735518205098137514e+03 1.308054260889699449e+01 7.377459999607530960e+00 5.491924760725098054e+00 7.885601996935232592e+02 3.227137986499255931e+02
2.482223656591633699e+03 1.384149759825419856e+01 6.940866529788960904e+00 5.417534452740413897e+00 8.045524834645729015e+02 3.070497749373277543e+02
3.041125435457761796e+03 1.393165159521577934e+01 7.532853838095671328e+00 5.562246576821254784e+00 7.787292752202210977e+02 3.103539202633854757e+02
2.857795242028709708e+03 8.448516766140604872e+00 0.000000000000000000e+00 9.391200116577342882e+00 7.988115899235028792e+02 3.019609143694019053e+02
2.836790128927631940e+03 7.920688868502471891e+00 0.000000000000000000e+00 1.037863116199780578e+01 5.768278040348275681e+04 0.000000000000000000e+00
3.098718760474365354e+03 8.391919293174167294e+00 0.000000000000000000e+00 9.698034076613739174e+00 6.002778179499450198e+04 0.000000000000000000e+00
3.193206444320339415e+03 8.299315966161557867e+00 0.000000000000000000e+00 9.835865390741002301e+00 5.853527484752873715e+04 0.000000000000000000e+00
3.128924676195739721e+03 8.980643820753593687e+00 0.000000000000000000e+00 1.032760977263245650e+01 5.746930767246967298e+04 0.000000000000000000e+00
3.395112778743039598e+03 8.493423172458975046e+00 0.000000000000000000e+00 1.014069609397662397e+01 5.668911103932761034e+04 0.000000000000000000e+00
3.539912634761629761e+03 8.571224753288820608e+00 0.000000000000000000e+00 1.035716324942221611e+01 5.858488599625550705e+04 0.000000000000000000e+00
3.707651296354651095e+03 9.289330065948444570e+00 0.000000000000000000e+00 1.048430744548427640e+01 5.648262699485204212e+04 0.000000000000000000e+00
3.829425738678578455e+03 9.166177182860989703e+00 0.000000000000000000e+00 1.070822720479659118e+01 5.736302074301661196e+04 0.000000000000000000e+00
3.696472187997411766e+03 9.714862141519429173e+00 0.000000000000000000e+00 1.110779657587347202e+01 5.844263881401788967e+04 0.000000000000000000e+00
4.014635920674508270e+03 9.705537986648087312e+00 0.000000000000000000e+00 1.173627261791441612e+01 5.786924000090698974e+04 0.000000000000000000e+00
4.121501433771772099e+03 9.455929118782041343e+00 0.000000000000000000e+00 1.116457871351174092e+01 5.806110218550010177e+04 0.000000000000000000e+00
4.228952445728541534e+03 1.005015045657423123e+01 0.000000000000000000e+00 1.103319397416929348e+01 5.954254148124760832e+04 0.000000000000000000e+00
4.070401535486123976e+03 9.778374453097297803e+00 0.000000000000000000e+00 1.091617385589507450e+01 5.815451575958949979e+04 0.000000000000000000e+00
4.144639393929774997e+03 9.585187380543368718e+00 0.000000000000000000e+00 1.196729032076441790e+01 5.980208672920642130e+04 0.000000000000000000e+00
4.371873306153424892e+03 9.414579149754336740e+00 0.000000000000000000e+00 1.145079947797936626e+01 5.877972098316149641e+04 0.000000000000000000e+00
4.261621587558880492e+03 9.832286153088062974e+00 0.000000000000000000e+00 1.229728514868085476e+01 6.040486770579483709e+04 0.000000000000000000e+00
4.656357075345279554e+03 1.044629661603505433e+01 0.000000000000000000e+00 1.219609320135949382e+01 5.825542701520155242e+04 0.000000000000000000e+00
4.660210379717345859e+03 1.012817936686436404e+01 0.000000000000000000e+00 1.170162156904278206e+01 5.697015010999140213e+04 0.000000000000000000e+00
4.940077901887083499e+03 9.670127833992580690e+00 0.000000000000000000e+00 1.203528998662390137e+01 5.945774329348062020e+04 0.000000000000000000e+00
5.070475243518202660e+03 1.025320003414238101e+01 0.000000000000000000e+00 1.159410255041435178e+01 5.903521682194663299e+04 0.000000000000000000e+00
4.959081146322912900e+03 1.043336594064557410e+01 0.000000000000000000e+00 1.256369481034563051e+01 5.810566307075572695e+04 0.000000000000000000e+00
4.981518437813337187e+03 1.022644312407415512e+01 0.000000000000000000e+00 1.260763119373693542e+01 5.557404121329148620e+04 0.000000000000000000e+00
4.955866689341018173e+03 9.930545185517706486e+00 0.000000000000000000e+00 1.177634632890335808e+01 5.763399750611301715e+04 0.000000000000000000e+00
5.076533787012354878e+03 1.152376187541992891e+01 3.640114018407273111e+00 1.224787061370341057e+01 4.307476065388444795e+02 8.295566465598845696e+01
5.344373879227488032e+03 1.138312324701699829e+01 3.496489854519223783e+00 1.249012378172658444e+01 4.631259897755642783e+02 8.113776378999901340e+01
5.254856431000937846e+03 1.115747252793023492e+01 3.566127769925253155e+00 1.267669271246178830e+01 4.322456203735468421e+02 8.586280641671302760e+01
5.476838361667460049e+03 1.149548837625709652e+01 3.642232638019427871e+00 1.256978132410713300e+01 4.595529632071187507e+02 8.840813924290716841e+01
5.456414219064372446e+03 1.129982376308736036e+01 3.483477385997353348e+00 1.335238955205263878e+01 4.596316339828157425e+02 8.284294116843945233e+01
5.659630648652990203e+03 1.117559356748119015e+01 3.458222410441156303e+00 1.349983881838794630e+01 4.564790100292097463e+02 8.613240829920134445e+01
5.913424395574971641e+03 1.097976856623070674e+01 3.735942400991692391e+00 1.293669633041502820e+01 4.463381828040276673e+02 8.113428289562965290e+01
5.799369324925921319e+03 1.122113887797015686e+01 3.767743613783595347e+00 1.269079522223494116e+01 4.460972518475817878e+02 8.838456117779458054e+01
6.124948047944857535e+03 1.139435034712203709e+01 3.496078305745521142e+00 1.364813080007683332e+01 4.295732459009792592e+02 8.650320010969859652e+01
5.768138928885517089e+03 1.072428102014778872e+01 3.488783356876682618e+00 1.356541226194060989e+01 4.345554728379360085e+02 8.678090010498546292e+01
6.265529002565420342e+03 1.094102340811409135e+01 3.786907245028574565e+00 1.299401209177825756e+01 4.518451653503724401e+02 8.864068739688082132e+01
5.913970710828854862e+03 1.071279059287818747e+01 3.720665202682305939e+00 1.302630248970138105e+01 4.229607315917780284e+02 8.884066155547982646e+01
5.980713967376268556e+03 1.148861935932963085e+01 3.530330378432983363e+00 1.283560608636163280e+01 4.123276454286387889e+02 8.275714118681129605e+01
6.403271678317173610e+03 1.079162630815543622e+01 3.542488586438870879e+00 1.356338677019114058e+01 4.213461482843658246e+02 8.747418547041104375e+01
