-1.834147852880426033e+00 5.581568477198413092e+00 3.117788163695864867e+00 2.999118277667569110e+00 1.313072386991482745e+03 6.507129148449031391e+02
2.490390305345017197e+01 6.148739496080041889e+00 3.339707074589175040e+00 3.015170944753334137e+00 1.311405112327927782e+03 6.140302355606105493e+02
3.119639795289527484e+01 8.447459236428636942e+00 4.448209051269338410e+00 3.215376770804472262e+00 1.303473210154960725e+03 6.051214727507953057e+02
6.048830951109981413e+01 8.181555841110062843e+00 4.555992987490495416e+00 3.646919388236473658e+00 1.456864301611631845e+03 6.464425436047048379e+02
1.056318395864609272e+02 7.235597716643863642e+00 4.477927044168092507e+00 3.331586379758695315e+00 1.838249268471322182e+02 8.124998460925542076e+01
1.748159243446909272e+02 8.382879194567262715e+00 4.394361421632546616e+00 3.507235339845452771e+00 1.887192673505244329e+02 7.460666584866470430e+01
2.028155653633373845e+02 8.850244296117660170e+00 4.653638484097540662e+00 3.756572222759291257e+00 3.582193087999461341e+02 8.393146779987966966e+01
2.984954371466816951e+02 9.064800606082201284e+00 4.360459373280449746e+00 3.399232048021219033e+00 3.896992305832744137e+02 1.504922684035669818e+02
2.475241381695496727e+02 8.837029009936253843e+00 4.426990207390207210e+00 3.505239332375921002e+00 3.388674960449159812e+02 1.540346406591172865e+02
4.037154253233291001e+02 8.982603245526744828e+00 5.136211471645056648e+00 3.685313373735439324e+00 3.928310489296666788e+02 1.381190415876226609e+02
3.757884650846095838e+02 8.378784609166505248e+00 5.180622309261344149e+00 3.965976774703335650e+00 3.503183480378813215e+02 1.359488854502461095e+02
4.021334861350587744e+02 9.084063314982877557e+00 5.264992284494996788e+00 3.550750543401425929e+00 3.314387109575102954e+02 1.522400135151223424e+02
6.834508022414069046e+02 1.030676753975591531e+01 5.902972740529157214e+00 4.059713641764676417e+00 3.338949518856489362e+02 1.568963875228686788e+02
5.391706988505268328e+02 1.014474548676173171e+01 6.579568856107599117e+00 4.763514251877270844e+00 8.116251215288550611e+02 2.836178251785197517e+02
6.906336955594838400e+02 1.151471794700510287e+01 5.645151266936855983e+00 4.104624901957438787e+00 7.842782730489451524e+02 2.999039068839631454e+02
8.738487472923669657e+02 1.060880966432427641e+01 6.408118298342452057e+00 4.280872170293751999e+00 6.861022690641519830e+02 2.947352021717380239e+02
8.543325938572188534e+02 1.135417649443931154e+01 6.892042298501367625e+00 4.695736890701127209e+00 6.815874438679604737e+02 3.255033430334157742e+02
1.169825921164966758e+03 1.264082929960387425e+01 6.438388710971867823e+00 4.466403320298208079e+00 7.993173806137610882e+02 2.893351619628122080e+02
1.094741457363611289e+03 1.073523382586984631e+01 6.676938753930087067e+00 4.374623349977714071e+00 7.779442901623201578e+02 3.019198593887093125e+02
1.557582184436237640e+03 1.148477449864456190e+01 6.041964309507251052e+00 4.387802684744980475e+00 6.966046576364251450e+02 2.881338986535328104e+02
1.206742970654620649e+03 1.170060505732013212e+01 6.611605999326098271e+00 5.058133861752088123e+00 7.878102229519230377e+02 3.399183745710056428e+02
1.666745732093159859e+03 1.228210703897505063e+01 7.361632491698824943e+00 4.652998837988801206e+00 7.998788807738131936e+02 3.029624863888054165e+02
1.443390315137382686e+03 1.300254906716391368e+01 7.254601430317263677e+00 5.225335565826462414e+00 7.277971617167313525e+02 3.190853605850773533e+02
1.733610036544739614e+03 1.180649205985255179e+01 6.842605978982204462e+00 4.783439140201340756e+00 8.199069733849306658e+02 2.867838652009558018e+02
2.006481916902754392e+03 1.332401766918712127e+01 6.444882164910214151e+00 5.502716962604626616e+00 8.168684672304431160e+02 3.186260366299756583e+02
2.028787856630897750e+03 1.253510060234904167e+01 6.999238185010485225e+00 5.468377999638074805e+00 8.678774452714060317e+02 2.975159185621841971e+02
2.585637425570346750e+03 1.199727592339259274e+01 7.689384701186456006e+00 5.372949571550753589e+00 8.160205547979385301e+02 3.086487987876353145e+02
2.618661484236017714e+03 1.320960167052672141e+01 7.921475715865244460e+00 5.844525109097668647e+00 8.560221621434683357e+02 3.248382738716747440e+02
2.350635871769311507e+03 1.300028945403055047e+01 7.685026816606232103e+00 5.235640846412159100e+00 7.745084678982211699e+02 3.427749413359691175e+02
2.725098836908512567e+03 8.343365295856806085e+00 0.000000000000000000e+00 9.078133983297746568e+00 7.741058302810520217e+02 2.866388645386008420e+02
3.303671249220677055e+03 8.168478918911135978e+00 0.000000000000000000e+00 1.031756119799697835e+01 6.109024933089912520e+04 0.000000000000000000e+00
2.533288871430888321e+03 8.736018378226049208e+00 0.000000000000000000e+00 9.353248014668249510e+00 5.817810943981251330e+04 0.000000000000000000e+00
3.502495119665089533e+03 7.994782232919559029e+00 0.000000000000000000e+00 1.006049519203912013e+01 5.565169599033308623e+04 0.000000000000000000e+00
3.613347265073126891e+03 8.132786672916322956e+00 0.000000000000000000e+00 1.073101911701855293e+01 6.314542727118614857e+04 0.000000000000000000e+00
2.935244391631730196e+03 9.469809802136241572e+00 0.000000000000000000e+00 9.731687212436439083e+00 6.105825355429606134e+04 0.000000000000000000e+00
4.030997089501676328e+03 8.735795503056611011e+00 0.000000000000000000e+00 1.149157130458199916e+01 6.055961796196244541e+04 0.000000000000000000e+00
3.939037201321725661e+03 9.766219685179381216e+00 0.000000000000000000e+00 1.142732806079576413e+01 6.199444902699634258e+04 0.000000000000000000e+00
4.396084608615731668e+03 9.189341323903093439e+00 0.000000000000000000e+00 1.169912481576893448e+01 6.007085005843677209e+04 0.000000000000000000e+00
4.433294992535780693e+03 9.547630641260461459e+00 0.000000000000000000e+00 1.116053109118271358e+01 5.390644347818844835e+04 0.000000000000000000e+00
3.421140811509120795e+03 8.684740510042484374e+00 0.000000000000000000e+00 1.113300248802849879e+01 6.151642517274641432e+04 0.000000000000000000e+00
3.219851916310323304e+03 9.687063974020848178e+00 0.000000000000000000e+00 1.109024261295717473e+01 5.240537842900988471e+04 0.000000000000000000e+00
4.886546401741334194e+03 9.076255683002571573e+00 0.000000000000000000e+00 1.081428237644334978e+01 5.898804588449644507e+04 0.000000000000000000e+00
4.222240923809902597e+03 1.029234625030266059e+01 0.000000000000000000e+00 1.194727926598826961e+01 5.273069291939726827e+04 0.000000000000000000e+00
4.041906558491472879e+03 9.902116341243047515e+00 0.000000000000000000e+00 1.059911228303404940e+01 5.446764501109332923e+04 0.000000000000000000e+00
5.160469883298412242e+03 1.002818070119177207e+01 0.000000000000000000e+00 1.238433157613149760e+01 5.373416116040287307e+04 0.000000000000000000e+00
4.685919820978382631e+03 1.055886172726013683e+01 0.000000000000000000e+00 1.201848414838228507e+01 5.265857290422903316e+04 0.000000000000000000e+00
4.201457557282879861e+03 1.034625308576086233e+01 0.000000000000000000e+00 1.109273825071610631e+01 6.185299889874620567e+04 0.000000000000000000e+00
5.026119716179661737e+03 1.048411669018623371e+01 0.000000000000000000e+00 1.167022433148037663e+01 5.995073340162784734e+04 0.000000000000000000e+00
5.687159029698117592e+03 1.014795161117157996e+01 0.000000000000000000e+00 1.274489540577583924e+01 5.422834778727105004e+04 0.000000000000000000e+00
4.000956726312722367e+03 1.099787015041373373e+01 0.000000000000000000e+00 1.312693900949075498e+01 5.469537432638919563e+04 0.000000000000000000e+00
5.236319303987271269e+03 9.569029620855472373e+00 0.000000000000000000e+00 1.277991166349858965e+01 5.530173393443450186e+04 0.000000000000000000e+00
4.399319020673395244e+03 1.121153519953424826e+01 0.000000000000000000e+00 1.306357582338998391e+01 5.528155711427425558e+04 0.000000000000000000e+00
5.757876030414963680e+03 9.686379136729126316e+00 0.000000000000000000e+00 1.137754329731298597e+01 6.200247574236653600e+04 0.000000000000000000e+00
5.550977631862575436e+03 1.101486128947611931e+01 3.537227907570580587e+00 1.290550097782002759e+01 4.518788541779651950e+02 8.810247012680632395e+01
5.408513279675341437e+03 1.057159041724684378e+01 3.782205190746050771e+00 1.182331546220922291e+01 4.675997180975744527e+02 8.544190373880850586e+01
6.123563762473546376e+03 1.123598585451734877e+01 3.369244161211178312e+00 1.368951071910932704e+01 4.395529246855347765e+02 7.980926315961231410e+01
4.736626113970330152e+03 1.052640389954927080e+01 3.499591556916985535e+00 1.410102205417371124e+01 4.358915246470137959e+02 8.852212096249823503e+01
4.411374602541541208e+03 1.042071030391680964e+01 3.674459791527938890e+00 1.297556985423930520e+01 4.664025793904706347e+02 7.832983058803293375e+01
6.331998846260376922e+03 1.120273556855087627e+01 3.657279134494024309e+00 1.305584386646699180e+01 4.257005795071747229e+02 8.138389226270912502e+01
5.883220588888970269e+03 1.108145220112041685e+01 3.904802687219636859e+00 1.197398478983731351e+01 4.655860329113965008e+02 8.491638225846357102e+01
6.821926929895995272e+03 1.141682950301150790e+01 3.989578190856999385e+00 1.379014977297141975e+01 4.002041654676933717e+02 9.253019953754844096e+01
6.235652220314157603e+03 1.026856541998799699e+01 3.547178682307726039e+00 1.420297337425333950e+01 4.446503533642995194e+02 9.262948268145059671e+01
6.953243839374255913e+03 1.125288672360528075e+01 3.916644665667678105e+00 1.356349332338536229e+01 4.098509962344567157e+02 8.334772352716998967e+01
5.078650026048978361e+03 1.094045318122036470e+01 3.367054851450243635e+00 1.275117506245435095e+01 4.021846096418411207e+02 8.185491296501814418e+01
5.475817884929841057e+03 1.226778042675354818e+01 3.989689868690436736e+00 1.335032815966562936e+01 4.356342635228829749e+02 8.676441652991204023e+01
6.250047711678490487e+03 1.234682577597109088e+01 3.592611513515998389e+00 1.308535179992481012e+01 4.387751663252735739e+02 9.022189961470407127e+01
7.628107668455282692e+03 1.122006362812431135e+01 3.384562972103561940e+00 1.432093514328369110e+01 4.526302733452895950e+02 8.564663266734528690e+01
