-4.426010189010506357e-01 5.762467986207573389e+00 3.352990881095598397e+00 2.876157823145093939e+00 1.366941493081044655e+03 5.948324682365017679e+02
3.397785983826530298e+01 6.000474278302342590e+00 3.184209580530067196e+00 2.734645206265852391e+00 1.358522647841488151e+03 6.244563984026868866e+02
3.324739195202811715e+01 8.003551334675075069e+00 4.285902966376906598e+00 3.435491748427908387e+00 1.365888629929370381e+03 5.974408432864845508e+02
5.283459005353876847e+01 7.762795740340190598e+00 4.548349278843669907e+00 3.169862769481865961e+00 1.466536411649991578e+03 6.212349413056874710e+02
1.004131844913803207e+02 7.884451641745755524e+00 4.395204734448331152e+00 3.543950129038685226e+00 1.939731577967692431e+02 8.126450081395520897e+01
1.566084278867271848e+02 8.052559550577710112e+00 4.747434011270841303e+00 3.489813141127942053e+00 2.066025688044894082e+02 7.930082971295885841e+01
1.908305184231213332e+02 7.988440613960460013e+00 4.405823895086581565e+00 3.626001958572117712e+00 3.615494851133921088e+02 8.322851799436358533e+01
2.421127477181948109e+02 8.089744147797119922e+00 4.560373253803404303e+00 3.399142891543189382e+00 3.500440033060646670e+02 1.416982485699767835e+02
2.883896402510847565e+02 8.484564404390187775e+00 4.845351501664971750e+00 3.550791024459794443e+00 3.690232357410809527e+02 1.430334553759777521e+02
3.366694340500412181e+02 8.851324791903586231e+00 4.776073389806832381e+00 3.487000661139946001e+00 3.674414613045346414e+02 1.392913940679510176e+02
4.002879711798495919e+02 8.729963242558781644e+00 4.752090445748227587e+00 3.791928294541594635e+00 3.723496401614202682e+02 1.443443380042564854e+02
4.860064141944071707e+02 9.278543519886332192e+00 5.214442164068034735e+00 3.687663525415486365e+00 3.477930269513675512e+02 1.381757372715344445e+02
5.726224980495713908e+02 1.053380698667212911e+01 5.635862061263733125e+00 4.142143348397744340e+00 3.570815131499498989e+02 1.394773410497289206e+02
6.441419992574728894e+02 1.035770485151819997e+01 6.248043339726501166e+00 4.377632160049294008e+00 7.195993163908725592e+02 3.000698632979433000e+02
7.922085817637545233e+02 1.077657030691923268e+01 6.374607705719228079e+00 4.520870538397393723e+00 7.052786644698203418e+02 3.198100049470797330e+02
8.800357494724495382e+02 1.106898964735476909e+01 6.233514832813868978e+00 4.484177191715845723e+00 7.279574335078891636e+02 3.222163876143640664e+02
9.935873157435862595e+02 1.180005904455297205e+01 6.548702714233080258e+00 4.738482187830117986e+00 7.563813633821647500e+02 3.230839409289092146e+02
1.100876584047250617e+03 1.170071310276030552e+01 6.206641125174243712e+00 4.537533582990572967e+00 7.666173909159524555e+02 3.038336377088971290e+02
1.237074401729387546e+03 1.148712902861519680e+01 6.324168096945262718e+00 4.565243290315211588e+00 7.689201933554362540e+02 3.241171322944623512e+02
1.313337474708786431e+03 1.243314484166531919e+01 6.513993012953042339e+00 4.992258799858811713e+00 7.588097182012842268e+02 3.252932639840639126e+02
1.449336179798607191e+03 1.220181662016562818e+01 6.320847246413685561e+00 4.672030429807225715e+00 7.599075443392315492e+02 3.069956888704134599e+02
1.552851881931697108e+03 1.212541852902207218e+01 6.526902678870309948e+00 5.222088685119008922e+00 7.411665670421429013e+02 3.226645551819944444e+02
1.770012573610147683e+03 1.195423918777825278e+01 7.081719715807198945e+00 4.914291165797403771e+00 8.162022340147293562e+02 3.036723994633746315e+02
2.046784053716055496e+03 1.316868295506963626e+01 6.693149435696621907e+00 5.432404649983508804e+00 8.102709571594099316e+02 3.155040315766091794e+02
2.151079730854281934e+03 1.254403157131752167e+01 6.852720438035965422e+00 5.055411023659791780e+00 8.057865978396999935e+02 2.986849295430911297e+02
2.327256110297365012e+03 1.257802535351631334e+01 7.421765589787491457e+00 5.551521581270598915e+00 7.913982702100067854e+02 3.026995842455066281e+02
2.639559599902817808e+03 1.330107139745495992e+01 7.027050907253270751e+00 5.676388471420689363e+00 7.940542232390004074e+02 3.227833512295106857e+02
2.612425755216905600e+03 1.360085131171923400e+01 7.024971783675538539e+00 5.654074558915946014e+00 8.077247319564792178e+02 3.212992842251730394e+02
2.800812743950017648e+03 1.321764387066038005e+01 7.151168983149681857e+00 5.519287879933008512e+00 7.661491389956395324e+02 3.161711464405637457e+02
2.952814723823899385e+03 8.457862415943250056e+00 0.000000000000000000e+00 9.470258832781540903e+00 7.907953299061003918e+02 3.264021762959020521e+02
3.096870979658024680e+03 8.194564336238038038e+00 0.000000000000000000e+00 1.040721328049079553e+01 6.048830345020595996e+04 0.000000000000000000e+00
3.120662955648674142e+03 8.523089660254733246e+00 0.000000000000000000e+00 9.838689938880962771e+00 5.809779678903704189e+04 0.000000000000000000e+00
3.031128611188833020e+03 8.559193334596098879e+00 0.000000000000000000e+00 1.040271934913837271e+01 5.945999987178749143e+04 0.000000000000000000e+00
3.196644225161287522e+03 8.601298185633405424e+00 0.000000000000000000e+00 1.065705282513958885e+01 5.518390157300198189e+04 0.000000000000000000e+00
3.238474691358716427e+03 9.194130308417964415e+00 0.000000000000000000e+00 1.057766047403920950e+01 5.504835982895425695e+04 0.000000000000000000e+00
3.332864481089192395e+03 8.522906358373818492e+00 0.000000000000000000e+00 1.066766422025313688e+01 5.986872218380311824e+04 0.000000000000000000e+00
3.475722035873724963e+03 8.904794142513264177e+00 0.000000000000000000e+00 1.033102717851950558e+01 5.844885953688127483e+04 0.000000000000000000e+00
3.663019827528645692e+03 9.382149009185614119e+00 0.000000000000000000e+00 1.043865132243849203e+01 5.651417074660922663e+04 0.000000000000000000e+00
3.797556195463575023e+03 9.186860446323175111e+00 0.000000000000000000e+00 1.121701593144897124e+01 5.621066537691617850e+04 0.000000000000000000e+00
4.018952499235574578e+03 9.054321686503454814e+00 0.000000000000000000e+00 1.109889116986871471e+01 5.731519651781760331e+04 0.000000000000000000e+00
4.110456464217854773e+03 9.808107050453399367e+00 0.000000000000000000e+00 1.140222629375996988e+01 5.892846783945015341e+04 0.000000000000000000e+00
4.257962758237888920e+03 9.760006830208480366e+00 0.000000000000000000e+00 1.182769575251891148e+01 5.945149971183532034e+04 0.000000000000000000e+00
4.129077426104851838e+03 9.245600277412430401e+00 0.000000000000000000e+00 1.125631859641777588e+01 5.930663008398675447e+04 0.000000000000000000e+00
4.413798451006465257e+03 9.847241335584902444e+00 0.000000000000000000e+00 1.106174735955674215e+01 5.766970371222792892e+04 0.000000000000000000e+00
4.555697890635829935e+03 9.396346614565336708e+00 0.000000000000000000e+00 1.160123667952268001e+01 5.962283868973998324e+04 0.000000000000000000e+00
4.307341353180988335e+03 1.019249899045025565e+01 0.000000000000000000e+00 1.217380125610530506e+01 5.764315010584041738e+04 0.000000000000000000e+00
4.558372930308893046e+03 9.949543558475053118e+00 0.000000000000000000e+00 1.214604743495802452e+01 5.995143495877636451e+04 0.000000000000000000e+00
4.688125281044262010e+03 1.049269264691892900e+01 0.000000000000000000e+00 1.209796702872357166e+01 5.936962996328599547e+04 0.000000000000000000e+00
4.534155597268636484e+03 1.043489700084185579e+01 0.000000000000000000e+00 1.141038803469728258e+01 5.574755730210040201e+04 0.000000000000000000e+00
4.783633681491222887e+03 1.048380076758254198e+01 0.000000000000000000e+00 1.167968925959546667e+01 5.742378982389668818e+04 0.000000000000000000e+00
5.057067456569849128e+03 9.797755207845227687e+00 0.000000000000000000e+00 1.262592617931483829e+01 5.725970680247141718e+04 0.000000000000000000e+00
5.007174543572390576e+03 1.079171555722310316e+01 0.000000000000000000e+00 1.231474810527620356e+01 5.626863090633019601e+04 0.000000000000000000e+00
4.960184702645291509e+03 9.884525259007686415e+00 0.000000000000000000e+00 1.272487314538276060e+01 6.008714964173780027e+04 0.000000000000000000e+00
5.026143043639957796e+03 1.134120619933147545e+01 3.374091884203600955e+00 1.245565876227272462e+01 4.425808157800361755e+02 8.404687127166856442e+01
5.263813980450134295e+03 1.132694672031253447e+01 3.409152159605631560e+00 1.327751220520455178e+01 4.522495005975195568e+02 8.291589432416823513e+01
5.061986040800031333e+03 1.084442868827258444e+01 3.512783565727708890e+00 1.220491484461377318e+01 4.500900363335507564e+02 8.247741611031790399e+01
5.500068218993279515e+03 1.104083957559987894e+01 3.440991481789100526e+00 1.226136452632949592e+01 4.323268398905137815e+02 8.761934204065356369e+01
5.679213536271208795e+03 1.157123586054367159e+01 3.693340468308750513e+00 1.234971502793198894e+01 4.586406517121721436e+02 8.350764317248854240e+01
5.706518792696772834e+03 1.124180990605023212e+01 3.428344667928510336e+00 1.275385775485586493e+01 4.231630319131295437e+02 8.430189875165631008e+01
5.815118054785496497e+03 1.088399473159563513e+01 3.615400659767291192e+00 1.355760823419003636e+01 4.202077819066099096e+02 8.589191780586239133e+01
5.876995631024929935e+03 1.151847615708564199e+01 3.484281265341786504e+00 1.323991630848206924e+01 4.379283679001269434e+02 8.453964739585926225e+01
6.161741387065300842e+03 1.067325211103114135e+01 3.542634154897312815e+00 1.304418455303181723e+01 4.519632533666451764e+02 8.197613397046519879e+01
5.914011128192417345e+03 1.081758507082491505e+01 3.524794118735564030e+00 1.307934948458400548e+01 4.212009225196317175e+02 8.880957638678704313e+01
5.985470358401790691e+03 1.111123745761709891e+01 3.718282051475304328e+00 1.317171771848119910e+01 4.478170556995810898e+02 8.652241986707227284e+01
6.208536225875932359e+03 1.091689868733819679e+01 3.563394432495341491e+00 1.370962408092811025e+01 4.202524321593137984e+02 8.113087598538383816e+01
6.468965356424439960e+03 1.178006749047967006e+01 3.714260234680716533e+00 1.367190899267932735e+01 4.322116363969677764e+02 8.768264128529214929e+01
6.684509921397988364e+03 1.132672283859090356e+01 3.667580591950616586e+00 1.297319133920757928e+01 4.146511224604913082e+02 8.604973652076553492e+01
