2.000000000000000111e-01 3.640741556488396480e+00
1.000000000000000056e-01 3.722741556488396331e+00
5.000000000000000278e-02 3.936741556488396299e+00
3.333333333333333287e-02 4.016741556488396370e+00
2.000000000000000042e-02 4.068741556488396860e+00
1.250000000000000069e-02 4.184741556488396519e+00
1.000000000000000021e-02 4.284741556488396164e+00
6.666666666666667095e-03 4.542741556488396171e+00
5.000000000000000104e-03 4.766741556488396370e+00
4.000000000000000083e-03 4.952741556488396313e+00
3.333333333333333547e-03 5.104741556488396448e+00
