-1.273166405419379199e-01 5.765622210890769317e+00 3.304306779074669631e+00 2.835693930047488820e+00 1.333103208986524805e+03 6.110405377770554196e+02
3.128556905939733213e+01 5.969823105266765850e+00 3.332465743042558159e+00 2.879101381972940299e+00 1.337062164254564095e+03 6.161078106409912607e+02
3.450018676749165536e+01 7.776079824245591965e+00 4.308417029903578666e+00 3.341281141374708774e+00 1.376921380692249386e+03 6.207403929216758343e+02
4.827850202148203351e+01 7.755962038434085493e+00 4.427171416168278029e+00 3.221416717778257333e+00 1.373977510448316480e+03 6.131947682653022866e+02
1.015798354240221215e+02 8.057142204360998150e+00 4.443460979983948178e+00 3.344311695630322490e+00 1.949841700426278805e+02 8.333256960297418914e+01
1.525536138577583358e+02 7.774273247060351721e+00 4.489470929673596622e+00 3.356920497960797611e+00 1.936157382989543976e+02 8.079369272976067862e+01
2.101001625512958810e+02 8.525688716251956123e+00 4.801641506150191141e+00 3.309720580678283230e+00 3.631114715927708971e+02 7.674044405370514710e+01
2.464418359856763061e+02 8.084661116532751990e+00 4.746231999467474871e+00 3.621737511429689693e+00 3.522797071415678829e+02 1.400411265940395822e+02
2.938342335908002951e+02 8.598598893727606551e+00 4.947745761983730617e+00 3.559572401863563940e+00 3.534973692042028688e+02 1.444262581186131058e+02
3.442394098829761333e+02 8.612565054629921946e+00 4.640863722069269670e+00 3.481260903178092558e+00 3.595216293460842394e+02 1.431656141124304042e+02
4.079210675281660201e+02 8.959302773407040732e+00 4.812915659000073454e+00 3.685736550719821647e+00 3.640651989639530939e+02 1.457042224411444238e+02
5.170786001355571671e+02 9.239855072398954761e+00 5.336426322795235322e+00 3.968572219739615381e+00 3.637922293243196918e+02 1.481409501564955065e+02
5.843583761486913772e+02 1.023416292287429386e+01 5.410716888011591230e+00 4.314673367004971283e+00 3.643808846610169780e+02 1.478800307545693329e+02
6.891219499870071559e+02 1.075503039706576480e+01 5.776341302432641989e+00 4.438587131856283285e+00 7.231273383130079537e+02 3.220538767306264845e+02
8.146825775625703727e+02 1.064259381719701203e+01 5.847968389788533727e+00 4.263990329810397384e+00 7.756117932235268881e+02 3.255203349494604481e+02
8.967249580893835628e+02 1.123839314124097122e+01 6.413122825405221938e+00 4.414851968384281733e+00 7.238249186347554769e+02 3.223780673615879095e+02
1.021484530233773626e+03 1.098781737828979921e+01 6.110060174117666776e+00 4.438877048255323921e+00 7.600646921173657802e+02 3.212921500052837587e+02
1.154766337790551916e+03 1.157693446083636957e+01 6.618703503346807793e+00 4.930379215733404763e+00 7.614961910771827434e+02 3.267080111459686123e+02
1.246628134620743822e+03 1.206884609148569254e+01 6.247178871305563597e+00 4.737987569492617013e+00 7.548318830579216865e+02 3.156163946836920786e+02
1.237227538500348828e+03 1.186161615297328886e+01 6.474262038995751034e+00 4.711766167403305339e+00 7.585765958580631150e+02 3.086248345675564337e+02
1.420943098804419606e+03 1.143922342915801771e+01 6.451417829611190591e+00 4.837495763522399628e+00 7.698597494698486798e+02 3.267377055820151099e+02
1.630946451585514978e+03 1.205114341508687836e+01 6.921671048905977841e+00 4.945584771608349861e+00 7.258221936242712218e+02 3.003291413101041485e+02
1.766901542529100197e+03 1.315017234074638530e+01 6.881934568995504264e+00 5.334901646831953670e+00 7.847983980444344070e+02 3.259686670598354681e+02
1.910282604963297217e+03 1.310653283817598691e+01 6.706709041567806118e+00 5.451520832421733687e+00 8.315002811237042124e+02 3.009609066370672394e+02
2.163782989584823554e+03 1.285655821978693147e+01 6.682576477520071556e+00 5.119419966758623985e+00 8.207335277994619673e+02 3.063966263011989781e+02
2.390440351376786111e+03 1.318124824870520939e+01 6.932593812462586769e+00 5.319080802852599987e+00 8.284088807256740665e+02 3.108921042624354527e+02
2.680408776427383600e+03 1.269006689367172136e+01 7.201521499736064591e+00 5.499624370205302704e+00 8.274810786457534277e+02 3.182711123907654951e+02
2.664429124926378790e+03 1.299834759536893358e+01 7.055420068848027526e+00 5.295988855304596399e+00 7.724419652142094037e+02 3.165377824693720186e+02
3.024350016636255077e+03 1.345584515180394725e+01 7.216100938527310049e+00 5.809310796706802726e+00 8.076691632255993909e+02 3.089493153217737813e+02
2.841583092746574494e+03 8.456492366492630808e+00 0.000000000000000000e+00 9.460087717481453495e+00 8.080032411352343615e+02 3.270645944606375224e+02
2.923409657470782804e+03 7.874219134802755704e+00 0.000000000000000000e+00 1.037009026230956898e+01 5.639116105997406703e+04 0.000000000000000000e+00
3.042091667545805194e+03 8.052627002335920992e+00 0.000000000000000000e+00 1.044165883010837170e+01 5.704850798704528279e+04 0.000000000000000000e+00
3.180577021009542932e+03 8.226303484852365955e+00 0.000000000000000000e+00 1.028050398341086336e+01 5.923403163820934424e+04 0.000000000000000000e+00
3.415993605516470780e+03 8.670158561240830508e+00 0.000000000000000000e+00 1.090299285939597063e+01 5.837982777092885954e+04 0.000000000000000000e+00
3.507446512883533615e+03 9.135157830667184342e+00 0.000000000000000000e+00 1.062950073364019765e+01 5.997465629328900104e+04 0.000000000000000000e+00
3.537616401473334918e+03 8.806133682895026737e+00 0.000000000000000000e+00 1.115108566659970357e+01 5.507847163858001295e+04 0.000000000000000000e+00
3.471791662668577828e+03 8.790776978134374531e+00 0.000000000000000000e+00 1.097420878424188473e+01 5.947565782604062406e+04 0.000000000000000000e+00
3.639557896543973129e+03 9.203630278994619829e+00 0.000000000000000000e+00 1.058680957378154197e+01 5.971576625360119215e+04 0.000000000000000000e+00
3.834841871739157796e+03 9.131868326263717250e+00 0.000000000000000000e+00 1.162535102722335978e+01 5.656235815047093638e+04 0.000000000000000000e+00
3.970034975391734406e+03 9.203047409891174979e+00 0.000000000000000000e+00 1.144978638470722032e+01 5.962749736762625980e+04 0.000000000000000000e+00
4.142467668480571774e+03 9.669050932822448985e+00 0.000000000000000000e+00 1.114317752572346798e+01 5.593932200902992190e+04 0.000000000000000000e+00
4.131685559314177226e+03 9.905745687395553389e+00 0.000000000000000000e+00 1.151244486094002362e+01 5.913572002640284336e+04 0.000000000000000000e+00
4.156892805678494369e+03 9.253939395470657914e+00 0.000000000000000000e+00 1.160037990453685985e+01 5.554879096129328536e+04 0.000000000000000000e+00
4.137287929582241304e+03 9.849765520899037341e+00 0.000000000000000000e+00 1.205087301584244486e+01 5.683295135242479591e+04 0.000000000000000000e+00
4.467440529166626220e+03 9.796450617575619191e+00 0.000000000000000000e+00 1.119479626830078978e+01 5.898725872624188924e+04 0.000000000000000000e+00
4.506980182223884185e+03 9.576875555870813628e+00 0.000000000000000000e+00 1.123686224789320498e+01 5.805337033748655813e+04 0.000000000000000000e+00
4.681390843962602958e+03 1.042134038563232146e+01 0.000000000000000000e+00 1.207013020328517783e+01 5.627435393555035989e+04 0.000000000000000000e+00
4.582339372093164457e+03 9.890903154319403257e+00 0.000000000000000000e+00 1.188678724107569273e+01 5.869349194180207269e+04 0.000000000000000000e+00
4.792261369255383215e+03 1.024976397584521948e+01 0.000000000000000000e+00 1.184961297391285306e+01 5.948165044036616018e+04 0.000000000000000000e+00
4.804732205433057061e+03 9.869043514917102300e+00 0.000000000000000000e+00 1.237530416068769412e+01 5.846343967415892985e+04 0.000000000000000000e+00
4.794170040438923024e+03 9.844025924946079087e+00 0.000000000000000000e+00 1.254963688619093176e+01 5.567704277571076818e+04 0.000000000000000000e+00
4.979276955117808939e+03 9.799686191827099435e+00 0.000000000000000000e+00 1.187122768279477469e+01 5.727055965823910810e+04 0.000000000000000000e+00
5.130055173007961457e+03 1.042509714172672552e+01 0.000000000000000000e+00 1.255163095235662141e+01 5.752347625838657405e+04 0.000000000000000000e+00
5.021741552005278209e+03 1.057686215095086624e+01 3.596309235697578988e+00 1.224648505926236908e+01 4.451606989202290379e+02 8.263625279638237942e+01
5.261317892644246058e+03 1.127442397718125200e+01 3.520704638951486221e+00 1.339990784201518004e+01 4.392716642917228000e+02 8.867953478859863026e+01
5.368527174557636499e+03 1.093721813088675709e+01 3.415928015186616484e+00 1.325088110437613942e+01 4.314186470993439571e+02 8.610358154321465918e+01
5.339987626952103710e+03 1.138976996845103606e+01 3.396418778910379022e+00 1.308090996669398010e+01 4.266292711452129538e+02 8.312312351285817158e+01
5.202951081595523647e+03 1.061660325332742616e+01 3.573789052867938132e+00 1.287366305697318403e+01 4.590109148942547108e+02 8.418729855733955958e+01
5.690539347353993435e+03 1.143191502760007516e+01 3.628530916712104482e+00 1.287721576139916024e+01 4.502463348138552419e+02 8.554381770324637557e+01
5.750046799911657217e+03 1.141514470803758741e+01 3.762557004935623617e+00 1.320326336407685730e+01 4.259731104402941924e+02 8.647506617747055202e+01
5.962827932892466379e+03 1.169268796285136958e+01 3.447311847347280800e+00 1.343717614166770424e+01 4.207514236293157524e+02 8.316271442431337846e+01
5.721611174198328627e+03 1.104113347677202839e+01 3.733130197799991112e+00 1.265901365565113679e+01 4.357376563757776466e+02 8.588422539137248179e+01
5.984812287670096339e+03 1.132152110942052481e+01 3.565169521883968518e+00 1.351315121124957308e+01 4.466181788825440435e+02 8.534768470897473946e+01
6.173513107897239024e+03 1.108887355626852411e+01 3.498004642522439145e+00 1.246810618747002408e+01 4.465276006745636437e+02 8.688067644491825092e+01
6.288860295904206396e+03 1.149825033541074149e+01 3.766620016696934581e+00 1.292688253277063382e+01 4.337054808191980442e+02 8.642887309000951745e+01
6.301626992145311306e+03 1.083351927322273944e+01 3.580896062298529525e+00 1.337097269047324666e+01 4.161178042408563442e+02 8.194679025624598978e+01
6.536981139669257573e+03 1.142431863041946372e+01 3.569272034224471035e+00 1.278017085467678626e+01 4.128401616693582810e+02 8.138536198683226530e+01
