-2.178053698570804331e-01 5.973932772730086604e+00 3.481895936798267144e+00 2.925906130185718990e+00 1.439382956166560007e+03 5.753939620531440369e+02
3.096513310855165813e+01 5.845395819088620826e+00 3.501578012002033891e+00 2.785229812119669468e+00 1.460480012656579220e+03 6.037373704179718743e+02
3.266549250858555098e+01 7.943286486495373389e+00 4.245858449859785111e+00 3.473949873023388424e+00 1.394585004638937107e+03 6.183540443820132850e+02
5.062271960809523819e+01 7.507807996814257478e+00 4.507403697863058945e+00 3.443867760739455885e+00 1.419822611045112808e+03 6.167295550971857665e+02
9.615651430567696423e+01 8.116513283750428798e+00 4.583505182247215259e+00 3.514842896514666748e+00 1.911381314966433820e+02 8.301513218785110837e+01
1.491891905845739075e+02 8.215299899996123756e+00 4.370721657806388549e+00 3.340624793233258227e+00 1.924324482689947615e+02 7.678690287737941844e+01
2.009283629902583925e+02 7.895091671547442402e+00 4.595408949471263327e+00 3.564594758100366967e+00 3.559391671350709885e+02 8.360580640031840005e+01
2.491160194156167620e+02 8.622473134586597254e+00 4.659305063313057715e+00 3.605837142292032560e+00 3.420838955875580609e+02 1.495839245330631115e+02
3.053203806046071804e+02 8.635745876540608990e+00 4.761156014094018118e+00 3.679968788828891668e+00 3.685452817643488288e+02 1.458821173178899642e+02
3.614605844669297312e+02 9.138556427901500356e+00 5.060348678619495111e+00 3.737147982040216032e+00 3.450064601413091054e+02 1.491751335764150497e+02
4.216244667935478674e+02 8.924940968205216762e+00 4.787237524581899883e+00 3.655538782707163925e+00 3.443721306086958975e+02 1.477055121319673106e+02
4.952074790160913267e+02 9.450711189270545987e+00 5.451036699297453936e+00 4.008432644859245997e+00 3.754243874875589313e+02 1.393794875834213656e+02
5.920472906975821843e+02 1.075491971890805232e+01 5.432640040375626533e+00 4.081417948757964709e+00 3.545613420031519922e+02 1.363493847264215901e+02
6.989831932663294083e+02 1.058214773394154662e+01 6.247659678649873705e+00 4.296473538367375333e+00 7.276749440210953708e+02 3.076195717611350915e+02
8.292898821050064271e+02 1.134007248767506937e+01 6.169951195319122839e+00 4.587426338506654488e+00 7.310153642579473399e+02 3.222664147385828528e+02
8.712927211498523548e+02 1.171096749639564472e+01 6.437758192283292935e+00 4.583306886756523646e+00 7.246237657826633267e+02 3.226584732251370156e+02
1.032450193604355491e+03 1.124744158585437148e+01 6.673103778800009600e+00 4.630773973540620148e+00 7.745884716960570131e+02 2.987615978186615848e+02
1.080876753522818944e+03 1.122212996516105221e+01 6.645094222726705802e+00 4.719684140716247533e+00 7.137312655099181029e+02 3.207524769996087457e+02
1.170490209397686385e+03 1.227026196477455500e+01 6.277097305205129096e+00 4.594453023664066826e+00 7.334201161050258406e+02 3.219468815418717327e+02
1.261494411332082336e+03 1.202201092373576330e+01 6.746775080983330675e+00 5.051217357454546253e+00 7.105349529113045719e+02 3.029100797665841469e+02
1.344279537591657117e+03 1.172458503488893378e+01 6.469012944175168478e+00 5.007944655341585616e+00 7.162291348100700361e+02 3.225079185276114231e+02
1.585410113755984412e+03 1.283283970545519814e+01 6.549907143740020032e+00 5.027545015412126617e+00 7.755966109433187512e+02 3.135077077452522190e+02
1.860049742301230026e+03 1.261772780139667027e+01 6.495524461752954615e+00 4.881687254356799066e+00 8.161960915550725986e+02 3.065078464337369155e+02
2.084582875603028242e+03 1.288291177867835557e+01 6.754304355847031260e+00 5.066379800480107498e+00 8.356633154319498544e+02 3.022109813025547851e+02
2.279830776222101122e+03 1.361625244383559519e+01 7.259188446811937645e+00 5.219344832726820371e+00 8.185624244039992163e+02 3.123806739893638564e+02
2.227073365235961319e+03 1.309601417719189875e+01 7.158772435248162758e+00 5.181290424111069548e+00 7.803439745149122473e+02 2.976008935073382418e+02
2.696672268926175093e+03 1.328713983375117280e+01 7.419805465423916502e+00 5.528363593405005716e+00 8.322177744916185702e+02 3.130223319590780875e+02
2.686660772254961103e+03 1.338607643686968096e+01 7.378687079847392916e+00 5.481546355578166718e+00 8.113270549304808128e+02 3.074275842496355722e+02
2.967682823708609249e+03 1.355744735704674575e+01 7.661363783565141361e+00 5.578312038217717372e+00 8.214516782436758149e+02 3.262800824833066144e+02
3.002335660562085195e+03 7.702286615466999109e+00 0.000000000000000000e+00 1.010222439391535509e+01 8.324369081018219276e+02 3.166631970926083000e+02
2.924989498752853251e+03 8.037043512231448972e+00 0.000000000000000000e+00 9.846876458566319101e+00 5.725777921260272706e+04 0.000000000000000000e+00
2.975779607788706471e+03 8.664410042460058747e+00 0.000000000000000000e+00 1.043198135900489198e+01 5.765682084108355048e+04 0.000000000000000000e+00
3.294439295781521196e+03 8.175768534680130983e+00 0.000000000000000000e+00 1.065273692974386854e+01 5.583281945021634601e+04 0.000000000000000000e+00
3.184420234108330533e+03 8.757948022696201207e+00 0.000000000000000000e+00 1.043881513944003991e+01 5.811634841806862096e+04 0.000000000000000000e+00
3.420973218510050174e+03 9.034550273805342258e+00 0.000000000000000000e+00 1.086888671161766062e+01 5.887415884249358351e+04 0.000000000000000000e+00
3.603011962864370616e+03 8.518653486015049126e+00 0.000000000000000000e+00 1.125227511933760027e+01 5.654495157253478101e+04 0.000000000000000000e+00
3.554019983662329196e+03 9.217205302307936776e+00 0.000000000000000000e+00 1.131673968465558566e+01 5.852473239036396990e+04 0.000000000000000000e+00
3.511713554649055823e+03 9.259853893920194423e+00 0.000000000000000000e+00 1.071011860736022925e+01 5.532628531881788513e+04 0.000000000000000000e+00
3.816966772623541146e+03 9.532925964853156131e+00 0.000000000000000000e+00 1.123341038786683654e+01 6.017919342364954355e+04 0.000000000000000000e+00
4.035406136248055191e+03 9.607054955809527286e+00 0.000000000000000000e+00 1.166699491681477596e+01 6.014651277080409636e+04 0.000000000000000000e+00
4.041760910674610841e+03 9.063580344982634429e+00 0.000000000000000000e+00 1.170654442115268701e+01 6.003469889491008507e+04 0.000000000000000000e+00
3.873577124327069214e+03 9.270855708507397708e+00 0.000000000000000000e+00 1.117797813297099019e+01 5.837475792337881285e+04 0.000000000000000000e+00
4.253851152692354844e+03 9.472941008406184693e+00 0.000000000000000000e+00 1.111485927825210318e+01 5.866645796269814309e+04 0.000000000000000000e+00
4.479559876103089664e+03 1.000958990898117662e+01 0.000000000000000000e+00 1.202719374308458100e+01 6.005661527159802063e+04 0.000000000000000000e+00
4.190704434994364419e+03 1.017855436933760771e+01 0.000000000000000000e+00 1.214615463185698196e+01 5.966622729595417331e+04 0.000000000000000000e+00
4.442462150531066982e+03 1.023431263583987594e+01 0.000000000000000000e+00 1.119730766624478591e+01 5.697164976008208760e+04 0.000000000000000000e+00
4.717339486557841155e+03 1.009001298938242996e+01 0.000000000000000000e+00 1.128771461122270026e+01 5.759933773487242433e+04 0.000000000000000000e+00
4.625131361138403918e+03 9.990564813998126681e+00 0.000000000000000000e+00 1.240057326727158937e+01 5.907965908479972131e+04 0.000000000000000000e+00
4.691533522149707096e+03 1.021596672228134217e+01 0.000000000000000000e+00 1.163890030489471528e+01 5.774857363337004062e+04 0.000000000000000000e+00
5.055216651091772292e+03 1.069201262049358192e+01 0.000000000000000000e+00 1.152286354453199024e+01 5.688102989618016727e+04 0.000000000000000000e+00
5.111275654303652118e+03 1.044010295923250986e+01 0.000000000000000000e+00 1.231142916245827656e+01 5.732027468930565374e+04 0.000000000000000000e+00
4.956262541702197268e+03 1.057356875394584250e+01 0.000000000000000000e+00 1.229171631522949681e+01 5.595428247329805890e+04 0.000000000000000000e+00
5.117673588747675240e+03 9.867562808779290151e+00 0.000000000000000000e+00 1.179307006261015545e+01 5.659786295436375804e+04 0.000000000000000000e+00
4.933068257193725913e+03 1.131808331534530865e+01 3.354731458395479926e+00 1.238702763930501050e+01 4.308394766532155700e+02 8.858245712070095124e+01
5.273291040949471608e+03 1.082744865356156261e+01 3.649744131399193403e+00 1.247132226608950845e+01 4.518363187621184238e+02 8.204278902081520641e+01
5.092179405390682405e+03 1.147987057758919782e+01 3.663710087472559440e+00 1.237243913134252260e+01 4.419519195959171611e+02 8.288819894021479229e+01
5.122377509874459975e+03 1.125850671284110049e+01 3.665165543613392529e+00 1.351396579908730011e+01 4.578113174454614978e+02 8.183422248194877113e+01
5.501229760484946382e+03 1.147311925705925262e+01 3.503178430038478286e+00 1.275512727220859865e+01 4.515670747172998745e+02 8.878903625183613713e+01
5.567508929996659390e+03 1.169670012800241210e+01 3.591644804669576363e+00 1.305453538637935651e+01 4.392890106942218722e+02 8.136167909361189743e+01
5.829819071176241778e+03 1.149255849834993626e+01 3.593623471862128493e+00 1.344489867629606472e+01 4.488573110701936457e+02 8.435976699016930525e+01
5.857800767594565514e+03 1.093829461974747375e+01 3.699765671886647400e+00 1.293368683183152790e+01 4.153903849901153080e+02 8.093802245771867376e+01
5.718667614427431545e+03 1.095528499638689546e+01 3.585550325018342921e+00 1.342969232943323199e+01 4.436003103060305648e+02 8.130595067453579361e+01
6.022299019908825358e+03 1.133922859717056753e+01 3.484272684801541065e+00 1.307991921260113877e+01 4.423451940866696077e+02 8.787130868786499605e+01
5.985746412227947985e+03 1.091265409030384426e+01 3.830417318441375230e+00 1.243246899409129469e+01 4.221403182316452103e+02 8.226990099881288643e+01
6.306136657679148811e+03 1.122566654663563668e+01 3.510151341933617886e+00 1.281804665206031402e+01 4.308048596473548741e+02 8.661897025702423036e+01
6.129722191019331149e+03 1.070303232015807104e+01 3.556372405163522821e+00 1.359159221470552836e+01 4.286152525575827212e+02 8.674898781500819211e+01
6.449081151661848708e+03 1.136266371534039443e+01 3.505477005986014305e+00 1.337964129941388514e+01 4.371496300022092782e+02 8.798995319528712855e+01
