4.805787509656920253e-01 5.815567284403065251e+00 3.476262032936472401e+00 2.728684601982850122e+00 1.414263461211375215e+03 6.082225739611517383e+02
3.456772113072611319e+01 5.605173137593419064e+00 3.309863243413332601e+00 2.824346633170427001e+00 1.436703293928496805e+03 6.252397657384370859e+02
3.090695750225042815e+01 7.695326848922850793e+00 4.410101477526817249e+00 3.247504593420761587e+00 1.424049740799469873e+03 6.277199644451075073e+02
5.027527339582402277e+01 7.498193145104988133e+00 4.314251358428895955e+00 3.220137486553604766e+00 1.400685950005969516e+03 6.170223849742475295e+02
9.452925476586487719e+01 8.204283376611435585e+00 4.541704139092863635e+00 3.524530970148483711e+00 2.005071494466646413e+02 7.864283219306298633e+01
1.506593087825939676e+02 8.427248177326790213e+00 4.356839412492263364e+00 3.266856760572995011e+00 2.027585850399601952e+02 7.814323091267148413e+01
1.915903779684186929e+02 8.625438466833793782e+00 4.692346249658390533e+00 3.500308096030594562e+00 3.451927829523453397e+02 7.917362621445073501e+01
2.581471193335270868e+02 8.136698179716089996e+00 4.830753034828492609e+00 3.564114998169897852e+00 3.704766546115763504e+02 1.360086010738070286e+02
2.854438493003277131e+02 8.577554500481241462e+00 4.620873638661572080e+00 3.630961006658517842e+00 3.476006942411943328e+02 1.490838934618736005e+02
3.616171904469420042e+02 8.944865266487962430e+00 5.043907168400015628e+00 3.485173235623228560e+00 3.721688733114885963e+02 1.425537686896111609e+02
4.012449894712265746e+02 8.969124029574183865e+00 5.075858917002840975e+00 3.511516577367703729e+00 3.449492410416596044e+02 1.389064785352115905e+02
5.110042688979953596e+02 9.315860303332446080e+00 5.180078125963519575e+00 3.713151942491589086e+00 3.611328580740954521e+02 1.379263649470227335e+02
5.740134226496918473e+02 9.817343719277021208e+00 5.539493095363651420e+00 3.947189711760132891e+00 3.430660308768886466e+02 1.415912586278911363e+02
6.833652063360517559e+02 1.030393643144929428e+01 6.151401687413649455e+00 4.378592744538880588e+00 7.250768801672701329e+02 3.023484825430126079e+02
8.238880693803374697e+02 1.073446357278706920e+01 6.333667344509938957e+00 4.291824939916197401e+00 7.490935977035306905e+02 3.051523210606578687e+02
9.452774746624240834e+02 1.126707905509394791e+01 6.126057985470238165e+00 4.625568046496375096e+00 7.337082433535791779e+02 3.071381916269792782e+02
9.977230938737598080e+02 1.095510080952998422e+01 6.610621906106047163e+00 4.760125588768808313e+00 7.362677437765977402e+02 3.074458228365458581e+02
1.065192826055346586e+03 1.189445820285708955e+01 6.114074972669855335e+00 4.493134523340075681e+00 7.098103296044857871e+02 3.218176789282391042e+02
1.223253087260711482e+03 1.149617842817288782e+01 6.237984229299494920e+00 4.878301423349118870e+00 7.678901639865787274e+02 3.010971121802715516e+02
1.313481765507364798e+03 1.145374323149994034e+01 6.609969726545403823e+00 4.754243457184531785e+00 7.670261606110207140e+02 2.996840876739449868e+02
1.365867232325295163e+03 1.154065516553615112e+01 6.551931490644879119e+00 5.098241247005807608e+00 7.757725580418651816e+02 3.148074925240567836e+02
1.589234565482925518e+03 1.249461175800044721e+01 6.934035675881547789e+00 5.203725051012934699e+00 7.630308365625852502e+02 3.180633433373832304e+02
1.870704157892540252e+03 1.266685647168193896e+01 6.515678672283303996e+00 5.101107360409503855e+00 8.199442510076008830e+02 2.970146791740211825e+02
1.926465861947155190e+03 1.284270694217885200e+01 7.102911914214745437e+00 5.054939183547924486e+00 8.225364518306500941e+02 3.026469202879226827e+02
2.254026628653673015e+03 1.253958340198609278e+01 7.228705423120478812e+00 5.406858784028732323e+00 8.156205349123462156e+02 3.060685665246719509e+02
2.205166269959305737e+03 1.300502154426065005e+01 7.332781629821059965e+00 5.321499474696969934e+00 7.963444958266577487e+02 3.201983284433194399e+02
2.649498538030590680e+03 1.328532744470797944e+01 6.785559926618243587e+00 5.662403603019246390e+00 7.728198809364459976e+02 3.159273092144010775e+02
2.551303305754061967e+03 1.321805933894123086e+01 7.470255361582109010e+00 5.726466225267871302e+00 8.039407000532555685e+02 3.000775658745922669e+02
2.967454650507823317e+03 1.331254913355001968e+01 7.064242018700867654e+00 5.909987453548914083e+00 7.669994501164562735e+02 3.075182102249539753e+02
2.820103216126040024e+03 7.790509189115772948e+00 0.000000000000000000e+00 9.931138952432901235e+00 7.650067570683946769e+02 3.264171027727632008e+02
2.891541160995664541e+03 8.553405857807316437e+00 0.000000000000000000e+00 1.002557023985578510e+01 5.997752347487695079e+04 0.000000000000000000e+00
2.965965707263098921e+03 8.233368448298016062e+00 0.000000000000000000e+00 1.059245580845990631e+01 5.893250334162743820e+04 0.000000000000000000e+00
3.246332259746878663e+03 8.828258933778895923e+00 0.000000000000000000e+00 1.008406342798028099e+01 5.804916307828304707e+04 0.000000000000000000e+00
3.138695999102349560e+03 8.477820053400945355e+00 0.000000000000000000e+00 1.005802177648256901e+01 5.940705881941681582e+04 0.000000000000000000e+00
3.226546910379970086e+03 8.363897764500073606e+00 0.000000000000000000e+00 1.084088137022938625e+01 5.727714575852196867e+04 0.000000000000000000e+00
3.528556260141215716e+03 9.259741530518660113e+00 0.000000000000000000e+00 1.111726642437099599e+01 5.881216381280919450e+04 0.000000000000000000e+00
3.426785599651965185e+03 9.492070411315046030e+00 0.000000000000000000e+00 1.135782196007537159e+01 5.895629015682243335e+04 0.000000000000000000e+00
3.501244890243140162e+03 9.543764414557626807e+00 0.000000000000000000e+00 1.090443647857765441e+01 5.842574785493065428e+04 0.000000000000000000e+00
3.914967352101885353e+03 9.699902067373230352e+00 0.000000000000000000e+00 1.116542085854735333e+01 5.655125573026434722e+04 0.000000000000000000e+00
3.898782563368409228e+03 8.915338256932136218e+00 0.000000000000000000e+00 1.073778922806554093e+01 5.679079953203279729e+04 0.000000000000000000e+00
4.141995735633498043e+03 9.614542296264094290e+00 0.000000000000000000e+00 1.134688236031320940e+01 5.546446612763499434e+04 0.000000000000000000e+00
3.976219679833586270e+03 1.001907433801971337e+01 0.000000000000000000e+00 1.119421399393511329e+01 6.046707213344545016e+04 0.000000000000000000e+00
4.232672964790456717e+03 9.394460052179070431e+00 0.000000000000000000e+00 1.140087434663292143e+01 5.793908373373797076e+04 0.000000000000000000e+00
4.346149959814338217e+03 1.016559702502392248e+01 0.000000000000000000e+00 1.106112914994609575e+01 5.913933282231298654e+04 0.000000000000000000e+00
4.573117665956278870e+03 9.439965960413006840e+00 0.000000000000000000e+00 1.144978136117716083e+01 5.792186814901272737e+04 0.000000000000000000e+00
4.488553740489715892e+03 1.015987677063532324e+01 0.000000000000000000e+00 1.178012072693792156e+01 5.630408599797519855e+04 0.000000000000000000e+00
4.574300900616529361e+03 1.046299511287042527e+01 0.000000000000000000e+00 1.122346213039095808e+01 5.618949776305162959e+04 0.000000000000000000e+00
4.582330889718425169e+03 9.919475510800733531e+00 0.000000000000000000e+00 1.186283072468300226e+01 5.531471243558940478e+04 0.000000000000000000e+00
4.679196081749805671e+03 1.007571225411660087e+01 0.000000000000000000e+00 1.144086359974861544e+01 6.066682210642261634e+04 0.000000000000000000e+00
4.660967470690531627e+03 1.003317431617174904e+01 0.000000000000000000e+00 1.209414522125364755e+01 5.935631633459787554e+04 0.000000000000000000e+00
5.137536988879188357e+03 9.776028733105416535e+00 0.000000000000000000e+00 1.175608720228843040e+01 5.803402929821860744e+04 0.000000000000000000e+00
4.870605236406114273e+03 1.022031812446944166e+01 0.000000000000000000e+00 1.247504912321411297e+01 5.724044095843110699e+04 0.000000000000000000e+00
5.317342986398726680e+03 1.019266431395411132e+01 0.000000000000000000e+00 1.267964145471546189e+01 5.914226736013129994e+04 0.000000000000000000e+00
5.301752059595245555e+03 1.118165210963515399e+01 3.385897986728960696e+00 1.263766413407943645e+01 4.245063583010937691e+02 8.464767124332584558e+01
4.936518417342831526e+03 1.071039386428379814e+01 3.372275241773043497e+00 1.292327258818539804e+01 4.550474411801402539e+02 8.455128326711744080e+01
5.020014756081352061e+03 1.087244761078680000e+01 3.390567856717563888e+00 1.293561024194445253e+01 4.536073195024554821e+02 8.900198665570380285e+01
5.577294387513805304e+03 1.085763837789962594e+01 3.721848888000145905e+00 1.246007699205618557e+01 4.401114998611564033e+02 8.903591027778294631e+01
5.633969791525370965e+03 1.145799953964889184e+01 3.715091067611542730e+00 1.345022155116332030e+01 4.598695093911735512e+02 8.300273957864352781e+01
5.338250314537322083e+03 1.162696444959462205e+01 3.771540924745314438e+00 1.339853660342407693e+01 4.556824781234120110e+02 8.654025078591837428e+01
5.740742410503899919e+03 1.126787564814798870e+01 3.771132247233517809e+00 1.324856068440836232e+01 4.385726350011782415e+02 8.902540633487203081e+01
5.981288907439977265e+03 1.105670525669145476e+01 3.665733470607070998e+00 1.322128297604886171e+01 4.339592627620844496e+02 8.482085361971925863e+01
5.715192148140879908e+03 1.163244315907087412e+01 3.791106880842100679e+00 1.270818489416284791e+01 4.423453682769810484e+02 8.361751330060327803e+01
5.715911957423171771e+03 1.124530949445837535e+01 3.831461688668044374e+00 1.360914221748601349e+01 4.299853837785472592e+02 8.157046448925811433e+01
6.095728874337725756e+03 1.146347650528191231e+01 3.703851309597207653e+00 1.338593979454129190e+01 4.266452458234889491e+02 8.102119432047737746e+01
6.328604113515885729e+03 1.141900058705445176e+01 3.842007465274459133e+00 1.365600582983914002e+01 4.508788522541517523e+02 8.908089800890626009e+01
6.139885374713915553e+03 1.102329361075679870e+01 3.658962187167428937e+00 1.354794396393407929e+01 4.177922333573913534e+02 8.395618258754315377e+01
6.543555700468131363e+03 1.099463933582761221e+01 3.639407063348464533e+00 1.259980024998828441e+01 4.520063677478165118e+02 8.508999407794392766e+01
