1.171784589604174531e-02 6.062041594385598309e+00 3.190942064266376388e+00 2.795765035595132453e+00 1.458704250276629409e+03 6.177324347305254832e+02
3.384681809860624924e+01 5.827703854135071637e+00 3.422373250065997574e+00 2.922433447714321897e+00 1.446170777154893585e+03 5.927499202350982159e+02
3.379271599215497446e+01 8.048944456094799804e+00 4.437120712490107977e+00 3.430191279576673136e+00 1.366359169258221300e+03 5.966346459060871439e+02
5.003514252184796618e+01 7.893448422701299094e+00 4.502198635932055382e+00 3.427325068994117263e+00 1.359992250844624323e+03 6.096865122553587071e+02
1.054624404783699418e+02 7.955110294470907562e+00 4.540896467371795531e+00 3.333491812723514247e+00 1.908105292035117486e+02 7.633276287045876529e+01
1.550074851385759871e+02 7.910757489585247271e+00 4.692133362350714876e+00 3.329761312648963134e+00 2.077020370226291561e+02 8.172540542494395766e+01
2.022137951912442588e+02 8.567621321432255854e+00 4.791907601183027943e+00 3.359736972146191381e+00 3.627699366419995499e+02 8.100514926804420668e+01
2.490542104121921909e+02 8.545748753895693994e+00 4.549012130353720984e+00 3.622642446053519816e+00 3.742870937442422132e+02 1.458908193723273712e+02
2.869426715544976787e+02 8.290117031966666161e+00 4.638274638895030222e+00 3.506232302181898408e+00 3.769792524998553631e+02 1.425609421064371816e+02
3.549809977077561030e+02 8.328734311938115198e+00 4.817365080154052848e+00 3.702870308394593746e+00 3.473696446945596676e+02 1.400231376976099966e+02
4.068902805092237713e+02 8.543973100410809707e+00 4.830443124757087148e+00 3.765721759693712034e+00 3.516587929078990555e+02 1.363652285863574036e+02
4.905585908974686049e+02 9.447434402653467345e+00 5.163699713076002951e+00 3.805271528305435247e+00 3.720744118938212637e+02 1.447220529512140956e+02
6.218160174591131408e+02 1.033535556724519111e+01 5.668204670288221614e+00 4.014875023353691397e+00 3.673189542299248274e+02 1.499616319407997480e+02
6.835795261265534464e+02 1.038154689445672751e+01 5.725244756911852306e+00 4.360540168272344808e+00 7.449010748459872957e+02 3.220188226015315536e+02
7.900034267379601260e+02 1.084254911232023666e+01 5.877085352112501049e+00 4.413586808193287858e+00 7.419758234820978942e+02 2.974538600864423756e+02
9.049051413160902939e+02 1.170305323649183826e+01 6.243448304583893105e+00 4.749757970876676616e+00 7.582272555548395303e+02 3.104230892259024586e+02
9.879987259809643092e+02 1.174941822076501019e+01 6.656433318206127048e+00 4.530843085313159158e+00 7.461303850528038311e+02 3.136110259709298589e+02
1.074177968413052895e+03 1.108622063503869626e+01 6.415114570059479604e+00 4.665298948159727566e+00 7.596295792850955877e+02 3.167502675561797219e+02
1.161088553028938577e+03 1.208401402506823885e+01 6.558850961849913119e+00 4.637920578198430732e+00 7.678315317235854991e+02 3.105032309938345065e+02
1.236985494647829455e+03 1.215825379882072177e+01 6.559254495087574632e+00 4.881122113590340206e+00 7.057121204665763798e+02 3.244974981105709730e+02
1.468401071400202227e+03 1.202940682958989704e+01 6.720474340831467330e+00 4.675678874191265599e+00 7.647906277241597763e+02 3.195914646537652857e+02
1.548531304163816912e+03 1.245930651202438888e+01 6.778277709190517086e+00 5.064336473010198070e+00 7.036842336205266975e+02 3.197184575408165870e+02
1.742904931073629996e+03 1.258107595699247661e+01 6.641214578280909109e+00 5.349582185222431008e+00 7.662461154973334487e+02 3.073591216600934786e+02
1.992242370327134040e+03 1.294216525859768296e+01 6.801916340490751445e+00 5.433380342041017386e+00 8.268356988958544207e+02 3.161645964264869804e+02
2.128572106005498881e+03 1.360994562385243256e+01 6.766086101335935687e+00 5.161139157893072316e+00 7.915457152814337860e+02 3.019571547585370581e+02
2.323887079423936484e+03 1.279652529893674462e+01 6.737537171618878773e+00 5.504403287873072870e+00 8.279909914526040211e+02 3.191318952340767510e+02
2.610556011807938376e+03 1.355074743093520162e+01 7.203032053521551070e+00 5.143019817931287818e+00 7.870279205650997483e+02 3.202339436233282868e+02
2.674229997648857534e+03 1.328166020530554903e+01 7.026355869641531804e+00 5.794361878586904879e+00 7.937852352752096294e+02 3.176445279706803717e+02
2.867535099860298033e+03 1.384905395672826955e+01 7.491302740796266235e+00 5.891579808354499903e+00 8.367860787416258290e+02 3.093457060778107461e+02
2.827358120410714037e+03 7.697694084256031744e+00 0.000000000000000000e+00 9.657539268546091904e+00 8.124550959541062412e+02 3.033123048873574703e+02
3.058991640122260833e+03 8.591822570474128895e+00 0.000000000000000000e+00 9.562609436886983616e+00 5.998528755486736191e+04 0.000000000000000000e+00
3.075037845242020012e+03 8.022185319672809456e+00 0.000000000000000000e+00 1.056342847953835218e+01 5.971732044897316518e+04 0.000000000000000000e+00
3.209411224355048489e+03 8.849267355445268990e+00 0.000000000000000000e+00 1.059750818689387941e+01 5.860102271254971856e+04 0.000000000000000000e+00
3.111313108960938735e+03 9.064574601791992592e+00 0.000000000000000000e+00 1.068970458694023762e+01 5.550890212477763998e+04 0.000000000000000000e+00
3.531487449159162225e+03 9.050733881931053659e+00 0.000000000000000000e+00 1.038520444499824080e+01 5.919289849480871635e+04 0.000000000000000000e+00
3.329767221765443082e+03 9.128426708642262355e+00 0.000000000000000000e+00 1.049414130486589869e+01 5.709378859854573238e+04 0.000000000000000000e+00
3.618267749059282778e+03 9.313516329517289805e+00 0.000000000000000000e+00 1.036280077882728179e+01 5.603480587820603978e+04 0.000000000000000000e+00
3.540990600090964563e+03 9.053989698195485047e+00 0.000000000000000000e+00 1.149748260198538041e+01 5.743640482629004691e+04 0.000000000000000000e+00
3.893940924059083500e+03 9.392403548089490073e+00 0.000000000000000000e+00 1.120615468288216121e+01 6.022137368147001689e+04 0.000000000000000000e+00
3.700470524015373485e+03 9.616443297065709217e+00 0.000000000000000000e+00 1.088751899877127194e+01 5.494574036845082446e+04 0.000000000000000000e+00
3.981061897773817236e+03 9.530927617409387764e+00 0.000000000000000000e+00 1.112146888692717894e+01 5.803264246506471682e+04 0.000000000000000000e+00
4.199844087900914928e+03 9.298338311220804897e+00 0.000000000000000000e+00 1.124601878029809754e+01 5.934935445305542817e+04 0.000000000000000000e+00
4.181212156056138156e+03 9.685402563813367394e+00 0.000000000000000000e+00 1.145940166965425711e+01 5.770500475828778144e+04 0.000000000000000000e+00
4.202488418323866426e+03 9.846381295516691168e+00 0.000000000000000000e+00 1.106167482324891793e+01 6.059295849595621985e+04 0.000000000000000000e+00
4.241270069616994078e+03 9.559544411983292633e+00 0.000000000000000000e+00 1.168465175249716381e+01 5.550969455443174957e+04 0.000000000000000000e+00
4.622202451923212720e+03 1.012406054921515519e+01 0.000000000000000000e+00 1.204479391966012081e+01 5.743680745289108745e+04 0.000000000000000000e+00
4.542148083701658834e+03 1.006083167944606060e+01 0.000000000000000000e+00 1.178037838145226246e+01 5.533469206964802288e+04 0.000000000000000000e+00
4.639888802846081489e+03 1.023895820344212204e+01 0.000000000000000000e+00 1.229271196908084640e+01 5.888405490902047313e+04 0.000000000000000000e+00
4.536121979228784767e+03 1.022584427614279967e+01 0.000000000000000000e+00 1.139217313088263239e+01 5.523973853631638485e+04 0.000000000000000000e+00
4.718485387535426526e+03 9.745424188357457496e+00 0.000000000000000000e+00 1.247331588856423323e+01 6.062247047994357854e+04 0.000000000000000000e+00
5.002369474813659508e+03 1.036238158163395617e+01 0.000000000000000000e+00 1.192387338737466962e+01 6.004862625133416441e+04 0.000000000000000000e+00
5.083700864869485486e+03 1.039718877730485325e+01 0.000000000000000000e+00 1.166280376442001732e+01 5.790209358006968978e+04 0.000000000000000000e+00
5.115377791220543259e+03 1.055932193500741789e+01 0.000000000000000000e+00 1.271441318994624403e+01 5.533713152598397573e+04 0.000000000000000000e+00
5.126244760950721684e+03 1.135542870956430406e+01 3.575366084301110803e+00 1.332083314322999357e+01 4.360751916605863698e+02 8.255971376416478336e+01
5.331874358912394200e+03 1.057499896906971237e+01 3.684424968608214002e+00 1.281605879801176862e+01 4.340889354006289977e+02 8.419295893537265840e+01
5.492292576147721775e+03 1.114731732936729713e+01 3.461360550101508782e+00 1.312636243082425480e+01 4.253087874175150773e+02 8.354899810447712127e+01
5.289819321573587331e+03 1.137799645824997619e+01 3.611088528051090485e+00 1.256409103429754914e+01 4.210515031136825996e+02 8.883900615823462488e+01
5.643283565750843991e+03 1.059279168983056607e+01 3.577352477558020993e+00 1.308847327780688374e+01 4.343151580411952182e+02 8.701441698435523620e+01
5.512643403473549370e+03 1.072995373064397384e+01 3.636400747897732266e+00 1.251731655915339125e+01 4.568915689117745842e+02 8.377650539801021523e+01
5.822464148135881260e+03 1.150501507983288185e+01 3.600382155574317178e+00 1.315411807769947217e+01 4.537089574270057142e+02 8.813502833147335025e+01
5.883905570608991184e+03 1.123692779312062839e+01 3.760717835988892421e+00 1.306791016262397598e+01 4.233480810704263035e+02 8.138415123273603058e+01
5.594594190387287199e+03 1.162647657053760497e+01 3.706942068134160273e+00 1.292992948971599887e+01 4.318280630178162482e+02 8.532451827250268650e+01
5.700951372184712454e+03 1.138634195350966039e+01 3.551378314373527800e+00 1.317115109616811530e+01 4.343974324833320111e+02 8.168303487902369397e+01
6.268521194408343035e+03 1.091579936179683763e+01 3.603427215673574047e+00 1.287014781007703412e+01 4.113413932677702292e+02 8.177111926524037244e+01
6.315098724105468136e+03 1.118613636809372203e+01 3.824932802772959661e+00 1.281995791280244568e+01 4.276910813713855646e+02 8.696644369180633305e+01
6.326794779041245420e+03 1.105462786590692481e+01 3.797285136560295982e+00 1.278247160926679449e+01 4.117428829314370660e+02 8.895723715518911945e+01
6.254810176920988852e+03 1.153361913472058653e+01 3.780307051579400834e+00 1.343835050331630399e+01 4.259751814055307477e+02 8.102772551252174082e+01
