-1.484076705291557552e+00 6.306097725257599151e+00 3.402846080877341528e+00 3.074846936274154618e+00 1.298092877513054191e+03 5.534203953615809723e+02
2.677807490900607945e+01 5.226258378592818055e+00 3.203810360322906003e+00 2.626350759822680292e+00 1.455417402789804555e+03 5.499712974357395296e+02
2.573324098995057341e+01 8.534664773240031366e+00 4.463636807255282335e+00 3.414560627459028996e+00 1.291736939187730059e+03 5.499811491169207329e+02
4.534218269679859503e+01 8.585353084354817810e+00 4.010005968258880671e+00 3.126604232387781401e+00 1.305648871736072351e+03 6.375858322473336557e+02
8.387494317293773349e+01 7.908430501574890137e+00 4.475924740788208567e+00 3.634210129028909275e+00 2.057771224634638543e+02 8.219208885792083663e+01
1.613688541838331219e+02 7.945519829480388374e+00 4.667585389614647084e+00 3.602672151336870687e+00 1.921227135493088269e+02 7.427500054950846220e+01
2.398799372534368501e+02 7.641811341512982025e+00 4.164975561855163377e+00 3.600225940645069844e+00 3.419136487223044014e+02 8.477580396563311638e+01
2.224234460925399617e+02 9.018131829424046231e+00 4.425823160134880752e+00 3.440108503029370546e+00 3.889888392376696515e+02 1.398381225802916958e+02
3.579570388964806398e+02 8.135738965741865059e+00 5.200828277504364827e+00 3.599408957360473060e+00 3.366995691659285512e+02 1.364340015357858533e+02
4.154901395520457754e+02 9.615494209911982892e+00 4.473210543144185536e+00 3.844466074879337558e+00 3.434720178754961921e+02 1.389896862939144739e+02
4.489300676143124065e+02 8.198957826862059761e+00 4.581369959716269591e+00 3.649372098730225833e+00 3.904186395052737453e+02 1.560140202427829195e+02
4.644082237652470440e+02 1.047650281100176883e+01 4.798858910148918966e+00 3.538002251018170341e+00 3.627635279691788810e+02 1.532254873017249395e+02
5.916011496072884484e+02 1.029557035369774809e+01 5.713554589291657493e+00 4.171649841999411912e+00 3.686410982885951171e+02 1.431428550959213055e+02
6.826185579408859212e+02 1.034664770457015770e+01 5.676591351533395446e+00 4.618308374318210063e+00 7.715310422596802482e+02 2.987712504800019815e+02
9.078955142552180178e+02 1.174492217159972896e+01 6.624821861222338626e+00 4.753495338871286613e+00 7.124261240490042155e+02 3.140120869548251790e+02
7.384095268847978559e+02 1.010443016044047937e+01 6.043005894475967921e+00 4.305941314766474903e+00 7.405566614513692230e+02 2.853849633927970331e+02
1.141674101238595313e+03 1.154276637988867193e+01 6.256160937619047679e+00 4.446087676410027889e+00 7.861940084541106444e+02 3.370858308596123720e+02
1.178609432362331063e+03 1.201897871474224999e+01 6.840143276281690277e+00 4.422202896016109719e+00 7.069639072616367912e+02 3.120613142523537817e+02
1.260759709564544892e+03 1.198125529910583431e+01 6.538844260860650515e+00 4.827174572477539449e+00 7.036035420335343815e+02 3.404486855372822447e+02
1.342609375874900252e+03 1.297190262128980542e+01 6.947011912210538931e+00 4.729879655303200536e+00 7.809553405876334864e+02 2.874376365401389535e+02
1.565456154318919289e+03 1.220739031734143865e+01 6.751187582329987613e+00 4.876659989970603348e+00 6.812959140346027880e+02 2.992727739195787535e+02
1.640526513203761851e+03 1.200386056925798428e+01 6.843636425012344482e+00 5.445114067860796325e+00 6.739140400640496864e+02 3.094421458517870747e+02
1.893089686123492811e+03 1.215563074432077073e+01 6.322195276445260248e+00 5.507240876563958665e+00 7.946608959440200124e+02 3.105784882477078668e+02
2.197061609981858965e+03 1.254847675960750308e+01 7.346087250254625722e+00 5.337556079931210284e+00 7.326995125447638202e+02 3.256686685109967243e+02
1.931542105604326025e+03 1.350561571371925673e+01 6.353875171408948752e+00 5.364181736572956716e+00 7.330517608831376037e+02 2.897989185617710746e+02
2.544456212305864028e+03 1.355074978014766351e+01 6.595442084938881955e+00 4.940143304648493938e+00 7.844200508968195891e+02 3.126912102322888813e+02
2.200192938359245545e+03 1.406134120219062211e+01 7.281773823252228439e+00 5.763867707500890170e+00 8.072849677784349751e+02 2.993695800985155984e+02
2.475118010881410555e+03 1.299427120908054079e+01 7.377692571005547428e+00 5.385678555315655203e+00 7.611624598732583991e+02 3.140223084859358096e+02
3.228899618039167308e+03 1.497034779004712846e+01 7.224284231585257565e+00 5.890771964424376783e+00 8.529626044691895004e+02 3.335878883324467097e+02
2.763873652268254773e+03 8.789088977056611185e+00 0.000000000000000000e+00 9.724630970813917585e+00 7.630432370091687062e+02 3.346904467118815774e+02
2.701711766212632938e+03 7.498184029793153904e+00 0.000000000000000000e+00 9.982288792554474099e+00 6.127575262928444863e+04 0.000000000000000000e+00
2.838420880928469160e+03 8.688810497908104225e+00 0.000000000000000000e+00 9.422282201409185376e+00 5.824875253749672993e+04 0.000000000000000000e+00
2.635266671537943694e+03 7.852931534838245575e+00 0.000000000000000000e+00 1.061685659096328038e+01 5.771779485251732694e+04 0.000000000000000000e+00
3.707381086843809499e+03 9.426791800838557833e+00 0.000000000000000000e+00 1.006518462304976680e+01 6.267268917491487809e+04 0.000000000000000000e+00
3.574651166446149091e+03 7.957191999267005045e+00 0.000000000000000000e+00 1.077402334474671441e+01 5.232787026767766656e+04 0.000000000000000000e+00
4.114093890924111292e+03 8.958385800867645798e+00 0.000000000000000000e+00 1.030067463278981066e+01 6.353217593127732835e+04 0.000000000000000000e+00
4.029415017980214088e+03 9.503454216297889445e+00 0.000000000000000000e+00 1.126486554088771008e+01 5.609303501093335944e+04 0.000000000000000000e+00
3.002010031816379524e+03 9.004589850990075917e+00 0.000000000000000000e+00 1.101588492911408856e+01 5.205013132578362274e+04 0.000000000000000000e+00
3.434540306043915280e+03 9.592811942855570706e+00 0.000000000000000000e+00 1.091893212857539552e+01 6.125643498715808528e+04 0.000000000000000000e+00
3.935381222175421499e+03 8.623016362737532248e+00 0.000000000000000000e+00 1.092279492219014614e+01 6.187563325183671986e+04 0.000000000000000000e+00
3.648219320153727949e+03 9.195428306374891392e+00 0.000000000000000000e+00 1.065746008182143179e+01 5.355815603840185940e+04 0.000000000000000000e+00
3.751573421302005499e+03 9.538003431429375567e+00 0.000000000000000000e+00 1.062695020803043633e+01 5.440053912006298197e+04 0.000000000000000000e+00
4.333817134950162654e+03 1.000390398981703477e+01 0.000000000000000000e+00 1.237502621937744074e+01 5.910852671142188046e+04 0.000000000000000000e+00
3.903253893163404427e+03 1.019062600522393502e+01 0.000000000000000000e+00 1.172931882874981291e+01 5.238155579942524491e+04 0.000000000000000000e+00
3.935959083741994618e+03 1.005185293758914433e+01 0.000000000000000000e+00 1.193055133232121001e+01 5.502967324701845791e+04 0.000000000000000000e+00
4.490981455402184110e+03 1.057181454618486782e+01 0.000000000000000000e+00 1.104181452437705957e+01 5.292491348564784857e+04 0.000000000000000000e+00
5.045087197457527509e+03 9.837888726595332756e+00 0.000000000000000000e+00 1.292550850297899601e+01 5.895469832194616902e+04 0.000000000000000000e+00
5.510360621698719115e+03 1.013060286912409680e+01 0.000000000000000000e+00 1.125234767517604162e+01 5.490597074541696929e+04 0.000000000000000000e+00
5.041548856969940061e+03 9.544362800377665934e+00 0.000000000000000000e+00 1.120035275592754509e+01 5.319823124672541599e+04 0.000000000000000000e+00
4.005705681783949785e+03 1.087617114091186643e+01 0.000000000000000000e+00 1.169641300891222713e+01 5.659127133557169873e+04 0.000000000000000000e+00
5.553358656193999195e+03 1.014139043153625863e+01 0.000000000000000000e+00 1.182522153567298240e+01 6.349812052922167641e+04 0.000000000000000000e+00
5.344850906119037063e+03 1.012370617601847655e+01 0.000000000000000000e+00 1.299801605047450792e+01 5.804141292509379855e+04 0.000000000000000000e+00
4.367163914811311770e+03 9.833058514749771106e+00 0.000000000000000000e+00 1.131414500286933489e+01 5.320880444163816719e+04 0.000000000000000000e+00
5.111352245074085658e+03 1.186268350776109592e+01 3.649911476401610066e+00 1.264915295235468484e+01 4.859772538691272530e+02 7.714352688037368466e+01
5.446263023922429056e+03 1.189795011549701620e+01 3.378429812330239645e+00 1.376826513125914531e+01 4.049227915859005975e+02 9.338368654680775194e+01
5.430779895246525484e+03 1.047791752771562557e+01 3.521342913954223608e+00 1.182077825118593495e+01 4.064857607599650464e+02 8.405092269930688076e+01
4.393035118543175486e+03 1.015371543990170089e+01 3.391791216624535643e+00 1.218558812368353550e+01 4.057361566725103899e+02 8.653257417588758926e+01
6.403025601979772546e+03 1.144949014408023125e+01 3.440616013091888803e+00 1.365448778246378048e+01 4.028394774188415681e+02 7.714772718927562778e+01
6.555724542131926682e+03 1.026741295949998189e+01 3.325251063681633479e+00 1.306548135817910072e+01 4.152790948980648977e+02 8.502238429587430346e+01
5.946972594816312267e+03 1.181252467480561563e+01 3.821034306548590997e+00 1.225981305604686078e+01 4.316619846454329945e+02 8.659275086352667472e+01
5.078952937792697412e+03 1.066637095676892777e+01 3.526675625585486085e+00 1.353927266035478283e+01 4.172679197169912868e+02 8.140213535071484330e+01
5.212872109365523102e+03 1.094612941828676433e+01 3.396551143153818231e+00 1.403153791508947634e+01 4.229664367108052829e+02 8.826086905350973666e+01
5.599249220792686174e+03 1.097924979610600360e+01 3.403738594995347366e+00 1.268319559701613919e+01 4.713028620026613567e+02 7.753868564075646930e+01
5.422982535066979835e+03 1.047420961391259375e+01 3.477800302546279365e+00 1.251915376079437969e+01 4.117413048274361813e+02 8.054562122998295592e+01
4.958646862786981728e+03 1.168289317596940613e+01 3.737249461106456394e+00 1.177531116216099782e+01 4.214454943470335024e+02 8.414717271688498101e+01
5.970997060412183600e+03 1.045388148796654626e+01 3.490528903549777073e+00 1.338307662070530490e+01 4.729190608117783086e+02 8.937174701745293248e+01
6.374609844859747682e+03 1.106156487721091430e+01 3.395118281265123716e+00 1.436108796185345859e+01 4.310896441645617188e+02 9.106115665536727022e+01
