4.382692592871847426e-01 5.833399123217859028e+00 3.409174806040998096e+00 2.690589802102387296e+00 1.463708123621720461e+03 6.126094494949682030e+02
3.136047849803968646e+01 5.705535675340045465e+00 3.253408931437214768e+00 2.920966375304490992e+00 1.376123038884162952e+03 5.864571812755623341e+02
3.286821071606396316e+01 7.866053679816416455e+00 4.178636545145445247e+00 3.242983473704577513e+00 1.394156426115691602e+03 6.123090525344629214e+02
4.916806024444297663e+01 7.530914115432179479e+00 4.211110510413154095e+00 3.307823254972415139e+00 1.386081641199463547e+03 5.832108690795665780e+02
9.859083576871454113e+01 8.022100020595830827e+00 4.333867390917460760e+00 3.471111409688896199e+00 1.919851309556793524e+02 8.026939839836435908e+01
1.508285884330565239e+02 8.244084587892732685e+00 4.672038217441356167e+00 3.534483139190693013e+00 1.997593405984537185e+02 7.931417731611591648e+01
2.015920225354220747e+02 7.960664454399535295e+00 4.808101346355123873e+00 3.454584529688311090e+00 3.432334842908505834e+02 8.032515915450903776e+01
2.481740798287326584e+02 8.823021522786646642e+00 4.610664307832648134e+00 3.615024348488399486e+00 3.768671197747943324e+02 1.398449080013688217e+02
2.857347829695835344e+02 8.284380576783764383e+00 4.625521066101298651e+00 3.412624461134365461e+00 3.655805946161664224e+02 1.422875829220124331e+02
3.523377958965642165e+02 8.634513291749437158e+00 4.718953222064810049e+00 3.563788734733829955e+00 3.698053571483903283e+02 1.487627938468439197e+02
4.087747613402399907e+02 8.889080774066005830e+00 4.745480876076745957e+00 3.659746385943653646e+00 3.420476737506772338e+02 1.434656477584550487e+02
5.173836805022218641e+02 9.096188119633081826e+00 5.200489639026265820e+00 3.882299794010807492e+00 3.719937164219036276e+02 1.493153970250821772e+02
6.086487930763180429e+02 1.054281182647532766e+01 5.829191435938745336e+00 3.914190545840444013e+00 3.710846086478376833e+02 1.392471327756973096e+02
6.893107928033756480e+02 1.047202433034383873e+01 6.255036350080888319e+00 4.168938342397783714e+00 7.067551909318814296e+02 3.139460839046832348e+02
7.936930463044238877e+02 1.069977504176369010e+01 6.119742652397565763e+00 4.327051672842645580e+00 7.459953542917293134e+02 3.141540215080463554e+02
8.876572761465426993e+02 1.081241463523397783e+01 6.026955002811323681e+00 4.720023673498521255e+00 7.162041011304016820e+02 3.066801351204568959e+02
1.041311351812589464e+03 1.096925098529214360e+01 6.677183414441664411e+00 4.460058773105963326e+00 7.055591059598870061e+02 3.104259660343184919e+02
1.122083294453500002e+03 1.121077217673970239e+01 6.689546464554505079e+00 4.636716003684901999e+00 7.488332736650601191e+02 3.008061509849059121e+02
1.187601659831585266e+03 1.176970094558240376e+01 6.721942431261601847e+00 4.859861615116957800e+00 7.259304958805527122e+02 3.013152378428524685e+02
1.279116913849494949e+03 1.190373326151373057e+01 6.329551959084627200e+00 4.754290750048856040e+00 7.142586587809735192e+02 3.159756760425591438e+02
1.419870466775018713e+03 1.221097272784152032e+01 6.735624228588434903e+00 5.086730070132010617e+00 7.347395648577792144e+02 3.098857681993207507e+02
1.584567928362203702e+03 1.272364346106612665e+01 6.966746403202173532e+00 5.145032442614454027e+00 7.509901577167621554e+02 3.223312591802797442e+02
1.866097021204779821e+03 1.295180633318580377e+01 6.837025475710040823e+00 4.986005370498896028e+00 7.633569870800322406e+02 3.023151420171290624e+02
1.986445170738237948e+03 1.263444248993502583e+01 7.129378747103947589e+00 5.048616577078221646e+00 8.181909542692631021e+02 3.085042821911611668e+02
2.164973008998116256e+03 1.247480177265070367e+01 7.274340716383664862e+00 5.329866209332242200e+00 8.331159678788512792e+02 3.271982614548651895e+02
2.361893848121591418e+03 1.358140086533871127e+01 6.729127515027088613e+00 5.227419263058689758e+00 7.777010882490424137e+02 3.211471220053634283e+02
2.713616763838512725e+03 1.299666575388219059e+01 6.782185143184730869e+00 5.360930711159363149e+00 8.140857740684314194e+02 3.125058287851224463e+02
2.642982940295456046e+03 1.374226618573737646e+01 7.102939464929186819e+00 5.790578213134733865e+00 8.278792656958140697e+02 3.243199100581833250e+02
2.838572673990829117e+03 1.363207499380541776e+01 6.972298017613904442e+00 5.499767305472957446e+00 8.300349456557822805e+02 3.212892665492964852e+02
2.868892194993789417e+03 8.172727882057639448e+00 0.000000000000000000e+00 9.905796695466287716e+00 8.168972765850506903e+02 3.054042569597679631e+02
3.001087944133880228e+03 8.238687291499358523e+00 0.000000000000000000e+00 1.025233199040228982e+01 5.524690451455389848e+04 0.000000000000000000e+00
3.112655291640695850e+03 7.988169626401264267e+00 0.000000000000000000e+00 1.003705495174545703e+01 5.848957503789894690e+04 0.000000000000000000e+00
3.229213217600702137e+03 8.583720053867645916e+00 0.000000000000000000e+00 1.045897902219618736e+01 5.921806229765676835e+04 0.000000000000000000e+00
3.137226141495577849e+03 8.256067664084076441e+00 0.000000000000000000e+00 1.018361166081188607e+01 5.565476004052763892e+04 0.000000000000000000e+00
3.331614015169053800e+03 8.759217864933388498e+00 0.000000000000000000e+00 1.036146969163197085e+01 5.573906553724753758e+04 0.000000000000000000e+00
3.370938279223486916e+03 8.754949387937264405e+00 0.000000000000000000e+00 1.085516142336151368e+01 5.736031250468929647e+04 0.000000000000000000e+00
3.644002826946713412e+03 8.624085748451754796e+00 0.000000000000000000e+00 1.072128921818406866e+01 5.695271343071381125e+04 0.000000000000000000e+00
3.559206806229911763e+03 9.125145656637508651e+00 0.000000000000000000e+00 1.108714757026061903e+01 5.550354487423807586e+04 0.000000000000000000e+00
3.740950084966060331e+03 9.007525641927609072e+00 0.000000000000000000e+00 1.142643121587807364e+01 5.990639131103954423e+04 0.000000000000000000e+00
3.951821998735120815e+03 9.264611862987420565e+00 0.000000000000000000e+00 1.110657785536069397e+01 6.049340789496011712e+04 0.000000000000000000e+00
3.869770661401548296e+03 9.147693113798780473e+00 0.000000000000000000e+00 1.125687753347730080e+01 5.834713967903472803e+04 0.000000000000000000e+00
4.136110376757906124e+03 1.003095797687952206e+01 0.000000000000000000e+00 1.179734111761518811e+01 5.576485711449375958e+04 0.000000000000000000e+00
4.126231871319583661e+03 1.004330252621872610e+01 0.000000000000000000e+00 1.162656220738739066e+01 5.553015916397627007e+04 0.000000000000000000e+00
4.372022793562102379e+03 9.688944253649367511e+00 0.000000000000000000e+00 1.205439333600501861e+01 5.708674611065062345e+04 0.000000000000000000e+00
4.427012372413654703e+03 9.654739477005731985e+00 0.000000000000000000e+00 1.107846054197902141e+01 5.696967644130840199e+04 0.000000000000000000e+00
4.634505539179880543e+03 9.569587276037305301e+00 0.000000000000000000e+00 1.230459060811720207e+01 5.964404418995820015e+04 0.000000000000000000e+00
4.590286953456140509e+03 1.032044989380821143e+01 0.000000000000000000e+00 1.123992735653121677e+01 5.551715995584971097e+04 0.000000000000000000e+00
4.729916932856252970e+03 9.716654092461789460e+00 0.000000000000000000e+00 1.212974387389837005e+01 5.861167876251664711e+04 0.000000000000000000e+00
4.620926414888755971e+03 1.049199578617765738e+01 0.000000000000000000e+00 1.177796146554064016e+01 6.001790346198641782e+04 0.000000000000000000e+00
4.826599848630499764e+03 1.065552039045226351e+01 0.000000000000000000e+00 1.167252097352979767e+01 5.897201159677454416e+04 0.000000000000000000e+00
4.908304952866555141e+03 1.031369691911930886e+01 0.000000000000000000e+00 1.232308258445593729e+01 5.610005149279534089e+04 0.000000000000000000e+00
4.956440087662596852e+03 9.852945075299896160e+00 0.000000000000000000e+00 1.172080689085079541e+01 5.668737270671089937e+04 0.000000000000000000e+00
4.945362085865256631e+03 1.059435303221944302e+01 0.000000000000000000e+00 1.227519082399148687e+01 5.742768666800115170e+04 0.000000000000000000e+00
5.006875752660410399e+03 1.091138203335062684e+01 3.388669922516052591e+00 1.333265461874355928e+01 4.627794042873537705e+02 8.198862294151285823e+01
5.229481391895899833e+03 1.122643218919344399e+01 3.678981618274524301e+00 1.286517628048749984e+01 4.424595361845425714e+02 8.826996714096993912e+01
5.344004428828236087e+03 1.063350086815535711e+01 3.371691664223111395e+00 1.285465907297854216e+01 4.331862564056583551e+02 8.710959348470716179e+01
5.112618901799385640e+03 1.079282556402827531e+01 3.497715376586761682e+00 1.306510682871021700e+01 4.192634250944066139e+02 8.722644184411595347e+01
5.528146020224053245e+03 1.080377838093834164e+01 3.429761316451102715e+00 1.321417729815813047e+01 4.370827332085359558e+02 8.737445082259053208e+01
5.399559114983650034e+03 1.147533161788184763e+01 3.696171394186317904e+00 1.254272656956929843e+01 4.235459885545121779e+02 8.141359660320058822e+01
5.795137686149354522e+03 1.083869043563064416e+01 3.444936200087040046e+00 1.318125381556579079e+01 4.426344316743534932e+02 8.650664521651462735e+01
5.825835142509324214e+03 1.162115855292780786e+01 3.791685647119500846e+00 1.316681569462241086e+01 4.414069502190419598e+02 8.162724574046339399e+01
5.938123087519650653e+03 1.081895146636206384e+01 3.682210713804276114e+00 1.240796122056828921e+01 4.326439148311119993e+02 8.915587905709358552e+01
5.817900068767814446e+03 1.104548482517871477e+01 3.533390610790088537e+00 1.334378892868701350e+01 4.270714002067559818e+02 8.546459648544981746e+01
5.901681989910968696e+03 1.155205964620940051e+01 3.573114631770124117e+00 1.309853507411614437e+01 4.488528535190295656e+02 8.811923244322827031e+01
6.195112500260075649e+03 1.120951030364301104e+01 3.617192284704158656e+00 1.274093581999706082e+01 4.120913261781717551e+02 8.780660109452115591e+01
5.977999158904855904e+03 1.138586049196147343e+01 3.836627519608871939e+00 1.369877045305212349e+01 4.095482939724651601e+02 8.579834115730949406e+01
6.238282315452066541e+03 1.136969296858639566e+01 3.568710495761076018e+00 1.367188685474878618e+01 4.111932109313913202e+02 8.616645046448445555e+01
