2.000000000000000111e-01 3.065592247430480199e+00
1.000000000000000056e-01 3.147592247430480050e+00
5.000000000000000278e-02 3.537592247430480175e+00
3.333333333333333287e-02 3.835592247430480217e+00
2.000000000000000042e-02 3.989592247430480132e+00
1.250000000000000069e-02 4.023592247430480384e+00
1.000000000000000021e-02 4.037592247430479730e+00
6.666666666666667095e-03 4.101592247430479787e+00
5.000000000000000104e-03 4.203592247430480100e+00
4.000000000000000083e-03 4.337592247430480441e+00
3.333333333333333547e-03 4.495592247430479915e+00
