-2.697843997134088401e-01 6.037001183921060665e+00 3.334318692156998054e+00 2.820690153903978370e+00 1.455943209124761097e+03 5.724808826805186754e+02
3.489115882104208310e+01 5.592827267904139532e+00 3.284370649511719087e+00 2.692856140878326254e+00 1.459449630610428358e+03 6.041001343108504216e+02
3.252968593534057362e+01 7.630753047598370031e+00 4.366088242799046171e+00 3.238895327041906302e+00 1.404905471731279931e+03 5.996909075046077078e+02
4.915500172415360680e+01 7.985961041584622500e+00 4.372674136628786457e+00 3.227902739923917075e+00 1.364149754721789577e+03 6.206160439975383269e+02
1.023369376530937274e+02 7.694169244936861496e+00 4.317546214902799662e+00 3.317625575980366559e+00 1.987389524941800119e+02 8.061631372656489702e+01
1.520374287120690724e+02 7.793903782634425070e+00 4.746253833718472315e+00 3.378956294552736495e+00 2.077511059306148411e+02 7.962989000479721824e+01
1.933948359771160597e+02 8.332728399794730123e+00 4.762288233166716900e+00 3.407427052595414896e+00 3.593517609871612990e+02 8.138568002127743739e+01
2.391780733203940486e+02 8.817793082576264041e+00 4.866417960024394418e+00 3.488298980429267004e+00 3.523559434044673822e+02 1.467932154607174766e+02
3.088023587995018033e+02 8.620246644594921293e+00 4.979677546806341226e+00 3.381123089625774014e+00 3.477305987302819972e+02 1.493917422014437477e+02
3.532479708132221390e+02 8.390180385510596750e+00 4.947132512729317533e+00 3.470732161346545830e+00 3.633301846682464316e+02 1.373493517554645678e+02
3.926067884406877511e+02 8.785328379308932512e+00 5.077808619530089551e+00 3.665715048235885121e+00 3.686528918684999212e+02 1.417702484984118598e+02
4.804401915925308231e+02 9.734877215286951824e+00 5.366212756693337305e+00 4.005457773076448014e+00 3.526016161900749353e+02 1.379754391627561461e+02
5.752601705328971775e+02 1.030587813676451070e+01 5.681564575564022945e+00 4.201377515798494500e+00 3.758905077172109941e+02 1.430161416498777953e+02
6.880254249440752119e+02 1.085170022553138125e+01 5.867005440038493447e+00 4.513340681467013837e+00 7.076628138471527336e+02 2.984298273412964022e+02
7.825008586347207711e+02 1.116982446021635056e+01 6.244275525376616010e+00 4.299422225490676652e+00 7.695753054787265910e+02 3.239329701489590434e+02
9.054857513340223250e+02 1.142087324112991453e+01 6.274880712444023345e+00 4.637679141203315147e+00 7.198578546641106186e+02 3.190591932136422884e+02
9.971024708420795832e+02 1.150773129748859525e+01 6.292019743684759803e+00 4.595463338532464803e+00 7.605446955975588708e+02 3.064559507435452588e+02
1.134026926385750357e+03 1.161088715272640925e+01 6.689479838247369692e+00 4.584855432755700733e+00 7.089292061905838409e+02 3.033437466134000715e+02
1.185556948574071157e+03 1.172531895632895704e+01 6.533521647307050983e+00 4.607212373897529467e+00 7.738935372575799647e+02 3.076844678508057882e+02
1.354002207924872437e+03 1.183190389691223743e+01 6.551067214369268754e+00 5.041228514016095730e+00 7.280811692171737377e+02 3.156615759105276311e+02
1.420521768205395347e+03 1.156424954650665704e+01 6.321764091599388458e+00 4.750267589322377582e+00 7.241055560416640446e+02 3.227533894450085654e+02
1.559538551204960640e+03 1.227794926070900594e+01 7.041853917207747671e+00 5.192516072329796728e+00 7.398235233898122942e+02 3.216546246403769374e+02
1.724140715912268661e+03 1.235156834401542447e+01 7.018660740191969616e+00 5.135768574605465986e+00 7.737308005253129295e+02 3.171487628555639162e+02
1.913375552386998152e+03 1.337171852533807659e+01 6.950393596581249334e+00 5.073380649824912325e+00 7.886783818979163243e+02 3.034773027882233123e+02
2.225397175814498951e+03 1.333874763182380185e+01 6.724146872709971134e+00 5.193941042387545615e+00 8.100469597035951210e+02 3.065422211445291509e+02
2.290184790185884594e+03 1.355747304686672905e+01 7.297285720463237979e+00 5.467505122371989934e+00 8.255976995623913126e+02 3.124643020726190343e+02
2.633897050867833059e+03 1.354842416101174329e+01 7.352549458000947169e+00 5.541530760900762687e+00 7.977670859374100019e+02 3.222189933805674968e+02
2.667962554059115064e+03 1.304996959353971953e+01 7.200600538979569087e+00 5.714812912096794761e+00 7.938265168823054410e+02 2.990917367144463128e+02
2.757787762724285585e+03 1.380858123280612304e+01 7.549366468125539242e+00 5.578877558019801342e+00 7.829980079560025388e+02 3.088063974476774547e+02
2.808845477125929847e+03 8.047255268083404189e+00 0.000000000000000000e+00 9.738616974634570767e+00 8.370705034260872708e+02 3.095669831099268663e+02
3.017969886309189405e+03 8.291801542730439678e+00 0.000000000000000000e+00 9.598304830187851522e+00 5.624423969414786552e+04 0.000000000000000000e+00
2.973859522183834088e+03 8.234715775886195743e+00 0.000000000000000000e+00 9.926096396482133599e+00 5.727048177110343386e+04 0.000000000000000000e+00
3.233515515973353104e+03 8.369923768262545138e+00 0.000000000000000000e+00 1.025483968022871828e+01 5.838979943826902309e+04 0.000000000000000000e+00
3.410219183952051480e+03 8.981190504764549942e+00 0.000000000000000000e+00 9.944966778606223912e+00 5.823461629192507826e+04 0.000000000000000000e+00
3.360269936307489843e+03 9.138297475482918486e+00 0.000000000000000000e+00 1.080488602337110926e+01 5.601266883276713634e+04 0.000000000000000000e+00
3.457779795858301895e+03 9.271743928953133818e+00 0.000000000000000000e+00 1.124893885037117336e+01 5.961905935540557402e+04 0.000000000000000000e+00
3.715983012698736275e+03 9.145908450230445297e+00 0.000000000000000000e+00 1.083057109230174753e+01 6.062258231678981974e+04 0.000000000000000000e+00
3.528903071433719106e+03 9.281206932674008314e+00 0.000000000000000000e+00 1.098234320443313727e+01 5.913620360341052583e+04 0.000000000000000000e+00
3.881319995297246351e+03 9.643670825347459896e+00 0.000000000000000000e+00 1.126878731282323898e+01 5.860541853738736972e+04 0.000000000000000000e+00
3.949232388106744565e+03 9.829916988631831387e+00 0.000000000000000000e+00 1.165014880398227248e+01 5.943524371760203940e+04 0.000000000000000000e+00
4.024756432234122713e+03 9.848915925779392566e+00 0.000000000000000000e+00 1.118921699255074209e+01 5.497963679981303721e+04 0.000000000000000000e+00
4.003880795618216325e+03 9.334975048339476444e+00 0.000000000000000000e+00 1.100215090950076480e+01 5.700558149685094395e+04 0.000000000000000000e+00
4.170425828747078413e+03 1.005716743704324401e+01 0.000000000000000000e+00 1.155360658433896504e+01 5.936440358879093401e+04 0.000000000000000000e+00
4.305968283277906266e+03 9.663912068926586940e+00 0.000000000000000000e+00 1.181795369097174841e+01 5.508844108468557533e+04 0.000000000000000000e+00
4.546607128480959545e+03 9.514832840675060410e+00 0.000000000000000000e+00 1.194252790692718058e+01 6.047079845952774485e+04 0.000000000000000000e+00
4.385394536941819752e+03 1.035093492591869691e+01 0.000000000000000000e+00 1.167784931171720508e+01 5.988094294090056792e+04 0.000000000000000000e+00
4.377839652162622770e+03 9.989798105906762871e+00 0.000000000000000000e+00 1.230274530020782286e+01 5.843928563074800331e+04 0.000000000000000000e+00
4.836643354538368840e+03 1.019183732789240260e+01 0.000000000000000000e+00 1.189800170269035284e+01 5.702175802744841349e+04 0.000000000000000000e+00
4.805223538815297616e+03 1.046078023330722395e+01 0.000000000000000000e+00 1.147315458799607057e+01 5.616819768356174609e+04 0.000000000000000000e+00
4.749047781137126549e+03 1.041592325975153877e+01 0.000000000000000000e+00 1.191342921968881718e+01 5.877761820699764939e+04 0.000000000000000000e+00
4.827650106105404120e+03 1.063374886723880053e+01 0.000000000000000000e+00 1.229544450017554347e+01 5.730130577104800614e+04 0.000000000000000000e+00
5.284478645252311253e+03 1.056052514155314448e+01 0.000000000000000000e+00 1.172223426791069656e+01 6.033438470566822798e+04 0.000000000000000000e+00
5.104806119328671230e+03 1.025020536316230135e+01 0.000000000000000000e+00 1.268568216124076287e+01 5.666235079470541677e+04 0.000000000000000000e+00
5.313240453411455746e+03 1.099466390464238863e+01 3.549052598457309582e+00 1.290847245600063431e+01 4.593707880186542525e+02 8.751045120090050489e+01
5.014776140801293877e+03 1.138366015912319185e+01 3.362777514214270624e+00 1.303966451494331302e+01 4.623140811267462595e+02 8.330863288037141956e+01
5.213257408171507450e+03 1.103507448104710953e+01 3.592864333606518912e+00 1.224337595564962733e+01 4.433106673998132692e+02 8.625688791096435182e+01
5.286910232394917330e+03 1.126844376229759170e+01 3.629645186590135797e+00 1.294455064927760901e+01 4.394995676951529049e+02 8.544815441877832995e+01
5.450575356117059528e+03 1.059085999716769777e+01 3.408637578095865539e+00 1.333854894544162839e+01 4.430878905908784304e+02 8.489790112628438123e+01
5.513212995354386294e+03 1.131686971331811620e+01 3.432058489404731905e+00 1.289026847253884611e+01 4.320511005809836433e+02 8.466078986432711417e+01
5.693577028059382428e+03 1.149681563424561581e+01 3.533750919402045554e+00 1.322323734828704467e+01 4.274680417903617240e+02 8.155170860659620757e+01
5.748919912288337400e+03 1.111057077143522953e+01 3.560829530821854050e+00 1.329107160526447551e+01 4.299836356993022264e+02 8.573503279022885692e+01
5.819401439037848832e+03 1.084128155552068762e+01 3.667894283113979803e+00 1.267213039490262361e+01 4.291565662792370972e+02 8.473887196917362985e+01
5.978878087642391620e+03 1.114701604984349537e+01 3.585899706358147032e+00 1.255778793335458055e+01 4.348319235459280208e+02 8.812498109318198658e+01
5.981874407262371278e+03 1.100099055075261134e+01 3.527024779200365057e+00 1.303099059224663847e+01 4.532961867345272253e+02 8.363320290890172259e+01
6.057462312347693114e+03 1.174367451973935772e+01 3.522454344394242209e+00 1.311615703548334544e+01 4.480821214129274495e+02 8.399916244431953771e+01
6.531852718033775091e+03 1.104409512955231598e+01 3.508478771715639599e+00 1.347074424139106696e+01 4.391918804017515185e+02 8.805772002903641749e+01
6.490668869192199054e+03 1.125654774043587025e+01 3.689076078130541614e+00 1.354644460383237181e+01 4.436619169948918966e+02 8.597688332197634509e+01
