-4.431071280913161381e-01 5.851399364000386960e+00 3.324665292723244736e+00 2.886693624323649399e+00 1.336321295249793138e+03 5.720400177395740684e+02
3.401509908022860174e+01 5.962276039476546607e+00 3.443272993735117193e+00 2.934698724390052860e+00 1.362149018568694373e+03 5.952239201772775914e+02
3.353730414689019312e+01 7.830917020386387151e+00 4.286920041223147848e+00 3.178497975841457990e+00 1.410368088727465192e+03 5.917095702557646746e+02
5.084176335930541768e+01 7.764412376390818160e+00 4.227041445193918889e+00 3.310170744287100231e+00 1.459495794952585129e+03 5.950738554871853694e+02
9.948262078490967042e+01 7.885342872930069191e+00 4.292149574121832956e+00 3.321807105898272994e+00 2.027299881906226062e+02 7.814387237284725529e+01
1.460464673603457584e+02 8.325857741078092289e+00 4.668964327717985974e+00 3.258190174648424975e+00 1.948191085917805196e+02 8.037375067663887762e+01
1.951674441556257591e+02 8.558875511316067275e+00 4.699711875133133709e+00 3.368211424179761604e+00 3.623484832653509784e+02 7.691891945309509993e+01
2.383774688488287268e+02 8.157184876873046164e+00 4.909248712750898136e+00 3.563099548100969738e+00 3.539424354390534404e+02 1.385052359896605481e+02
3.119738725736659148e+02 8.613871982362336865e+00 4.623575677915211735e+00 3.402725855586266057e+00 3.641441155381212980e+02 1.484640705357132902e+02
3.457381925519384822e+02 8.901202255843601918e+00 4.936767897773788327e+00 3.448538535829194895e+00 3.736783067407697558e+02 1.476980238964550551e+02
4.132932392550830514e+02 8.722855020044562480e+00 5.129304416116281296e+00 3.716345629724514765e+00 3.492734209995559809e+02 1.370508944928040762e+02
5.114034577117298568e+02 9.329983559083100175e+00 5.513981080208285590e+00 4.037734600988856393e+00 3.501744679116325756e+02 1.375271745752292247e+02
6.050927744457778772e+02 9.961171268511220589e+00 5.396501100265375328e+00 4.283739689120563021e+00 3.420568401241011998e+02 1.420395470143538716e+02
6.925279351134678336e+02 1.078602674504435832e+01 6.222717500168086779e+00 4.202726845680361478e+00 7.623782347392547081e+02 3.010448395582333205e+02
7.918514392603455008e+02 1.051406079917610903e+01 5.999178207487686265e+00 4.654353730339866324e+00 7.125214328300753550e+02 3.233453674204673121e+02
9.135778928292663750e+02 1.109424036036258521e+01 6.494975253659151626e+00 4.366808375879352333e+00 7.300795187055364295e+02 2.992755525988694103e+02
1.011055635712680100e+03 1.085638140404924279e+01 6.177172448255830339e+00 4.746416805484507506e+00 7.526003430036947748e+02 3.137622975891022179e+02
1.098195866741014470e+03 1.177742210670193401e+01 6.297678564358283104e+00 4.566979250652450695e+00 7.476292043095560302e+02 3.083890075153426551e+02
1.176343069902297884e+03 1.145917760258342710e+01 6.302977631944782111e+00 4.931351901999729392e+00 7.565110670811801583e+02 2.968226258841489766e+02
1.336802501793926240e+03 1.146746840081152996e+01 6.749939331704175594e+00 4.740497131969429567e+00 7.286416344894499844e+02 2.990621378122635292e+02
1.451246947010035910e+03 1.168133065307352503e+01 6.516762273599713495e+00 4.859735604670445852e+00 7.280776339691872181e+02 3.133276469907078194e+02
1.561324886825738076e+03 1.204343212611302860e+01 7.055966346104289855e+00 5.194653409925452436e+00 7.326491386455209067e+02 3.070483046342390594e+02
1.834982650269670785e+03 1.307066739777689968e+01 6.895080314993708548e+00 4.865569051593299221e+00 7.675375459087990748e+02 3.026152842076164688e+02
1.912395507816284407e+03 1.236722064259239495e+01 6.946321051332650320e+00 5.406448230964844726e+00 7.859649684403300398e+02 3.095580086413269782e+02
2.125887037431482895e+03 1.299625547647919888e+01 7.031625614426445736e+00 5.552532945674436782e+00 7.688219988152230826e+02 3.134212656559940910e+02
2.279291410505873500e+03 1.355231680435194797e+01 6.773268292270738122e+00 5.406682687987068192e+00 7.806031816912211525e+02 3.130939457463014719e+02
2.647863613552746301e+03 1.325282337823429835e+01 6.927191919457599489e+00 5.341516558006860649e+00 8.293102137475926838e+02 3.251661778621167969e+02
2.505280669837961796e+03 1.359615133243094220e+01 6.957657999919872438e+00 5.421858338058786586e+00 8.205961006147923626e+02 3.144305877322017295e+02
3.023127101816905906e+03 1.412701104994032519e+01 7.288436797677895207e+00 5.665922089471663092e+00 8.236993414801911513e+02 3.146165535666594337e+02
2.778255224289656780e+03 8.201286844258754982e+00 0.000000000000000000e+00 9.809688213408826130e+00 7.886153507541087038e+02 3.046946590227236129e+02
2.969604351451653656e+03 8.138198679424846205e+00 0.000000000000000000e+00 9.662893890425582555e+00 5.721953992531294352e+04 0.000000000000000000e+00
3.005121215003289308e+03 8.672259798299485567e+00 0.000000000000000000e+00 9.944493664262980204e+00 5.604337351872488216e+04 0.000000000000000000e+00
3.205522303272831323e+03 8.907037380279618333e+00 0.000000000000000000e+00 1.030907310296094259e+01 6.005865607551514404e+04 0.000000000000000000e+00
3.269809767702611680e+03 9.021093493683533637e+00 0.000000000000000000e+00 1.037561995206338494e+01 5.956453526848793263e+04 0.000000000000000000e+00
3.280266286523481540e+03 9.194879461268644860e+00 0.000000000000000000e+00 1.092413857379530029e+01 5.801909189769119985e+04 0.000000000000000000e+00
3.325173645773441422e+03 8.845277980766736547e+00 0.000000000000000000e+00 1.125928860344127180e+01 5.769718833449056547e+04 0.000000000000000000e+00
3.647605413349124319e+03 8.833255494409712583e+00 0.000000000000000000e+00 1.040536344332172902e+01 5.509640967195888516e+04 0.000000000000000000e+00
3.561348961097635765e+03 8.852125389665827626e+00 0.000000000000000000e+00 1.113544727898368514e+01 5.907364578955249453e+04 0.000000000000000000e+00
3.933840563088774161e+03 9.020734327533421748e+00 0.000000000000000000e+00 1.107125365267313910e+01 5.669594583397957467e+04 0.000000000000000000e+00
3.862961253411814141e+03 9.761542697657700884e+00 0.000000000000000000e+00 1.142141000807951556e+01 5.952960266515385592e+04 0.000000000000000000e+00
3.840332603466605633e+03 9.264164495872748262e+00 0.000000000000000000e+00 1.125181208844160530e+01 5.819673079266119748e+04 0.000000000000000000e+00
3.888860730163312837e+03 9.223511602659447917e+00 0.000000000000000000e+00 1.142947743620264589e+01 5.568517962646485830e+04 0.000000000000000000e+00
4.264628660317031063e+03 9.493083097665472536e+00 0.000000000000000000e+00 1.184559470795358749e+01 5.986007489600992267e+04 0.000000000000000000e+00
4.130034761787150273e+03 9.563453995097640714e+00 0.000000000000000000e+00 1.180246750200976713e+01 5.771239107731528202e+04 0.000000000000000000e+00
4.479669270713774495e+03 9.699828425745975480e+00 0.000000000000000000e+00 1.142504144431253721e+01 5.973082390773617226e+04 0.000000000000000000e+00
4.557522813695098193e+03 9.723670032024116949e+00 0.000000000000000000e+00 1.229824937190347356e+01 5.895784266485254921e+04 0.000000000000000000e+00
4.537544159982919155e+03 1.045464027284496211e+01 0.000000000000000000e+00 1.212617935849549511e+01 5.521322327442280948e+04 0.000000000000000000e+00
4.682319506961373918e+03 1.044283340805897353e+01 0.000000000000000000e+00 1.236728044912650049e+01 5.853924100230712793e+04 0.000000000000000000e+00
4.754316175939528875e+03 1.054720356396301639e+01 0.000000000000000000e+00 1.193685927381723744e+01 5.751753074263362942e+04 0.000000000000000000e+00
5.102402631518931230e+03 1.018543276999953839e+01 0.000000000000000000e+00 1.236050411547015493e+01 5.675892585555648111e+04 0.000000000000000000e+00
4.972945708001832827e+03 1.005435783710394304e+01 0.000000000000000000e+00 1.254633618118513816e+01 5.793942781737211772e+04 0.000000000000000000e+00
5.096953945062008643e+03 1.071399358156167025e+01 0.000000000000000000e+00 1.225359639175952964e+01 6.011596273480534728e+04 0.000000000000000000e+00
5.269393993699875864e+03 1.059788441035883544e+01 0.000000000000000000e+00 1.196091111103202564e+01 5.788405415660161816e+04 0.000000000000000000e+00
5.032419479891087576e+03 1.117128896810639738e+01 3.340573277820074072e+00 1.311287263086238397e+01 4.462665742917702687e+02 8.696255387121748015e+01
5.389199298336799984e+03 1.064915893854778872e+01 3.513626550940736948e+00 1.228298173168839291e+01 4.652516798198268475e+02 8.313427898767496060e+01
5.106051663925063622e+03 1.085451873855483207e+01 3.379879911924160041e+00 1.322879248385458162e+01 4.279600815658779993e+02 8.806794142910111134e+01
5.256463893662806186e+03 1.137893322160059206e+01 3.632709636552493571e+00 1.327816298364459868e+01 4.421667526471305223e+02 8.776691553384993938e+01
5.535090025170678018e+03 1.118431098783000266e+01 3.464198495785571819e+00 1.238670543604315277e+01 4.457296636628855140e+02 8.521752051167590025e+01
5.646164666011871304e+03 1.120679526844959462e+01 3.757729893157458978e+00 1.306615602936824061e+01 4.375085433000400599e+02 8.683676455344516398e+01
5.900296635001711365e+03 1.133094339211619150e+01 3.536180204280069184e+00 1.274027347641355767e+01 4.193474452573665303e+02 8.672301033751236332e+01
5.829028495374429440e+03 1.123844190546459743e+01 3.542714943154563478e+00 1.239251952673857993e+01 4.512570174272642021e+02 8.320868235635273891e+01
5.776344378468191280e+03 1.109189566730035637e+01 3.755805157798775884e+00 1.308221632860613148e+01 4.446310680664703341e+02 8.884973842865097993e+01
5.960210850109214334e+03 1.178144243810384317e+01 3.562182635432886713e+00 1.257595554233105872e+01 4.468400663221027003e+02 8.208952261424425956e+01
5.931474742473375045e+03 1.114253097536234272e+01 3.525867762313506404e+00 1.370549715553501535e+01 4.416829768718579317e+02 8.878621016506743047e+01
6.405345468508092381e+03 1.102087629686745807e+01 3.607214948301383117e+00 1.327491484493347862e+01 4.148468371031725042e+02 8.747745779406155009e+01
6.061243402845666424e+03 1.169591392294067234e+01 3.808068598324516607e+00 1.309411946156770590e+01 4.205232414432862811e+02 8.920328742893495644e+01
6.254836012217968346e+03 1.132240644279008279e+01 3.695758955735870988e+00 1.265023256341728697e+01 4.291979886508851223e+02 8.279375086201225997e+01
