-8.291702729454908383e-02 5.533241840982844550e+00 3.282782256432678736e+00 2.781538360604042914e+00 1.354768463818422333e+03 6.234699301428345279e+02
3.344051040355935100e+01 6.034449171211614171e+00 3.196804350916343740e+00 2.878587045729267935e+00 1.404130485669945756e+03 6.206559842280264547e+02
3.319920733704238813e+01 8.065351999465903532e+00 4.547761951371557920e+00 3.302323608883364070e+00 1.450123654187535749e+03 5.763323936891556514e+02
5.213496212608983171e+01 8.060806666063456305e+00 4.294060203649182839e+00 3.277076210968015602e+00 1.354873257348717743e+03 6.201297284322196219e+02
9.998052356196720325e+01 8.076525098620093601e+00 4.400057431608763281e+00 3.263294508573251651e+00 1.996067647286907913e+02 7.775315867501882394e+01
1.494484257941523424e+02 8.006210489272788777e+00 4.337713109653520860e+00 3.584825522470789672e+00 1.950015032290204147e+02 8.146773570369890649e+01
1.996910788762799598e+02 7.917710548478789967e+00 4.609762810451089265e+00 3.339822093334613218e+00 3.606213592709132740e+02 8.246806343787318383e+01
2.494078785860035907e+02 8.132481357087165463e+00 4.625978079938406040e+00 3.334637388404374292e+00 3.543955514348521660e+02 1.426134938805496120e+02
2.966836520550226624e+02 8.221334113090135176e+00 4.549679189299713933e+00 3.427692491777408534e+00 3.731751667710277047e+02 1.433633394021306344e+02
3.410718902190370727e+02 8.601472572559609731e+00 4.938792766682171376e+00 3.676966133497769906e+00 3.653502268016782182e+02 1.487593691634658057e+02
4.240670627549371261e+02 8.889961488336087569e+00 5.119649969489915797e+00 3.820473623276483988e+00 3.609701577669968060e+02 1.380891587111632077e+02
5.235024864804252047e+02 9.635370630806894710e+00 5.126232884169114712e+00 3.714148750015359379e+00 3.504067537018977987e+02 1.431565974932246945e+02
5.756448040765070573e+02 1.016409210718117784e+01 5.936103495632885974e+00 4.287796074665058299e+00 3.764085771404490970e+02 1.482724902983573259e+02
6.905848507455475556e+02 1.110535360563093832e+01 5.901635502144389811e+00 4.446430008294718128e+00 7.634038645107767707e+02 3.203886672156060627e+02
8.186274472716012269e+02 1.101400752589368537e+01 6.301386799449998577e+00 4.450659334743863660e+00 7.338945274278000852e+02 3.080521862141863494e+02
9.158238767180780542e+02 1.133885288065851427e+01 6.275133683343596225e+00 4.426927085195039524e+00 7.348783477745682831e+02 3.090976627826183858e+02
1.023417508071774250e+03 1.197507223137528953e+01 6.559319806976022349e+00 4.657839962317357418e+00 7.214794080128701808e+02 3.211422446962581034e+02
1.134989385359495373e+03 1.159107195901695597e+01 6.502356120747038837e+00 4.521094526860151674e+00 7.227742005683707021e+02 3.059083896793208055e+02
1.161192776622198608e+03 1.141595498845488343e+01 6.473873949648333515e+00 4.970825882262908557e+00 7.147094610712575786e+02 3.110195023878402480e+02
1.274708605736927211e+03 1.139821097785090487e+01 6.866286164014260507e+00 4.956964442537357129e+00 7.743084077237756446e+02 3.126335644702845684e+02
1.469962987579699302e+03 1.205608465762762549e+01 6.366600335497786922e+00 5.081501444807480006e+00 7.683775846628849422e+02 3.080311110379680031e+02
1.654341873007221693e+03 1.255873651938992808e+01 6.608649648408138511e+00 5.058845569069131187e+00 7.405706136078401869e+02 3.029488648673662397e+02
1.878345006532641264e+03 1.287680989766741568e+01 7.076102962455228074e+00 4.934557928829370610e+00 8.117712795745849235e+02 3.249716354843544650e+02
1.953369568357475600e+03 1.274735995771839470e+01 6.745919418548850466e+00 5.008478207228197476e+00 8.055066698145758437e+02 3.156952004877498439e+02
2.220495641572928889e+03 1.360604867650060079e+01 6.965475197872130764e+00 5.420813604347972436e+00 8.294573756484400064e+02 3.204878529343869786e+02
2.384052532331281327e+03 1.322871112617860767e+01 7.353255735797998405e+00 5.489582941488214907e+00 7.619540860787442398e+02 3.050530714687497493e+02
2.686358186443465456e+03 1.324689423644445796e+01 6.856207088802436900e+00 5.394345122508405588e+00 8.311577803012883123e+02 3.086745761422052965e+02
2.733318629570693702e+03 1.321628174410437317e+01 7.082296902546909578e+00 5.308987790769438497e+00 7.857397044681498528e+02 3.219462131264223785e+02
2.772940963349936737e+03 1.430391669683087841e+01 7.021784599581216035e+00 5.667948493336075089e+00 7.780389899013256354e+02 3.195402183516655441e+02
2.953253443522902671e+03 7.931106293724951684e+00 0.000000000000000000e+00 1.013953089226193249e+01 8.118666428728486153e+02 3.180228135143217401e+02
3.073926023148711465e+03 8.347369839807081249e+00 0.000000000000000000e+00 1.036756229613710367e+01 5.544034144974625815e+04 0.000000000000000000e+00
3.090591641809300199e+03 8.658111224985567844e+00 0.000000000000000000e+00 9.891417914037383241e+00 5.730503798067235039e+04 0.000000000000000000e+00
3.138058842522540544e+03 8.321192124258848466e+00 0.000000000000000000e+00 1.050044034971083917e+01 5.501765443345685344e+04 0.000000000000000000e+00
3.406901648716382624e+03 8.467146574118975977e+00 0.000000000000000000e+00 1.056619531035923565e+01 5.959165394020137319e+04 0.000000000000000000e+00
3.289336579377413273e+03 8.631833566159489379e+00 0.000000000000000000e+00 1.077655231242218647e+01 5.859896961460164312e+04 0.000000000000000000e+00
3.433928007944003639e+03 8.836865192124571777e+00 0.000000000000000000e+00 1.081774191501224180e+01 5.874715339193329419e+04 0.000000000000000000e+00
3.482091610192547705e+03 8.719923172009000467e+00 0.000000000000000000e+00 1.078915089811143169e+01 5.989231763630197383e+04 0.000000000000000000e+00
3.737828279009951984e+03 8.814877419803494263e+00 0.000000000000000000e+00 1.076848492902583487e+01 5.963578081883330742e+04 0.000000000000000000e+00
3.620081197453060668e+03 9.283365991413164764e+00 0.000000000000000000e+00 1.096407259105896692e+01 5.753649659807665012e+04 0.000000000000000000e+00
3.685898357996742561e+03 9.328389899302100829e+00 0.000000000000000000e+00 1.113233808804516300e+01 5.736680938376711856e+04 0.000000000000000000e+00
3.820218995009360697e+03 9.233627434249854105e+00 0.000000000000000000e+00 1.135043302889059724e+01 5.940175307966874243e+04 0.000000000000000000e+00
3.977306980007985658e+03 9.813520596846471378e+00 0.000000000000000000e+00 1.146271609970485095e+01 6.040479287339172151e+04 0.000000000000000000e+00
4.321912748772458144e+03 9.398658615253639326e+00 0.000000000000000000e+00 1.195592722127116403e+01 5.867497802015658090e+04 0.000000000000000000e+00
4.098333263684015947e+03 9.283058045151403093e+00 0.000000000000000000e+00 1.129171820463010256e+01 6.062844414727424009e+04 0.000000000000000000e+00
4.354615415903282155e+03 9.456561638912306833e+00 0.000000000000000000e+00 1.118427047792528484e+01 5.866423784070863621e+04 0.000000000000000000e+00
4.517665896661173974e+03 1.038298842878180750e+01 0.000000000000000000e+00 1.161466069692578706e+01 5.937495423136757745e+04 0.000000000000000000e+00
4.797424468107959001e+03 1.003864599173177830e+01 0.000000000000000000e+00 1.221399105117678729e+01 5.978319966566435323e+04 0.000000000000000000e+00
4.521705929056128298e+03 9.572437083499650612e+00 0.000000000000000000e+00 1.200853872956309054e+01 5.861543830978775077e+04 0.000000000000000000e+00
4.862310520840724166e+03 1.006303352011413033e+01 0.000000000000000000e+00 1.156472110638605066e+01 5.726739995723065658e+04 0.000000000000000000e+00
4.656058228303065334e+03 1.007425534142146262e+01 0.000000000000000000e+00 1.141756401920821595e+01 5.664723653496499173e+04 0.000000000000000000e+00
4.780575156128239541e+03 9.995005485431390113e+00 0.000000000000000000e+00 1.266141674971788333e+01 5.895247939971528831e+04 0.000000000000000000e+00
5.050902630569167741e+03 1.002912333656404265e+01 0.000000000000000000e+00 1.180439512352054976e+01 5.648352261464623734e+04 0.000000000000000000e+00
5.151498835217463238e+03 1.006977553721780083e+01 0.000000000000000000e+00 1.257567406932366971e+01 6.069259491648591211e+04 0.000000000000000000e+00
5.148760012227435254e+03 1.113877589479175079e+01 3.542753142305145264e+00 1.303418258337755375e+01 4.378128991417697193e+02 8.251761312151454320e+01
5.103882864046919167e+03 1.139983208850537189e+01 3.427096848208046609e+00 1.232447399454038539e+01 4.280314897372364840e+02 8.653040511793805933e+01
5.292064763798980493e+03 1.129883959491092860e+01 3.693522069917010597e+00 1.288147848061084666e+01 4.447663719655492400e+02 8.820386752037100564e+01
5.189390819752489733e+03 1.088071025597559505e+01 3.585511401591845004e+00 1.332074410631570238e+01 4.268389548101690139e+02 8.081775866965347177e+01
5.318209375107011510e+03 1.134410201705579091e+01 3.504210457875081008e+00 1.323587510590618521e+01 4.238619096840795919e+02 8.135096233892336670e+01
5.512474915696788230e+03 1.164554026070154613e+01 3.668011494162474406e+00 1.339078865883339375e+01 4.285635534939361833e+02 8.330156808629752163e+01
5.799300209009665195e+03 1.146540982757611538e+01 3.639836032251875242e+00 1.244239725897828386e+01 4.437557404581203286e+02 8.493110581488919308e+01
6.008039516054024716e+03 1.091300030676182153e+01 3.561599001925043417e+00 1.254937106507119360e+01 4.303057257774551090e+02 8.437414310216217928e+01
5.869094906565202109e+03 1.076480736616541378e+01 3.701247740681206544e+00 1.318576114256628173e+01 4.512931679668507741e+02 8.298662351390807146e+01
5.889117862493821121e+03 1.146893410169316319e+01 3.587495683476414676e+00 1.255978274718198051e+01 4.118705307029219398e+02 8.765584567225084811e+01
6.009564487094411561e+03 1.079788790107979857e+01 3.539103867270523285e+00 1.348370979927747371e+01 4.122189797172818544e+02 8.824282664852063363e+01
6.172420810252353476e+03 1.087548386386865928e+01 3.488403008563739416e+00 1.339485584157824682e+01 4.392830217801740105e+02 8.658449566256837215e+01
6.486683291818124417e+03 1.138767967974310658e+01 3.796331542733530462e+00 1.311365670117490723e+01 4.288236462985919957e+02 8.112488198871326972e+01
6.135951864252978339e+03 1.078972129520909462e+01 3.829204948918664364e+00 1.305995486513303838e+01 4.104744803585595037e+02 8.508468847471095842e+01
