-3.239595889155130193e-01 5.514866645074621765e+00 3.245420890967903205e+00 2.691262866518926433e+00 1.385676628150987881e+03 5.771470791179939397e+02
3.156106345540977287e+01 5.672835536416368285e+00 3.223154906023701027e+00 2.917446643773087267e+00 1.366606641592800997e+03 6.263087995467257088e+02
3.187451695461373191e+01 7.724285811578708305e+00 4.194377963641350071e+00 3.261337676696543397e+00 1.468721503367598871e+03 5.898084643660664597e+02
4.946643640274544396e+01 7.763380876967219457e+00 4.413735060798666510e+00 3.362510766066462153e+00 1.423693459792157455e+03 6.077267780645429411e+02
9.509337925815938775e+01 8.180595321893939342e+00 4.476490348267141428e+00 3.380791539343095398e+00 2.001693611532634804e+02 8.081892435142384556e+01
1.559551548017931282e+02 8.404448265661040196e+00 4.364904325961306064e+00 3.297623760005384597e+00 2.013579206936215371e+02 7.927319627854507189e+01
2.007980336878389949e+02 7.937143639839542963e+00 4.384416486945061031e+00 3.351035794039105564e+00 3.711399535578349855e+02 7.621651262693094964e+01
2.537244587665315123e+02 8.091552433403386146e+00 4.511173023048121067e+00 3.447435352786198060e+00 3.732920901040715194e+02 1.380853109811825448e+02
2.889978301364868116e+02 8.241476579146485903e+00 4.738351621646312850e+00 3.410252806513761392e+00 3.441945467701215193e+02 1.358516407360373250e+02
3.448432037606089011e+02 8.661881361091923637e+00 4.987269125387199686e+00 3.442559931363400327e+00 3.591532517494150625e+02 1.433906738090649924e+02
4.314767991067438970e+02 9.130617960867340344e+00 5.145136810838731201e+00 3.623777053551863414e+00 3.666082189269111495e+02 1.401702207128281259e+02
5.043923370424759582e+02 9.545467949904146820e+00 5.217325912539191535e+00 3.699680623730867257e+00 3.561964852108537798e+02 1.383042656308119263e+02
5.868411295602268183e+02 9.791432962141685792e+00 5.661392308260566608e+00 4.244479786103311447e+00 3.575146754557125632e+02 1.451179234733621115e+02
6.974691840260059053e+02 1.060986934557709738e+01 6.177354697137385386e+00 4.137779938015318848e+00 7.745008471480680328e+02 3.142880784645951167e+02
8.268891275697934589e+02 1.125052782283437480e+01 6.337469331240411563e+00 4.305229833903498005e+00 7.521894711703777148e+02 3.194941683169449220e+02
8.778430161953212973e+02 1.172863849045547369e+01 6.469867711441270153e+00 4.547753194825113532e+00 7.583915796100255875e+02 3.002395578193632559e+02
9.801629825592368661e+02 1.131784383697394070e+01 6.300599702402765345e+00 4.465848489508715602e+00 7.377948071533215852e+02 3.138222916033719230e+02
1.152090811124379570e+03 1.110175599044813488e+01 6.265938831126058872e+00 4.795457504723387387e+00 7.501044998467057212e+02 3.227675608022820484e+02
1.192686798443693533e+03 1.121961723872256655e+01 6.721707812905786561e+00 4.963040388812879122e+00 7.347346820918299954e+02 3.136458709197681856e+02
1.308518608930740584e+03 1.134218958309422653e+01 6.337653822506244872e+00 4.621071182342904038e+00 7.719681027342149946e+02 3.243634889039058748e+02
1.368068036933070516e+03 1.234324492879551194e+01 6.819408748803535758e+00 4.784262609978934933e+00 7.516738650909830994e+02 3.061421841698543744e+02
1.609262286133772704e+03 1.282736752788403578e+01 6.941741122671559516e+00 4.778071839775644314e+00 7.554731153089267082e+02 3.138168649600178810e+02
1.816415021329928777e+03 1.263318320186091093e+01 6.858847166383419847e+00 4.932617960805893098e+00 7.769543963942122673e+02 3.236385998297450897e+02
2.009712526009359635e+03 1.271407871021981251e+01 6.930416412213199706e+00 5.303990552484314946e+00 7.780911516868001172e+02 3.241016193671397332e+02
2.305743327421881531e+03 1.270572627460110127e+01 7.226974470044031484e+00 5.523621693172446889e+00 7.920951613763900241e+02 3.127519969897008423e+02
2.364881989679558956e+03 1.362027093783676079e+01 7.282016567305667820e+00 5.178783635046873890e+00 7.990120563490323775e+02 3.114005363744003034e+02
2.717544000544938172e+03 1.310514231323214140e+01 7.086124987466724257e+00 5.559838520062849732e+00 7.814436365231339323e+02 3.007562097946899939e+02
2.563255974558420803e+03 1.363519558369999096e+01 7.508470372575326124e+00 5.638373696464283213e+00 8.179350129046238180e+02 3.083234382942442835e+02
2.838172040948115864e+03 1.323179641248057692e+01 7.471652893228189818e+00 5.468100926148236063e+00 8.254693627509996077e+02 3.093379215132342779e+02
2.916582149156443393e+03 8.307736565269554063e+00 0.000000000000000000e+00 1.008335416697929787e+01 8.304843789591959649e+02 3.259679084098279986e+02
3.051647016265762886e+03 8.108692715224615100e+00 0.000000000000000000e+00 9.846859614267099658e+00 5.751774690957799612e+04 0.000000000000000000e+00
2.991269392330764731e+03 8.265344033624069553e+00 0.000000000000000000e+00 1.007156440232604844e+01 5.943312289139912900e+04 0.000000000000000000e+00
3.072658390262413377e+03 8.165638366250549396e+00 0.000000000000000000e+00 1.050745424176529319e+01 6.029666147048082348e+04 0.000000000000000000e+00
3.134223949769944738e+03 8.895434623992175105e+00 0.000000000000000000e+00 9.991752809372624000e+00 5.499150934563903866e+04 0.000000000000000000e+00
3.239855153928001528e+03 8.736940101488077204e+00 0.000000000000000000e+00 1.067850295370840286e+01 5.800145940934497048e+04 0.000000000000000000e+00
3.566210250308693503e+03 9.151516106604359990e+00 0.000000000000000000e+00 1.078135436161121952e+01 5.660155880519766652e+04 0.000000000000000000e+00
3.585756873435822854e+03 9.071892650147944437e+00 0.000000000000000000e+00 1.074971823335185839e+01 5.684387401423300616e+04 0.000000000000000000e+00
3.831023816487275326e+03 9.374100599921023402e+00 0.000000000000000000e+00 1.126388722461708269e+01 5.861538999772705574e+04 0.000000000000000000e+00
3.720734282929499386e+03 9.427538892345413757e+00 0.000000000000000000e+00 1.143469430444991630e+01 5.895776108695108269e+04 0.000000000000000000e+00
3.764015572124074424e+03 9.805734353817522120e+00 0.000000000000000000e+00 1.143723632107749388e+01 5.974066969273010181e+04 0.000000000000000000e+00
3.829014391400186469e+03 9.226614745345630197e+00 0.000000000000000000e+00 1.082428850381483443e+01 5.847663953274719097e+04 0.000000000000000000e+00
4.099409017792076156e+03 9.259686567750589958e+00 0.000000000000000000e+00 1.142173597689277997e+01 5.915344192606052093e+04 0.000000000000000000e+00
4.258910341622318811e+03 1.001718115221933303e+01 0.000000000000000000e+00 1.145367829759963918e+01 5.962366953309570090e+04 0.000000000000000000e+00
4.387990323611046733e+03 1.000413288325344396e+01 0.000000000000000000e+00 1.195520687334148136e+01 5.726099801760125411e+04 0.000000000000000000e+00
4.281227648284618226e+03 1.006050273003449469e+01 0.000000000000000000e+00 1.147793030665517655e+01 5.665456274662157375e+04 0.000000000000000000e+00
4.496980778307801302e+03 1.021406563679671464e+01 0.000000000000000000e+00 1.130950487712747687e+01 5.611716774806116882e+04 0.000000000000000000e+00
4.553573454336634313e+03 1.045660655612109835e+01 0.000000000000000000e+00 1.213076922307462624e+01 5.906396271274764877e+04 0.000000000000000000e+00
4.661089848100185918e+03 1.005589761628971424e+01 0.000000000000000000e+00 1.201142210790582610e+01 5.680437198731618992e+04 0.000000000000000000e+00
4.783549493037785396e+03 1.032234627382167069e+01 0.000000000000000000e+00 1.195265154962711307e+01 5.933808705117051431e+04 0.000000000000000000e+00
5.015742890209317920e+03 1.050016933109047201e+01 0.000000000000000000e+00 1.192340044495660756e+01 5.914561667385161854e+04 0.000000000000000000e+00
4.745715324534457068e+03 1.006708064023034055e+01 0.000000000000000000e+00 1.234094062313130635e+01 5.800556040268862125e+04 0.000000000000000000e+00
5.009517819746027271e+03 9.824131633400945418e+00 0.000000000000000000e+00 1.262868412538407981e+01 5.806585602401167125e+04 0.000000000000000000e+00
5.216398622457363672e+03 1.028244917789816881e+01 0.000000000000000000e+00 1.203139464123990443e+01 5.867308252557669039e+04 0.000000000000000000e+00
5.323902577055989241e+03 1.089045317557073922e+01 3.665203965946802978e+00 1.318536125036908402e+01 4.441490595132975727e+02 8.894715232386590742e+01
5.003495283729206676e+03 1.107509547796762561e+01 3.586369663486932424e+00 1.317348470666981974e+01 4.373271633472586473e+02 8.846324081404718243e+01
5.487979596806882910e+03 1.089847672006676049e+01 3.363994184482430594e+00 1.281782992618420813e+01 4.326332812332668709e+02 8.545442760717192243e+01
5.238681347685021137e+03 1.091590605113440127e+01 3.716545575968214443e+00 1.268888993531029818e+01 4.409634650779119056e+02 8.594824617715579507e+01
5.276618008033032311e+03 1.093766049002296015e+01 3.486034453333416216e+00 1.254514373450382791e+01 4.241051092812853085e+02 8.190516152709801645e+01
5.438059766734583718e+03 1.077703864097968101e+01 3.595256196230475432e+00 1.347147216562730065e+01 4.438778152470965779e+02 8.785530431647931948e+01
5.835640243292525156e+03 1.076315453322514948e+01 3.718147962610946600e+00 1.341053750118579657e+01 4.185117984755606813e+02 8.639258818372159965e+01
5.698219452403699506e+03 1.092442304437988554e+01 3.552085378364899793e+00 1.321138584207871425e+01 4.211097281739391178e+02 8.810563359107129600e+01
5.620387733403385027e+03 1.101878548725205320e+01 3.743590151783794617e+00 1.339516276690966023e+01 4.245968509605381769e+02 8.338558897912926682e+01
5.685356809629452982e+03 1.125655505824468428e+01 3.494699919492798124e+00 1.265590108425075044e+01 4.145217443842150260e+02 8.505365380598415470e+01
6.220112660533088274e+03 1.099494826690534488e+01 3.478094884578281309e+00 1.354551768025252301e+01 4.308843408686927319e+02 8.152835953664568081e+01
5.977571231626147892e+03 1.163353556648960208e+01 3.682996383943779595e+00 1.317704657418428305e+01 4.399052466293668431e+02 8.659876701438552971e+01
6.102483914262671533e+03 1.126347337960409511e+01 3.732024495779771911e+00 1.282246750669252400e+01 4.487378603379353876e+02 8.229619553788695896e+01
6.145896868538745366e+03 1.128741210948299489e+01 3.846966586693591594e+00 1.351642050491146563e+01 4.372050294510061121e+02 8.230177129361548793e+01
