-5.993305482810118434e-02 5.513374931124175760e+00 3.210263703269375934e+00 2.869532258152839965e+00 1.400629256128136376e+03 6.281765776165456145e+02
3.266399560694847537e+01 6.054878953304400291e+00 3.464675123457812589e+00 2.780682435826817844e+00 1.373823610513950143e+03 6.031351710849147594e+02
3.314558048213699237e+01 8.070799387950327031e+00 4.345471585519677049e+00 3.220917519805952534e+00 1.434915959950347542e+03 5.938160092603957310e+02
5.095264983043615814e+01 7.453149949418823361e+00 4.436161902528589884e+00 3.459890322922986261e+00 1.350178563453366223e+03 5.810541265206557000e+02
1.009798081616178820e+02 8.241942751543399837e+00 4.672486907539343370e+00 3.436322007919509147e+00 2.074077543940371413e+02 8.265954142068130750e+01
1.506541733667771439e+02 8.355373445408451616e+00 4.356078036438615797e+00 3.578843488645353066e+00 1.934466151671234684e+02 8.101381744156711306e+01
1.995727357439045875e+02 8.117836194152660667e+00 4.400467999570270017e+00 3.480945711134515008e+00 3.585861837555740976e+02 8.091426467519796972e+01
2.563165174287888703e+02 8.352831987749370413e+00 4.827150817975398134e+00 3.373855663580048514e+00 3.473365754785577906e+02 1.429608266331629807e+02
3.061695727923009827e+02 8.439372529646083976e+00 4.958418819036658931e+00 3.591393783962776087e+00 3.600905029246844720e+02 1.486160233274463280e+02
3.367802023116951773e+02 8.437661471434141802e+00 4.630216891922233735e+00 3.521723401681778665e+00 3.729771356650015264e+02 1.490231207299765401e+02
4.173063611261907795e+02 9.298043630762970579e+00 4.804608272851587536e+00 3.566804097009549590e+00 3.508171054602831305e+02 1.403860426765519662e+02
5.130097808018067553e+02 9.091259808559160049e+00 5.172797236291412304e+00 4.021141492271925522e+00 3.767426890250587803e+02 1.465010278385921936e+02
5.903538631913731933e+02 1.065606285076754034e+01 5.743577404662830510e+00 4.041240624892338928e+00 3.645372815757050375e+02 1.383549256765994926e+02
6.383643048845182193e+02 1.072837755406893656e+01 6.012929373139481726e+00 4.175889628690044653e+00 7.588969858948761384e+02 2.973685605311773656e+02
8.232474124564702151e+02 1.077237435420502898e+01 6.160543645508436583e+00 4.481769456287107545e+00 7.615248753140759845e+02 3.184437760076729660e+02
8.815815275327381642e+02 1.138496521246585935e+01 6.522702006512266060e+00 4.438914488229594113e+00 7.633505329472837957e+02 3.088294596873478213e+02
1.023066198984396920e+03 1.169397343109285536e+01 6.158511604097785863e+00 4.767188539282789961e+00 7.566868843704480696e+02 3.111926341459530931e+02
1.083270082569871647e+03 1.142436665787440653e+01 6.624904358095761836e+00 4.818321289142091679e+00 7.485989410100180521e+02 3.158196788621099245e+02
1.172206041390059909e+03 1.154520134060834557e+01 6.212507343590547570e+00 4.890359455170191438e+00 7.030760565433814691e+02 3.101825608388648448e+02
1.243481251460041221e+03 1.174280483880021109e+01 6.879026541851233745e+00 4.723264377920979307e+00 7.240056885590405500e+02 3.173474863388304925e+02
1.378025846016507785e+03 1.219981647943292913e+01 6.629471651034778645e+00 5.036270175861683462e+00 7.507047313295471440e+02 3.265672954415833260e+02
1.636019456002066136e+03 1.227605720402712564e+01 6.647849451868996340e+00 5.220522334348770777e+00 7.672374771502841213e+02 3.012953308482301509e+02
1.719736325304447746e+03 1.294948624274323379e+01 7.147178773959768527e+00 5.052936388389584366e+00 7.646330177275930282e+02 3.216171643075631437e+02
1.920975793861722650e+03 1.266573696252664760e+01 7.011141252668264379e+00 4.968086920997851763e+00 8.225621183138041488e+02 3.148136493688804762e+02
2.248385597887077438e+03 1.258006486675445679e+01 6.783484648017956253e+00 5.108361488779020299e+00 8.319083641501085822e+02 3.072365494052430677e+02
2.199532952905648017e+03 1.263024826808355705e+01 6.828746567730651584e+00 5.116573884878301115e+00 7.747045673597810946e+02 2.981221854768357389e+02
2.545801920921464443e+03 1.381017410593510775e+01 7.325030646344358409e+00 5.386124695632473980e+00 7.700802826762700306e+02 3.010731326913843304e+02
2.714361590833867012e+03 1.388599667468758270e+01 7.384841629129204499e+00 5.587303750430262284e+00 7.959012844029897451e+02 3.160162768965633404e+02
2.955410963294078556e+03 1.409162867694794130e+01 7.083748398225877096e+00 5.520583320025240326e+00 8.268104931270145244e+02 3.238794885699276165e+02
2.972859441705182689e+03 8.357217736868919999e+00 0.000000000000000000e+00 1.015296238192595446e+01 7.801154691562398966e+02 2.981739838735518333e+02
3.083418200728371630e+03 8.496802151943963821e+00 0.000000000000000000e+00 9.734900677640979438e+00 5.740397683838727971e+04 0.000000000000000000e+00
3.220610351526235718e+03 8.248154642117016877e+00 0.000000000000000000e+00 9.723016556099599583e+00 5.939064854593958444e+04 0.000000000000000000e+00
3.155002414341041458e+03 8.276894233344874507e+00 0.000000000000000000e+00 9.948397849138213900e+00 5.692820761887187837e+04 0.000000000000000000e+00
3.426573408517037933e+03 8.499581041509545187e+00 0.000000000000000000e+00 1.030636571591998241e+01 5.630253762682447996e+04 0.000000000000000000e+00
3.272863679973884700e+03 9.025758903695999535e+00 0.000000000000000000e+00 1.048365862994799969e+01 5.663864524672154221e+04 0.000000000000000000e+00
3.302927011879282873e+03 8.866205393030304194e+00 0.000000000000000000e+00 1.065237919349842421e+01 5.564174453554464708e+04 0.000000000000000000e+00
3.714844600157175137e+03 9.243965107070275522e+00 0.000000000000000000e+00 1.060621586596987953e+01 5.620841660064507596e+04 0.000000000000000000e+00
3.542898476031838072e+03 8.984089481778312347e+00 0.000000000000000000e+00 1.149195595443512907e+01 5.951773950421661721e+04 0.000000000000000000e+00
3.801833176913527950e+03 8.886556880820389637e+00 0.000000000000000000e+00 1.118945333852167501e+01 5.763112842492562777e+04 0.000000000000000000e+00
3.838006037434163773e+03 9.153588535245035018e+00 0.000000000000000000e+00 1.096898224136349853e+01 6.016807775839282840e+04 0.000000000000000000e+00
3.870390334172431722e+03 9.300409515760360790e+00 0.000000000000000000e+00 1.122420878950912737e+01 5.663976187583046703e+04 0.000000000000000000e+00
4.041450641090129011e+03 9.593260664974359031e+00 0.000000000000000000e+00 1.117581491569395169e+01 5.513667891951501224e+04 0.000000000000000000e+00
4.327514212599968232e+03 9.205347649718175873e+00 0.000000000000000000e+00 1.185261370154501037e+01 5.898168475270934141e+04 0.000000000000000000e+00
4.246329499618295813e+03 9.973662214068228948e+00 0.000000000000000000e+00 1.112346833628669174e+01 5.541568573868186650e+04 0.000000000000000000e+00
4.527000158492737683e+03 9.614567216975027364e+00 0.000000000000000000e+00 1.192179878927406200e+01 5.842628927896144887e+04 0.000000000000000000e+00
4.550677584180410122e+03 1.029866673261051169e+01 0.000000000000000000e+00 1.164208855637387074e+01 6.027248903859193524e+04 0.000000000000000000e+00
4.357429046734511758e+03 9.526195217779504176e+00 0.000000000000000000e+00 1.147714431486427777e+01 6.013132053112520953e+04 0.000000000000000000e+00
4.731445017943829953e+03 1.026133894110273381e+01 0.000000000000000000e+00 1.177900149581987499e+01 5.811655766597571346e+04 0.000000000000000000e+00
4.973627431872650050e+03 1.053356382230955468e+01 0.000000000000000000e+00 1.184076697731341277e+01 5.625691506655182457e+04 0.000000000000000000e+00
4.972481487724704493e+03 9.787460852299489034e+00 0.000000000000000000e+00 1.170522691546516292e+01 5.854940510515752248e+04 0.000000000000000000e+00
4.965925916414979838e+03 9.887907474650827311e+00 0.000000000000000000e+00 1.245522967946470594e+01 5.808715739402147301e+04 0.000000000000000000e+00
4.985351471611706074e+03 1.053724827518819751e+01 0.000000000000000000e+00 1.181918815895959263e+01 6.034784959141528816e+04 0.000000000000000000e+00
4.929020787755992387e+03 1.080850800836278580e+01 0.000000000000000000e+00 1.159997724120141882e+01 5.565219893185242836e+04 0.000000000000000000e+00
5.281336414938309645e+03 1.120301602009744180e+01 3.625067629527867652e+00 1.339403140026767325e+01 4.591320757093973839e+02 8.339894262135550207e+01
5.149629994686987629e+03 1.072605495536603648e+01 3.406448196872716938e+00 1.222976436838196790e+01 4.615236699813356154e+02 8.728239335724690307e+01
5.279623303750837295e+03 1.106287025586962791e+01 3.464165148233032898e+00 1.220984816087381297e+01 4.440535508101763185e+02 8.139829089979595267e+01
5.134063881660013976e+03 1.113310929950485040e+01 3.615680704629899544e+00 1.318679982429233100e+01 4.384110461803476824e+02 8.905932813519460467e+01
5.705134342123084934e+03 1.105615764595354023e+01 3.686220830567595197e+00 1.284847318688940732e+01 4.255066578821097210e+02 8.129037909920931781e+01
5.619793700190112759e+03 1.159780101162856703e+01 3.741946585268507874e+00 1.301026453569816610e+01 4.523292003877592151e+02 8.874862100615166582e+01
5.685218741435684024e+03 1.086752704961248917e+01 3.492945733669843733e+00 1.323902187179859347e+01 4.349039363402267782e+02 8.699445478549355926e+01
5.532296992232446428e+03 1.109377311242127284e+01 3.673896033016989637e+00 1.284117542439223136e+01 4.264993604732724179e+02 8.669676002813679361e+01
5.696374124797115655e+03 1.175925145351091139e+01 3.691987733276120398e+00 1.362990844074506391e+01 4.281895014770330476e+02 8.165150071002049970e+01
6.116051700684410207e+03 1.104640480685254289e+01 3.632263714256866116e+00 1.312433290663286023e+01 4.364123064087461330e+02 8.619529600979215900e+01
6.032275233110037334e+03 1.102176985875603421e+01 3.645752961200646070e+00 1.260890392307848984e+01 4.494817916360680101e+02 8.688377966574451250e+01
6.274155689173255269e+03 1.175571567697523712e+01 3.511260726084692863e+00 1.305194905250765558e+01 4.134319148880955481e+02 8.086230202915501764e+01
6.408819379242002469e+03 1.169535226344904189e+01 3.817341430603943486e+00 1.306561562975514335e+01 4.278592320177928627e+02 8.821002862108056775e+01
6.081235605470596965e+03 1.138416346505755250e+01 3.525400500404349824e+00 1.336420470410344485e+01 4.181588234707227230e+02 8.337896579833250144e+01
