-2.563048229795197308e-01 5.546905913873017901e+00 3.427744523057899784e+00 2.810338317492765192e+00 1.402013608749869491e+03 6.119861061841053242e+02
3.246456490063118849e+01 5.568491538695949927e+00 3.434308937221044467e+00 2.672209259797279302e+00 1.373606657884242168e+03 5.828962167702641182e+02
3.385983745253400201e+01 7.997783175689303192e+00 4.264031388173716408e+00 3.275033972305499752e+00 1.383281213934691777e+03 6.124808763091504034e+02
4.731182928814546784e+01 8.064711775898967261e+00 4.591062703501385123e+00 3.307733634762697328e+00 1.375109377032503744e+03 6.075156178530291982e+02
1.001766876415777148e+02 8.263915982102545854e+00 4.335932283859588843e+00 3.411066774934441881e+00 2.065329797588605061e+02 8.161662401767854647e+01
1.467381896960951337e+02 8.081203784853265404e+00 4.525481269673114149e+00 3.291824347887692515e+00 2.049055824886666244e+02 7.655221080268127309e+01
1.905363284708823528e+02 8.426486593141486736e+00 4.662464853847147594e+00 3.477574093963902158e+00 3.658185208150145513e+02 7.630913247738828886e+01
2.390454397672802145e+02 8.751534229243876695e+00 4.687070827441466747e+00 3.465003099748189541e+00 3.469932215299020868e+02 1.500942870987006756e+02
2.988557431067374637e+02 8.436372890779711753e+00 4.601269495804301890e+00 3.494785560378975919e+00 3.430216791069219653e+02 1.480326081373489728e+02
3.402606861380450596e+02 8.802904470112558499e+00 4.748863230719013728e+00 3.449154736390764420e+00 3.551316268870511976e+02 1.440457215640009849e+02
3.930675624993044153e+02 8.815558806522581392e+00 4.884318000015192673e+00 3.562709073441541641e+00 3.644606407195142310e+02 1.377027599862240663e+02
4.953090305275109131e+02 9.478172195997441207e+00 5.141948282452030838e+00 3.685130367313937505e+00 3.543288767233368048e+02 1.411878589942853921e+02
5.886263810303752280e+02 1.003732656622928765e+01 5.514123686764950349e+00 4.132105688034782176e+00 3.623778617872881682e+02 1.501158622187144260e+02
6.608818781378945459e+02 1.042541179084130754e+01 6.062524969021859889e+00 4.538816845147895407e+00 7.189619143591172588e+02 3.039727537696594482e+02
8.020438894463125052e+02 1.076192202473601078e+01 6.302464313873804791e+00 4.377572069380125441e+00 7.412940187851353357e+02 2.999039824632390605e+02
8.705127000882916946e+02 1.146520471867245483e+01 6.466761658538395352e+00 4.452437914962781740e+00 7.059656137051974838e+02 2.987245354794696937e+02
1.047663165914602587e+03 1.181999631925588190e+01 6.442973685102018955e+00 4.597741651650067318e+00 7.297934105804690716e+02 3.186354049354815743e+02
1.079552304500027503e+03 1.127930011367413243e+01 6.693746543099453383e+00 4.491123640877944467e+00 7.430951170582538907e+02 3.123068410931402354e+02
1.154274772423616014e+03 1.122924134106128413e+01 6.493908104293255157e+00 4.834823959902355917e+00 7.080835518389386607e+02 3.040322884790418811e+02
1.357962946401768022e+03 1.167306374536922142e+01 6.648782980873757076e+00 4.819446688803205703e+00 7.370108160016768579e+02 3.040960963727017088e+02
1.394045167383028456e+03 1.184435378731744315e+01 6.517901028160347998e+00 4.994372331172414192e+00 7.638561151494903925e+02 3.071280849673393050e+02
1.542936975775949122e+03 1.240586976601902514e+01 6.557232568294842245e+00 4.753639211004272447e+00 7.166226344716089898e+02 3.264872225359558229e+02
1.865787194008856204e+03 1.221089117483205655e+01 6.830286338408913416e+00 5.307267481939511811e+00 8.360799216059604078e+02 3.069013480941879948e+02
1.963401606837700456e+03 1.286820541515617577e+01 6.619653128008797793e+00 5.347972330735936808e+00 7.965346585695594968e+02 3.179993818544882060e+02
2.167427793053689584e+03 1.325703206363866293e+01 6.783663227372734639e+00 5.379963494903443610e+00 7.966690341101311787e+02 3.104034244273025820e+02
2.184719535714265021e+03 1.365989479424295894e+01 6.779882354080403850e+00 5.540449384775189223e+00 8.368112728311782575e+02 3.237122640110624161e+02
2.732859816317568857e+03 1.278974645974832391e+01 6.881278908735140476e+00 5.420958756243815735e+00 7.622622045790843686e+02 3.196270087880062079e+02
2.659054145138185049e+03 1.330404292930447419e+01 6.981785050515550317e+00 5.424350036948403009e+00 7.933278234375128477e+02 3.250656214986055375e+02
2.783535824726762712e+03 1.405575753623428525e+01 7.134120557568995658e+00 5.712678868708214175e+00 8.207701734094722497e+02 3.181255878174205236e+02
2.812300471882969759e+03 8.454473159702905249e+00 0.000000000000000000e+00 9.608634624381885203e+00 7.959476280356028610e+02 3.133253142976910226e+02
2.997823885895663352e+03 8.415264016396385216e+00 0.000000000000000000e+00 1.043806547135251428e+01 5.821090453734403127e+04 0.000000000000000000e+00
2.919728325773731740e+03 8.680328348168766084e+00 0.000000000000000000e+00 1.024347193588777749e+01 5.532854135101188149e+04 0.000000000000000000e+00
3.135540302422570221e+03 8.344295084791307104e+00 0.000000000000000000e+00 1.017283915820240381e+01 5.526303737978864228e+04 0.000000000000000000e+00
3.365887578678439695e+03 8.537340049909893480e+00 0.000000000000000000e+00 1.005754469288427089e+01 5.709857843117925222e+04 0.000000000000000000e+00
3.496439329687200825e+03 8.698930601576771338e+00 0.000000000000000000e+00 1.051809159320982268e+01 5.528590483080776175e+04 0.000000000000000000e+00
3.578454011859983439e+03 8.530508180587720091e+00 0.000000000000000000e+00 1.122244552171525456e+01 5.768739257259740407e+04 0.000000000000000000e+00
3.481431682232059757e+03 9.154107979226060010e+00 0.000000000000000000e+00 1.033135537482571387e+01 5.809099195037970640e+04 0.000000000000000000e+00
3.557473454226490958e+03 8.912420214034259658e+00 0.000000000000000000e+00 1.060264962849647574e+01 5.808504011705305311e+04 0.000000000000000000e+00
3.844254153335091360e+03 9.591574698057860004e+00 0.000000000000000000e+00 1.134574809404289830e+01 5.824090510699172592e+04 0.000000000000000000e+00
3.725624735515606972e+03 8.967567499966545341e+00 0.000000000000000000e+00 1.124572996613525255e+01 5.609802874734802754e+04 0.000000000000000000e+00
3.968989486850483900e+03 9.413312405077425282e+00 0.000000000000000000e+00 1.147863321174879125e+01 5.950932005649841449e+04 0.000000000000000000e+00
4.081330712867056718e+03 9.521340541893097864e+00 0.000000000000000000e+00 1.125051514493072879e+01 5.660703392577942577e+04 0.000000000000000000e+00
4.280708498586469432e+03 9.963400842601901175e+00 0.000000000000000000e+00 1.139830216029323395e+01 5.735036124336497596e+04 0.000000000000000000e+00
4.238482984050103369e+03 9.601037245731362191e+00 0.000000000000000000e+00 1.158764309837624396e+01 5.811277196685405943e+04 0.000000000000000000e+00
4.511735764274498251e+03 9.639133579489950421e+00 0.000000000000000000e+00 1.222527490921395277e+01 5.881126218379014608e+04 0.000000000000000000e+00
4.629166878696149979e+03 1.016381433787515043e+01 0.000000000000000000e+00 1.205791262221223548e+01 5.721036165414336574e+04 0.000000000000000000e+00
4.484718446333124120e+03 9.547950209201214733e+00 0.000000000000000000e+00 1.195349124037442401e+01 5.644664922258038132e+04 0.000000000000000000e+00
4.698234750842878384e+03 1.051240962055845074e+01 0.000000000000000000e+00 1.177686282435995579e+01 5.950578718686575303e+04 0.000000000000000000e+00
4.828180374446594215e+03 1.059034776135368716e+01 0.000000000000000000e+00 1.187973470854420377e+01 5.664828341612421355e+04 0.000000000000000000e+00
4.887751228776586686e+03 1.056215154997787309e+01 0.000000000000000000e+00 1.167182955679711398e+01 5.974564103126521513e+04 0.000000000000000000e+00
4.862279256092801006e+03 1.011774493107651018e+01 0.000000000000000000e+00 1.243797499181160227e+01 5.735735448355741391e+04 0.000000000000000000e+00
5.046826344231130861e+03 1.026415667473125559e+01 0.000000000000000000e+00 1.186763785003413929e+01 5.898371504528246442e+04 0.000000000000000000e+00
5.090215653921288322e+03 1.001292945876718399e+01 0.000000000000000000e+00 1.169223988114047330e+01 5.527334552965356852e+04 0.000000000000000000e+00
5.025348063855238252e+03 1.145135858301547316e+01 3.457588915792910722e+00 1.319816155500235944e+01 4.572019927370636196e+02 8.370217885915893419e+01
5.413979890743512442e+03 1.130593947359489171e+01 3.573199592258478496e+00 1.292564317800554008e+01 4.438219031106276020e+02 8.154472206617386121e+01
5.330769005010200999e+03 1.063725794541111824e+01 3.404941271833634264e+00 1.253818131186961260e+01 4.550344813914433644e+02 8.723348541822986135e+01
5.191555200807080837e+03 1.082406283717779161e+01 3.512904612025879558e+00 1.280962076848659237e+01 4.207293656511848781e+02 8.220111885014178199e+01
5.592051602658679258e+03 1.075464596623189628e+01 3.466234310240084326e+00 1.237021083395383592e+01 4.372860037034104721e+02 8.409797818041008099e+01
5.398411118729445661e+03 1.072343620191191782e+01 3.625457335014423244e+00 1.288201658911872727e+01 4.375345285468255838e+02 8.881633088195005143e+01
5.755425302314421060e+03 1.149777136719756321e+01 3.738570091530872830e+00 1.314086114747451717e+01 4.327836225224493205e+02 8.366113189055144517e+01
5.602616324943883228e+03 1.133299940048170384e+01 3.804630406132318843e+00 1.258230128495328692e+01 4.509146369850028009e+02 8.426319771409542625e+01
5.675544920712240128e+03 1.085085231270970318e+01 3.483187346307989429e+00 1.246703028961670690e+01 4.522738049739836015e+02 8.874543153458671441e+01
6.050421588461700594e+03 1.106081414555035991e+01 3.493017222687916146e+00 1.245604284197560041e+01 4.462778438710187743e+02 8.214930644245113456e+01
6.020289821945009862e+03 1.099208299377274400e+01 3.531260625329299074e+00 1.287724388513979434e+01 4.361200081373089006e+02 8.894438009430587044e+01
5.988251202532042953e+03 1.153871640557294498e+01 3.539818237159277903e+00 1.245985145247803771e+01 4.202018692945229645e+02 8.872056469990596383e+01
6.092611966138156276e+03 1.092997737488652987e+01 3.697727884009369692e+00 1.253596449413287317e+01 4.354163799535471071e+02 8.824794297918121799e+01
6.328197314015093980e+03 1.150747895742233951e+01 3.687862863149043324e+00 1.370920576030720994e+01 4.225989852617240103e+02 8.150434432942529384e+01
