-4.018124005414874800e-01 5.692754501837407943e+00 3.278234414986082257e+00 2.772010288845030423e+00 1.429146140673606851e+03 6.180497283708732539e+02
3.504141688715752423e+01 5.703808342319942604e+00 3.322718393561561623e+00 2.695064287188508434e+00 1.394185344388169142e+03 6.103159181055858653e+02
3.154054384725168347e+01 8.007689972209004026e+00 4.561312066176479441e+00 3.156623522891851774e+00 1.432863144821463266e+03 5.768109624108836897e+02
4.813176188289318702e+01 8.140563103529787625e+00 4.596456524953365097e+00 3.417296110243661644e+00 1.414186703149611503e+03 6.247577949089235290e+02
1.001659089859557952e+02 8.212306207211415909e+00 4.441838292716654202e+00 3.216646236944768145e+00 2.055829876676936010e+02 7.625579892526157266e+01
1.518849998168653599e+02 7.844629682944034954e+00 4.369688176117508149e+00 3.353446588614856338e+00 2.075878175947884472e+02 8.300927072240172322e+01
1.984740956072444078e+02 8.025098809422633650e+00 4.539521536043137573e+00 3.378459299215575751e+00 3.512492524286404318e+02 7.858759010358653541e+01
2.520576677194650870e+02 8.497740678076359799e+00 4.745821403000118011e+00 3.601808025722672557e+00 3.691556092800993838e+02 1.473343908781763218e+02
3.151647372743775577e+02 8.416863459722900842e+00 4.783818283811674732e+00 3.689272139656661231e+00 3.743685339142995190e+02 1.383539576492290166e+02
3.654768545694201407e+02 8.317205466829156180e+00 4.847288451896843320e+00 3.723956320715996249e+00 3.690918004851154706e+02 1.486959986019689666e+02
4.255203272109008594e+02 8.921534498547625702e+00 4.772156861162366148e+00 3.538657737215561649e+00 3.450981941155816344e+02 1.480267167457923847e+02
4.813279444342323359e+02 1.004119381451921456e+01 5.258112519815013819e+00 3.690703111527460223e+00 3.423402900064385221e+02 1.363767610801842523e+02
6.104357540802743642e+02 1.070284099831323132e+01 5.910072821285633715e+00 4.156547557560902106e+00 3.581831566517435590e+02 1.477029151669973146e+02
6.910895976521270541e+02 1.025937132083130088e+01 6.211787668125754891e+00 4.482554192253116909e+00 7.091205093577932530e+02 3.163268788766050079e+02
7.670096283372780590e+02 1.068664675179004320e+01 5.855737246306725652e+00 4.341356877877252884e+00 7.342154508710540313e+02 2.986398793960344733e+02
9.287492530962390447e+02 1.092586106647062216e+01 5.960115731759120017e+00 4.778237747543571778e+00 7.390826161698525993e+02 3.130208341821114004e+02
1.021400171357664817e+03 1.158301391019727689e+01 6.559950727631612466e+00 4.624710083428289487e+00 7.508166524846146785e+02 3.136812765702601951e+02
1.117046247977559233e+03 1.153710100077420542e+01 6.197641360934253107e+00 4.709797509192374498e+00 7.300091405841237702e+02 2.982991759371433318e+02
1.209653112315099861e+03 1.179363665996413957e+01 6.715769834438662933e+00 4.852524301378317695e+00 7.646130677469045622e+02 3.013989274911154439e+02
1.352553287140600560e+03 1.203233407468676219e+01 6.523873511819353155e+00 5.007921237815174287e+00 7.635577420229034260e+02 3.071901444347685697e+02
1.351404780365840679e+03 1.167890458024306533e+01 6.605469703778523716e+00 4.827361417798514687e+00 7.098258726365668281e+02 3.257778755686265413e+02
1.527086304849417729e+03 1.176763030886917782e+01 6.588275542614447922e+00 5.035765223775375610e+00 7.680062278369533715e+02 3.218098005080799453e+02
1.731431650934446907e+03 1.210881049583548830e+01 7.086083528932821451e+00 5.240880116646235543e+00 8.085725689512199779e+02 3.016672119715210556e+02
2.052340524726103013e+03 1.333070825488069033e+01 7.104620359152439057e+00 5.011845290583334389e+00 7.793899534224840409e+02 3.252831194747394647e+02
2.166138286837282521e+03 1.279989419579665011e+01 7.288466230996921702e+00 5.557195324209530440e+00 7.717963782038689260e+02 3.250095424705182836e+02
2.358830727644636227e+03 1.287718835097755132e+01 7.359806669172827220e+00 5.343896577518983726e+00 7.616280140915247330e+02 3.131297131260737956e+02
2.504457097139173584e+03 1.319638729593198434e+01 6.872302359632324276e+00 5.581149840993024469e+00 8.391027384895890009e+02 3.058838793943455698e+02
2.646748075681316550e+03 1.388883517314565985e+01 7.365736357828509107e+00 5.366199836022039094e+00 7.778506512632806107e+02 3.017891412444224102e+02
2.843922948154298865e+03 1.310704185651646192e+01 7.112960176810898538e+00 5.740489424794283480e+00 7.855182025531348700e+02 3.260195813282384165e+02
2.911993900998029403e+03 7.732030133665467098e+00 0.000000000000000000e+00 1.014083097005054590e+01 7.643665562123663904e+02 3.226395862305575974e+02
2.981715640499144683e+03 8.232615609570753890e+00 0.000000000000000000e+00 9.751046399706904566e+00 6.064260246972645837e+04 0.000000000000000000e+00
2.917887547241350603e+03 8.615636150548274586e+00 0.000000000000000000e+00 9.747201860184180333e+00 5.537833649659877847e+04 0.000000000000000000e+00
3.292647118772810700e+03 8.835549799792790537e+00 0.000000000000000000e+00 1.018209978875015587e+01 5.631112483168731706e+04 0.000000000000000000e+00
3.183141557074657158e+03 8.403548256788768711e+00 0.000000000000000000e+00 1.067378571669982712e+01 5.751568697168554354e+04 0.000000000000000000e+00
3.497628550799961431e+03 8.712815978452777443e+00 0.000000000000000000e+00 1.082670109221856336e+01 5.659248192255928734e+04 0.000000000000000000e+00
3.322831712303143377e+03 8.731274552804160649e+00 0.000000000000000000e+00 1.123655823457564118e+01 6.012309575287264306e+04 0.000000000000000000e+00
3.491890103689279840e+03 9.261309634001056779e+00 0.000000000000000000e+00 1.082535347778858181e+01 6.041783284091384849e+04 0.000000000000000000e+00
3.496802721684996413e+03 9.212956934022486166e+00 0.000000000000000000e+00 1.113132261517332289e+01 5.593225825372344116e+04 0.000000000000000000e+00
3.648261763289237479e+03 9.511985433174595883e+00 0.000000000000000000e+00 1.136810568787510967e+01 5.696616287150194694e+04 0.000000000000000000e+00
4.030559858106867978e+03 9.116319383370511176e+00 0.000000000000000000e+00 1.102915671765013172e+01 5.600032372975863836e+04 0.000000000000000000e+00
4.106329882150515914e+03 9.806663959607114123e+00 0.000000000000000000e+00 1.103982161495927805e+01 5.988897031305290147e+04 0.000000000000000000e+00
4.178280437483649621e+03 9.126043413073443133e+00 0.000000000000000000e+00 1.164493847489907807e+01 5.969772558008095075e+04 0.000000000000000000e+00
4.196402123774208121e+03 9.284288893435901358e+00 0.000000000000000000e+00 1.159224604271516412e+01 5.895471728043082840e+04 0.000000000000000000e+00
4.236513168689891245e+03 9.537052429255505004e+00 0.000000000000000000e+00 1.103222828486319074e+01 5.528019244161825918e+04 0.000000000000000000e+00
4.285773005669440863e+03 1.012392262367664308e+01 0.000000000000000000e+00 1.116393679352963808e+01 5.878007396394365060e+04 0.000000000000000000e+00
4.265149118248444211e+03 9.459954640953158744e+00 0.000000000000000000e+00 1.197571895287082810e+01 5.783704030122363474e+04 0.000000000000000000e+00
4.759789261004599211e+03 1.038953398170390763e+01 0.000000000000000000e+00 1.171093345949629594e+01 6.066015330524859019e+04 0.000000000000000000e+00
4.824545821203957530e+03 9.645753206847601291e+00 0.000000000000000000e+00 1.198410499241660787e+01 5.883283123846374656e+04 0.000000000000000000e+00
4.720030889623821167e+03 1.026388707563752689e+01 0.000000000000000000e+00 1.210299581238310118e+01 6.029120589105426916e+04 0.000000000000000000e+00
5.003131698679547299e+03 1.019134907639536003e+01 0.000000000000000000e+00 1.160230192145008843e+01 5.943567526381004427e+04 0.000000000000000000e+00
4.876720190301149159e+03 1.021688440951278665e+01 0.000000000000000000e+00 1.146676529274448164e+01 6.052680912300175260e+04 0.000000000000000000e+00
5.257510379560289948e+03 1.050317977841333494e+01 0.000000000000000000e+00 1.187488265117925224e+01 5.526280563699336199e+04 0.000000000000000000e+00
5.156056729763728072e+03 1.007152616773320908e+01 0.000000000000000000e+00 1.227103820955183977e+01 5.534114135689772229e+04 0.000000000000000000e+00
4.966497296703092616e+03 1.132727797937950598e+01 3.336374603956295815e+00 1.257566552086486666e+01 4.437044423727940057e+02 8.110849801985702356e+01
5.010739597273900472e+03 1.129209035445592058e+01 3.651519756978002018e+00 1.254798268456392840e+01 4.289245378454741058e+02 8.328736377321435214e+01
5.129423852624361643e+03 1.083107664177516050e+01 3.508421054417843798e+00 1.237532494115793469e+01 4.371700321359361396e+02 8.790194961112858607e+01
5.386533074140616009e+03 1.117919806935875293e+01 3.688589853733125423e+00 1.242092617272087551e+01 4.228364137516152823e+02 8.464845776656007104e+01
5.247723648597481770e+03 1.155500294208440337e+01 3.450069874627419875e+00 1.244458947180009289e+01 4.247474043439419233e+02 8.441853211022714731e+01
5.648156504513436630e+03 1.099151621667331469e+01 3.652875614363949364e+00 1.346877831058330344e+01 4.213681430662951470e+02 8.278853272733023516e+01
5.930978559762591431e+03 1.062591865114938372e+01 3.460840875515025061e+00 1.248920784153286867e+01 4.314504290569590808e+02 8.411464640680407001e+01
5.756052226293893000e+03 1.161354622940089065e+01 3.545953088418514643e+00 1.352554776236015144e+01 4.305727350285226862e+02 8.736632729659201857e+01
5.710105783997998515e+03 1.163299211627894891e+01 3.560096934515031286e+00 1.331730355460040727e+01 4.280383756900085359e+02 8.829517620788185184e+01
6.265163344375252564e+03 1.133410206478648874e+01 3.731458671310525332e+00 1.291577192872666835e+01 4.422522882080856448e+02 8.221550998527030174e+01
6.169118991614171136e+03 1.084128776827637708e+01 3.816943018854552339e+00 1.346063898680799831e+01 4.426870419535898691e+02 8.472600909074357389e+01
6.185195898312321333e+03 1.141804993315601990e+01 3.728678163130272782e+00 1.368187377866722620e+01 4.465158485809311060e+02 8.566012091358864211e+01
6.053902175893600543e+03 1.110864077100577241e+01 3.581650435777504971e+00 1.288379553494797314e+01 4.493969993401978513e+02 8.449017565751785241e+01
6.283998114141473707e+03 1.079183387904396163e+01 3.712830818049901893e+00 1.251259123167688969e+01 4.435432834982564714e+02 8.402205755036592905e+01
