4.184707456769241052e-01 6.046486024201866982e+00 3.479480027132447972e+00 2.808820632359092961e+00 1.356013996462121668e+03 6.246658368020777061e+02
3.085436079165978995e+01 5.722200091626952201e+00 3.271719035248240814e+00 2.776877640689582094e+00 1.448532508554543938e+03 6.165164346674703211e+02
3.409486870820909843e+01 8.089793265812652123e+00 4.534195004330483947e+00 3.354989557253674537e+00 1.388118374147417398e+03 6.084162978598239988e+02
5.194086966972366071e+01 7.986755749810704685e+00 4.258473167689165173e+00 3.266901480862110851e+00 1.453686797493712902e+03 6.000439175057139209e+02
1.022994819812104907e+02 8.340026632245942650e+00 4.610121189200631520e+00 3.428132511061695809e+00 1.978128984911755310e+02 7.948041130988809755e+01
1.498853183123710835e+02 8.059393622588052253e+00 4.415279002611097070e+00 3.382834970501091831e+00 2.058970983170406726e+02 8.008678501413344009e+01
1.948692452078385315e+02 8.637237701769892695e+00 4.739672432246893052e+00 3.324427903573991649e+00 3.537500419054151735e+02 7.772455987347703399e+01
2.435650883539039171e+02 8.738404620463887440e+00 4.717029229006549862e+00 3.416701501830027077e+00 3.610960139915963509e+02 1.403526491231656621e+02
2.866175445407090479e+02 8.608193669019490457e+00 4.600206689049686659e+00 3.388243461566790682e+00 3.600445877028911355e+02 1.419532817447187085e+02
3.422664552337928399e+02 8.933703412125300503e+00 5.034556880059187556e+00 3.489540343123369581e+00 3.657206707356396578e+02 1.463597622028963769e+02
4.241764832550650794e+02 9.278586150080570860e+00 4.751674614521201434e+00 3.806572744285130927e+00 3.555524597397264301e+02 1.396033683359802637e+02
5.254802419483248741e+02 9.884410883018812655e+00 5.030932186520788996e+00 4.036094720114442147e+00 3.579025089644950981e+02 1.377191047691735264e+02
6.263885394033131888e+02 9.966539627648526078e+00 5.807898924948450947e+00 4.207533714307336581e+00 3.491255751867537924e+02 1.477811824592699281e+02
6.957840826622018540e+02 1.113967197096240547e+01 5.709516079410820844e+00 4.283841857770993578e+00 7.490499015321200886e+02 3.177041540814490759e+02
7.939454030432401623e+02 1.150498638068557078e+01 5.887429276309301684e+00 4.659877975198766009e+00 7.643832395881242974e+02 3.007761461544695294e+02
8.711543525452395897e+02 1.104418519308893387e+01 6.330628445996612008e+00 4.456344349385826575e+00 7.183688878843290695e+02 3.150675593083194599e+02
9.563069801279269768e+02 1.122908271850685935e+01 6.580845090812376341e+00 4.741446388599609207e+00 7.607333965396937856e+02 3.208401660839811598e+02
1.112824043371452944e+03 1.190299176144905680e+01 6.705608483509166717e+00 4.694733357705688448e+00 7.266066914716811880e+02 2.975731685973500475e+02
1.164857842346483494e+03 1.147301038220075498e+01 6.542828212410944033e+00 4.569802239741927785e+00 7.484995471368340532e+02 3.150015456689373536e+02
1.252221539429750237e+03 1.200611949758565800e+01 6.418366485510794917e+00 5.030719797534793258e+00 7.570363788308362700e+02 3.265093249718476045e+02
1.414986930134982231e+03 1.245534540596313100e+01 6.922909131436064456e+00 4.815877462771888773e+00 7.376303303069412323e+02 3.129336323627397860e+02
1.612444187013262535e+03 1.271475262020090646e+01 6.816754448778172382e+00 5.019625385478302171e+00 7.461003885645271794e+02 3.208091094530239502e+02
1.860279228480818347e+03 1.238580995287352238e+01 6.891986413030496195e+00 5.236784349080488177e+00 8.275939235148218813e+02 3.047303469869879109e+02
1.925272532125467478e+03 1.273872610143284767e+01 7.117246896499906939e+00 5.117564512066635984e+00 7.829629970766447968e+02 3.182826483822560704e+02
2.197223979750939634e+03 1.238791124410948363e+01 6.970597092636817926e+00 5.447036098546669258e+00 7.952125110617729433e+02 3.176763456245493558e+02
2.318997159303673470e+03 1.249257237475703519e+01 7.132220928775732105e+00 5.519741428023959173e+00 7.668831149398644129e+02 3.241492868783084305e+02
2.684834062707941030e+03 1.267014387075692561e+01 7.062028013198724530e+00 5.177431056226399875e+00 8.163287160546240102e+02 3.009107439041687826e+02
2.639522664409495974e+03 1.394594751469402816e+01 7.002533055830401310e+00 5.465346025386183193e+00 8.052869498601502301e+02 3.098491100168789671e+02
2.913855839109673070e+03 1.358064329072007403e+01 7.633508446446238160e+00 5.745275215808282709e+00 8.049994062809114439e+02 2.997613373454468046e+02
2.858934058409354748e+03 7.967611422247316000e+00 0.000000000000000000e+00 9.262683780212475071e+00 7.634211259538795957e+02 3.109965916719026495e+02
3.073114131170301334e+03 7.862184661637456884e+00 0.000000000000000000e+00 9.780684162790089786e+00 5.505020274850278656e+04 0.000000000000000000e+00
3.194303180378295110e+03 7.975389151253909681e+00 0.000000000000000000e+00 1.018692624252626366e+01 5.864576432588293392e+04 0.000000000000000000e+00
3.040324879178940137e+03 8.589960651361661093e+00 0.000000000000000000e+00 1.062012881871480197e+01 5.713379231913530384e+04 0.000000000000000000e+00
3.280284149512442582e+03 8.396020823312300152e+00 0.000000000000000000e+00 9.984885668264153580e+00 5.635460224795863178e+04 0.000000000000000000e+00
3.248338395942093484e+03 9.020419039029832220e+00 0.000000000000000000e+00 1.075713897333909586e+01 5.928447480871972948e+04 0.000000000000000000e+00
3.627954298063806164e+03 8.582909240458450384e+00 0.000000000000000000e+00 1.092790460512208561e+01 5.547733035351525905e+04 0.000000000000000000e+00
3.581995007165643528e+03 9.382829727743679626e+00 0.000000000000000000e+00 1.076420397056785561e+01 5.660988958119141171e+04 0.000000000000000000e+00
3.582924515342382165e+03 9.559900126285077349e+00 0.000000000000000000e+00 1.096938300295135527e+01 5.865664967307488405e+04 0.000000000000000000e+00
3.871141955411274012e+03 8.981911536677012364e+00 0.000000000000000000e+00 1.127821303360278549e+01 5.878235100275635341e+04 0.000000000000000000e+00
4.025578123783986484e+03 9.850192300586297023e+00 0.000000000000000000e+00 1.162439093184262084e+01 6.053128216644370696e+04 0.000000000000000000e+00
4.078879346834985881e+03 9.531969296413953074e+00 0.000000000000000000e+00 1.080983482248458927e+01 5.913901074296706065e+04 0.000000000000000000e+00
3.924518405618870020e+03 9.144818566504904211e+00 0.000000000000000000e+00 1.127838138101826715e+01 5.623603963480039238e+04 0.000000000000000000e+00
4.085174516945366577e+03 9.886858761692293385e+00 0.000000000000000000e+00 1.157212533778150920e+01 5.634370290037890663e+04 0.000000000000000000e+00
4.213643672985325793e+03 9.914325782316035784e+00 0.000000000000000000e+00 1.113199890210925957e+01 5.870932849303592229e+04 0.000000000000000000e+00
4.280042847783012803e+03 1.020223231551969434e+01 0.000000000000000000e+00 1.187207219794125379e+01 5.538519794559697038e+04 0.000000000000000000e+00
4.412592482225535605e+03 1.027373763982942734e+01 0.000000000000000000e+00 1.166648551024900904e+01 5.760714250390684902e+04 0.000000000000000000e+00
4.438678055623795444e+03 9.682557153728069466e+00 0.000000000000000000e+00 1.235928456454664826e+01 5.695286490244702873e+04 0.000000000000000000e+00
4.640445362551537073e+03 9.918999767696300651e+00 0.000000000000000000e+00 1.203106529740156638e+01 5.945682655291639821e+04 0.000000000000000000e+00
4.906872559084517889e+03 9.959270568611980678e+00 0.000000000000000000e+00 1.254222055623055709e+01 5.752521092234018579e+04 0.000000000000000000e+00
4.722927561713187060e+03 1.058452095351308131e+01 0.000000000000000000e+00 1.157155526191144013e+01 5.928801775120749517e+04 0.000000000000000000e+00
4.759608676935930816e+03 1.017593468155266656e+01 0.000000000000000000e+00 1.227126434687026268e+01 5.962373856620617880e+04 0.000000000000000000e+00
4.960404131159774806e+03 1.066530794739349197e+01 0.000000000000000000e+00 1.160944433166925371e+01 5.878345035954302148e+04 0.000000000000000000e+00
4.972377088249696499e+03 1.042113208821523962e+01 0.000000000000000000e+00 1.242465283959382738e+01 5.547872079890805617e+04 0.000000000000000000e+00
5.029092619370608190e+03 1.131759169145157173e+01 3.537247448950675111e+00 1.214674207402463857e+01 4.332445834889252865e+02 8.453501687101974937e+01
5.245133261647692052e+03 1.127705834526355311e+01 3.334546320019725840e+00 1.267160166889093276e+01 4.327102797675348711e+02 8.125402201476912012e+01
5.199390964378516401e+03 1.135143470466731941e+01 3.597903103444998862e+00 1.297956773955920262e+01 4.296059221021764074e+02 8.871056271962196149e+01
5.180308086116779123e+03 1.057842762438581552e+01 3.700108246825883462e+00 1.343863132252855230e+01 4.573178798730241397e+02 8.756563644130733337e+01
5.328072573293974528e+03 1.163473755334689663e+01 3.629296695945214424e+00 1.340811315609103360e+01 4.306656496592976850e+02 8.479329720609919718e+01
5.791530382133066269e+03 1.138847801706170237e+01 3.506715433220322975e+00 1.261880511205005995e+01 4.486720752739781801e+02 8.077212872087338269e+01
5.458894325827086504e+03 1.085977559866375053e+01 3.783507394591577810e+00 1.346554363924940390e+01 4.275845126692698273e+02 8.505384545223952841e+01
5.718696893950344020e+03 1.142988901157068149e+01 3.618431382665578955e+00 1.362714455346324982e+01 4.212397694343784451e+02 8.598009724274068333e+01
5.662145794779276912e+03 1.144213275324534607e+01 3.602695422151959370e+00 1.331672087063021515e+01 4.538897411814789962e+02 8.648557478758512218e+01
6.145182620117633633e+03 1.156926476657017666e+01 3.804166173255935757e+00 1.245867131439368158e+01 4.407714648973699241e+02 8.246992410714730681e+01
6.263839681731416931e+03 1.179976204601929624e+01 3.620467334637555545e+00 1.268233389724873206e+01 4.416265679151821928e+02 8.681409190271055820e+01
6.417687801715092064e+03 1.095324046197571199e+01 3.694966171091128793e+00 1.263984544412093669e+01 4.138487408627836999e+02 8.857703899074265053e+01
6.223071663459117190e+03 1.118047873000248771e+01 3.763733180512748522e+00 1.265966072242068918e+01 4.351132535287804330e+02 8.211861128041688573e+01
6.573303234803948726e+03 1.085826063197711910e+01 3.828584764640734051e+00 1.297577959788211821e+01 4.128602246268887370e+02 8.770806343492651536e+01
