3.692224108752645284e-01 5.591475030560764559e+00 3.293996456155536823e+00 2.826706687620548220e+00 1.367201067368004260e+03 6.137862310333867981e+02
3.460545965458164375e+01 5.955195304724996141e+00 3.220431648971945560e+00 2.867633714547940471e+00 1.361528969972953746e+03 5.821810256805329118e+02
3.325312683272610315e+01 7.994802628502518438e+00 4.561084811211845391e+00 3.222309579279411640e+00 1.462351034633103836e+03 5.827513767838937611e+02
5.012630224458965955e+01 7.925083815111743313e+00 4.179639637512188699e+00 3.183558219472863104e+00 1.348992383903169411e+03 6.061944567048328736e+02
1.043780280920489218e+02 7.864077576871038033e+00 4.289443810836186088e+00 3.348833876293647815e+00 1.944193622742454295e+02 7.999474482697050348e+01
1.505908909955111881e+02 8.118624336206782033e+00 4.445799663627736820e+00 3.260415392024698544e+00 2.090771347199109584e+02 8.178215206808539506e+01
2.003579270487824431e+02 8.130734851317715339e+00 4.788318971444619265e+00 3.460472678612328323e+00 3.667583743996448788e+02 8.226950536464531183e+01
2.454195929930958755e+02 8.300088406323011370e+00 4.554977240851751930e+00 3.651121091957428177e+00 3.708859094488555002e+02 1.427035784132841627e+02
2.845321099263900351e+02 8.820232314013937369e+00 4.790625580911878956e+00 3.565227537579341632e+00 3.683961944747215398e+02 1.468866122692868430e+02
3.387314784042631004e+02 8.623024354489380983e+00 5.011857386770406819e+00 3.680635950101843523e+00 3.546115468069013446e+02 1.487763110351441753e+02
4.231384386939802766e+02 9.234292591324308574e+00 5.166940429140669089e+00 3.752439985173781967e+00 3.536470802695696420e+02 1.469567068257956350e+02
5.221348212079404902e+02 9.343617373566505790e+00 5.245202740711354394e+00 3.760589636463429475e+00 3.569171849877170644e+02 1.429403248122543175e+02
5.702581612884536071e+02 1.046622640108412483e+01 5.789796171592766605e+00 4.124403754971302405e+00 3.425608236267271423e+02 1.408442072662814724e+02
6.534031191412148019e+02 1.131193410589587423e+01 6.272964862126778840e+00 4.249310407061351214e+00 7.299896738419494113e+02 3.194900266977375054e+02
7.815250558204775189e+02 1.055092561300150145e+01 5.834428067816792129e+00 4.512094047862687418e+00 7.556072186677444051e+02 3.033152534572210470e+02
8.872236966555213940e+02 1.124933370988667392e+01 6.340702928731408505e+00 4.492495472249876443e+00 7.432689687440733906e+02 3.197452530202177741e+02
1.019386677761471219e+03 1.144364287939449021e+01 6.655926736404369493e+00 4.531441038485795048e+00 7.096328880205966243e+02 3.123146035402927509e+02
1.076457430006984850e+03 1.178381396079211285e+01 6.114286635327699670e+00 4.532262307079673036e+00 7.396384562251766965e+02 3.092521511256911708e+02
1.259079679683531594e+03 1.144719476493492571e+01 6.621536440752533892e+00 4.781195456920488418e+00 7.383891200848373728e+02 2.991445631263632094e+02
1.335875837824808741e+03 1.140980848031777306e+01 6.247278020100709206e+00 5.065641546664112482e+00 7.322158959382119292e+02 3.053491560339118678e+02
1.402341067224089102e+03 1.148646212606661265e+01 6.687516103947808155e+00 5.015250283152760780e+00 7.588886030701479513e+02 3.238924695336501145e+02
1.568268697349723652e+03 1.208211825431210329e+01 6.650662868708427489e+00 5.215057437993431577e+00 7.604705092813845795e+02 3.267268221159428663e+02
1.788404755510512132e+03 1.212400067712013296e+01 6.896931398950179037e+00 5.322940472944421408e+00 7.937563642331977007e+02 3.026753829619017324e+02
1.919109982298919704e+03 1.303269788892698955e+01 6.643415158723558811e+00 5.369588885750990137e+00 8.013189342143084559e+02 3.230596442940935162e+02
2.141593632558249283e+03 1.248756150742043047e+01 6.753422379305452417e+00 5.502266786987840774e+00 7.742939723342459502e+02 3.105463310999525675e+02
2.353529823430953002e+03 1.267978706999678984e+01 7.255854796040690502e+00 5.464413501558419206e+00 7.623197898269781945e+02 3.068239065627985269e+02
2.625085869759033358e+03 1.265964671725663848e+01 6.887059218473361888e+00 5.165979480824884895e+00 7.709091521542728742e+02 3.099478289739498109e+02
2.534819089618637918e+03 1.366430334380117628e+01 7.250299153679690356e+00 5.586186473965589094e+00 7.697379417413005740e+02 2.998666190365387365e+02
2.906276632852906005e+03 1.329536167678987013e+01 7.231674063572604894e+00 5.626864589289584551e+00 7.790416554712328434e+02 3.243534627164339099e+02
2.868304587970563716e+03 7.983337931488986960e+00 0.000000000000000000e+00 9.571095827642253084e+00 7.981586967217243682e+02 3.201075937482391964e+02
2.951223828656573005e+03 8.035397019070092739e+00 0.000000000000000000e+00 9.814031714987287103e+00 5.535931587089832465e+04 0.000000000000000000e+00
3.066954187614369403e+03 8.439529956794121546e+00 0.000000000000000000e+00 1.005161689626346977e+01 5.763872488537388563e+04 0.000000000000000000e+00
3.083177780672300742e+03 8.871616589560096244e+00 0.000000000000000000e+00 1.031451453232084958e+01 5.522538286709260865e+04 0.000000000000000000e+00
3.235969495624168303e+03 8.441396020950911350e+00 0.000000000000000000e+00 1.095950186821123573e+01 5.973956558829601272e+04 0.000000000000000000e+00
3.259238969053349138e+03 9.228508609012401109e+00 0.000000000000000000e+00 1.080185501156500827e+01 5.964408571639054571e+04 0.000000000000000000e+00
3.520780663442252717e+03 8.905725918439275191e+00 0.000000000000000000e+00 1.107048090355272230e+01 5.520053743420753744e+04 0.000000000000000000e+00
3.663568692997531798e+03 8.780062706218661361e+00 0.000000000000000000e+00 1.139425310977698658e+01 5.999710892030817922e+04 0.000000000000000000e+00
3.536525449256483626e+03 9.031511095250323251e+00 0.000000000000000000e+00 1.110773031566321478e+01 5.999868059498317598e+04 0.000000000000000000e+00
3.717588312940697506e+03 8.898852433682423069e+00 0.000000000000000000e+00 1.077848429107609007e+01 6.006830327606521314e+04 0.000000000000000000e+00
3.959326759071028846e+03 9.011364433114110284e+00 0.000000000000000000e+00 1.115567904315896364e+01 6.026749285410198354e+04 0.000000000000000000e+00
4.121359140348874462e+03 9.580246502684097720e+00 0.000000000000000000e+00 1.131616890521445917e+01 5.959533544505800091e+04 0.000000000000000000e+00
3.933686482064655138e+03 9.782728302118332664e+00 0.000000000000000000e+00 1.145953060939192980e+01 5.615415596237137652e+04 0.000000000000000000e+00
4.190303731448251710e+03 9.918522655143275912e+00 0.000000000000000000e+00 1.204752494696821152e+01 5.640943827786978363e+04 0.000000000000000000e+00
4.199515367152525869e+03 9.295975181607806448e+00 0.000000000000000000e+00 1.115815701133983850e+01 5.748785723211277218e+04 0.000000000000000000e+00
4.440577672701600932e+03 9.696134670613753670e+00 0.000000000000000000e+00 1.200038947553236568e+01 5.664613921871513594e+04 0.000000000000000000e+00
4.625827199977189593e+03 9.876178976463977577e+00 0.000000000000000000e+00 1.213942319495927613e+01 5.861513919238385279e+04 0.000000000000000000e+00
4.703603230663300565e+03 1.034677942135740558e+01 0.000000000000000000e+00 1.121966878296717240e+01 5.600728463923946401e+04 0.000000000000000000e+00
4.720237669119364000e+03 1.035152243199514466e+01 0.000000000000000000e+00 1.199213541735609212e+01 5.961168036212734296e+04 0.000000000000000000e+00
4.737634329816281934e+03 1.053585235492107230e+01 0.000000000000000000e+00 1.141409654365559945e+01 6.060895098102851625e+04 0.000000000000000000e+00
5.002973475473063445e+03 1.004726863867518283e+01 0.000000000000000000e+00 1.238784332986178782e+01 5.759455617975925998e+04 0.000000000000000000e+00
5.121895792919498490e+03 1.006669848658577848e+01 0.000000000000000000e+00 1.147068023021966177e+01 5.660135933139243571e+04 0.000000000000000000e+00
5.148439045496717881e+03 1.029638294847268831e+01 0.000000000000000000e+00 1.265528179168221179e+01 6.043018490575299802e+04 0.000000000000000000e+00
5.012424705032615748e+03 1.056330184616424361e+01 0.000000000000000000e+00 1.271145516953734500e+01 6.025896907058601209e+04 0.000000000000000000e+00
4.895946723592739545e+03 1.115811755750337753e+01 3.428150408757342671e+00 1.242300279707955291e+01 4.314727196352068859e+02 8.170553297683986216e+01
5.159399593287162133e+03 1.110065288640386960e+01 3.655117154533114476e+00 1.230956315690867342e+01 4.554394766157098502e+02 8.375701121184341957e+01
5.484404847414135475e+03 1.147335622914092390e+01 3.562205325174881310e+00 1.236069486754348468e+01 4.318551295801367473e+02 8.838814572332540820e+01
5.222227555703064354e+03 1.119290957743514703e+01 3.411610294000159804e+00 1.295677163370324436e+01 4.392459728494716842e+02 8.091039274102433865e+01
5.459948364142309401e+03 1.136570055267829638e+01 3.687429945036980961e+00 1.265139142731296573e+01 4.365408013209416254e+02 8.127933149344968911e+01
5.659577864667896392e+03 1.171059317731150173e+01 3.628207504294287844e+00 1.331795497846780130e+01 4.269393501638281805e+02 8.197227429775367114e+01
5.795149661076059601e+03 1.155479398265279301e+01 3.707679160898085247e+00 1.270395263005422670e+01 4.555061713337745459e+02 8.566734220575061443e+01
6.002863683178056817e+03 1.161830251026514382e+01 3.628757505003069372e+00 1.335597402057881844e+01 4.342663806621057461e+02 8.793529707812582785e+01
6.088350536806918171e+03 1.077983456458250444e+01 3.760205453363965056e+00 1.318344344072291818e+01 4.113768767692743609e+02 8.166950093820264556e+01
5.796421700402917850e+03 1.100085563260820720e+01 3.600811870537299786e+00 1.243640395542161770e+01 4.252796417333439649e+02 8.525303989496330814e+01
6.266207856612842988e+03 1.169321618716247002e+01 3.741858016606071313e+00 1.244248668021057469e+01 4.271125368395242390e+02 8.646150784873704254e+01
6.091153570401515935e+03 1.173473524723550199e+01 3.648878112950028729e+00 1.289747861124496886e+01 4.435748689909505629e+02 8.214249278746976302e+01
6.182670987157134732e+03 1.132055035250989228e+01 3.721683869207755624e+00 1.275158910687262903e+01 4.461530688176357557e+02 8.644257182413295482e+01
6.469089533233495786e+03 1.107723555635859647e+01 3.754532457867129303e+00 1.350731226232734628e+01 4.140256444983304505e+02 8.912072182566859624e+01
