1.555438823020582895e-02 5.526685464779511392e+00 3.331058636160401321e+00 2.930074587129507080e+00 1.423434068412040233e+03 6.195582637209489576e+02
3.219683438168239320e+01 5.910035276673861304e+00 3.239140654729184110e+00 2.917015811446156182e+00 1.417250231949444697e+03 6.237185987178987716e+02
3.116388174211027362e+01 7.740284970017341060e+00 4.237295706407704365e+00 3.468485553631692753e+00 1.435226558351718040e+03 6.184169170717915449e+02
4.918482442766325136e+01 7.683145617931483429e+00 4.355929838408310495e+00 3.411167625295734140e+00 1.429178790071688354e+03 6.204365355203188983e+02
9.776319096876768810e+01 7.598652138345485696e+00 4.438917327009862746e+00 3.246472568485621490e+00 1.927334085016256608e+02 8.293069544597970832e+01
1.440356901325438628e+02 7.982953259117246958e+00 4.712057476928864119e+00 3.355995587548431747e+00 1.964201500027614316e+02 7.988726525270256218e+01
1.922658259011087978e+02 8.665224574327389462e+00 4.602550197349584593e+00 3.512482159503518275e+00 3.598004219650234745e+02 7.642068525400485157e+01
2.483975512804211121e+02 8.166203545911136175e+00 4.727126876995701110e+00 3.573652495633330428e+00 3.636889213913515277e+02 1.479100138115734069e+02
3.081955864023139497e+02 8.679050142265985812e+00 4.590434141981644345e+00 3.375754544863850182e+00 3.651488599974513818e+02 1.448207323780000024e+02
3.668646514029160812e+02 8.409273427802169465e+00 4.650350124314240219e+00 3.745200077920483039e+00 3.699631694078389046e+02 1.448604412699729380e+02
4.209390245499328671e+02 9.294523149791750427e+00 5.022937747797613817e+00 3.626245937257361440e+00 3.497545223063645494e+02 1.365171960754039162e+02
4.827691242237609686e+02 9.255646071880805792e+00 5.371406759108981355e+00 3.779956784520715374e+00 3.595014461349906014e+02 1.384845052697095014e+02
5.944390883089027966e+02 1.001751116921762552e+01 5.769792992445426094e+00 4.184233557446678908e+00 3.439621208995793040e+02 1.437287065491437090e+02
6.618575853485505149e+02 1.045352160241591122e+01 5.959963894975433440e+00 4.537658895752534782e+00 7.456757752521343718e+02 3.127775987059580416e+02
7.875012910686097030e+02 1.076277857654117653e+01 6.347913440073355673e+00 4.320356769870124403e+00 7.592493107441148368e+02 2.995479387234728961e+02
9.111130300493538243e+02 1.079043996281065354e+01 6.540310272805035297e+00 4.503259010629092174e+00 7.054390094761179171e+02 3.228049664731447592e+02
9.638417729931247777e+02 1.110191498125617215e+01 6.634281065511880016e+00 4.718737455456532892e+00 7.500237674468543219e+02 3.102720801491235534e+02
1.073919224707142348e+03 1.106504633939415072e+01 6.110581233375000032e+00 4.801455832413660474e+00 7.429649237869380158e+02 3.055771076540347622e+02
1.147526926603738275e+03 1.183659368803629341e+01 6.456659998625704056e+00 4.802515276275677536e+00 7.041248989508462728e+02 2.965217325877655412e+02
1.252857228569693689e+03 1.238379873978021450e+01 6.857413784139608559e+00 4.967971889725931511e+00 7.583545090857317064e+02 3.028131743610639433e+02
1.435159953890446104e+03 1.194576004007365277e+01 6.710819287446644132e+00 4.741122417891950214e+00 7.730968902008453369e+02 3.067853842730293650e+02
1.608162716295198834e+03 1.175230145132047355e+01 6.990569788331646883e+00 4.750067923377406132e+00 7.699580307437774991e+02 3.248674744195735684e+02
1.806009170177100259e+03 1.273078591075281452e+01 6.774391148034975885e+00 5.098577644069533399e+00 8.006848652263682879e+02 3.209051988135027500e+02
2.020196928736355858e+03 1.313429596294477442e+01 6.735772098964692312e+00 4.972355853666543091e+00 7.752720214579247795e+02 3.166012833132152196e+02
2.237078291291591540e+03 1.347090149771755030e+01 6.713746444785754441e+00 5.061924411477748187e+00 8.023031365071741448e+02 3.132097643251208297e+02
2.359153165747297408e+03 1.298511271209099505e+01 6.716613411569174019e+00 5.581076959416805927e+00 8.208276929056671634e+02 3.146080346965928811e+02
2.514624124645089978e+03 1.269100761199925209e+01 6.771211969391883301e+00 5.295896445663166752e+00 8.336242356980045543e+02 3.138466421043752348e+02
2.707782399809909293e+03 1.409197866432467627e+01 7.443609854992549124e+00 5.458686706383553577e+00 7.894735147764836256e+02 3.257773924431503474e+02
2.830487687674257359e+03 1.425683306551593965e+01 7.343034889777145580e+00 5.566932872020380785e+00 8.231523836721869429e+02 3.175999118884546988e+02
2.907062094608735151e+03 8.263942653141265637e+00 0.000000000000000000e+00 9.943872801693013130e+00 8.075377167374467717e+02 3.191866339410115074e+02
3.120011019391198715e+03 8.068810805130496533e+00 0.000000000000000000e+00 9.710262045518314622e+00 5.656323863192438876e+04 0.000000000000000000e+00
2.927285620264467525e+03 8.254729130681825566e+00 0.000000000000000000e+00 1.035060629377096930e+01 5.974589820960818179e+04 0.000000000000000000e+00
3.228882750640649647e+03 8.205690762179896680e+00 0.000000000000000000e+00 1.018134578685512359e+01 5.963716559557610162e+04 0.000000000000000000e+00
3.246039398032283316e+03 8.988197242280671517e+00 0.000000000000000000e+00 1.096523308405679487e+01 5.575834347296668420e+04 0.000000000000000000e+00
3.413129980004215213e+03 8.996692370369069991e+00 0.000000000000000000e+00 1.037856350489030000e+01 5.611039852239191532e+04 0.000000000000000000e+00
3.586833680715354149e+03 8.773370560051617417e+00 0.000000000000000000e+00 1.102370250277331287e+01 5.631929015915175114e+04 0.000000000000000000e+00
3.509683985881323224e+03 8.745979113133133254e+00 0.000000000000000000e+00 1.051643909689641099e+01 5.536468631636613281e+04 0.000000000000000000e+00
3.543231202628483061e+03 9.369749685487883895e+00 0.000000000000000000e+00 1.114779257348889629e+01 5.504880315853383945e+04 0.000000000000000000e+00
3.907510818434133398e+03 9.240974609553203933e+00 0.000000000000000000e+00 1.141322463535321141e+01 5.983951258996152319e+04 0.000000000000000000e+00
3.679025863286118692e+03 9.317564869315621223e+00 0.000000000000000000e+00 1.103569054612015066e+01 5.829810779149399605e+04 0.000000000000000000e+00
4.052663159358345638e+03 9.588162317451816463e+00 0.000000000000000000e+00 1.094664472020414969e+01 5.811961074424298567e+04 0.000000000000000000e+00
4.066773243410672421e+03 9.621875341722631703e+00 0.000000000000000000e+00 1.124264938404732028e+01 5.721648698298019735e+04 0.000000000000000000e+00
4.203364949195559348e+03 9.228486264497627545e+00 0.000000000000000000e+00 1.096356906034613843e+01 5.877900375923007959e+04 0.000000000000000000e+00
4.274351392629770089e+03 9.522265724804922726e+00 0.000000000000000000e+00 1.180477544236758014e+01 6.024284876897807408e+04 0.000000000000000000e+00
4.283681275804449797e+03 9.984681130307446750e+00 0.000000000000000000e+00 1.141656586392213413e+01 5.711800013808589574e+04 0.000000000000000000e+00
4.519494438545380035e+03 1.021470963768590323e+01 0.000000000000000000e+00 1.118237898177906686e+01 5.836696639341011178e+04 0.000000000000000000e+00
4.705855214764316770e+03 9.872875408948260656e+00 0.000000000000000000e+00 1.210609844694219106e+01 5.915412669502946665e+04 0.000000000000000000e+00
4.651751306463052970e+03 1.013465831525133254e+01 0.000000000000000000e+00 1.141753500785219799e+01 5.557004740395369299e+04 0.000000000000000000e+00
4.574684907906806984e+03 1.024956539241638076e+01 0.000000000000000000e+00 1.158979008954272416e+01 5.797776641846478014e+04 0.000000000000000000e+00
5.082228689877922079e+03 1.023403012168467363e+01 0.000000000000000000e+00 1.185013309596147835e+01 5.673001726948342548e+04 0.000000000000000000e+00
5.067625942875559304e+03 1.055084992715083558e+01 0.000000000000000000e+00 1.255082262814359240e+01 5.897641932228245423e+04 0.000000000000000000e+00
5.221553477823272260e+03 1.076240895579283396e+01 0.000000000000000000e+00 1.188264266780124778e+01 5.953161582348197408e+04 0.000000000000000000e+00
5.278966845961608669e+03 1.005710655673623677e+01 0.000000000000000000e+00 1.210137103830837368e+01 5.962800183065800957e+04 0.000000000000000000e+00
5.393976159036888021e+03 1.060288644155685134e+01 3.646833276534241275e+00 1.212975891812886964e+01 4.475544766910433623e+02 8.864734917711624007e+01
5.112104106243347815e+03 1.082186011681315563e+01 3.380964712669821459e+00 1.312437212314094914e+01 4.423672919950161031e+02 8.107389229733580294e+01
5.487886218132860449e+03 1.138231440350172541e+01 3.645718553754380586e+00 1.313743606474185199e+01 4.514461184168167165e+02 8.273867817258482660e+01
5.595509041391701430e+03 1.094550840556330407e+01 3.500314217673144324e+00 1.233056597185781023e+01 4.335787587120511830e+02 8.340565913010563293e+01
5.664845635065781607e+03 1.113109296217407085e+01 3.748579230329838197e+00 1.270927415562225349e+01 4.369174006400978669e+02 8.523624367731412121e+01
5.294464383682560765e+03 1.115027466734773043e+01 3.568028612700554270e+00 1.352491539893738093e+01 4.370391973303524651e+02 8.422064581934635896e+01
5.500208515672487010e+03 1.086506511275869613e+01 3.503979067594774399e+00 1.264008234444074397e+01 4.417032544301019925e+02 8.916704284283459003e+01
5.650924791415844084e+03 1.102502668067422320e+01 3.633269540476650850e+00 1.299508891338729732e+01 4.463231451474403002e+02 8.564450862867509784e+01
5.612212733445961931e+03 1.149213632436853594e+01 3.537585466015704228e+00 1.335156317684745630e+01 4.271451023743153428e+02 8.258622462427426569e+01
5.740545368704035354e+03 1.163217365901096478e+01 3.701023213833971592e+00 1.330702790797198887e+01 4.121110072603665344e+02 8.831982557799959466e+01
5.920324019757243150e+03 1.166195115272542537e+01 3.624987472047842108e+00 1.313776386212226299e+01 4.471256181244194181e+02 8.655196945259122288e+01
6.261564219327140563e+03 1.083173771889451054e+01 3.702384936112090408e+00 1.305297103919671109e+01 4.516425472327044304e+02 8.230464688154690123e+01
6.238046759673938141e+03 1.136261981221451833e+01 3.750764736253395348e+00 1.264125042469804150e+01 4.354757204651668872e+02 8.803895005644801586e+01
6.584892624329585487e+03 1.107785410355334932e+01 3.787046293082410475e+00 1.366421948410832954e+01 4.233373190797354368e+02 8.648649664364803868e+01
