9.868598699467923119e-01 6.244430556445641045e+00 3.248374371239974856e+00 2.918799758839588421e+00 1.467436433014983550e+03 6.553478430233793688e+02
3.836420723337614191e+01 6.269787528932871723e+00 3.646070067189551622e+00 2.560574820860625156e+00 1.389436073476886349e+03 6.542369308996647987e+02
3.005618011372113685e+01 7.878499705236166051e+00 4.420107416095586217e+00 3.246402039194999922e+00 1.270931775586074991e+03 6.453474155262616705e+02
5.621340205671241108e+01 7.664958367259512961e+00 4.133186902702226995e+00 3.151705843237633697e+00 1.496051664975253516e+03 5.764541919387926328e+02
8.950168098086318480e+01 8.041759632264493973e+00 4.786082388467021609e+00 3.235178041827303730e+00 2.106119234570982144e+02 8.722631220830648147e+01
1.396257994238912374e+02 8.348699710026968646e+00 4.349181461297103368e+00 3.429779108525973452e+00 2.076689359969046222e+02 7.314207708956973875e+01
1.926406557862716511e+02 8.669914348600903153e+00 4.881856465555171276e+00 3.676472129473690842e+00 3.730108196042123723e+02 7.354992938634981670e+01
2.774697988029936937e+02 7.725074602871250029e+00 4.984610934430037332e+00 3.303996803464762433e+00 3.364296143810407216e+02 1.438105941935190515e+02
3.252032309731885675e+02 7.907738191123661942e+00 4.629555963921252904e+00 3.337221953810357800e+00 3.783831943909805773e+02 1.490060813017753958e+02
3.718516517940640824e+02 8.446823995115270378e+00 5.021258580327245369e+00 3.623557023293986212e+00 3.282005562314968756e+02 1.311106570634629804e+02
3.309633309988236647e+02 8.500052992260808793e+00 4.607068078723017379e+00 3.687443375596000550e+00 3.953919332930252040e+02 1.290925692235829558e+02
5.501996775613848740e+02 9.117761158298366198e+00 5.648756796052174067e+00 3.837233068677295300e+00 3.771471724341099616e+02 1.368842551909451402e+02
6.940308605672898921e+02 1.109481126003788987e+01 5.656302354907285057e+00 4.457662191594020662e+00 3.937746648626105639e+02 1.347166202232852470e+02
6.169669482009880994e+02 1.020726363782761403e+01 5.586114719133508544e+00 4.411092190893287857e+00 7.962351566930155968e+02 2.936824890786824653e+02
7.570315751981154335e+02 1.197608953252828812e+01 5.757346284719127461e+00 4.693831767415097111e+00 7.805890354684179329e+02 3.253359490656104640e+02
1.039594177286668582e+03 1.127375265829628148e+01 5.779417894823413171e+00 4.384799457777757148e+00 6.719808993532586783e+02 3.293256919324237515e+02
9.194886643156110040e+02 1.109531329003075051e+01 5.899624027145836891e+00 4.738450989705029315e+00 7.885704476796774998e+02 2.989072529427368181e+02
1.018427388296752270e+03 1.139711164865775217e+01 6.104825629946558863e+00 4.418974135602898201e+00 7.142144527571972503e+02 3.280858602624572313e+02
1.265055161544469229e+03 1.158508502652343353e+01 6.924737365590607929e+00 4.744007187944990989e+00 7.106785098214886602e+02 2.835986133847883366e+02
1.275460311400192950e+03 1.106073887296850877e+01 6.885065877975054427e+00 4.795618328177297940e+00 8.021203222780517308e+02 3.061101358394711838e+02
1.232858792988607320e+03 1.169694233991910615e+01 7.025998845741865395e+00 4.695295517217855874e+00 7.750348837935459869e+02 3.094357655306276342e+02
1.860903030700550744e+03 1.137036719215537239e+01 6.253716017773831126e+00 5.140594235865207473e+00 7.252276550948224667e+02 2.918545494094192350e+02
1.635534606026851179e+03 1.163876636523277242e+01 6.855686074847192835e+00 5.000961514460454005e+00 7.665016461488170307e+02 3.053968863291861453e+02
1.822596815306564395e+03 1.187994412971202962e+01 6.654304492118543912e+00 5.692717274248224157e+00 7.391415944134465690e+02 3.424686857973817382e+02
1.804272602994160934e+03 1.272958133957692262e+01 7.077671081663208241e+00 5.793903577536068106e+00 8.337430135567968819e+02 3.412134841869041111e+02
2.507021694090398796e+03 1.250184126288794495e+01 6.648859763817085877e+00 5.789568573668478102e+00 8.444488484585457400e+02 2.992723671962531284e+02
2.258828333832382668e+03 1.297031936723270817e+01 7.572310060339444426e+00 5.893354256398066759e+00 7.883817745153844498e+02 3.198697383462128414e+02
2.583256675048664420e+03 1.469629938275904202e+01 7.175814843221738570e+00 5.259063879959401611e+00 8.595437184902222043e+02 3.237371322271507097e+02
2.709623517594953682e+03 1.329478326009061995e+01 7.360674313730362073e+00 6.087880269480949735e+00 7.891915817860060542e+02 3.162477592922891745e+02
2.743485925208367007e+03 7.560256144529517108e+00 0.000000000000000000e+00 1.024310079110135341e+01 8.375005653600308051e+02 3.192670273121309492e+02
2.614064257914546033e+03 8.050016821197804262e+00 0.000000000000000000e+00 9.746794071228686462e+00 6.355818345817759109e+04 0.000000000000000000e+00
2.700283117625010163e+03 7.838205637981872087e+00 0.000000000000000000e+00 9.700790340901276565e+00 6.199688296527209604e+04 0.000000000000000000e+00
3.707565451531970666e+03 8.706401231315044953e+00 0.000000000000000000e+00 1.078169521316383950e+01 6.305648997656868596e+04 0.000000000000000000e+00
2.820962811373075510e+03 7.873911194884401610e+00 0.000000000000000000e+00 1.010645212949354921e+01 5.743202827894658549e+04 0.000000000000000000e+00
3.692456319666584022e+03 8.550887215333929703e+00 0.000000000000000000e+00 1.014254031085998875e+01 6.111056752118903387e+04 0.000000000000000000e+00
3.256948252500508715e+03 9.479940157055725791e+00 0.000000000000000000e+00 1.089829017204185568e+01 6.282377467993581377e+04 0.000000000000000000e+00
2.983010066145516248e+03 9.935984164132037222e+00 0.000000000000000000e+00 1.074581936641939173e+01 5.645863046186326392e+04 0.000000000000000000e+00
3.603326965185555309e+03 9.724703514805794313e+00 0.000000000000000000e+00 9.948764956446961349e+00 5.315161545219569962e+04 0.000000000000000000e+00
4.317367562464059120e+03 9.694862115742189701e+00 0.000000000000000000e+00 1.141739518191421254e+01 5.843645183823825209e+04 0.000000000000000000e+00
3.593573048096883213e+03 1.019135253413618791e+01 0.000000000000000000e+00 1.199998255992293039e+01 5.604562101478531986e+04 0.000000000000000000e+00
4.708796155006280060e+03 9.214197523596626027e+00 0.000000000000000000e+00 1.133067961697566872e+01 5.826714428922584921e+04 0.000000000000000000e+00
3.895668916676715980e+03 1.048089758336278621e+01 0.000000000000000000e+00 1.092239981068199661e+01 6.303675199951885588e+04 0.000000000000000000e+00
3.353008931604857480e+03 9.651441784541193059e+00 0.000000000000000000e+00 1.067528275133624938e+01 5.907274721773579222e+04 0.000000000000000000e+00
5.058080846983375523e+03 9.259939335230711777e+00 0.000000000000000000e+00 1.192683142521509332e+01 5.238088814074911352e+04 0.000000000000000000e+00
3.569471456728595513e+03 9.805550040798467037e+00 0.000000000000000000e+00 1.185605521693756792e+01 5.444646218231079547e+04 0.000000000000000000e+00
4.593741418089659419e+03 1.056645086977809100e+01 0.000000000000000000e+00 1.078739420931193571e+01 6.219701403220326029e+04 0.000000000000000000e+00
5.024620537030590640e+03 9.942242116525001450e+00 0.000000000000000000e+00 1.265528332622180407e+01 6.001616130683668598e+04 0.000000000000000000e+00
5.123198370679404434e+03 1.033346074964748063e+01 0.000000000000000000e+00 1.243364983358538289e+01 5.861802476679819665e+04 0.000000000000000000e+00
4.032745577443489310e+03 1.084979790850660741e+01 0.000000000000000000e+00 1.299181300084610768e+01 5.549569522443086316e+04 0.000000000000000000e+00
5.354140890461060735e+03 9.849520636869984358e+00 0.000000000000000000e+00 1.262848899477097220e+01 5.742084011280706909e+04 0.000000000000000000e+00
5.540852199752818706e+03 9.425825492161752805e+00 0.000000000000000000e+00 1.096315725041140965e+01 6.062007463888526399e+04 0.000000000000000000e+00
4.337859908677492058e+03 1.041897820222249571e+01 0.000000000000000000e+00 1.283550258746638661e+01 5.837589748980475997e+04 0.000000000000000000e+00
5.483816581582590516e+03 9.978407243002116900e+00 0.000000000000000000e+00 1.199122870766449367e+01 5.470782588353055326e+04 0.000000000000000000e+00
5.673464024945589699e+03 1.091933407231331010e+01 3.849521414360629556e+00 1.194485055799170681e+01 4.062650417823938938e+02 8.040010851360756305e+01
5.104660069155968813e+03 1.183286911146694820e+01 3.516513671250283579e+00 1.330324757069856645e+01 4.707045936547834231e+02 8.758053099680026321e+01
4.405635065829240375e+03 1.112849128894180595e+01 3.509968090708293076e+00 1.165641476564731605e+01 4.665666951870484240e+02 8.528603044074932882e+01
6.228808790688756744e+03 1.197458477861967374e+01 3.544709334475207640e+00 1.371965691165113022e+01 4.196231298661039091e+02 8.470798188369626303e+01
5.768319942724321663e+03 1.097480469304677619e+01 3.705442628884260348e+00 1.328609376202406089e+01 4.639564061095695706e+02 9.036064811299492305e+01
5.348216707577708803e+03 1.118096512302963497e+01 3.685226056513880355e+00 1.203141418839501142e+01 4.573154528438682860e+02 8.941402631605859597e+01
5.208420946381069371e+03 1.193830635846157406e+01 3.841143942150101687e+00 1.407924063620009925e+01 4.346978518125055757e+02 7.765391933185388496e+01
6.210002958200948342e+03 1.085708308128383770e+01 3.299113260465962316e+00 1.399604816209389746e+01 4.171199342071014371e+02 8.107787248500784472e+01
6.944095406865964833e+03 1.093940672946149206e+01 3.488945242241633604e+00 1.189129241524316072e+01 4.098808841377505132e+02 8.844248431589070947e+01
5.273912287672033017e+03 1.039877425963367941e+01 3.750231480139585294e+00 1.175997629944805389e+01 4.452674585911406666e+02 7.850498649116391903e+01
7.042931287922944648e+03 1.159299664185404843e+01 3.738580397684374557e+00 1.395156705122828456e+01 4.364772171483981538e+02 8.204077454337934228e+01
6.066057327239743245e+03 1.187396423748194429e+01 3.838559823542143423e+00 1.399977118095545769e+01 4.669899101608519345e+02 8.723437545755076883e+01
5.931485394482382617e+03 1.125714625305390726e+01 3.981537012562270217e+00 1.318658900738433637e+01 4.584331320073303573e+02 9.103914825185667326e+01
5.666799352464774529e+03 1.135190271752269453e+01 3.489529991476914006e+00 1.393751997709509283e+01 4.262948610901293023e+02 9.140383324563468648e+01
