3.635397423382891180e-01 5.627644363982949649e+00 3.332805087979413550e+00 2.784824106559638857e+00 1.401042232697280951e+03 6.188301654428696565e+02
3.148654318198352087e+01 5.623173143638825699e+00 3.451193767061887741e+00 2.670556699088760588e+00 1.441722227284619976e+03 5.845452789403929046e+02
3.288809670552249287e+01 7.688655967007031578e+00 4.471625645203078925e+00 3.463832005694347682e+00 1.429413964874139765e+03 5.805886311505270214e+02
5.181946676384920636e+01 8.016120527906107185e+00 4.471366832832138982e+00 3.181458455605360225e+00 1.332963253098030691e+03 6.186600903622631904e+02
1.035808246144538600e+02 8.303544005010309093e+00 4.590539781198602398e+00 3.325729094240071682e+00 2.018919940546681460e+02 8.103098293749640391e+01
1.448981099102955170e+02 8.062599799366440223e+00 4.738005343175203166e+00 3.541524604323322389e+00 2.056510746105480791e+02 7.767238894851945474e+01
1.902913647150631675e+02 8.035317875311086766e+00 4.412281535636857654e+00 3.486359212189963142e+00 3.455912974481399260e+02 8.351870323376965644e+01
2.544047339032937600e+02 8.307825776888362768e+00 4.624576737658145476e+00 3.547305667518176886e+00 3.523461395520785686e+02 1.471488489648511973e+02
3.115567313109953602e+02 8.746187627193531711e+00 4.819364382114630807e+00 3.581693903958070191e+00 3.511510657282920533e+02 1.453474382034639518e+02
3.545148751875156563e+02 8.734927477385648231e+00 4.886453185613241601e+00 3.714374901446479527e+00 3.483380974067337092e+02 1.463485375503504997e+02
4.243844981361619944e+02 9.143634642533193357e+00 5.165824993935583365e+00 3.510948871894746581e+00 3.450601234933911883e+02 1.473184914145020912e+02
4.868307353585464625e+02 9.232329251535295711e+00 5.229415909890524183e+00 3.850137995034920380e+00 3.547141616873153112e+02 1.376100689136853532e+02
6.259287519102714441e+02 1.038693510718634805e+01 5.572308515305463672e+00 4.185436126893182340e+00 3.549800310323630583e+02 1.455860365823519942e+02
6.367063576898846122e+02 1.075594747884899682e+01 5.942224436457356873e+00 4.416542707930249279e+00 7.105814690460719021e+02 3.230562490134682321e+02
7.953578524423246563e+02 1.057833535037034522e+01 6.389067284034895877e+00 4.237942087573431493e+00 7.580658773486693462e+02 3.218136692967106001e+02
9.006196126584392232e+02 1.096812942214549658e+01 6.236899595052045164e+00 4.596525600454529403e+00 7.072067137946994535e+02 3.041061164061655973e+02
9.983494171865152111e+02 1.153352938836694541e+01 6.576438685849908872e+00 4.660972928836485174e+00 7.765188916295255694e+02 3.080313863890674497e+02
1.138978286777300582e+03 1.206042935287051421e+01 6.141982005058727268e+00 4.885528314704899344e+00 7.258614191142875143e+02 3.160642871829935530e+02
1.220114579468393003e+03 1.169061866386008930e+01 6.712214830522679421e+00 4.549740974376547342e+00 7.663810039914893650e+02 3.244658839040963585e+02
1.269725321743583891e+03 1.194476478670217290e+01 6.296827664522692380e+00 4.734219060568521265e+00 7.171725068299832628e+02 3.023539789691404849e+02
1.378665863989723448e+03 1.224146737159714426e+01 6.539192359202318450e+00 5.047567959358194578e+00 7.348572311339439693e+02 3.007680426371481417e+02
1.589062049877748223e+03 1.267108184941364080e+01 6.717236697019211000e+00 5.002788002894842379e+00 7.259385155594286516e+02 3.140826699994678393e+02
1.728539835992985900e+03 1.295303082579417264e+01 6.522624332802823943e+00 4.903088874063245228e+00 8.143689935930945012e+02 3.073383655163241883e+02
2.021672774055440641e+03 1.339631485019718582e+01 7.084789922427721542e+00 5.020980317020132588e+00 7.778577647737619145e+02 3.220432449552531011e+02
2.136012895394318548e+03 1.245628043253292816e+01 7.038299803576173019e+00 5.145232661686462983e+00 7.783355160307997949e+02 3.001486540589272636e+02
2.410588042272546772e+03 1.286380760831090342e+01 7.075612863451434364e+00 5.504182188372029216e+00 8.391136611030233325e+02 3.253374089858428420e+02
2.711701025001030303e+03 1.350770067444693190e+01 6.908632349822925178e+00 5.388838113926833984e+00 8.250414490035281005e+02 3.207767830766380825e+02
2.549389073499520237e+03 1.391307343327212820e+01 7.095348557764528330e+00 5.769915844300512298e+00 7.721538790745252072e+02 3.274238184389834601e+02
2.888537063200306420e+03 1.396380820588985294e+01 7.176879603035341226e+00 5.416631089974255353e+00 7.619982467771171741e+02 2.976092048479026744e+02
2.794886096655969595e+03 7.873247260862120456e+00 0.000000000000000000e+00 1.012900831219810627e+01 8.095698152088291408e+02 3.078800646347718839e+02
2.996971114108605889e+03 8.121659034578877723e+00 0.000000000000000000e+00 1.038223822084521508e+01 5.717249744787624513e+04 0.000000000000000000e+00
2.996530795070851582e+03 8.736331709336143447e+00 0.000000000000000000e+00 9.732340652550403703e+00 5.980509016521717422e+04 0.000000000000000000e+00
3.136279981426849645e+03 8.746203675464963467e+00 0.000000000000000000e+00 1.037222183973148582e+01 5.542449974229363579e+04 0.000000000000000000e+00
3.223557223955498102e+03 8.522548189764112436e+00 0.000000000000000000e+00 1.018867254997461380e+01 5.641717125718855823e+04 0.000000000000000000e+00
3.425881432768409013e+03 8.470162251565717781e+00 0.000000000000000000e+00 1.110596570502656455e+01 5.819361234543204046e+04 0.000000000000000000e+00
3.642531973241047126e+03 8.588935813896940275e+00 0.000000000000000000e+00 1.101435687838837296e+01 5.676779641231744608e+04 0.000000000000000000e+00
3.631795745204798550e+03 8.915978215913122895e+00 0.000000000000000000e+00 1.102332108798784738e+01 5.703120221273977950e+04 0.000000000000000000e+00
3.558554102265189158e+03 9.351079541452090638e+00 0.000000000000000000e+00 1.150568372055646549e+01 5.705120412358002068e+04 0.000000000000000000e+00
3.647655798114798927e+03 9.177397068113055667e+00 0.000000000000000000e+00 1.069309334195830630e+01 6.000863583107598970e+04 0.000000000000000000e+00
3.928897644468584531e+03 9.253744355765766372e+00 0.000000000000000000e+00 1.168899953670782033e+01 5.648590433575065254e+04 0.000000000000000000e+00
3.836906376315632770e+03 9.257310846540995897e+00 0.000000000000000000e+00 1.080149076259486485e+01 5.885955299342673970e+04 0.000000000000000000e+00
3.888524737019292843e+03 9.260740192194621301e+00 0.000000000000000000e+00 1.126805952473717554e+01 5.953103860588953830e+04 0.000000000000000000e+00
4.103104641654903389e+03 9.881911513639861866e+00 0.000000000000000000e+00 1.113184187629925326e+01 5.922807555298717489e+04 0.000000000000000000e+00
4.068535238228528669e+03 9.352026107066290450e+00 0.000000000000000000e+00 1.176445401454474293e+01 5.966302264518304582e+04 0.000000000000000000e+00
4.220831472149719957e+03 1.016863564987074220e+01 0.000000000000000000e+00 1.129890975204548020e+01 5.495440215900498879e+04 0.000000000000000000e+00
4.684957192100803695e+03 9.858226082427819392e+00 0.000000000000000000e+00 1.168244668138992104e+01 5.681815015234803286e+04 0.000000000000000000e+00
4.556459079270910479e+03 9.558387552452588309e+00 0.000000000000000000e+00 1.170863093117258202e+01 5.764231169145932654e+04 0.000000000000000000e+00
4.488916983943805462e+03 1.046745710786318284e+01 0.000000000000000000e+00 1.143729260445349105e+01 6.021552878897022310e+04 0.000000000000000000e+00
4.552754662744540838e+03 9.820757100344208013e+00 0.000000000000000000e+00 1.169213157918757418e+01 6.036551789030708460e+04 0.000000000000000000e+00
5.060959551500762245e+03 9.964945684901277190e+00 0.000000000000000000e+00 1.166424369035489228e+01 5.751260486339278577e+04 0.000000000000000000e+00
5.100960267452766857e+03 1.035251478127183233e+01 0.000000000000000000e+00 1.180063612981049204e+01 5.721297464209613827e+04 0.000000000000000000e+00
5.063993483710089095e+03 1.019639779396316115e+01 0.000000000000000000e+00 1.254299659349869778e+01 5.499868442509102897e+04 0.000000000000000000e+00
4.896139972682413827e+03 1.051055936024801873e+01 0.000000000000000000e+00 1.218803855121535129e+01 5.972637295865637134e+04 0.000000000000000000e+00
5.142514983433742600e+03 1.154133641594321524e+01 3.370246185674056427e+00 1.226778125248703688e+01 4.299281518383319849e+02 8.685056766932692085e+01
5.112968143496313132e+03 1.092998730489666848e+01 3.425446255248206118e+00 1.267816765506548293e+01 4.465818951563212522e+02 8.704186772612182210e+01
5.512514112473834757e+03 1.145530968341681088e+01 3.390305752738887346e+00 1.318530210448714257e+01 4.389112927150086989e+02 8.330778459457100382e+01
5.359844653575555640e+03 1.104506885863158239e+01 3.655361017154051595e+00 1.300100998488019499e+01 4.183339081221437823e+02 8.801228037375746283e+01
5.595478461631136270e+03 1.098563767229589239e+01 3.448377127569556500e+00 1.258364022664482285e+01 4.306831842188044561e+02 8.408605557862293267e+01
5.656354973368059291e+03 1.092540225628371964e+01 3.736053640983382440e+00 1.308201067176853805e+01 4.479772759369244568e+02 8.475424878494574443e+01
5.442918369707022975e+03 1.094958992748297710e+01 3.587200521865232083e+00 1.268433263197178285e+01 4.280183254248553908e+02 8.322666068995189903e+01
5.615424999874144305e+03 1.116224117529743687e+01 3.624602057950302214e+00 1.356629887207841634e+01 4.264306556217131856e+02 8.571740597045115351e+01
5.941360918833235701e+03 1.166714489143104139e+01 3.786677914864966521e+00 1.338512960342892200e+01 4.356556213311890815e+02 8.747770880423817630e+01
5.854816751220007063e+03 1.159668729670960907e+01 3.485471599009288823e+00 1.341669959440926974e+01 4.399108410265754401e+02 8.435486740927363769e+01
6.082768801104770318e+03 1.113755072921284572e+01 3.477823106263812303e+00 1.356301941606396610e+01 4.316536075845540950e+02 8.506349180243057617e+01
6.197087944980320572e+03 1.132126367346555718e+01 3.498000016705419934e+00 1.323287189580896595e+01 4.435790792903043780e+02 8.469864532305523142e+01
6.505030477876418445e+03 1.143404904255520904e+01 3.659241490885516868e+00 1.336434792366774893e+01 4.426287197070673756e+02 8.466703713671581966e+01
6.324268881506191974e+03 1.168732502950780017e+01 3.850025743680080659e+00 1.271905441765965250e+01 4.325920241360362297e+02 8.364046893247744663e+01
