3.831231432975940043e-01 5.524309631233262685e+00 3.466290829262862694e+00 2.857869434913247630e+00 1.447185429868107121e+03 6.132303037486069570e+02
3.245773354050390935e+01 5.584644887626950549e+00 3.434966515395754705e+00 2.891604262434787298e+00 1.411223102505384304e+03 6.067158394683179949e+02
3.275053323459665933e+01 7.796831995612913957e+00 4.211935464895263159e+00 3.449722958633271830e+00 1.383102028109799448e+03 6.224701838845996917e+02
4.791645461696543862e+01 7.923440733468108732e+00 4.509066294131701014e+00 3.205860795421747067e+00 1.432600517376792141e+03 6.242762391402347930e+02
9.867042973768207048e+01 7.966325892956199972e+00 4.228645232760679384e+00 3.387439549805784544e+00 1.903720106953215065e+02 8.125582045378378382e+01
1.452091852837111503e+02 8.345059314122163840e+00 4.598724371571718983e+00 3.417082746938921556e+00 2.028477286950627274e+02 8.233477702372219653e+01
1.966931956242675312e+02 8.081226750882343879e+00 4.382139826528264059e+00 3.602900110789569954e+00 3.679694376835748244e+02 7.665970248200275705e+01
2.484560726104005539e+02 8.688733755808648596e+00 4.620522501716473052e+00 3.514610826994331916e+00 3.679661628871829180e+02 1.484699053826457487e+02
3.109606946506824556e+02 8.491590801881599759e+00 4.805877522543726243e+00 3.600265070116523969e+00 3.457374520004546525e+02 1.415710875885719986e+02
3.560729692741417125e+02 8.364275011877539967e+00 4.682809777341880419e+00 3.601959598245026317e+00 3.465318403573214709e+02 1.427235305578505233e+02
3.965245749101612773e+02 8.636974859466457488e+00 5.144342970722026287e+00 3.663357643972423361e+00 3.679697678698809113e+02 1.423142830688551896e+02
5.220007578395449173e+02 9.943750456005270522e+00 5.518654618298608483e+00 3.981641490333231559e+00 3.631433415766966277e+02 1.456881908707738944e+02
5.982619497502325885e+02 1.013647975095105558e+01 5.662308021305711314e+00 4.128909543908981128e+00 3.455186609038307211e+02 1.492528259884641386e+02
6.455837341188391747e+02 1.069707730323623984e+01 6.235851018870708806e+00 4.146210294874356883e+00 7.762346289489016726e+02 3.063472347084194780e+02
8.002988463773754120e+02 1.131647301824258989e+01 5.871878600923092328e+00 4.487163893347752008e+00 7.117222992605497893e+02 3.141097999507419445e+02
9.262246702936348584e+02 1.091711803777660883e+01 6.436999683565038488e+00 4.348929321352927424e+00 7.594868609880638815e+02 3.181537659184135691e+02
1.010772036794011797e+03 1.154865938536122094e+01 6.431259570878290255e+00 4.529033749455631863e+00 7.056984259271997644e+02 3.154198799087748171e+02
1.086935074373580619e+03 1.140677249887676759e+01 6.429437928378019862e+00 4.525077877556946682e+00 7.205685661776999495e+02 3.009763882944023408e+02
1.207821087163333004e+03 1.202507155631350599e+01 6.732297985992019562e+00 4.810817792255649650e+00 7.607281603312221705e+02 3.164765314420948812e+02
1.283839519417698057e+03 1.158938397639093942e+01 6.574057138495652985e+00 4.672381143434064299e+00 7.189841477555893334e+02 3.169270402990838988e+02
1.333653058013637519e+03 1.256825216303348469e+01 6.328068025493646331e+00 4.788532942484062360e+00 7.039463722571182416e+02 3.006691151794648817e+02
1.536677471226213811e+03 1.187567150796607862e+01 6.693296552968855728e+00 5.150647705638175644e+00 7.528157123021652524e+02 3.125005414984210006e+02
1.719197600468782412e+03 1.306497642978826867e+01 6.972112265145195664e+00 5.012006608533433827e+00 8.351741422336116329e+02 3.043922782066342165e+02
1.937660950248158542e+03 1.239673940277200437e+01 7.054108149285908347e+00 5.244219972957941955e+00 7.776800307298636881e+02 3.011847510229130762e+02
2.109141668187060532e+03 1.297879745909466287e+01 7.132182092503195570e+00 5.501847041669375216e+00 8.082698458706684050e+02 3.236642166498878055e+02
2.334986555782468258e+03 1.255414837255040439e+01 6.746322578474328147e+00 5.176330242300321238e+00 8.275332526060587952e+02 3.274423180494169969e+02
2.705624697546526932e+03 1.330745927512965565e+01 7.411551938468278422e+00 5.638441065159589094e+00 7.695874629494505825e+02 3.173203003229052115e+02
2.662630607233563751e+03 1.429750775392466089e+01 7.403617002176715367e+00 5.797000623604263936e+00 7.738250125783919202e+02 3.166212314023076715e+02
2.979962590720915614e+03 1.364166787239254930e+01 7.323831098520082072e+00 5.709114774603800235e+00 7.918548558154149077e+02 3.233542279761441023e+02
2.753647353077811658e+03 8.165479154174738241e+00 0.000000000000000000e+00 9.669163538462253626e+00 8.001108009390280813e+02 3.104013712808755940e+02
3.077740604419089323e+03 8.071519490251750639e+00 0.000000000000000000e+00 9.676027254914471243e+00 5.660973580963684071e+04 0.000000000000000000e+00
3.036085014576238791e+03 8.611525797684697281e+00 0.000000000000000000e+00 9.883338361232807401e+00 6.045850423156677425e+04 0.000000000000000000e+00
3.246039024254551805e+03 8.696932724444277341e+00 0.000000000000000000e+00 1.003485025573493772e+01 5.729658228194271214e+04 0.000000000000000000e+00
3.180607713887819045e+03 8.711391398931544572e+00 0.000000000000000000e+00 1.095831238487532389e+01 5.925401872754938813e+04 0.000000000000000000e+00
3.301657497952264293e+03 8.476397987537406920e+00 0.000000000000000000e+00 1.048578241349075491e+01 5.517266314447964396e+04 0.000000000000000000e+00
3.423388587189220289e+03 8.888690780370726685e+00 0.000000000000000000e+00 1.031300168776081527e+01 5.991888812400367169e+04 0.000000000000000000e+00
3.613932051947055243e+03 9.224330660863678588e+00 0.000000000000000000e+00 1.084648093099523969e+01 5.872592152734698902e+04 0.000000000000000000e+00
3.522397252349082009e+03 9.203093057278669775e+00 0.000000000000000000e+00 1.094589772722362753e+01 5.571082327495771460e+04 0.000000000000000000e+00
3.809630926529461703e+03 9.589508234817317955e+00 0.000000000000000000e+00 1.063249118562476525e+01 5.997299655299282313e+04 0.000000000000000000e+00
3.982945763655780411e+03 9.671015401881916773e+00 0.000000000000000000e+00 1.131523378229551291e+01 5.716024632779612148e+04 0.000000000000000000e+00
3.775689224349967390e+03 9.246046675812502613e+00 0.000000000000000000e+00 1.135701500105778905e+01 6.027013088162220083e+04 0.000000000000000000e+00
4.254748679904622804e+03 9.231229804744762291e+00 0.000000000000000000e+00 1.103945603658261909e+01 6.062878528456742060e+04 0.000000000000000000e+00
4.265942983262353664e+03 9.621169878986002288e+00 0.000000000000000000e+00 1.154303946580657936e+01 5.658816320502923918e+04 0.000000000000000000e+00
4.184661202547196808e+03 9.640039644247487161e+00 0.000000000000000000e+00 1.139908810427856700e+01 5.738837684214313776e+04 0.000000000000000000e+00
4.428424938172845032e+03 9.938566541508095042e+00 0.000000000000000000e+00 1.189880667768885480e+01 5.585352693116111914e+04 0.000000000000000000e+00
4.424120482235153759e+03 1.027845677495913712e+01 0.000000000000000000e+00 1.172787354307271457e+01 5.611469296266025776e+04 0.000000000000000000e+00
4.545844955217927236e+03 9.962038740730323028e+00 0.000000000000000000e+00 1.166120623867463024e+01 5.581266508172522299e+04 0.000000000000000000e+00
4.751006371266103088e+03 1.032659536708792558e+01 0.000000000000000000e+00 1.219003717340475212e+01 5.883622107289888663e+04 0.000000000000000000e+00
4.684786762659360647e+03 1.032304254328460758e+01 0.000000000000000000e+00 1.244360510480727733e+01 5.634452898717990320e+04 0.000000000000000000e+00
4.757174034914797630e+03 9.841529896014030498e+00 0.000000000000000000e+00 1.191007861332365891e+01 5.795565102901416685e+04 0.000000000000000000e+00
5.047409868290341365e+03 9.908997159599696403e+00 0.000000000000000000e+00 1.196939648601791362e+01 5.739203145624902390e+04 0.000000000000000000e+00
4.992500379973769668e+03 1.046598355948346715e+01 0.000000000000000000e+00 1.193450982174992880e+01 5.973677062893812399e+04 0.000000000000000000e+00
4.896807698346545294e+03 9.849486277400483658e+00 0.000000000000000000e+00 1.225486125384109570e+01 5.695044854850324191e+04 0.000000000000000000e+00
5.102766722396885598e+03 1.065597445340379501e+01 3.678062705409597566e+00 1.338690288874665058e+01 4.560978542772582500e+02 8.182142620769103303e+01
5.296260414501686682e+03 1.077161637289426288e+01 3.365242871557541537e+00 1.281153842816770805e+01 4.612114921841844648e+02 8.218488077044192153e+01
5.433425794622307876e+03 1.115932120013184914e+01 3.620846308773630007e+00 1.265971447841528885e+01 4.362071523745570403e+02 8.585254886014378428e+01
5.298262119818217798e+03 1.161922103665853001e+01 3.490112803638734995e+00 1.288177067829958311e+01 4.353384882764389658e+02 8.752202560344029791e+01
5.349998484650560385e+03 1.138157865353128706e+01 3.433202703497698405e+00 1.321909435578221093e+01 4.314554781763937967e+02 8.309504657571804387e+01
5.386539462199933041e+03 1.125645187756269294e+01 3.558802877762353933e+00 1.283074684123740283e+01 4.397411957481677973e+02 8.183934646558839177e+01
5.742473024343483303e+03 1.135469745365463190e+01 3.583296053377190926e+00 1.291113726855217259e+01 4.474774695519039369e+02 8.189504673537599899e+01
6.043917021832779938e+03 1.065054110732908299e+01 3.693568401992402883e+00 1.354001903655622208e+01 4.426130781211336398e+02 8.488876388952158436e+01
5.946009885969714560e+03 1.093836263569805567e+01 3.572236392349400713e+00 1.363911557291513255e+01 4.262748226482004839e+02 8.505305200675212518e+01
6.159358140662742699e+03 1.090190452686696787e+01 3.535329373092224614e+00 1.247291969854185112e+01 4.533157536993933263e+02 8.318666340472557863e+01
5.845280083432870015e+03 1.110322760447788326e+01 3.501329198460807035e+00 1.295065461314147015e+01 4.517741628499797457e+02 8.245081716934150506e+01
6.294070830026677868e+03 1.078071777255949470e+01 3.839303250395426748e+00 1.269299657136330062e+01 4.520620430595421340e+02 8.494748591627532619e+01
6.092284155952349465e+03 1.165081384377155693e+01 3.768415958297914425e+00 1.246172139489353370e+01 4.265265753451542423e+02 8.339944727151495840e+01
6.210765639633601495e+03 1.161098712231347641e+01 3.504026365745871896e+00 1.246754485356549225e+01 4.517270211795507748e+02 8.859107857540432462e+01
