-3.571068608747610673e-01 5.680113032745467194e+00 3.326062950020743703e+00 2.669655914668236818e+00 1.358414746853729184e+03 5.769613871679609929e+02
3.155501237419618477e+01 5.665931835627771918e+00 3.185250580040342783e+00 2.869499516448809295e+00 1.408572307989597903e+03 5.737025158000803913e+02
3.202249406123074493e+01 7.757834398609933402e+00 4.505737155651729609e+00 3.293268257989057979e+00 1.425446114439090024e+03 6.192467415100229573e+02
5.047925992856725941e+01 8.132927078505753471e+00 4.224017303292142422e+00 3.178839466762317656e+00 1.334699261911153371e+03 6.053018874488478787e+02
1.022210957929555804e+02 7.845955440754006638e+00 4.598706989226267972e+00 3.458592065234877388e+00 2.015785780512298402e+02 8.018635638012823108e+01
1.539623616299999753e+02 7.910380063052286914e+00 4.742124626305762369e+00 3.403822796457264044e+00 2.039594687105424100e+02 7.936848602650047724e+01
2.000543673792412562e+02 7.866746722555800098e+00 4.812888326555209595e+00 3.456671322189715401e+00 3.637893154792658947e+02 7.808300957665254316e+01
2.553958744689471132e+02 8.544736798178760750e+00 4.832395178310890493e+00 3.563227003544876315e+00 3.650258496811450186e+02 1.393681983380193969e+02
2.951390540573625572e+02 8.344027422019067330e+00 4.866358442439248755e+00 3.394987935524838019e+00 3.440234924107970755e+02 1.402187690574800740e+02
3.474643118409616136e+02 8.963566096380290560e+00 4.682051462169346756e+00 3.504423945993930367e+00 3.773250615259618144e+02 1.364615667901065024e+02
3.924862343954447965e+02 9.151664820799258138e+00 4.736186135362840055e+00 3.739566417811798438e+00 3.635938248396529389e+02 1.430297392985461045e+02
4.806482989681416029e+02 9.347367504931879623e+00 5.457364364521101407e+00 3.991041241295279818e+00 3.424339980478144980e+02 1.466329751127052532e+02
6.211318133530617160e+02 1.007476149873751581e+01 5.526541307256224833e+00 3.918655787347638864e+00 3.444953581402629084e+02 1.492077612766732670e+02
6.984020432389488633e+02 1.066772254904252648e+01 6.104469445523211135e+00 4.233301657213270452e+00 7.385000880540962953e+02 3.138722676821295750e+02
8.389249396905337335e+02 1.136623779587756289e+01 6.300307633415399344e+00 4.671523492292261714e+00 7.342395951859432444e+02 3.088204726927149295e+02
8.779437838861069849e+02 1.072758190981433124e+01 6.282019171811431768e+00 4.566248715451025397e+00 7.077370677378854680e+02 3.136730570885583802e+02
1.037062921505548047e+03 1.099890645498076758e+01 6.214388605064123716e+00 4.569204358473294647e+00 7.582998228771170943e+02 3.146846648886007074e+02
1.064010266578478422e+03 1.207637025113263185e+01 6.281399047656307744e+00 4.718773843882666519e+00 7.095823698542002376e+02 3.125585620653420165e+02
1.253991152924664220e+03 1.190903509891684919e+01 6.497148684328898582e+00 4.835091002416759487e+00 7.268468354179674407e+02 3.035165173241176149e+02
1.308178281986284674e+03 1.164695499193379113e+01 6.445793078766644868e+00 4.901054793634934015e+00 7.487737712060381909e+02 3.268736403209668993e+02
1.464637566130269079e+03 1.218751325555210485e+01 6.813822880540150173e+00 4.891623796903580512e+00 7.445816993407323707e+02 3.116566010803266522e+02
1.622597681605821663e+03 1.272932633118207590e+01 6.430151596489006138e+00 4.918395766806957781e+00 7.268483665857318101e+02 2.965417678245177626e+02
1.890105799687471517e+03 1.226016458993205660e+01 6.944296977523590542e+00 5.237220906559945988e+00 7.892054630343698136e+02 3.137857038760522528e+02
1.967827282353854571e+03 1.280780786976941954e+01 6.759537884725591361e+00 5.227470436953361776e+00 8.154787170239227407e+02 3.214502079309428382e+02
2.125523719036183138e+03 1.277151114832120982e+01 6.863442011983509339e+00 5.531430904838876117e+00 8.336194575437635876e+02 3.054787198560642878e+02
2.266821582065468647e+03 1.319899367672640977e+01 6.978855869863913597e+00 5.130511278581289858e+00 8.027768389225107057e+02 3.119383629557839299e+02
2.514804767883424574e+03 1.357821357734214196e+01 7.128560898563470971e+00 5.223430673289437998e+00 7.938696885655663209e+02 3.062747141878942898e+02
2.727709190296287034e+03 1.334740885368012187e+01 7.169181723403484696e+00 5.305644254125451376e+00 8.005954008411441691e+02 3.063607029531591479e+02
3.018959059151901329e+03 1.435045708927758312e+01 7.422965148902744836e+00 5.523804040918632197e+00 8.133994089163363697e+02 2.988528059859640393e+02
2.943189937181427922e+03 8.354861568704805563e+00 0.000000000000000000e+00 9.967803372764333147e+00 7.624787889771076834e+02 3.056592814385174961e+02
2.832153971984216696e+03 8.570509469692138893e+00 0.000000000000000000e+00 9.853274724848892774e+00 5.820870386235706974e+04 0.000000000000000000e+00
2.918277282761187962e+03 8.427701296530967667e+00 0.000000000000000000e+00 1.063292619873844380e+01 5.698821725545002846e+04 0.000000000000000000e+00
3.147252123719134033e+03 8.463947586040839965e+00 0.000000000000000000e+00 1.017529365475692060e+01 5.827728933121599403e+04 0.000000000000000000e+00
3.288106336142639520e+03 8.832681063346646155e+00 0.000000000000000000e+00 1.078999846484955505e+01 5.837602548909784673e+04 0.000000000000000000e+00
3.253556365729284153e+03 8.652491055928436481e+00 0.000000000000000000e+00 1.039608095177004010e+01 5.898928667011560174e+04 0.000000000000000000e+00
3.512532279518685300e+03 8.855193395145800395e+00 0.000000000000000000e+00 1.035172852819868794e+01 5.874999448691758153e+04 0.000000000000000000e+00
3.649606335900960403e+03 8.735443311115369980e+00 0.000000000000000000e+00 1.108939403235424059e+01 5.522754546725449472e+04 0.000000000000000000e+00
3.755927564925861134e+03 9.275942956659465111e+00 0.000000000000000000e+00 1.111171899919368755e+01 5.955807184932903328e+04 0.000000000000000000e+00
3.942939394111031106e+03 8.957995883743159027e+00 0.000000000000000000e+00 1.092228179475296734e+01 5.619941843039988453e+04 0.000000000000000000e+00
3.907144197458097551e+03 8.973947127028697679e+00 0.000000000000000000e+00 1.095908611236078833e+01 5.700108520672856685e+04 0.000000000000000000e+00
4.033841376634308745e+03 9.352179161241185312e+00 0.000000000000000000e+00 1.098906213335403415e+01 5.534929145471917582e+04 0.000000000000000000e+00
3.969507844333392313e+03 9.102713538398603532e+00 0.000000000000000000e+00 1.097988110569313669e+01 5.608021119793286198e+04 0.000000000000000000e+00
4.183963303138823903e+03 9.512747310764732234e+00 0.000000000000000000e+00 1.158217173732278660e+01 5.553882617053788999e+04 0.000000000000000000e+00
4.121838148897558312e+03 1.008202872362572933e+01 0.000000000000000000e+00 1.113728343543355592e+01 5.706026144780162576e+04 0.000000000000000000e+00
4.449831414587158179e+03 1.006516720107495999e+01 0.000000000000000000e+00 1.140151317062472280e+01 5.586430609329784056e+04 0.000000000000000000e+00
4.415617594618939620e+03 1.030765039815103101e+01 0.000000000000000000e+00 1.179582081413165362e+01 5.908764628331197309e+04 0.000000000000000000e+00
4.572798399983541458e+03 9.518816852773431592e+00 0.000000000000000000e+00 1.181756117600952294e+01 5.925556714644511521e+04 0.000000000000000000e+00
4.900168296925857248e+03 9.677835689247272555e+00 0.000000000000000000e+00 1.223271225840005449e+01 5.903850717060251191e+04 0.000000000000000000e+00
4.982939653694124900e+03 1.015672347784957807e+01 0.000000000000000000e+00 1.234330628965448007e+01 5.986380996453642001e+04 0.000000000000000000e+00
4.968509742580038619e+03 1.029152258509934015e+01 0.000000000000000000e+00 1.169207902324236414e+01 5.674870753555009287e+04 0.000000000000000000e+00
4.790294801850532167e+03 9.824344178681226225e+00 0.000000000000000000e+00 1.159141103558618191e+01 5.497672778300653590e+04 0.000000000000000000e+00
5.302614323204392349e+03 1.047519625329916160e+01 0.000000000000000000e+00 1.209177933599985444e+01 5.756649479075837007e+04 0.000000000000000000e+00
5.262487268149043302e+03 1.038803653789827841e+01 0.000000000000000000e+00 1.260324469252957158e+01 5.689479134505800175e+04 0.000000000000000000e+00
5.140901248391270201e+03 1.080766810104219644e+01 3.504051162238983608e+00 1.264441002426657512e+01 4.327633103928391733e+02 8.865730234662352416e+01
5.295751815207946493e+03 1.073377448560257719e+01 3.605885376500264083e+00 1.323145376425055098e+01 4.269836008688878906e+02 8.712368342794084697e+01
5.341496325199951571e+03 1.054703694061406694e+01 3.474677416486283477e+00 1.293660361455962082e+01 4.350310970162387321e+02 8.160876362433720033e+01
5.521931403820688502e+03 1.128944516332755477e+01 3.497530038427970833e+00 1.335359222442271943e+01 4.375120615305164051e+02 8.370346960445750994e+01
5.322204002784182194e+03 1.144856107361681197e+01 3.693823273903980464e+00 1.271616623171372140e+01 4.391237964939466565e+02 8.560223584098298488e+01
5.433502115098935974e+03 1.154014963156776119e+01 3.608991435678234438e+00 1.257123953442173914e+01 4.178074856141538476e+02 8.598348043084008907e+01
5.628452199884407491e+03 1.103444473646991852e+01 3.572000911353903962e+00 1.330325790840518430e+01 4.388835863022994204e+02 8.441102463611076701e+01
5.530259753896809343e+03 1.141071516453562040e+01 3.765017595558651120e+00 1.318360331254362094e+01 4.443579298353371314e+02 8.270809220799948491e+01
5.943876983175729947e+03 1.155356336285693075e+01 3.542999198450201614e+00 1.319350507672363726e+01 4.181939675236553171e+02 8.417272014644183287e+01
5.940062973115036584e+03 1.085934398191753658e+01 3.565906789693396917e+00 1.284259695774154864e+01 4.388111456690270984e+02 8.573657434958005297e+01
6.010215248633979172e+03 1.130505248144089236e+01 3.790064057396978825e+00 1.284874932544680526e+01 4.302633982982239900e+02 8.088054758355266927e+01
6.194479947619887753e+03 1.168281958034897094e+01 3.733232523209849774e+00 1.309799300989966930e+01 4.406408524860594866e+02 8.621241770930738824e+01
6.251850302656010172e+03 1.087046753211369854e+01 3.641477668061130935e+00 1.350411539160856300e+01 4.291824714111803587e+02 8.439277430228204935e+01
6.653710936333402060e+03 1.168525259228098356e+01 3.838800447302017194e+00 1.368914611994394193e+01 4.424073097363026363e+02 8.112679866407086138e+01
