5.696392154737461855e-02 5.519897043961631056e+00 3.259995895295883628e+00 2.756235916985212864e+00 1.417356212069185176e+03 6.239925931532819732e+02
3.171070578719837840e+01 5.866412785020571619e+00 3.324262195842872192e+00 2.857550581634447084e+00 1.384143634459559962e+03 5.738239720701482156e+02
3.110351900658910296e+01 7.722803579139385199e+00 4.465997112731533214e+00 3.329233557748962902e+00 1.373355628887893999e+03 6.143192356204374391e+02
4.797072167292341049e+01 8.174752864193484569e+00 4.544000442325562439e+00 3.491734326257141863e+00 1.374046529407327398e+03 6.263945851406112979e+02
1.019857684874552604e+02 7.607434141552546158e+00 4.540043744291919481e+00 3.525801651730966935e+00 1.944104667547191809e+02 7.650678107439875930e+01
1.507275515106949513e+02 8.356672532583184321e+00 4.685939954393295359e+00 3.425580614889690345e+00 1.940851245484504943e+02 8.023661244363847800e+01
2.041824098298890533e+02 8.415693994207069650e+00 4.476802215953802566e+00 3.471021199787567735e+00 3.606512774219021367e+02 7.690613954582227052e+01
2.607562113710534391e+02 8.679133456673511660e+00 4.707955545563299538e+00 3.433586544896988002e+00 3.501154653646439670e+02 1.403203745877458459e+02
3.044922560933072191e+02 8.415310919733379080e+00 4.681230866210693620e+00 3.492201409475522045e+00 3.439173188992223231e+02 1.466282293331439064e+02
3.376960422590307189e+02 8.960540764290406912e+00 4.910157687109653502e+00 3.412197406004742639e+00 3.530505987024665728e+02 1.487546327181933918e+02
4.195254910311425078e+02 9.220350321996406251e+00 4.798055113319828813e+00 3.799052888358054769e+00 3.666277392476975479e+02 1.400831686830420608e+02
4.981228382982688458e+02 9.174113801711490268e+00 5.427376450142756603e+00 3.928302930967308537e+00 3.724260515514531562e+02 1.414076438589484326e+02
5.997836970180927665e+02 1.000313376232266194e+01 5.579397101392197911e+00 4.205432729862322638e+00 3.566798358132314775e+02 1.375265068784533753e+02
6.830788604245700526e+02 1.026985724146655876e+01 6.201749347336643403e+00 4.289838258493464451e+00 7.584765299069101729e+02 3.174565021020512177e+02
7.870633253993834160e+02 1.098779936112858380e+01 5.921277406641295649e+00 4.370344795293203966e+00 7.698806226177305234e+02 3.098184428239553085e+02
9.097715214249177507e+02 1.134673390951938288e+01 6.113644682830351229e+00 4.583843109611834166e+00 7.234028476400832233e+02 3.139542254721457084e+02
1.011410041121582594e+03 1.087805616693426458e+01 6.664753739636823049e+00 4.732351844176490019e+00 7.717160555909873665e+02 3.243399186922036392e+02
1.134101243562114632e+03 1.114317786718080150e+01 6.176970508440294161e+00 4.803315768266749330e+00 7.146919962594031404e+02 3.024270734596644274e+02
1.232808658561794346e+03 1.221000238775406821e+01 6.562334996847190460e+00 4.936987283092897805e+00 7.503638398349280578e+02 3.160164227713518130e+02
1.277906090427242361e+03 1.196551811208013127e+01 6.719640661270482873e+00 4.813822714336662756e+00 7.356685814333114877e+02 2.997759658670016734e+02
1.416075720058647221e+03 1.183459956838965077e+01 6.353627283992015151e+00 4.711546341612125488e+00 7.570441220377356331e+02 3.124634909246636312e+02
1.675836256901745855e+03 1.235143808770957463e+01 6.721466068097985413e+00 4.997939672403883371e+00 7.383713156865495648e+02 3.121101373303308151e+02
1.814107848186216188e+03 1.275930166792070075e+01 7.062168268476686883e+00 5.005658886019677567e+00 7.929492374714625385e+02 3.267487370830867235e+02
1.934022518178856899e+03 1.258342600408816914e+01 7.234108588121197059e+00 5.125756844685833258e+00 7.742882802932851973e+02 3.258030610478634230e+02
2.203262974833879525e+03 1.301434113912582013e+01 6.683511161441688664e+00 5.335854793577072819e+00 7.624646435339526533e+02 3.031957653243221102e+02
2.207028338789908503e+03 1.276302393128591817e+01 7.265434767592675591e+00 5.131140416204132748e+00 7.698842523461011069e+02 3.082708886078651744e+02
2.559530954557466430e+03 1.276654828701607869e+01 6.817198103176203894e+00 5.440600044823172610e+00 8.331385936761070070e+02 3.043996817791272633e+02
2.703207285748776485e+03 1.305661586362237081e+01 7.495276542304812217e+00 5.664341672817240436e+00 8.080171971107027957e+02 3.036087618095805283e+02
2.788698362097872632e+03 1.431602768193078212e+01 7.218041509683525980e+00 5.896502911042951212e+00 8.152558108695574219e+02 3.138456712343862591e+02
2.760907369748228575e+03 7.744925969021029921e+00 0.000000000000000000e+00 1.010556106914980745e+01 8.382658819479825070e+02 3.070782791972160339e+02
2.841027734153903566e+03 7.815212691934370959e+00 0.000000000000000000e+00 9.730818773342670980e+00 5.872656471025408246e+04 0.000000000000000000e+00
3.166209842136240695e+03 8.411424051331447771e+00 0.000000000000000000e+00 1.003515773539917966e+01 5.756283339747427817e+04 0.000000000000000000e+00
3.150314412721816552e+03 8.393160375261988548e+00 0.000000000000000000e+00 1.068500791448353837e+01 5.667089671572824591e+04 0.000000000000000000e+00
3.360382679997302148e+03 9.023577567695776125e+00 0.000000000000000000e+00 1.077737437807560639e+01 5.669847481172404514e+04 0.000000000000000000e+00
3.412613370952963578e+03 8.699733164917109463e+00 0.000000000000000000e+00 1.045548471838175786e+01 5.868210296816298069e+04 0.000000000000000000e+00
3.349863126883935820e+03 9.080386951193524681e+00 0.000000000000000000e+00 1.071896828201089846e+01 5.949564590231328475e+04 0.000000000000000000e+00
3.749608162739342333e+03 8.875859771661932740e+00 0.000000000000000000e+00 1.066788320722178796e+01 5.535741438345167990e+04 0.000000000000000000e+00
3.713776622049514572e+03 8.976567449823912526e+00 0.000000000000000000e+00 1.077431512367459376e+01 5.967245608295276907e+04 0.000000000000000000e+00
3.595335764969061529e+03 9.480036881014061834e+00 0.000000000000000000e+00 1.129636598982762763e+01 5.822141917524709424e+04 0.000000000000000000e+00
3.852447688205933900e+03 9.750540986275787247e+00 0.000000000000000000e+00 1.133280419305117803e+01 5.621693308094261738e+04 0.000000000000000000e+00
3.898505356177892736e+03 9.477625211698414986e+00 0.000000000000000000e+00 1.109583963092271475e+01 5.579850692174462893e+04 0.000000000000000000e+00
3.991144971758237716e+03 9.478290202403368170e+00 0.000000000000000000e+00 1.172616092468560289e+01 5.764690034493614075e+04 0.000000000000000000e+00
4.147126230227264386e+03 9.842473429711136035e+00 0.000000000000000000e+00 1.196606884450507202e+01 5.630460289456835744e+04 0.000000000000000000e+00
4.067975493371996436e+03 9.638980184745584268e+00 0.000000000000000000e+00 1.129858905525032675e+01 5.976934439111492975e+04 0.000000000000000000e+00
4.509955958892402123e+03 1.021654681480976024e+01 0.000000000000000000e+00 1.192102959026610343e+01 5.767458567035954911e+04 0.000000000000000000e+00
4.277479573019230884e+03 9.421750607714635350e+00 0.000000000000000000e+00 1.225182776458673928e+01 5.612425610603913810e+04 0.000000000000000000e+00
4.761468273541064264e+03 9.520720120675822074e+00 0.000000000000000000e+00 1.129426139488525216e+01 5.963480527132999850e+04 0.000000000000000000e+00
4.820384929221822858e+03 1.050911876535504241e+01 0.000000000000000000e+00 1.169670714631633501e+01 5.635105920814512501e+04 0.000000000000000000e+00
4.678525892164856486e+03 1.017799495643891028e+01 0.000000000000000000e+00 1.225635172449039878e+01 5.932521237233909051e+04 0.000000000000000000e+00
4.666141066855715508e+03 1.064512949379293438e+01 0.000000000000000000e+00 1.187101710192613702e+01 5.722130142793963751e+04 0.000000000000000000e+00
4.781224203895545543e+03 1.061882781757759275e+01 0.000000000000000000e+00 1.147045274799713255e+01 5.690480834282719297e+04 0.000000000000000000e+00
4.857360012328031189e+03 1.078221145951432725e+01 0.000000000000000000e+00 1.193649423109248175e+01 5.649503721235245030e+04 0.000000000000000000e+00
4.938929536890042982e+03 1.065477584700294500e+01 0.000000000000000000e+00 1.246235846971664252e+01 5.881108836814690585e+04 0.000000000000000000e+00
4.903061407606376633e+03 1.141563540386718856e+01 3.342768196344082732e+00 1.262763109589971222e+01 4.249141498592301787e+02 8.540263024382439028e+01
5.193168217592091423e+03 1.099979155710508749e+01 3.365001578660419046e+00 1.297840892241933375e+01 4.519936767151361323e+02 8.077218946679411715e+01
5.056310018239119927e+03 1.129963751962290353e+01 3.402171536762904847e+00 1.272222296537943897e+01 4.636574544538636928e+02 8.272918158759705420e+01
5.357639173067631418e+03 1.055280534646594326e+01 3.624339970473481110e+00 1.321591505729991667e+01 4.586828310068572137e+02 8.127778026453849236e+01
5.578784396711918816e+03 1.078741860323369295e+01 3.474775809336770660e+00 1.298769103025141902e+01 4.517144479763300069e+02 8.292016928737726289e+01
5.315348449130431618e+03 1.139482240908560051e+01 3.640608924148287073e+00 1.283701361908578598e+01 4.225945262505371147e+02 8.854568232781417692e+01
5.745723329479477798e+03 1.143236080517933217e+01 3.569190503449126695e+00 1.361130611221229891e+01 4.456240537424904460e+02 8.354914847649942544e+01
5.601226712749833496e+03 1.067936166585134394e+01 3.723896223300698249e+00 1.361865465716642909e+01 4.430815005101769657e+02 8.095913221491753120e+01
6.050386345799628543e+03 1.073945582626104844e+01 3.483026222788454973e+00 1.243056835834761209e+01 4.402573779227075761e+02 8.742430463716659972e+01
5.883383852195228428e+03 1.080509833416009613e+01 3.721348289804442100e+00 1.309349218274128113e+01 4.243260738203581468e+02 8.153139558870043402e+01
6.349173268757439473e+03 1.161244698404144771e+01 3.800576213634062395e+00 1.345740980004436693e+01 4.530162646810815659e+02 8.180556931157273937e+01
6.343214151199965272e+03 1.111482097277874992e+01 3.620729331751031843e+00 1.370780201887759731e+01 4.236521665054299319e+02 8.302978334074444433e+01
6.142959301674341077e+03 1.087907631235439609e+01 3.726341442744391497e+00 1.288055017313092598e+01 4.414484994696034050e+02 8.176181872647308069e+01
6.351949455288095123e+03 1.151553365891435732e+01 3.837010886540122012e+00 1.366056440733175670e+01 4.173530104143682706e+02 8.516470063438960381e+01
