1.224649851481925955e-01 5.650816351930053827e+00 3.509283253784641232e+00 2.697402521897479311e+00 1.378689856837906973e+03 5.950600363631969003e+02
3.427219827896283277e+01 6.027350870687684825e+00 3.403602468286115013e+00 2.785899483942954724e+00 1.404566495753246727e+03 6.184782092153436679e+02
3.122558620628184300e+01 7.662332080431455417e+00 4.358410943365207402e+00 3.201094347275070806e+00 1.416466906014537017e+03 6.263764500902776717e+02
4.960069338030486819e+01 7.490179579543604582e+00 4.480850960585030407e+00 3.471134457059406486e+00 1.426803099446695569e+03 6.039927281423384784e+02
1.044570637891372229e+02 7.714662988461848059e+00 4.270517812791151613e+00 3.446177582502469861e+00 2.079032090273946380e+02 7.969151838857850123e+01
1.545279044440082146e+02 8.292980167996093499e+00 4.555761265807107385e+00 3.283697220188284138e+00 2.068917442754325009e+02 8.066039487146616693e+01
2.020586503496199100e+02 7.868669561201529383e+00 4.454296495188477145e+00 3.583982226449809794e+00 3.703914932331867931e+02 8.277667016923021492e+01
2.552922905026713920e+02 8.125075255373767291e+00 4.749719534372737861e+00 3.483686383566060751e+00 3.656966156359903835e+02 1.482473604139655663e+02
2.856550989889249763e+02 8.225813694913345131e+00 4.552654509345450684e+00 3.506617700345495248e+00 3.482773835865429533e+02 1.377761265775174593e+02
3.572036796029319703e+02 8.523871447904774357e+00 4.776913281501466990e+00 3.485619541292501289e+00 3.637487943810020283e+02 1.407624811099320254e+02
4.250269607170902191e+02 9.034600181057815149e+00 4.955558324740724885e+00 3.644462317432580534e+00 3.713607307440414615e+02 1.379104958706841444e+02
4.968614909227931662e+02 9.850635590690965060e+00 5.372112961338174841e+00 3.832055904078228714e+00 3.718343478666399733e+02 1.369784310363318980e+02
6.028644064432955929e+02 9.854894819360980662e+00 5.917188876616915394e+00 3.918920387034493302e+00 3.714193207846755058e+02 1.483594643318627675e+02
6.556998354545170287e+02 1.079229585136218539e+01 6.010062553413074937e+00 4.206323982662920180e+00 7.575594388362138716e+02 3.163471471673604469e+02
7.649748893666568392e+02 1.062301708942945133e+01 6.339959596281861565e+00 4.447949756396706533e+00 7.320516278229041518e+02 3.096261072767503038e+02
8.577542699564809254e+02 1.065392439940001168e+01 6.294628633786779837e+00 4.568916962394241388e+00 7.056047882549893302e+02 3.273676734015045895e+02
1.045807608426020352e+03 1.123689615227940841e+01 6.257114421325185027e+00 4.487643316614056133e+00 7.059265036430829241e+02 3.031119584134162324e+02
1.081850009669460633e+03 1.190867585138894214e+01 6.486931610366418077e+00 4.602097510625232424e+00 7.487159834665523022e+02 3.270133111385823668e+02
1.185059513413484410e+03 1.167077684706494090e+01 6.397701302553443270e+00 4.696205887985611227e+00 7.082827507746674200e+02 3.215483854997085587e+02
1.350235471811387470e+03 1.183152782403028525e+01 6.850922889736932753e+00 5.009998856563686154e+00 7.115649975811487593e+02 3.208840463491141008e+02
1.376187790372494874e+03 1.239321507307194281e+01 6.810048086721976368e+00 4.923289603213568455e+00 7.350364074644978700e+02 3.068634306714638456e+02
1.526817070769662450e+03 1.182099235525090464e+01 6.888114054600040781e+00 4.892326953798722400e+00 7.132389826855962838e+02 3.142485607520241615e+02
1.720656613538986676e+03 1.235762265338416377e+01 6.666472392406697089e+00 5.164881781297400387e+00 7.941382953360514421e+02 3.270499996090249510e+02
1.951368897264995894e+03 1.295388260208748044e+01 6.920015320747625154e+00 5.309774479789770574e+00 7.912918686167593023e+02 3.067991714901286286e+02
2.223368591857298725e+03 1.269607093232276185e+01 6.752551612444738893e+00 5.213374185468370392e+00 8.188453525735531002e+02 3.056615647458170315e+02
2.339930212328547441e+03 1.329172722870766954e+01 6.822926246112605675e+00 5.426547020379899777e+00 7.789530178835115066e+02 3.173682050128153946e+02
2.566437007278063447e+03 1.316885591329338290e+01 7.210071143154623385e+00 5.630036212427511622e+00 7.874760519435130846e+02 3.010948670431012602e+02
2.532538018097382974e+03 1.342137430799088804e+01 7.425942563104317884e+00 5.686810640010159901e+00 7.914490860404062005e+02 3.131335856338583881e+02
2.865711327423552120e+03 1.314669494040171394e+01 7.012597781452649670e+00 5.529526521676991990e+00 7.744840133918517040e+02 3.117343500998274521e+02
2.794878877981701407e+03 7.725307864103167610e+00 0.000000000000000000e+00 9.673757381029954416e+00 8.270845000186726566e+02 3.061104645668594344e+02
3.114167461122982786e+03 7.891083698968048843e+00 0.000000000000000000e+00 1.030062851125001266e+01 5.774830567570825951e+04 0.000000000000000000e+00
3.163079586555328660e+03 8.742633093613806139e+00 0.000000000000000000e+00 1.061860291302527948e+01 5.923201230906612909e+04 0.000000000000000000e+00
3.163675381331840072e+03 8.260587631213635262e+00 0.000000000000000000e+00 1.026143276096447998e+01 5.551503172045880638e+04 0.000000000000000000e+00
3.402305862508334485e+03 8.645790059167557828e+00 0.000000000000000000e+00 1.068274276823598967e+01 5.730057300156807469e+04 0.000000000000000000e+00
3.319660625419253847e+03 8.553943784677485951e+00 0.000000000000000000e+00 1.086658184597015264e+01 5.654192717115706910e+04 0.000000000000000000e+00
3.370252043041158231e+03 8.696978418219837081e+00 0.000000000000000000e+00 1.091960917111526896e+01 5.626467957758111152e+04 0.000000000000000000e+00
3.682393149542092942e+03 9.182063854803674374e+00 0.000000000000000000e+00 1.051083060487056287e+01 5.538898748773763509e+04 0.000000000000000000e+00
3.565674251473590630e+03 9.018802401106494671e+00 0.000000000000000000e+00 1.148539244563676753e+01 5.975151942050309299e+04 0.000000000000000000e+00
3.599492236537590543e+03 8.996953608962726889e+00 0.000000000000000000e+00 1.152047628118806877e+01 5.585201328803892102e+04 0.000000000000000000e+00
3.979558033847943534e+03 8.977389108240190652e+00 0.000000000000000000e+00 1.171101999732761811e+01 5.828707295080731274e+04 0.000000000000000000e+00
3.813579273475007994e+03 9.692868880640993723e+00 0.000000000000000000e+00 1.131786341449983802e+01 5.810459807369927148e+04 0.000000000000000000e+00
3.918727878139208315e+03 9.645312979048492608e+00 0.000000000000000000e+00 1.176380314082775413e+01 5.564548345700815844e+04 0.000000000000000000e+00
4.090656905508284581e+03 1.006013914279040478e+01 0.000000000000000000e+00 1.140961242319848523e+01 6.026481586088044423e+04 0.000000000000000000e+00
4.270746166036058639e+03 9.600245044748932699e+00 0.000000000000000000e+00 1.140214975885425375e+01 5.882973758458554948e+04 0.000000000000000000e+00
4.166227112234166270e+03 9.614049883679683717e+00 0.000000000000000000e+00 1.122737307556747233e+01 5.501454112425578933e+04 0.000000000000000000e+00
4.693545773952181662e+03 9.495742126213510659e+00 0.000000000000000000e+00 1.206028343739062336e+01 5.696887176997063216e+04 0.000000000000000000e+00
4.745797108563318943e+03 1.024777649268860813e+01 0.000000000000000000e+00 1.187108569484827569e+01 5.779498641312538530e+04 0.000000000000000000e+00
4.554725068747231489e+03 9.655904293817016537e+00 0.000000000000000000e+00 1.214801803266428770e+01 5.720113981104338018e+04 0.000000000000000000e+00
4.956182080115836470e+03 9.916496344335447688e+00 0.000000000000000000e+00 1.211737829088929530e+01 5.547390256000986847e+04 0.000000000000000000e+00
5.013774520160569409e+03 1.045053785799502322e+01 0.000000000000000000e+00 1.238399027191042023e+01 6.009393833535909653e+04 0.000000000000000000e+00
5.177902018273097383e+03 9.877835191604695808e+00 0.000000000000000000e+00 1.243657344917304286e+01 5.542070133787999657e+04 0.000000000000000000e+00
4.887955676348592533e+03 9.957516075069984041e+00 0.000000000000000000e+00 1.262187019382532149e+01 5.928412485900874162e+04 0.000000000000000000e+00
5.221183755697102242e+03 1.053904763835065594e+01 0.000000000000000000e+00 1.177652270583118721e+01 5.624451817285254219e+04 0.000000000000000000e+00
5.323660380428459575e+03 1.098773404880088655e+01 3.438055913227641813e+00 1.307696645375105504e+01 4.609916630800487951e+02 8.833281110641394207e+01
5.088241972487624480e+03 1.065886433434286040e+01 3.592374737482666003e+00 1.279283915926146342e+01 4.283100415340166478e+02 8.364144687270920997e+01
5.211288319394085192e+03 1.108536155309437632e+01 3.569996309239898746e+00 1.298916131621330017e+01 4.548222568870418741e+02 8.683476896688840441e+01
5.540298643724730937e+03 1.157889260784381769e+01 3.580009912926407800e+00 1.250418282702329265e+01 4.389894050741158367e+02 8.337619255807413765e+01
5.531700482672237740e+03 1.147964720232394775e+01 3.697685727855375415e+00 1.264339491421231010e+01 4.518857591825720306e+02 8.761701928336546530e+01
5.551846635890748985e+03 1.095947628379655647e+01 3.495178175615667904e+00 1.278538810063907150e+01 4.428812973019824426e+02 8.613385988539616278e+01
5.779327359917223475e+03 1.069380919156858312e+01 3.750175479904286568e+00 1.319720503508210108e+01 4.247916509540486913e+02 8.611737595544295232e+01
5.999507240445875141e+03 1.073392412411518393e+01 3.493565877837163214e+00 1.316275722988435959e+01 4.354274132687347674e+02 8.680911034096459389e+01
5.939321846077447844e+03 1.134084910734396523e+01 3.465042196654640971e+00 1.299081648456067839e+01 4.436590930425213628e+02 8.918903158256456720e+01
5.994694108969449189e+03 1.165857106438241608e+01 3.785129097746767979e+00 1.324321527572065982e+01 4.387801294448112799e+02 8.857120731498207533e+01
5.873804691667101906e+03 1.094931772067367426e+01 3.542164376558755379e+00 1.242948976187568100e+01 4.195173904744277706e+02 8.169509934246632099e+01
6.331713840221235841e+03 1.157879703625187773e+01 3.539827297860115962e+00 1.275881083256050808e+01 4.149023369642138732e+02 8.701412233942289731e+01
6.295191355226759697e+03 1.177846348769648266e+01 3.522127745299315382e+00 1.305859914264466148e+01 4.226557322051061192e+02 8.822168187691455898e+01
6.421289371023318381e+03 1.150710011065111971e+01 3.657986025218191273e+00 1.296315182081284512e+01 4.152539616188067839e+02 8.737871646546349780e+01
