4.185599758959157590e-03 5.555677892264238693e+00 3.497014196062461000e+00 2.823784992891053669e+00 1.428993046482998352e+03 5.918539694611710047e+02
3.344823911415794271e+01 5.962393348621377598e+00 3.486200269498096915e+00 2.914737387751610953e+00 1.423486343503864418e+03 5.852428358356339686e+02
3.115480201667485005e+01 7.932956713306624330e+00 4.423314126152495085e+00 3.458546105147352723e+00 1.376348933545031741e+03 6.111702049013671285e+02
4.995501342607648354e+01 7.774933351229931233e+00 4.231589692418869397e+00 3.341696881355315174e+00 1.363020634313066239e+03 5.930312274642008106e+02
1.017117090109616555e+02 8.252788357045288237e+00 4.230320621530093028e+00 3.312397805805872508e+00 1.956613847316706369e+02 7.843121613141676107e+01
1.561444442348732480e+02 8.474078658071242387e+00 4.720972824598048234e+00 3.289815882040721728e+00 2.057081625696567926e+02 8.154657483511427074e+01
1.973902411915213122e+02 7.859330694592198796e+00 4.742370481149523975e+00 3.505424837651319070e+00 3.472947659374136151e+02 8.308725334745008695e+01
2.378699883249827849e+02 8.752074103170640385e+00 4.672277203920233823e+00 3.599243335768556484e+00 3.530850236207550665e+02 1.367621804972951907e+02
3.070525580979268057e+02 8.248969514270124037e+00 4.950764741121264301e+00 3.704898020807299019e+00 3.601745171980793998e+02 1.426224407833072974e+02
3.633811179002182143e+02 8.335107126979000469e+00 4.934609146267170843e+00 3.753445817175717458e+00 3.747940134326714201e+02 1.484253527555343624e+02
3.978855060978834786e+02 9.206929706946647585e+00 4.995460991756607960e+00 3.481520008156925083e+00 3.757899025937198303e+02 1.367621711991217524e+02
5.193911670915208560e+02 9.559215128022112040e+00 5.291310648881106360e+00 3.896017785567913450e+00 3.744536023956055715e+02 1.465493422459610144e+02
6.036156309644816247e+02 1.010636306169674192e+01 5.380286709209785023e+00 4.144639437012730632e+00 3.671306777128154408e+02 1.442445478718862546e+02
6.626568114763797439e+02 1.028716748147675197e+01 5.985690101458106760e+00 4.195929016246387810e+00 7.193719424933261735e+02 3.158642669477804361e+02
7.640058608230839354e+02 1.106567134327780799e+01 6.142054254049758910e+00 4.647865500619128731e+00 7.527636855866504675e+02 3.174951747409609766e+02
8.775540333895171443e+02 1.100817079313099356e+01 6.488175238219258567e+00 4.684009954317001068e+00 7.236392383416974781e+02 3.074759929592761978e+02
1.019666927759156806e+03 1.088965781497916474e+01 6.528820789130350022e+00 4.860832018016036926e+00 7.737133171386465165e+02 3.101037070286329254e+02
1.077401449238246414e+03 1.147550977462172028e+01 6.583591249131911738e+00 4.612615960931877979e+00 7.338359837725940906e+02 3.103492332393350353e+02
1.140621496172881734e+03 1.193552321020242601e+01 6.304608270621547383e+00 4.573759249856996334e+00 7.105439140109948539e+02 2.972648941809608232e+02
1.291492561451000256e+03 1.160344631746774446e+01 6.400573813488284358e+00 4.913480722152387514e+00 7.550104230915529797e+02 3.100312230141370264e+02
1.347085996185537624e+03 1.164179868102356430e+01 6.679247472631902660e+00 4.751244308306437958e+00 7.673254372603072397e+02 3.049668501809175609e+02
1.521044789150603492e+03 1.260648066967139691e+01 6.531145094500384829e+00 4.854951696223803737e+00 7.544817257007957778e+02 3.102329388944197603e+02
1.869412916691880127e+03 1.296554502699992106e+01 6.947162868142271464e+00 5.289136363849471500e+00 7.966957342671939841e+02 3.110583999765190129e+02
1.967100198941114513e+03 1.242686358705068095e+01 7.049861302077091274e+00 4.990053676196350096e+00 8.209518252830107485e+02 3.273795328718105679e+02
2.263965783121209824e+03 1.263543961156845441e+01 6.856495020414306474e+00 5.304242647512810827e+00 7.788627043768154863e+02 3.106270636063581492e+02
2.206480753317867311e+03 1.290718059400391837e+01 7.062706370790133192e+00 5.224953159713179751e+00 8.093048532733254206e+02 3.226249266340465738e+02
2.486579104286908205e+03 1.287829979554663851e+01 7.305546941541908090e+00 5.378635159987401160e+00 7.778178709255751073e+02 3.160976924510453046e+02
2.689624865424339987e+03 1.344486772605312197e+01 7.146423100616761559e+00 5.600806176619230747e+00 7.770784852975258445e+02 3.021914994595336452e+02
2.996121833318973586e+03 1.329818795469653203e+01 7.148266220740731924e+00 5.704486176195372238e+00 8.087621131458702166e+02 3.099164686575083465e+02
2.759814444584711055e+03 7.749188772369268285e+00 0.000000000000000000e+00 9.756353534201004152e+00 7.841744717588829872e+02 3.166051516823079623e+02
3.067560899640999196e+03 8.119417814301263192e+00 0.000000000000000000e+00 9.891397620099160903e+00 5.495322378193409531e+04 0.000000000000000000e+00
3.005669313485876501e+03 8.358339073072908576e+00 0.000000000000000000e+00 1.021260148957190417e+01 5.541013492417985981e+04 0.000000000000000000e+00
3.283311545362148536e+03 8.296146254922980745e+00 0.000000000000000000e+00 1.024703567345623156e+01 5.506619020944030490e+04 0.000000000000000000e+00
3.288234787743419020e+03 9.083737224088684670e+00 0.000000000000000000e+00 1.016371434686871922e+01 5.823966796359922591e+04 0.000000000000000000e+00
3.227776559446198462e+03 9.192454354615914980e+00 0.000000000000000000e+00 1.063629334086417089e+01 5.826932167000295158e+04 0.000000000000000000e+00
3.524916423871222378e+03 9.043516989453593169e+00 0.000000000000000000e+00 1.083957069300060105e+01 5.876228867620905658e+04 0.000000000000000000e+00
3.704969111748404430e+03 8.841005670785850867e+00 0.000000000000000000e+00 1.083421643574185289e+01 5.793864935465841700e+04 0.000000000000000000e+00
3.700838504683324118e+03 9.394701402605804219e+00 0.000000000000000000e+00 1.108781155835730203e+01 5.680180496887341724e+04 0.000000000000000000e+00
3.800626288650827519e+03 9.018046408565107086e+00 0.000000000000000000e+00 1.125897728876966930e+01 5.539514736564440682e+04 0.000000000000000000e+00
4.035181955241095238e+03 9.340305888998328143e+00 0.000000000000000000e+00 1.076646861996114701e+01 5.698716515538873500e+04 0.000000000000000000e+00
3.849695974861455397e+03 9.628009500149387279e+00 0.000000000000000000e+00 1.121305785913895292e+01 6.007820176560259279e+04 0.000000000000000000e+00
3.932000405194197356e+03 9.483133629533472941e+00 0.000000000000000000e+00 1.112926077919257217e+01 5.551013137468792411e+04 0.000000000000000000e+00
4.175282448012964778e+03 9.551426563800118785e+00 0.000000000000000000e+00 1.110743932870771289e+01 6.051240135867804202e+04 0.000000000000000000e+00
4.200944003587953375e+03 9.929558831968172683e+00 0.000000000000000000e+00 1.179823925965805387e+01 5.599070218336501421e+04 0.000000000000000000e+00
4.510022467517004770e+03 9.969018754581195907e+00 0.000000000000000000e+00 1.124268453536655166e+01 5.879991089116868534e+04 0.000000000000000000e+00
4.408178182249820566e+03 9.631047341171967702e+00 0.000000000000000000e+00 1.185608807667549058e+01 5.649755661742994562e+04 0.000000000000000000e+00
4.388466151296217504e+03 9.727229139974678418e+00 0.000000000000000000e+00 1.193263349574786503e+01 5.587580135891190730e+04 0.000000000000000000e+00
4.664367060678182497e+03 9.564634822008615700e+00 0.000000000000000000e+00 1.205460195600438489e+01 5.567386786129389657e+04 0.000000000000000000e+00
4.626978585329780799e+03 9.845450790899743509e+00 0.000000000000000000e+00 1.174238446504394062e+01 5.591317553716161638e+04 0.000000000000000000e+00
4.737471551254535370e+03 9.843647823058645940e+00 0.000000000000000000e+00 1.186286636346762791e+01 5.870016486661115050e+04 0.000000000000000000e+00
5.121343928490451617e+03 1.033502724753743252e+01 0.000000000000000000e+00 1.257048577032765380e+01 5.695297990000476420e+04 0.000000000000000000e+00
5.200480759344724902e+03 1.033434906146284149e+01 0.000000000000000000e+00 1.196860617839567809e+01 5.710137669752823422e+04 0.000000000000000000e+00
4.947023196398556138e+03 1.065301045157983495e+01 0.000000000000000000e+00 1.190097161999930719e+01 5.983089060189495649e+04 0.000000000000000000e+00
5.289240634213316298e+03 1.080979679930128512e+01 3.642228748373645075e+00 1.306468160318710758e+01 4.486725955477834304e+02 8.556049287887026367e+01
5.199372863574189978e+03 1.054029518307466162e+01 3.526039577093079469e+00 1.283695974017416397e+01 4.585984906880998437e+02 8.505824630311278156e+01
5.401150617898416385e+03 1.058303280664626378e+01 3.649376531800496704e+00 1.303140314841700231e+01 4.632384567141643856e+02 8.587727919334895432e+01
5.219659403917587952e+03 1.059638443446157829e+01 3.586778316907336617e+00 1.302779181765700933e+01 4.320850542228503173e+02 8.281892531720035322e+01
5.355407855280705917e+03 1.112022719060238707e+01 3.472748587815312149e+00 1.248816683174868203e+01 4.477220913845224004e+02 8.552560858031039004e+01
5.756772327914472044e+03 1.143151795587983699e+01 3.664166656053835069e+00 1.314736486550918926e+01 4.307407538019779167e+02 8.757933076937027295e+01
5.659902260113732154e+03 1.102402796092470361e+01 3.700260014772565942e+00 1.284326109860124632e+01 4.278146717341792282e+02 8.363171599466581085e+01
5.541704791336934250e+03 1.175350536567887794e+01 3.761169391285619223e+00 1.296167628116057990e+01 4.128587484229535676e+02 8.323764288149801871e+01
5.828373289754358666e+03 1.129730388677333508e+01 3.758883603706660193e+00 1.258644419616843457e+01 4.369811919391580659e+02 8.094592510649076189e+01
6.005878729593335265e+03 1.139364160762051448e+01 3.550116440984801169e+00 1.316329549501771723e+01 4.384750283592183564e+02 8.710337110272821803e+01
5.823410001580235985e+03 1.085946692591815044e+01 3.583141647344636471e+00 1.325724353907118491e+01 4.374945407033405900e+02 8.511407416644586021e+01
5.964781243625976458e+03 1.085953742785509490e+01 3.491686858271898064e+00 1.345130217429511532e+01 4.345363470215448274e+02 8.460274155367667959e+01
6.555251559522973366e+03 1.114336774983104661e+01 3.757129532689520879e+00 1.337852891791201948e+01 4.157136394433911732e+02 8.709611001762647220e+01
6.323754071293609741e+03 1.133470535445920291e+01 3.816936513402413578e+00 1.344936014887125886e+01 4.410460521221868362e+02 8.115307492928114641e+01
