4.636153320121905175e-02 5.684999419000864584e+00 3.196586672029763321e+00 2.819594519482156336e+00 1.374235220115620450e+03 6.261057291781440881e+02
3.455279564544483151e+01 5.557918985017917812e+00 3.220160252462385131e+00 2.790465571354927565e+00 1.427546610033073875e+03 5.842949638409661475e+02
3.474820872783369197e+01 7.725657174471342259e+00 4.551892972426997197e+00 3.180629056049053993e+00 1.426507755167545156e+03 5.999339350317885646e+02
5.205768172285328177e+01 8.145842725356454039e+00 4.484360960591002865e+00 3.171936301641100631e+00 1.402150787553165628e+03 5.795881390717646582e+02
1.042520720520526964e+02 7.800983405310655705e+00 4.274073130654092445e+00 3.252732436328019450e+00 2.097565737250112363e+02 7.947367820062224553e+01
1.578244495334544411e+02 8.069564477441264927e+00 4.584881222583643279e+00 3.523113819875720587e+00 1.934743000569094988e+02 8.051843344818453829e+01
2.019835629586536925e+02 8.304560094477942300e+00 4.617916792850912167e+00 3.446783365622412720e+00 3.576678351533571458e+02 8.072494800642417090e+01
2.452833406171663455e+02 8.661546542513205438e+00 4.632835675180953849e+00 3.546506254250182621e+00 3.559662590403297600e+02 1.392243167720543511e+02
3.035325831964344729e+02 8.667481021904070104e+00 4.708024463038041674e+00 3.579879616523068186e+00 3.753813665321635540e+02 1.405550249071218332e+02
3.645155999266916069e+02 8.764003774441723849e+00 5.051101950998485357e+00 3.636425775827825113e+00 3.678250564411054029e+02 1.470270115515484406e+02
4.100897325351508016e+02 8.705334032575079206e+00 4.764446302136864375e+00 3.793602544553423606e+00 3.630321367425674453e+02 1.366665419753154822e+02
4.929201442300915801e+02 9.114364641696056424e+00 5.414101284890490362e+00 3.795550757551081400e+00 3.772291622595358263e+02 1.486335447655209236e+02
6.189616779542583345e+02 1.025974331905255887e+01 5.746574758255237114e+00 3.969488237629958505e+00 3.490061543576728695e+02 1.492309922502785753e+02
6.938355703199468962e+02 1.069441084940891606e+01 6.225115918144926930e+00 4.162698080419333202e+00 7.552149587897524725e+02 3.040483573434546543e+02
7.703960419813907947e+02 1.069825787773645409e+01 6.194690112259521264e+00 4.501717467926570571e+00 7.128226143961204571e+02 3.052546196197798736e+02
9.196143928654779529e+02 1.095132790035178694e+01 6.032691317311040358e+00 4.480829254229584002e+00 7.086835017789969697e+02 3.210966963829561678e+02
9.860740207165511038e+02 1.139773409966958084e+01 6.374169846485122193e+00 4.521110779935965773e+00 7.530892075757169550e+02 3.080033746297289667e+02
1.078750094839741905e+03 1.154142792497836645e+01 6.686040265493590873e+00 4.528526052998885554e+00 7.033249944875025221e+02 3.082309932904451557e+02
1.141269849386223086e+03 1.117422368845664771e+01 6.755367003679260129e+00 4.790131471585307388e+00 7.445983108094002318e+02 3.211645022877461315e+02
1.297983019833351591e+03 1.168946353443921282e+01 6.284426953724048026e+00 4.884957807510200922e+00 7.650609630968097008e+02 2.986679567437124661e+02
1.363269377725026743e+03 1.218631095620525784e+01 6.327359000525445865e+00 4.800066414690091321e+00 7.144749618755391793e+02 3.042230525702096315e+02
1.596757272266625705e+03 1.285592539949884383e+01 6.393916091217808351e+00 5.208686890715703122e+00 7.747471167925866666e+02 3.257860656391930547e+02
1.841453449509234360e+03 1.277872586828691936e+01 7.109770924896468003e+00 5.036108845045903948e+00 8.097237245697717754e+02 3.253077252603683291e+02
2.030744919316104188e+03 1.229094519752204917e+01 6.594800104443816480e+00 4.976695547834078859e+00 7.874602286193126019e+02 3.061401154782967069e+02
2.099244330734942196e+03 1.300586039149500017e+01 6.699613150812422369e+00 5.317027367603350818e+00 8.096385174522664556e+02 3.226237762369694337e+02
2.189490163200006009e+03 1.291211093992370174e+01 7.077080615253025897e+00 5.600694333368204880e+00 8.125198421271588813e+02 3.273758140334060727e+02
2.576489709263514669e+03 1.345570174097907135e+01 6.889371428375423712e+00 5.224547570080156689e+00 7.628838914909820232e+02 2.997237669346444591e+02
2.640063829316655756e+03 1.327272970555549136e+01 7.513342129095178734e+00 5.849844486456769133e+00 7.833612496630158830e+02 3.217941654894721637e+02
3.018372697771099411e+03 1.365166023641095805e+01 7.421879890435571170e+00 5.650136752684594477e+00 8.175684376821600381e+02 3.179211697679348845e+02
2.794027901624991046e+03 8.146800707443453859e+00 0.000000000000000000e+00 9.801824012234243710e+00 7.762555428248836051e+02 3.232494477760982932e+02
2.994960283269232605e+03 8.081401585404963228e+00 0.000000000000000000e+00 9.825739209662168960e+00 6.007714450055581983e+04 0.000000000000000000e+00
3.197593018988792664e+03 8.068780897974878741e+00 0.000000000000000000e+00 9.911628993377149754e+00 6.029812083758693916e+04 0.000000000000000000e+00
3.208143598131046019e+03 8.671264654799964333e+00 0.000000000000000000e+00 1.074162863245055632e+01 5.621236374404378876e+04 0.000000000000000000e+00
3.319168609403171104e+03 8.362904708237994811e+00 0.000000000000000000e+00 1.008114015362894200e+01 5.826389488763533154e+04 0.000000000000000000e+00
3.416391570540954945e+03 8.493033608097920961e+00 0.000000000000000000e+00 1.107023238269312770e+01 5.833860808136512060e+04 0.000000000000000000e+00
3.362044438028974582e+03 8.712240131136594457e+00 0.000000000000000000e+00 1.037720052864346876e+01 5.719689310372112959e+04 0.000000000000000000e+00
3.446575426602632433e+03 8.653788117575361483e+00 0.000000000000000000e+00 1.099950238708311545e+01 5.785838131655371399e+04 0.000000000000000000e+00
3.544477781546106598e+03 9.015855678034672138e+00 0.000000000000000000e+00 1.138297416997987810e+01 5.926843008329305303e+04 0.000000000000000000e+00
3.861453789848841552e+03 8.933759959615990454e+00 0.000000000000000000e+00 1.141764037553475042e+01 5.875688347890935256e+04 0.000000000000000000e+00
4.008040089960888963e+03 9.064589033440507038e+00 0.000000000000000000e+00 1.110921723750648837e+01 5.685592494208374410e+04 0.000000000000000000e+00
3.999850036154874942e+03 9.176110052768313707e+00 0.000000000000000000e+00 1.167043755949019079e+01 5.514901450366941572e+04 0.000000000000000000e+00
4.203603998963269987e+03 9.553731827780822528e+00 0.000000000000000000e+00 1.165398366960288001e+01 5.999828024445183837e+04 0.000000000000000000e+00
4.117603192410302654e+03 9.557062027014445960e+00 0.000000000000000000e+00 1.101997918997369119e+01 5.941793393152236240e+04 0.000000000000000000e+00
4.276878266314008215e+03 9.886984005629622985e+00 0.000000000000000000e+00 1.100090093665099644e+01 5.495257769806001306e+04 0.000000000000000000e+00
4.580053761180927722e+03 9.353138965541310412e+00 0.000000000000000000e+00 1.129023596162104148e+01 6.047049748832576734e+04 0.000000000000000000e+00
4.396009981734638131e+03 9.556675233287636573e+00 0.000000000000000000e+00 1.160955013073676056e+01 5.719966954849901958e+04 0.000000000000000000e+00
4.766297019962012200e+03 9.879351469502624994e+00 0.000000000000000000e+00 1.157955908354430008e+01 5.938834846811531315e+04 0.000000000000000000e+00
4.842053962615878845e+03 1.027015243317018012e+01 0.000000000000000000e+00 1.141783367079917788e+01 5.645807065052837424e+04 0.000000000000000000e+00
4.747155667811122839e+03 1.057372771909075126e+01 0.000000000000000000e+00 1.174554476524031621e+01 6.030226185677073954e+04 0.000000000000000000e+00
4.987691958865167180e+03 1.004922281837696829e+01 0.000000000000000000e+00 1.246585537322526527e+01 5.860955692831279885e+04 0.000000000000000000e+00
5.168267113332455665e+03 1.059306124029688689e+01 0.000000000000000000e+00 1.200456403353832968e+01 5.581828656170830072e+04 0.000000000000000000e+00
5.291997676715911439e+03 1.015410139001556011e+01 0.000000000000000000e+00 1.167344421914599728e+01 5.835380877536621119e+04 0.000000000000000000e+00
4.924759194502665196e+03 1.003131475406412854e+01 0.000000000000000000e+00 1.261694684948037448e+01 5.876828755386493867e+04 0.000000000000000000e+00
5.136733321467590031e+03 1.069292634295001498e+01 3.415960042436799515e+00 1.256262549932316830e+01 4.352918289161573284e+02 8.289019779126891763e+01
5.345935457485797087e+03 1.072144043401543101e+01 3.540077235178880510e+00 1.277914273859504135e+01 4.265398789951870526e+02 8.841983447371127625e+01
5.441990468584483096e+03 1.160676952299726317e+01 3.556352212186370210e+00 1.300581674802939958e+01 4.457907373199458902e+02 8.451130625114841166e+01
5.460995403002138119e+03 1.061905706116195347e+01 3.391508121659321251e+00 1.335551194599932678e+01 4.532415877924981373e+02 8.227235412645447354e+01
5.230270989221123273e+03 1.110142186981126500e+01 3.701557789639051244e+00 1.266618883901938197e+01 4.590286910312813120e+02 8.222800850248560778e+01
5.436306089664985848e+03 1.103627790393467478e+01 3.698995001901784097e+00 1.336597955785431857e+01 4.444352947711130923e+02 8.338902098230381910e+01
5.643724931108774399e+03 1.073791361221949892e+01 3.706849928101707548e+00 1.272048994931249766e+01 4.366132193735232931e+02 8.619430614151035286e+01
5.617284351207469626e+03 1.100528679948473787e+01 3.506913883194689774e+00 1.331150789602193285e+01 4.280089446739744972e+02 8.152580987829868775e+01
6.016451769298850195e+03 1.170066733545453630e+01 3.721914507428842001e+00 1.338029730763066816e+01 4.478666549085662609e+02 8.200348444971000106e+01
6.084649558692248320e+03 1.117984289723452562e+01 3.654606655983684504e+00 1.287718865656765210e+01 4.351743593132292176e+02 8.288392619845191689e+01
6.200215683337957671e+03 1.155758135477765336e+01 3.783430815433568295e+00 1.273046062234536535e+01 4.219372274948959785e+02 8.312484617251151064e+01
6.339676344466521186e+03 1.082850091069213150e+01 3.528168699768282401e+00 1.326571553206651188e+01 4.305189782251783868e+02 8.653509662789844015e+01
6.528221000085770356e+03 1.168705331211439713e+01 3.682757857124365319e+00 1.296651164175072957e+01 4.350023246272775737e+02 8.722529159704706103e+01
6.188822654748010791e+03 1.147782340109898236e+01 3.653460745186398739e+00 1.248341891963756645e+01 4.308543209498677697e+02 8.668536753649091509e+01
