-2.449135421702369753e-01 6.017749582978994205e+00 3.428079494076066158e+00 2.897592505338680624e+00 1.397930839440311274e+03 6.273265775880850015e+02
3.146293188096083071e+01 5.952272517390661655e+00 3.497821799658368480e+00 2.860253563293450263e+00 1.382924840382934235e+03 5.855366521840630867e+02
3.465214159993847431e+01 7.815329593055160728e+00 4.570928218458618630e+00 3.287839453346466101e+00 1.339973677131072236e+03 6.052501402643583788e+02
5.008888875044861066e+01 7.620749914748570220e+00 4.328386342621246996e+00 3.265686505493214042e+00 1.333153147666209406e+03 6.106589264536549990e+02
1.000436670866412072e+02 8.338696322263722038e+00 4.393776883449761250e+00 3.305132638938237832e+00 1.923761234279133134e+02 8.232001117916206567e+01
1.442820588349936770e+02 8.326761380473159946e+00 4.623634873385922717e+00 3.479031284661801671e+00 1.920400729973640921e+02 7.655687330269984159e+01
2.084305581075572036e+02 8.161244076781029477e+00 4.419461561050953335e+00 3.410559960530791024e+00 3.472567134392437538e+02 7.802666880331445043e+01
2.370696401863124834e+02 8.467499598975136266e+00 4.840882317435822202e+00 3.462059366552377337e+00 3.441997175814780121e+02 1.433472493695986714e+02
3.036016478092323609e+02 8.978682909657809574e+00 4.730441723322883263e+00 3.658490759731329867e+00 3.726496814107527484e+02 1.387686636582067763e+02
3.365059049420955262e+02 9.186683167017619667e+00 5.061757283942243113e+00 3.740147121921443496e+00 3.536195711365977559e+02 1.374006480666796222e+02
4.103659507511603124e+02 8.968014340733645895e+00 4.768648579098512919e+00 3.510226749740275487e+00 3.638030139168785126e+02 1.385783945597052025e+02
5.226281772295352539e+02 9.445659082528131023e+00 5.139271070886898052e+00 3.993026227128608330e+00 3.580332345874856514e+02 1.437157510405989456e+02
6.118583163634725679e+02 9.781516665134923016e+00 5.415916595935862610e+00 4.015666130377163690e+00 3.574322494491739803e+02 1.490728461257076560e+02
6.502246925315066619e+02 1.050035403592896266e+01 6.050849757288329300e+00 4.198795382367513263e+00 7.495786363753087471e+02 3.149950473963972968e+02
7.805835134985536570e+02 1.144936863657796700e+01 6.368722426790374591e+00 4.323578350488017641e+00 7.340276075919400682e+02 3.042752472777953585e+02
8.940255330876558446e+02 1.081467133965327676e+01 5.962403445489990794e+00 4.335641835898491614e+00 7.380246674893187446e+02 3.176664507370853130e+02
1.006254171708863851e+03 1.199051225540900845e+01 6.099261844086147022e+00 4.800383931092712331e+00 7.387395030536207514e+02 2.997903473693287992e+02
1.078178944226303202e+03 1.136515577407842237e+01 6.409452127013090639e+00 4.521226501595446479e+00 7.615672740506277023e+02 3.085601499084763191e+02
1.226342738792064210e+03 1.156329720037777342e+01 6.461561336113426535e+00 4.539641414765666738e+00 7.117134691384993630e+02 2.997622132160669821e+02
1.336250100504155398e+03 1.222863148332289818e+01 6.320642644231430296e+00 4.772938169334948633e+00 7.753850518198532882e+02 3.236999339108400591e+02
1.431843586590940504e+03 1.160129514158019681e+01 6.541275614900122548e+00 5.004268539986473918e+00 7.598033986640217563e+02 3.244025755667411772e+02
1.669072324465855218e+03 1.179560633456927654e+01 7.004797839177541618e+00 4.899014083341270087e+00 7.382205861093899557e+02 3.255140510545064672e+02
1.806232505267710849e+03 1.246120966605222335e+01 7.008793627485566446e+00 5.258722164368374585e+00 8.162687580439106796e+02 2.991007837085073788e+02
1.995550182730385359e+03 1.239801934406409245e+01 7.070325052862118653e+00 5.194453099228544701e+00 7.787668588763533535e+02 3.262129051991719280e+02
2.290454459916330961e+03 1.300196643200466440e+01 6.674755951867839876e+00 5.468665496559498074e+00 7.776292016160606408e+02 3.189035357686879593e+02
2.367522277446026237e+03 1.264247251279374495e+01 6.764727693613507675e+00 5.329283238162612513e+00 7.829549092552394995e+02 3.201519672347508276e+02
2.711635768781924071e+03 1.370196121859510363e+01 6.914722627918031606e+00 5.145033386374381124e+00 8.326822191145284933e+02 3.009324697360686400e+02
2.613692807880420787e+03 1.383618245031287941e+01 7.597514312742875475e+00 5.825252723492828189e+00 7.859070091770041699e+02 3.200783430543055488e+02
2.838638304776099176e+03 1.343056281810084940e+01 7.030621038798052780e+00 5.660249885657576030e+00 8.042093885987094382e+02 3.102388368958503975e+02
2.886658346930391417e+03 7.801537998612074531e+00 0.000000000000000000e+00 9.280519344676713800e+00 7.813856912953726805e+02 3.202765838899258597e+02
2.997652623256914012e+03 8.008299985259130338e+00 0.000000000000000000e+00 9.636056197264252887e+00 5.697902603638486471e+04 0.000000000000000000e+00
3.222489976496106920e+03 8.640670636002958815e+00 0.000000000000000000e+00 1.028998193971221475e+01 5.677724786238875095e+04 0.000000000000000000e+00
3.297031096325641101e+03 8.770097539060845548e+00 0.000000000000000000e+00 1.019454211018797984e+01 5.853174241489864653e+04 0.000000000000000000e+00
3.266422641930385453e+03 8.501104839232779042e+00 0.000000000000000000e+00 1.030542494913294860e+01 5.554099352694510890e+04 0.000000000000000000e+00
3.351276309935032259e+03 8.762584087970603619e+00 0.000000000000000000e+00 1.043792674883443006e+01 5.710328070459354058e+04 0.000000000000000000e+00
3.397923330087311570e+03 9.232418338320133699e+00 0.000000000000000000e+00 1.039261197044616303e+01 5.979269441898932564e+04 0.000000000000000000e+00
3.519759357406234813e+03 9.446411197185122788e+00 0.000000000000000000e+00 1.123375700773888397e+01 5.708359933405475022e+04 0.000000000000000000e+00
3.845659302680896417e+03 8.987263567136569264e+00 0.000000000000000000e+00 1.088886671186126698e+01 5.800437500615062163e+04 0.000000000000000000e+00
3.659050720791235108e+03 8.974642046642038906e+00 0.000000000000000000e+00 1.063488981997360661e+01 5.827677994900604244e+04 0.000000000000000000e+00
3.987497919938668929e+03 9.612871490770629634e+00 0.000000000000000000e+00 1.154256001615244287e+01 5.816002496262825298e+04 0.000000000000000000e+00
4.084044597176996376e+03 9.638778615357624702e+00 0.000000000000000000e+00 1.084117265840516886e+01 5.497742184155251744e+04 0.000000000000000000e+00
3.928183394167007918e+03 9.332193055220596278e+00 0.000000000000000000e+00 1.085032800904996542e+01 5.717210913804676238e+04 0.000000000000000000e+00
4.348397005606918356e+03 9.251994474141474356e+00 0.000000000000000000e+00 1.118541392517218469e+01 5.890666954738131608e+04 0.000000000000000000e+00
4.057265626048712875e+03 9.480051444433023278e+00 0.000000000000000000e+00 1.192590462269453866e+01 5.542680105654526415e+04 0.000000000000000000e+00
4.174090718645859852e+03 1.022514129569579211e+01 0.000000000000000000e+00 1.151060151495858008e+01 5.723761769984386046e+04 0.000000000000000000e+00
4.398031996462871575e+03 9.719122773992769027e+00 0.000000000000000000e+00 1.186217998443467181e+01 6.044840902210460627e+04 0.000000000000000000e+00
4.740156547766285257e+03 9.661981931175899874e+00 0.000000000000000000e+00 1.162528672780270256e+01 5.987960695134608250e+04 0.000000000000000000e+00
4.490926520704849281e+03 1.028793767361216993e+01 0.000000000000000000e+00 1.170917601488756610e+01 6.020258698027396167e+04 0.000000000000000000e+00
4.791048675636096959e+03 1.027738927328509178e+01 0.000000000000000000e+00 1.201146964352446211e+01 5.514592523796745809e+04 0.000000000000000000e+00
4.857063648865539108e+03 9.973479377234584220e+00 0.000000000000000000e+00 1.246207788359979496e+01 5.678215733344404725e+04 0.000000000000000000e+00
4.846445129045738213e+03 1.058647963193260999e+01 0.000000000000000000e+00 1.246662104031575247e+01 5.550220134953845991e+04 0.000000000000000000e+00
5.026308558692827319e+03 9.950015797349045954e+00 0.000000000000000000e+00 1.256897400944720644e+01 5.526319659771728038e+04 0.000000000000000000e+00
5.332623198464878442e+03 1.001556726263417296e+01 0.000000000000000000e+00 1.252919668405600007e+01 5.567177525757028343e+04 0.000000000000000000e+00
5.016622556328127757e+03 1.135001486709538554e+01 3.536320244751703257e+00 1.273163612098931274e+01 4.582263967588304467e+02 8.520026998553474584e+01
5.225755118952785779e+03 1.144477786091247751e+01 3.367693817200178685e+00 1.260455528972164707e+01 4.434025612882327323e+02 8.680859299822583353e+01
5.048173151588880501e+03 1.119328062219883968e+01 3.520240036331722333e+00 1.319738106981455061e+01 4.464221391175530584e+02 8.118031154541490935e+01
5.576728183768355848e+03 1.067676706454420810e+01 3.382223918966618559e+00 1.328995627406806435e+01 4.460978005867065690e+02 8.167953666911928678e+01
5.705516786716183560e+03 1.099227978325627753e+01 3.632598766033531490e+00 1.288360858129487596e+01 4.461388957238929152e+02 8.354511801061437382e+01
5.830775854463741780e+03 1.103417850363075381e+01 3.424774636894552415e+00 1.338027150567154422e+01 4.238573351540417207e+02 8.456764357718280678e+01
5.847445532951509449e+03 1.110096816050786472e+01 3.692793416474315471e+00 1.331716589973606979e+01 4.282048175307521660e+02 8.331593361410371301e+01
5.936228317486524247e+03 1.135239457736312652e+01 3.676996709833980859e+00 1.282764838954247111e+01 4.131145678998246353e+02 8.120896022284959770e+01
5.955447923710175928e+03 1.165488971525176787e+01 3.762465772369759431e+00 1.339123436831137148e+01 4.305389463297213410e+02 8.132273225076417589e+01
6.059529984725751092e+03 1.087652730587048033e+01 3.728299722300546293e+00 1.247064799719974104e+01 4.484584129035864635e+02 8.503493284943051833e+01
6.070611812257820020e+03 1.138240804045289423e+01 3.796401287955894599e+00 1.351589447427720714e+01 4.488031923067272828e+02 8.745180394001909008e+01
5.913415953365736641e+03 1.136025154921637892e+01 3.736115130382950067e+00 1.323193980033694750e+01 4.353168820104490351e+02 8.317469636589196114e+01
6.048355670666925107e+03 1.125938185093006538e+01 3.841279772990330521e+00 1.304832772007660147e+01 4.205793211982726802e+02 8.705785619204381476e+01
6.223007802681134308e+03 1.171616534387016628e+01 3.785525431808037577e+00 1.271242026113982071e+01 4.125754836033638639e+02 8.910523532070673980e+01
