-1.073339581119604702e+00 5.258059573980805368e+00 3.561015831464201309e+00 2.877876831824930370e+00 1.355616039030600405e+03 6.535504500588098153e+02
2.735985541312080471e+01 5.567822412687454481e+00 3.577991313781639260e+00 3.050933952878844391e+00 1.346885111243470874e+03 5.728120642046470721e+02
3.385331930203322059e+01 7.056497525562682505e+00 4.773324051129804957e+00 3.215375620796911083e+00 1.341306738283564528e+03 6.093759829199659634e+02
5.722893086923966877e+01 7.767550165076979596e+00 4.425858414022129317e+00 3.660131746645483908e+00 1.521619973468412809e+03 6.579995959441534978e+02
1.216728942955846549e+02 7.360478784139943720e+00 4.154043842779771012e+00 3.695415241290343822e+00 2.092611855109418570e+02 8.629866604046993928e+01
1.521029926985112297e+02 8.347301745617349056e+00 4.972978927686159345e+00 3.393376486210685439e+00 2.073580900183324900e+02 8.082262411813749736e+01
1.894019389790282730e+02 8.230282685712532853e+00 4.491425544274517456e+00 3.190286009744641049e+00 3.602540190226823711e+02 7.825601074364384147e+01
2.281646606961130317e+02 8.538070264844259682e+00 4.255212117372204617e+00 3.826617476926185812e+00 3.935932045354018101e+02 1.403804070256088323e+02
3.271734414080395368e+02 8.175365870396010592e+00 4.974603348017192950e+00 3.794762140954700769e+00 3.472530214845627938e+02 1.499799660570186006e+02
2.906372005606637003e+02 9.420442148638846547e+00 4.505965640697930041e+00 3.648713125283038483e+00 3.454130607546617853e+02 1.413636983816061274e+02
3.713782378788360461e+02 8.406490821031807670e+00 4.645996438564015563e+00 3.789007546654892256e+00 3.554056081872603272e+02 1.442415787883324469e+02
5.946607807357245292e+02 9.099353857801132150e+00 4.961425107082819252e+00 4.133449911449222469e+00 3.519823083919685587e+02 1.310233286163980040e+02
6.819862858981118734e+02 1.080001447621037514e+01 6.044452453267939340e+00 4.509637385126215037e+00 3.601361046696514450e+02 1.458962951227697999e+02
7.458519934404295100e+02 1.126673863220472072e+01 5.765367059492396251e+00 4.712961777150791676e+00 7.257703171981634114e+02 3.362156193011074379e+02
7.313039146613881485e+02 1.203110782114387867e+01 5.765816441159894445e+00 4.168356081927369949e+00 7.294477111385828039e+02 3.338948617130044454e+02
7.456241389147237442e+02 1.079143211637577160e+01 5.964112574708495096e+00 4.710347403216115225e+00 7.684786257964196921e+02 3.363151057258121455e+02
9.663535227230860301e+02 1.232685125943220861e+01 5.828048575712213797e+00 4.587949321937040636e+00 7.698922694767676376e+02 3.120417857508537622e+02
9.216128135429054282e+02 1.084665286707714849e+01 6.960104349524756984e+00 4.650952100748454221e+00 7.782604129837706068e+02 3.284934315023710383e+02
1.172469328689751819e+03 1.152182426892627021e+01 6.074739201044527803e+00 5.006076108799696556e+00 6.931434650083306224e+02 3.248031069912967723e+02
1.355591289545675181e+03 1.217516010794126657e+01 6.145214784354644522e+00 5.126288940471483535e+00 7.064677958210139650e+02 3.163029344445269544e+02
1.219589978442322035e+03 1.113172607921801038e+01 6.570035697532007113e+00 5.048186474413862257e+00 7.710943220745115241e+02 3.425735182236663832e+02
1.654322785835702462e+03 1.290476980200146784e+01 6.104737447656051863e+00 4.572913626178393365e+00 7.976780843628548610e+02 2.923987960684592622e+02
2.108158392562479548e+03 1.201076029943179968e+01 6.477302233050475699e+00 5.318156099482535204e+00 7.690018459575071574e+02 3.014551006062991974e+02
1.958637650498147877e+03 1.354613127813908058e+01 6.536980000743151997e+00 5.352726807845311185e+00 8.757040520771979573e+02 3.196502504330766783e+02
1.914276720599063765e+03 1.318946582492919894e+01 6.539378151864852384e+00 5.627158325145182438e+00 8.057835036829168303e+02 3.112274788851950120e+02
2.695082522416259053e+03 1.434690297090514655e+01 7.275413590727902502e+00 5.352961611368719730e+00 7.884219449414713381e+02 3.181313409414351554e+02
2.197761874889083174e+03 1.330819886794646045e+01 6.389621181184974574e+00 5.109699285432591331e+00 7.749152590165696211e+02 3.021642284272950860e+02
2.138814931612761029e+03 1.487774453124298901e+01 7.635098034802309641e+00 5.017745151568112405e+00 8.674128118660472637e+02 3.416844963402139115e+02
3.186062621453588690e+03 1.312520080876492123e+01 7.793648917097798723e+00 6.076102203159237547e+00 8.439630530062579510e+02 3.215027199350396927e+02
2.570723662791244351e+03 8.200299386534307899e+00 0.000000000000000000e+00 9.386190710310421181e+00 8.004006962835063632e+02 3.041968479799580223e+02
2.520319083541977761e+03 8.484152784222660060e+00 0.000000000000000000e+00 1.061059833043061573e+01 5.859342116890190664e+04 0.000000000000000000e+00
3.636704847722727663e+03 8.706807993072768426e+00 0.000000000000000000e+00 1.043431952148359443e+01 5.651292970398115722e+04 0.000000000000000000e+00
3.804609979728430972e+03 8.819487486476532467e+00 0.000000000000000000e+00 1.124809118055336121e+01 6.193735483555054816e+04 0.000000000000000000e+00
3.493439627435674083e+03 8.814549370110260185e+00 0.000000000000000000e+00 1.058956960875234010e+01 5.333199914434820676e+04 0.000000000000000000e+00
3.811791668172999380e+03 9.150204757944139899e+00 0.000000000000000000e+00 1.018052618776513896e+01 5.873501974757376593e+04 0.000000000000000000e+00
2.945656674834646310e+03 8.423200417909846749e+00 0.000000000000000000e+00 1.023551773703330703e+01 5.682302411861980363e+04 0.000000000000000000e+00
2.992701805147814412e+03 8.246885953379708312e+00 0.000000000000000000e+00 1.101509298653282265e+01 5.622230345591995865e+04 0.000000000000000000e+00
3.827059556451215485e+03 8.569528793555249990e+00 0.000000000000000000e+00 1.165547664877275480e+01 5.277215934608650423e+04 0.000000000000000000e+00
4.443711217931931969e+03 8.732400413731097544e+00 0.000000000000000000e+00 1.120716972762387620e+01 5.419426465263283899e+04 0.000000000000000000e+00
3.095239582378232626e+03 8.544853846706724099e+00 0.000000000000000000e+00 1.039410498967569474e+01 5.234864761975401052e+04 0.000000000000000000e+00
3.577474259163941952e+03 8.961432295253496605e+00 0.000000000000000000e+00 1.170878354207373739e+01 5.453703179343507509e+04 0.000000000000000000e+00
3.485577043970696650e+03 9.125467633906563236e+00 0.000000000000000000e+00 1.148030014297922818e+01 5.709841352625931177e+04 0.000000000000000000e+00
4.502344494088441024e+03 9.473616328433722700e+00 0.000000000000000000e+00 1.117548601474163839e+01 5.743211229909577378e+04 0.000000000000000000e+00
3.719976647396467342e+03 9.078004986888549510e+00 0.000000000000000000e+00 1.149895303368344202e+01 6.266824307663013315e+04 0.000000000000000000e+00
3.892160657178224483e+03 9.479800361441453660e+00 0.000000000000000000e+00 1.137949897082342510e+01 5.967408209452409938e+04 0.000000000000000000e+00
3.737463516925812200e+03 1.078876272928908442e+01 0.000000000000000000e+00 1.160912080990036799e+01 5.842638924284413952e+04 0.000000000000000000e+00
4.561685729662098311e+03 1.072031815085860451e+01 0.000000000000000000e+00 1.109208442846965603e+01 6.084853700102622679e+04 0.000000000000000000e+00
4.011860726963346679e+03 9.577057103578820119e+00 0.000000000000000000e+00 1.248832754450008586e+01 6.272941938947860763e+04 0.000000000000000000e+00
4.037529977626059463e+03 9.360971863574599539e+00 0.000000000000000000e+00 1.264507160190032664e+01 6.080836440098239837e+04 0.000000000000000000e+00
5.702885678840926630e+03 9.968780548749389681e+00 0.000000000000000000e+00 1.110059044153998364e+01 6.185496663234251173e+04 0.000000000000000000e+00
5.844792277891889171e+03 1.117188792640585504e+01 0.000000000000000000e+00 1.130789892578512479e+01 5.546177983549813507e+04 0.000000000000000000e+00
5.043940768417592153e+03 1.017225064465568352e+01 0.000000000000000000e+00 1.245644154141631788e+01 5.296825517133629910e+04 0.000000000000000000e+00
4.832249482445430658e+03 1.098284832641869713e+01 0.000000000000000000e+00 1.297394194397788958e+01 6.164554952439262706e+04 0.000000000000000000e+00
4.207598514554007124e+03 1.043205730831923184e+01 3.299201104533903806e+00 1.215030200154150819e+01 4.625888449778109361e+02 8.470516307630022368e+01
4.512652831715541652e+03 1.036707781752078184e+01 3.321527475952492647e+00 1.337791654834016875e+01 4.488325001481246659e+02 9.110317638290705133e+01
6.296205750988192449e+03 1.180559596023659807e+01 3.344294284150090224e+00 1.281681937290418460e+01 4.076102114313118818e+02 9.332609985793786223e+01
6.183970601214391536e+03 1.025111774129582187e+01 3.205686396293625950e+00 1.206307451007297082e+01 4.727008624601334077e+02 8.109038417492406836e+01
4.377229368639979839e+03 1.202817297284308928e+01 3.414625031984424020e+00 1.186253792953441710e+01 4.121682420916447995e+02 8.991221557850779789e+01
6.378477326194505622e+03 1.128502054738023297e+01 3.951024171808615648e+00 1.166938892071653022e+01 4.310710129456796267e+02 8.542217427983571554e+01
5.709013473757267093e+03 1.074512781927393235e+01 3.865716464047761480e+00 1.197343282899475803e+01 4.647570110897789277e+02 7.858963704446895804e+01
4.763412050746740533e+03 1.140864221734321227e+01 3.531489938687089492e+00 1.405697786145820594e+01 4.483077839993070484e+02 8.540065979346317704e+01
6.358814560346227154e+03 1.053807079561388882e+01 3.413261559436310488e+00 1.407992553606315767e+01 4.507384978240910414e+02 8.520777980179205713e+01
4.968749227043359497e+03 1.020373067843029524e+01 3.817046502590039747e+00 1.274873864034928772e+01 3.949874632820826150e+02 7.779501982244680391e+01
6.324796703173619790e+03 1.163591767655689502e+01 3.910669813503458769e+00 1.193712977638312900e+01 4.005108816790977357e+02 9.314554552414442412e+01
6.912814317374904931e+03 1.140352940865752451e+01 4.005785826038304798e+00 1.388095634809007883e+01 4.289125807008028346e+02 9.233497407484537689e+01
7.126040438994397846e+03 1.140337779731778234e+01 3.370301203578466520e+00 1.371086953123478835e+01 4.318244794796769384e+02 8.411474861831089811e+01
7.124058328076041107e+03 1.173744414209800979e+01 3.562882590284863760e+00 1.296438818254675596e+01 4.125563385988676259e+02 8.039234314443828566e+01
