-1.213799499633443357e-01 6.081807863227395750e+00 3.511619751230618647e+00 2.818325369616722753e+00 1.383803945688194972e+03 5.863437864906426285e+02
3.308826849538793624e+01 6.042577296029757683e+00 3.377749018293543681e+00 2.857899109021312167e+00 1.400426858603957044e+03 5.724092975987325644e+02
3.248987625418162395e+01 8.133143535343608121e+00 4.170574081001771738e+00 3.325372442930488059e+00 1.460210776414018937e+03 5.905652829040302549e+02
4.907010943302557848e+01 8.168053827217695684e+00 4.483618318422756488e+00 3.368111411885009954e+00 1.444079692371685042e+03 6.293293482890860560e+02
9.839670103924972011e+01 8.065260655135586987e+00 4.521324459755692082e+00 3.269159715973517510e+00 2.060947509484005309e+02 8.078125362508517071e+01
1.503791794276336873e+02 7.993959423117091845e+00 4.374335538247158262e+00 3.289968137252618607e+00 1.969469820059787537e+02 7.885267219466756217e+01
2.011919777615547389e+02 8.479292902471353699e+00 4.791530402857690163e+00 3.621468986607012219e+00 3.774823212656631881e+02 8.124663771028103554e+01
2.524734866932470538e+02 8.655328220967236419e+00 4.716035183569623257e+00 3.574934159748552887e+00 3.562411194820605829e+02 1.383839642520423752e+02
3.010835564501124963e+02 8.990472141809242146e+00 4.651155948824447606e+00 3.408438282579451251e+00 3.593078291293780353e+02 1.398546287872634650e+02
3.405429307431993493e+02 9.086073215736201192e+00 4.877236736780445447e+00 3.434358887486862688e+00 3.610334494107479486e+02 1.426259366072010266e+02
3.992095676521020096e+02 9.372094738964419136e+00 5.171365949306701459e+00 3.642388894519348774e+00 3.566617678433815399e+02 1.398489615452728287e+02
5.115886895555156002e+02 9.571446843755824219e+00 5.381175507940633373e+00 4.017221732653044164e+00 3.718930082885773913e+02 1.477046742011596052e+02
6.237140871914011768e+02 9.740480226495183302e+00 5.636948901952435698e+00 4.113994372528014587e+00 3.633064795426786873e+02 1.429945628999469989e+02
6.440114607902587522e+02 1.065348301911180506e+01 6.269919420457072512e+00 4.349146132093316908e+00 7.228128964566622017e+02 3.232370596479859159e+02
7.952749929565686671e+02 1.130149885938971366e+01 6.094554228567562681e+00 4.497234125597412202e+00 7.691387807895074502e+02 3.090235866729288432e+02
8.767313428624970584e+02 1.074377025302693589e+01 6.017265351430347131e+00 4.654921417988800769e+00 7.178687036380990776e+02 3.193537940726911870e+02
9.927317352682791807e+02 1.150087242897299511e+01 6.216069637251074198e+00 4.722709312350901634e+00 7.724731639431624899e+02 3.274991397724818398e+02
1.057297006276738784e+03 1.194476972776980084e+01 6.414399965227707057e+00 4.859681652909199734e+00 7.725681620130915235e+02 3.205827502702773586e+02
1.176972502987570806e+03 1.196706368967785394e+01 6.591302249184483486e+00 4.560078129682972659e+00 7.513347114059013165e+02 3.067567328941756841e+02
1.288802152001250761e+03 1.165951699497780147e+01 6.693136791744364267e+00 4.964889695916192558e+00 7.695011317358189444e+02 3.077981619816015382e+02
1.337602718033862175e+03 1.149757021476940544e+01 6.508674720890120113e+00 4.731648331298774046e+00 7.556465555656566266e+02 2.995784081599437627e+02
1.635865993760218771e+03 1.225227268682184878e+01 6.569764520690509535e+00 4.837600776720536011e+00 7.229514797689721490e+02 3.213612198940234634e+02
1.889897971813858931e+03 1.235042221227952375e+01 7.088609656088663336e+00 4.971220985723945773e+00 8.365547182666881554e+02 3.223247229868168802e+02
2.079247988427952350e+03 1.267583802751938293e+01 6.807854791141580542e+00 5.286016204627971504e+00 8.201591011321013411e+02 3.089663719053357909e+02
2.290384068119676613e+03 1.258003224659471897e+01 6.769699137796012067e+00 5.545364567749541784e+00 7.861500357415490043e+02 3.136250670176019639e+02
2.188712026212484034e+03 1.341979260498868953e+01 7.124499471555913566e+00 5.522250840635510194e+00 8.360654141009342766e+02 3.074092010574865412e+02
2.579198705471525045e+03 1.278852916183281252e+01 6.732574280159648872e+00 5.397775542797139892e+00 8.085966087592698841e+02 3.150689520823047474e+02
2.685153116758760916e+03 1.346477636988421445e+01 7.102408547647484305e+00 5.328683990888642086e+00 8.315372171686340153e+02 3.043267698135722981e+02
2.856586782809197302e+03 1.302615425902647850e+01 7.287011294488354274e+00 5.786587428245178799e+00 7.918894073846403217e+02 3.184966634111673898e+02
2.918412730414818725e+03 8.337569825220928266e+00 0.000000000000000000e+00 9.450988114312393051e+00 8.123120976444513417e+02 3.064829542722265501e+02
2.983620053934628231e+03 8.060305190326738867e+00 0.000000000000000000e+00 9.861662045138199773e+00 5.661942569793071743e+04 0.000000000000000000e+00
3.013668913782393247e+03 7.982926287141800969e+00 0.000000000000000000e+00 9.777056100062596400e+00 5.836453369220764580e+04 0.000000000000000000e+00
3.094900221292210972e+03 8.533839179920907014e+00 0.000000000000000000e+00 1.035123772133894526e+01 5.921618911102342827e+04 0.000000000000000000e+00
3.408547840754652043e+03 8.553048630570943445e+00 0.000000000000000000e+00 1.059426801271753327e+01 5.835913368707781046e+04 0.000000000000000000e+00
3.444749700235884120e+03 8.654675757711983053e+00 0.000000000000000000e+00 1.057470317559177531e+01 5.496634971501764085e+04 0.000000000000000000e+00
3.345570914432915743e+03 8.811471164521330834e+00 0.000000000000000000e+00 1.046499502374563306e+01 5.786914370587982557e+04 0.000000000000000000e+00
3.581678756797252390e+03 9.020365873604557549e+00 0.000000000000000000e+00 1.107182662454721367e+01 5.840616837635082629e+04 0.000000000000000000e+00
3.708338416478947693e+03 8.746761119896346415e+00 0.000000000000000000e+00 1.072070954019588562e+01 5.771027776297344826e+04 0.000000000000000000e+00
3.595873987510516145e+03 9.298414831192451047e+00 0.000000000000000000e+00 1.157909491482557662e+01 5.555873368160355312e+04 0.000000000000000000e+00
3.684900005472862631e+03 9.617982773732784096e+00 0.000000000000000000e+00 1.151950687624338343e+01 5.885243512557751819e+04 0.000000000000000000e+00
3.894795450565055944e+03 9.291141728366897112e+00 0.000000000000000000e+00 1.148626158421425991e+01 5.841377597378033533e+04 0.000000000000000000e+00
4.174866945149290586e+03 9.672227474936272884e+00 0.000000000000000000e+00 1.168021998831294184e+01 5.843720528905935498e+04 0.000000000000000000e+00
3.964901306417741125e+03 9.639531302745346864e+00 0.000000000000000000e+00 1.137304632495894552e+01 5.634574172425935103e+04 0.000000000000000000e+00
4.300690798067498690e+03 9.430801810369237259e+00 0.000000000000000000e+00 1.109889593118657380e+01 5.907887785993952275e+04 0.000000000000000000e+00
4.414259223986227880e+03 9.370696053313192664e+00 0.000000000000000000e+00 1.207226007848787397e+01 5.565190031594194443e+04 0.000000000000000000e+00
4.583275136762810689e+03 9.430621132519746652e+00 0.000000000000000000e+00 1.208590881322494148e+01 5.869909914004229358e+04 0.000000000000000000e+00
4.510618713050024780e+03 1.048227421199632658e+01 0.000000000000000000e+00 1.223893263284601751e+01 6.032513977742977295e+04 0.000000000000000000e+00
4.632381117204038674e+03 1.021167951860331691e+01 0.000000000000000000e+00 1.176294149600122374e+01 5.545995535292811837e+04 0.000000000000000000e+00
4.823300875543816801e+03 1.053307292363935233e+01 0.000000000000000000e+00 1.227778598087721917e+01 5.629644429174593824e+04 0.000000000000000000e+00
4.864260178440501477e+03 9.778588310316340682e+00 0.000000000000000000e+00 1.238514550752853616e+01 6.013167582319561188e+04 0.000000000000000000e+00
5.097611601217854513e+03 9.997091810205297691e+00 0.000000000000000000e+00 1.193136010065565067e+01 5.671900637740421371e+04 0.000000000000000000e+00
5.064030121614822747e+03 1.049999351036426809e+01 0.000000000000000000e+00 1.182488242456505212e+01 6.023244033506320557e+04 0.000000000000000000e+00
5.168039673286170000e+03 9.904595785969341648e+00 0.000000000000000000e+00 1.187740994099066327e+01 5.649281600721969153e+04 0.000000000000000000e+00
5.205991944793076982e+03 1.068434607728181618e+01 3.651720021052874632e+00 1.213592579324695286e+01 4.264555843618391577e+02 8.433730613840263857e+01
5.252313440479953897e+03 1.143652635884621382e+01 3.670187521225668270e+00 1.217453758798217578e+01 4.423300131606383729e+02 8.320860604083424050e+01
5.194595739716815842e+03 1.140195672501072544e+01 3.602420923545563092e+00 1.305365326796846404e+01 4.352057828244249436e+02 8.794134488398054827e+01
5.226044726713645105e+03 1.070089848902641094e+01 3.710081136670682955e+00 1.237201756639360539e+01 4.310286020250931642e+02 8.472961508870210423e+01
5.240806933268113426e+03 1.095227253282564917e+01 3.510151548344297101e+00 1.310038039128382081e+01 4.386957056465970481e+02 8.842409175572369406e+01
5.315227765399250529e+03 1.126190498636472270e+01 3.640052605180679635e+00 1.250296473732312030e+01 4.429158859158180235e+02 8.210341088379377084e+01
5.803508473566552311e+03 1.094809517408558719e+01 3.736383649382545524e+00 1.330303176431633894e+01 4.455904889014847186e+02 8.786141810793559159e+01
5.861090446813542258e+03 1.125133584351505078e+01 3.744523485953195951e+00 1.267631841106483037e+01 4.188919089196329537e+02 8.503943144412460242e+01
5.792206536854625483e+03 1.123709935111085478e+01 3.477243702993750851e+00 1.292884389795192668e+01 4.128388974735700572e+02 8.485619984037333552e+01
6.128836155655922084e+03 1.135802360499014974e+01 3.706557871792874437e+00 1.250941204339533996e+01 4.308699088528813945e+02 8.075493313354319014e+01
6.082047236935592991e+03 1.116552958065296508e+01 3.722991248840443301e+00 1.245720235546103360e+01 4.350741545767384650e+02 8.085122157655294473e+01
5.994436608995366441e+03 1.176327224341418010e+01 3.564140669828504304e+00 1.341718058899628296e+01 4.377426775344409293e+02 8.532659735561183822e+01
6.238231455701044979e+03 1.166095029189114562e+01 3.635156102139287970e+00 1.358632069912965967e+01 4.362071350032294390e+02 8.710722967260751659e+01
6.257188802529261920e+03 1.070486987290129655e+01 3.581819724372000024e+00 1.279547988482086396e+01 4.443883313246462876e+02 8.201996571153037507e+01
