4.972606956311598214e-01 5.593317648541631826e+00 3.457066730574366975e+00 2.939442582248372293e+00 1.391894984012598115e+03 6.220763870224061520e+02
3.196958825392101033e+01 5.730476014197991574e+00 3.388845070671871795e+00 2.851994496410940716e+00 1.428573962985208709e+03 5.804531360874428856e+02
3.494469484422945271e+01 8.010627953361405318e+00 4.188904919786263115e+00 3.198596775664615866e+00 1.386578991309312187e+03 6.150739526682252745e+02
4.838441581190564733e+01 7.599716488909598944e+00 4.426597155444576437e+00 3.228642404757348316e+00 1.376748668944202336e+03 5.751890443885645254e+02
1.004995708620425177e+02 7.757075864410363231e+00 4.240101155657675314e+00 3.268667894284731812e+00 2.060601392336687638e+02 8.394024899920125904e+01
1.495936865832605349e+02 8.507795632742693570e+00 4.410375140396195270e+00 3.416547832652834682e+00 2.019664438264068167e+02 8.159568135724751414e+01
2.045235844120536512e+02 8.250592065644436701e+00 4.819488869848659540e+00 3.438861666908009873e+00 3.508929440493741367e+02 7.602118145581700048e+01
2.491439724688516719e+02 8.794962743122599846e+00 4.616439235221394100e+00 3.350253066138279223e+00 3.544829395481031611e+02 1.469316590646498639e+02
2.883713700379145166e+02 8.799401033463420063e+00 4.784972159368882316e+00 3.468714902923326182e+00 3.475901875995948558e+02 1.431845606116032457e+02
3.628465908455833642e+02 9.111987022058116281e+00 4.998855370344017501e+00 3.739030591624003641e+00 3.568861240230501721e+02 1.382455904114171688e+02
3.981854304499873365e+02 8.673610052001546222e+00 4.721521635045116128e+00 3.515094539978177668e+00 3.731103130547962792e+02 1.421166948051477448e+02
4.752511911525521668e+02 9.944356121629976286e+00 5.202369386256465944e+00 3.858940645449842499e+00 3.675641514480221872e+02 1.468538322999428658e+02
5.768904432966743343e+02 1.073109691534966892e+01 5.881021467957749493e+00 4.001300230016294535e+00 3.777720808633266643e+02 1.470109699692010850e+02
6.864458785252822963e+02 1.073484953676064890e+01 5.874378218381238526e+00 4.392619622356426667e+00 7.164014449681145607e+02 3.145382686964957202e+02
7.665232104244239508e+02 1.110384057335993013e+01 5.928114381405003463e+00 4.625160293002361200e+00 7.088543076876929945e+02 3.002394369089945485e+02
9.053667704339152351e+02 1.094212391053674871e+01 6.473572017648364429e+00 4.569990428163437812e+00 7.591490209557512117e+02 3.135681196345828994e+02
1.016507828054113475e+03 1.179998961147741454e+01 6.231196913169403828e+00 4.700041611748298820e+00 7.377227598972624492e+02 3.214945453401967370e+02
1.132151982688608314e+03 1.203223193364662968e+01 6.371568798073743878e+00 4.679209933142015387e+00 7.035685677287492581e+02 3.167943712113046786e+02
1.141833490979874114e+03 1.208744042552250519e+01 6.397922502638282438e+00 4.627537293905714222e+00 7.620272090061915833e+02 3.089156103945514928e+02
1.362396157378284670e+03 1.242823756019430981e+01 6.788344703965655036e+00 4.655562183635456819e+00 7.636436167811851874e+02 3.064838187170599895e+02
1.456836423535460199e+03 1.160391039024271720e+01 6.939156702583201053e+00 4.897585505270850348e+00 7.465814185006413481e+02 2.978738577834081980e+02
1.653796451048391646e+03 1.186132023624371001e+01 6.559650702674103329e+00 4.796229137405725318e+00 7.641325294112709798e+02 3.143031068531296910e+02
1.792306974134376333e+03 1.278514672942199226e+01 6.521384579573487272e+00 5.107105119403985150e+00 8.069666298739655304e+02 3.090561470016376688e+02
2.023550142135080478e+03 1.268360194872374969e+01 7.067986081169533641e+00 5.314990740165257854e+00 7.685801751737295717e+02 3.205526366204256874e+02
2.127171695451018422e+03 1.247554390434774518e+01 6.745389828963417322e+00 5.235953980786838713e+00 8.358385803354810832e+02 3.169481420044608626e+02
2.268628154035614898e+03 1.321710020422485599e+01 7.401869721823749693e+00 5.550663152211146034e+00 8.171118280460026426e+02 3.235182585756233493e+02
2.623151270761538399e+03 1.261597507037433985e+01 6.925308895778007567e+00 5.471921319279748452e+00 7.951404086296461173e+02 3.052461023870022245e+02
2.563067215348177797e+03 1.300560120492068528e+01 7.218658885681722204e+00 5.406469984404524531e+00 8.288715534777219318e+02 3.201074666931836532e+02
2.906798611968933983e+03 1.344094843536464801e+01 7.247964254564578823e+00 5.691272014788030909e+00 7.965363872653940689e+02 2.985069539108778827e+02
3.027132579430239730e+03 7.884829721038041583e+00 0.000000000000000000e+00 9.846190202082826914e+00 8.248713374057845158e+02 3.132239761943807821e+02
2.861283313537777303e+03 8.291405580175126744e+00 0.000000000000000000e+00 1.031698227436177717e+01 5.677648603024495242e+04 0.000000000000000000e+00
3.049945613790524021e+03 8.194017587620509246e+00 0.000000000000000000e+00 1.041881322648409025e+01 6.051527110385197011e+04 0.000000000000000000e+00
3.270463197538386794e+03 8.218957596650398045e+00 0.000000000000000000e+00 1.002629349240456413e+01 6.027125649387329031e+04 0.000000000000000000e+00
3.358816852946625204e+03 8.897956593064387576e+00 0.000000000000000000e+00 1.054864719781886073e+01 5.825146905428405444e+04 0.000000000000000000e+00
3.353267972718533201e+03 8.646584824042692574e+00 0.000000000000000000e+00 1.066350565704642506e+01 5.514002255380692077e+04 0.000000000000000000e+00
3.411087592060187944e+03 8.588488156680629260e+00 0.000000000000000000e+00 1.103628676669546849e+01 6.054579489508450206e+04 0.000000000000000000e+00
3.408758148151417117e+03 9.350469850473729139e+00 0.000000000000000000e+00 1.111642263268615771e+01 5.709716450997725769e+04 0.000000000000000000e+00
3.816578052531635421e+03 8.857447935995976351e+00 0.000000000000000000e+00 1.149903206088843888e+01 6.023778362025172100e+04 0.000000000000000000e+00
3.624129925078284487e+03 9.068921653359536705e+00 0.000000000000000000e+00 1.078338358795875251e+01 5.552459044238097704e+04 0.000000000000000000e+00
4.022747674837343766e+03 9.244856928773655724e+00 0.000000000000000000e+00 1.139468890917073551e+01 5.742144820897538011e+04 0.000000000000000000e+00
3.853469254219329287e+03 9.578271235274685935e+00 0.000000000000000000e+00 1.185763399195120726e+01 5.503713976278444898e+04 0.000000000000000000e+00
4.221835731459669660e+03 9.472003649922360324e+00 0.000000000000000000e+00 1.093482019906774383e+01 6.055917711375761428e+04 0.000000000000000000e+00
4.235690045372301938e+03 9.605785988887459936e+00 0.000000000000000000e+00 1.183383034472333506e+01 5.567036340109392040e+04 0.000000000000000000e+00
4.268934217501108833e+03 9.918800236173355600e+00 0.000000000000000000e+00 1.197945609860012084e+01 5.860475802441664564e+04 0.000000000000000000e+00
4.351840441185645432e+03 9.651712052165061451e+00 0.000000000000000000e+00 1.111678909807117677e+01 6.051829477457602479e+04 0.000000000000000000e+00
4.418507461858896022e+03 1.035623756813832230e+01 0.000000000000000000e+00 1.194091242999267521e+01 5.595257081988651044e+04 0.000000000000000000e+00
4.372632669393872675e+03 1.048516883760342466e+01 0.000000000000000000e+00 1.167595219542892515e+01 5.999169035385963070e+04 0.000000000000000000e+00
4.713328905968357503e+03 1.023992052860780433e+01 0.000000000000000000e+00 1.156656713054192664e+01 5.973144605509666144e+04 0.000000000000000000e+00
4.926116532335438023e+03 1.056379060012265292e+01 0.000000000000000000e+00 1.239408598584590315e+01 5.693209973093840381e+04 0.000000000000000000e+00
4.699163761966411585e+03 1.046678022908038130e+01 0.000000000000000000e+00 1.184136366222389825e+01 5.876163113868259825e+04 0.000000000000000000e+00
5.004557299486499687e+03 1.073586562498183206e+01 0.000000000000000000e+00 1.174305140574062456e+01 5.803548429195469362e+04 0.000000000000000000e+00
5.138307816586067020e+03 1.078528173507699250e+01 0.000000000000000000e+00 1.177852651498831982e+01 6.010044180853293074e+04 0.000000000000000000e+00
5.300712711516143827e+03 1.042502402604469225e+01 0.000000000000000000e+00 1.216663518949695266e+01 5.541319621370794630e+04 0.000000000000000000e+00
5.061328564472149992e+03 1.082790010170757888e+01 3.570221357972602760e+00 1.248756581101398844e+01 4.440006747819925863e+02 8.362771733811482022e+01
4.962687550564858611e+03 1.151054485292867824e+01 3.665705556961222022e+00 1.333111887568505516e+01 4.555539626701179259e+02 8.746428334023450191e+01
5.524412962403544952e+03 1.086732512969431674e+01 3.643402780474458424e+00 1.314312297851647848e+01 4.591817952574475044e+02 8.155511000445628156e+01
5.429118340350238213e+03 1.139868051437437124e+01 3.669973980365097699e+00 1.259242076310075298e+01 4.447365480067578574e+02 8.841802691653813895e+01
5.383438847839176560e+03 1.090289315991337027e+01 3.559683315830164396e+00 1.343440518883427970e+01 4.265896751763391421e+02 8.501201888020850106e+01
5.595513034216628512e+03 1.171710706796877588e+01 3.761541520724899001e+00 1.278796387404857704e+01 4.506681447251921213e+02 8.401340921103106041e+01
5.601507459901573384e+03 1.109206112207236394e+01 3.582946929456391150e+00 1.327252980429743445e+01 4.550933500301667891e+02 8.130203273247390428e+01
5.727362771656991754e+03 1.140084177882770611e+01 3.605651557815841457e+00 1.326420021568625174e+01 4.152718645506000144e+02 8.390757452306444009e+01
5.870546464220162306e+03 1.100102767595764242e+01 3.627044961306840953e+00 1.271972051768246281e+01 4.425517407175127005e+02 8.878481349757174712e+01
5.919032313326395524e+03 1.118317180117448473e+01 3.703476385887064737e+00 1.357531915957413560e+01 4.327846363539754861e+02 8.325804120924938445e+01
6.054187500079031452e+03 1.169418300769487828e+01 3.711657944056542480e+00 1.310909006368919627e+01 4.354591385646805861e+02 8.744988137217391966e+01
6.076274782059531390e+03 1.140792700463342513e+01 3.636292242547976006e+00 1.360603733995678510e+01 4.172620172280380189e+02 8.331683107742091465e+01
6.075218177351518534e+03 1.104225024876240902e+01 3.833141084943064048e+00 1.263370317587594549e+01 4.107834048078372007e+02 8.539554645495840646e+01
6.363904539501461841e+03 1.091814051841717514e+01 3.536986209810554005e+00 1.268645584427555306e+01 4.446641945538677874e+02 8.699912875868477613e+01
