-4.717284183519838692e-01 5.671711886547508463e+00 3.361156036882129605e+00 2.800788149838127072e+00 1.387491157664042930e+03 5.946331318989387000e+02
3.133738689898919461e+01 5.658919973363755851e+00 3.468203553833150821e+00 2.861514991675345065e+00 1.334415791600458533e+03 5.752950772530883796e+02
3.261097942518615156e+01 8.033970642751917524e+00 4.405798292792716175e+00 3.357782313618359549e+00 1.373790392226090034e+03 6.297306444439490178e+02
5.235629062542762568e+01 7.461964281200700988e+00 4.451912554584459336e+00 3.382306456060822697e+00 1.399998265902777575e+03 5.824533787808406942e+02
9.749619783580943988e+01 8.347135229356963393e+00 4.390716828373289360e+00 3.222470374509422975e+00 2.032089960547631335e+02 8.076284967664442149e+01
1.549164576500278656e+02 7.927082837732125853e+00 4.565757703323934713e+00 3.394631227502282744e+00 2.008649842863974300e+02 7.911278200085742185e+01
2.028961178028299059e+02 7.998253752775766223e+00 4.664031222847023983e+00 3.623433444773345169e+00 3.522676892361637329e+02 7.768702085086340503e+01
2.378225200319598116e+02 8.520370093007601398e+00 4.910944693006544348e+00 3.544637657012065901e+00 3.443640684474006548e+02 1.453901757277650972e+02
2.942357645250779683e+02 8.321045102793094728e+00 4.699734618632394501e+00 3.566592349006485474e+00 3.479111360972028706e+02 1.377940717583462060e+02
3.474259987426227099e+02 8.671636184510559175e+00 4.823154133281319922e+00 3.668890494473604491e+00 3.608267253842517448e+02 1.452107019016020502e+02
4.241463293704387638e+02 9.263541693046263958e+00 4.828083260929418863e+00 3.590867204758405151e+00 3.622584800827384583e+02 1.422586798835181412e+02
4.781013441744697730e+02 9.672460559907015920e+00 5.294200012586359527e+00 3.877287587171704963e+00 3.599417015807781013e+02 1.379558476491147303e+02
6.035519004182355047e+02 1.028371310957212259e+01 5.604543410310755647e+00 3.997573565521959083e+00 3.453827654342265419e+02 1.486339968672908469e+02
6.583952377606418622e+02 1.063410478237654644e+01 6.199536387755142819e+00 4.467242081672506693e+00 7.327567688393879735e+02 3.157942929793771896e+02
7.665600413891844482e+02 1.114056163364843499e+01 5.856476395354528464e+00 4.239251357048555491e+00 7.272615600713714912e+02 2.966236128744584448e+02
9.406170587885886789e+02 1.174888988040872206e+01 6.241359776438033080e+00 4.623553997923923298e+00 7.055479559865002557e+02 3.071650696772781544e+02
1.048246228173301688e+03 1.155280051292913512e+01 6.232301107672084228e+00 4.475879676044941746e+00 7.192614459270747602e+02 3.020609414001188497e+02
1.075933565066392475e+03 1.177030975049169115e+01 6.561688898144089954e+00 4.936958664273220165e+00 7.628937772845819154e+02 3.022496064947541186e+02
1.232831085775421116e+03 1.128886949411339913e+01 6.308077200445868726e+00 4.776432245793667875e+00 7.054952769807053983e+02 3.046868699097250328e+02
1.336976055550193450e+03 1.199114667434122161e+01 6.712199638292733361e+00 4.969935538931151697e+00 7.291850709411370417e+02 3.094567341801912335e+02
1.368651167772132339e+03 1.249509770812597509e+01 6.555209282154799588e+00 4.687836433017471549e+00 7.352693350049203218e+02 3.225109864924613134e+02
1.523740079993268864e+03 1.226175000707456242e+01 6.865582550594809597e+00 4.977817231772377227e+00 7.189129250572590308e+02 3.154214364409342011e+02
1.779735435448342059e+03 1.230590770123613531e+01 6.517474236370326857e+00 4.955411302302597853e+00 7.911755391963856709e+02 3.083664906056088739e+02
2.083323859272284608e+03 1.260298790290612381e+01 7.257252297261697294e+00 5.080335870689106414e+00 8.332637362060161195e+02 3.080330095144941538e+02
2.247897930889187137e+03 1.365384222278450821e+01 6.835336588493652776e+00 5.324413508327521249e+00 7.650616514612872834e+02 3.266781353662308334e+02
2.236905834372004392e+03 1.339240996280241092e+01 6.938152546158646850e+00 5.277196514449740583e+00 8.072491204723135070e+02 3.221789940523624409e+02
2.593918580835832472e+03 1.355431880180655035e+01 6.811399877137972680e+00 5.357717595449569714e+00 8.312964866159329631e+02 3.239193389706058497e+02
2.704236093338442515e+03 1.311003109440336090e+01 7.294615581975956609e+00 5.661617006488114612e+00 8.120542380266039117e+02 3.223449392539218366e+02
2.852249277178533703e+03 1.417951709176337971e+01 7.312961329181092651e+00 5.778139489151522312e+00 8.181889281797799640e+02 3.093393672149607028e+02
2.913213420695177319e+03 8.428249129388142080e+00 0.000000000000000000e+00 9.988784623963406162e+00 7.737613328149991503e+02 3.102656477667115951e+02
2.907016428498826372e+03 7.827407018707856601e+00 0.000000000000000000e+00 1.044181378191654197e+01 6.067985478205839900e+04 0.000000000000000000e+00
2.948530834361816687e+03 8.742530570869707418e+00 0.000000000000000000e+00 1.015081413166493896e+01 5.976147387040183821e+04 0.000000000000000000e+00
3.323171837347089422e+03 8.665410785841908492e+00 0.000000000000000000e+00 1.040979155561173286e+01 5.803382043541073654e+04 0.000000000000000000e+00
3.356569246366726475e+03 8.472246737644631764e+00 0.000000000000000000e+00 1.036242448964493157e+01 5.869671182377989317e+04 0.000000000000000000e+00
3.233999787480123814e+03 9.071789107541670560e+00 0.000000000000000000e+00 1.103958019346604225e+01 6.066277733550005360e+04 0.000000000000000000e+00
3.353573911698535085e+03 8.988868263145739945e+00 0.000000000000000000e+00 1.091846713713375294e+01 5.496852929712270270e+04 0.000000000000000000e+00
3.553581276618454012e+03 8.865260020207276881e+00 0.000000000000000000e+00 1.057986912517857192e+01 6.066671365775779850e+04 0.000000000000000000e+00
3.640126578038673415e+03 9.525260124904542991e+00 0.000000000000000000e+00 1.097292749249879407e+01 5.734467052631620027e+04 0.000000000000000000e+00
3.880953783738264519e+03 9.209558858253263480e+00 0.000000000000000000e+00 1.059599698753862818e+01 6.017435428607949143e+04 0.000000000000000000e+00
3.805878338280173921e+03 9.755467020572895720e+00 0.000000000000000000e+00 1.162773324446506962e+01 5.525125795258687867e+04 0.000000000000000000e+00
3.927957268022402786e+03 9.919950192430951219e+00 0.000000000000000000e+00 1.079912088317228935e+01 5.918284043762731017e+04 0.000000000000000000e+00
4.126865127369166657e+03 9.625000112817811981e+00 0.000000000000000000e+00 1.195829228314670623e+01 5.506962037852114008e+04 0.000000000000000000e+00
4.159436434082006599e+03 9.383082485034293541e+00 0.000000000000000000e+00 1.093288613428266842e+01 5.954363887373468606e+04 0.000000000000000000e+00
4.413816205197964337e+03 9.390551252219703215e+00 0.000000000000000000e+00 1.127934999838434926e+01 5.631334537585478392e+04 0.000000000000000000e+00
4.174060284853827397e+03 1.025780843596740688e+01 0.000000000000000000e+00 1.152013557176414515e+01 6.064628696754424163e+04 0.000000000000000000e+00
4.483515716372156930e+03 1.031328610958315473e+01 0.000000000000000000e+00 1.229627661933733052e+01 5.687612630149810866e+04 0.000000000000000000e+00
4.380350333388681975e+03 9.754300777061610361e+00 0.000000000000000000e+00 1.156526222229706846e+01 5.649575081942546967e+04 0.000000000000000000e+00
4.560292337842042798e+03 1.044699214021893319e+01 0.000000000000000000e+00 1.233304674545316715e+01 5.660482664028584259e+04 0.000000000000000000e+00
4.670753686155683681e+03 1.029307093782703930e+01 0.000000000000000000e+00 1.194242830093432595e+01 5.608040089993766014e+04 0.000000000000000000e+00
4.839575405761380352e+03 1.002025663314283577e+01 0.000000000000000000e+00 1.248260368615251714e+01 5.564740664741189539e+04 0.000000000000000000e+00
5.077115572110695211e+03 1.059466634346561165e+01 0.000000000000000000e+00 1.244912681805872623e+01 5.497703040626817528e+04 0.000000000000000000e+00
5.182074167045592731e+03 1.081266649222464693e+01 0.000000000000000000e+00 1.174790904845778883e+01 6.040029315882403171e+04 0.000000000000000000e+00
5.304870993060126239e+03 1.019539260632358157e+01 0.000000000000000000e+00 1.205070717807131686e+01 6.036539422091081360e+04 0.000000000000000000e+00
5.286584982014808702e+03 1.110817488996648450e+01 3.434040893768365521e+00 1.231887703849128357e+01 4.407054483901715685e+02 8.346040207815548229e+01
5.068453831238878593e+03 1.134531210640116328e+01 3.596236863987010590e+00 1.339017190923629563e+01 4.430630664844592843e+02 8.672569493015822673e+01
5.322999849753986382e+03 1.083053557420289970e+01 3.612054419633373925e+00 1.316511463258867920e+01 4.403018576373849555e+02 8.572773242987007336e+01
5.573387672376100454e+03 1.093790665017875874e+01 3.451530231470896659e+00 1.248474079478386578e+01 4.188931430939248344e+02 8.271798817626657296e+01
5.634603169005810742e+03 1.059211527200096370e+01 3.581338313450152633e+00 1.251286064158663613e+01 4.309933891799166190e+02 8.391381819951375576e+01
5.826654875736483518e+03 1.114599100271862397e+01 3.631903613926580121e+00 1.276283489037499663e+01 4.240767368187321154e+02 8.229647740135091283e+01
5.806258266209248177e+03 1.068628263777507392e+01 3.636611740972909512e+00 1.344905310326177883e+01 4.255598614535797424e+02 8.302848693662808444e+01
5.523159646484393306e+03 1.171523076183516920e+01 3.545455627579794378e+00 1.262360501592837281e+01 4.167751247049678227e+02 8.817884783988940001e+01
5.769268091375733093e+03 1.161774954563693640e+01 3.813160945076403241e+00 1.340293258081041650e+01 4.447264430273538665e+02 8.102111227590530973e+01
5.704277079458227490e+03 1.075279507612856555e+01 3.545432889604595683e+00 1.344836229317311904e+01 4.456032037350158816e+02 8.377860997787119857e+01
6.029659010727888017e+03 1.099342418624049778e+01 3.706056856823321422e+00 1.283475649591800405e+01 4.137670684452443197e+02 8.246424426508346528e+01
6.122429726142808249e+03 1.132098182918338480e+01 3.670747331547045356e+00 1.284625731515940394e+01 4.502632509288890788e+02 8.547652458841658074e+01
6.502455718799214992e+03 1.111407269802953657e+01 3.740099696804882079e+00 1.310237833929163287e+01 4.150944409292637260e+02 8.376963461809984324e+01
6.222030368156191798e+03 1.092742771403449886e+01 3.550113643726557466e+00 1.252841445238778029e+01 4.142379926189177013e+02 8.251471453198128359e+01
