-3.004403352768143520e-01 5.573521907160167821e+00 3.442730708371009030e+00 2.668748633325582098e+00 1.344614229755156884e+03 6.008692237489258332e+02
3.098630752627071772e+01 5.829562662985619426e+00 3.212379489596859816e+00 2.670378859830331741e+00 1.416201031070604586e+03 6.222158608327766842e+02
3.379972184755749964e+01 7.470991393253934021e+00 4.149901449544437071e+00 3.178740205706314992e+00 1.468983267449131063e+03 5.797161709766954800e+02
5.145476695790294741e+01 7.480553952026856024e+00 4.197020246054742998e+00 3.402493076659878213e+00 1.469801110106131091e+03 5.834028123145938025e+02
1.012148040279812164e+02 8.270612162987267979e+00 4.229075121240042812e+00 3.288576491491460807e+00 1.999659773409727563e+02 7.889204869496532524e+01
1.463169321992147047e+02 7.850684219955934573e+00 4.499769778139106613e+00 3.471806351954744407e+00 2.093885192141462426e+02 8.380076843862914870e+01
1.925121215378414377e+02 8.238382518190086046e+00 4.715885522808197727e+00 3.521129439461885724e+00 3.488165932417302315e+02 8.141139087643421135e+01
2.550213820672909435e+02 8.695310311189810903e+00 4.654967597901993770e+00 3.651555040011496445e+00 3.615733027431525670e+02 1.483810896642164323e+02
2.959161547405370243e+02 8.253219740753019451e+00 4.917137150877273655e+00 3.392700604475853421e+00 3.675375413333252368e+02 1.446156633378056711e+02
3.476678832842108591e+02 8.838195641239124711e+00 5.040673575311965138e+00 3.535924814734821897e+00 3.516297379280229052e+02 1.363789552445253150e+02
4.154252255162644474e+02 8.632005281743536429e+00 5.192666120514969563e+00 3.629543972045767841e+00 3.638981939336252935e+02 1.402560077908108838e+02
5.068738321633993564e+02 9.170019910827349463e+00 5.540958990454788236e+00 3.957828542567019880e+00 3.731814099458421197e+02 1.409982320226865227e+02
6.099379239387820917e+02 1.015740140569907268e+01 5.783805612267244101e+00 4.121247717542383171e+00 3.714731654253822057e+02 1.373060575124308116e+02
6.472354407592706593e+02 1.101438812544325252e+01 6.134582496982434741e+00 4.330976684853328429e+00 7.414287945305361518e+02 2.967454802273884411e+02
8.125028305195376106e+02 1.050698596468825130e+01 6.114317125530365438e+00 4.482624772830341442e+00 7.716632600483090982e+02 3.015286343040633028e+02
8.622244572282377248e+02 1.075255284987978044e+01 6.090048506979623966e+00 4.499087508734486818e+00 7.378962313724490514e+02 3.166011406819740728e+02
9.641987304620636223e+02 1.189663937873205946e+01 6.594193267777588296e+00 4.580773619203720948e+00 7.687314359628304601e+02 3.092745889422018308e+02
1.141668849456958014e+03 1.143206244965030294e+01 6.748507967197928892e+00 4.582747972672198244e+00 7.745887408303303800e+02 3.179151225526198346e+02
1.237881819456959192e+03 1.175234279373199087e+01 6.184085394200740993e+00 4.998447031878789915e+00 7.124129612085640701e+02 3.012647866008908863e+02
1.329107662769833269e+03 1.169180969660812153e+01 6.606073590599416789e+00 5.065855430592502096e+00 7.592910512986843514e+02 3.009414306712082521e+02
1.386944381398451242e+03 1.215797070535393232e+01 6.355963131036561187e+00 5.029726079491807056e+00 7.432442379363193368e+02 3.138731027025341973e+02
1.647367881186683917e+03 1.232865125343527701e+01 6.816820793707005777e+00 5.198162602135194099e+00 7.736250105341163135e+02 3.105187257375566219e+02
1.887892502570264014e+03 1.257325772080487702e+01 6.539209519592054320e+00 4.919365569829015961e+00 8.373964585271119176e+02 3.042208395196590800e+02
1.981298718447390684e+03 1.334171715678294134e+01 6.698260106857830465e+00 5.126814828416552672e+00 7.918002556570263550e+02 3.003496885809357195e+02
2.207081753399877016e+03 1.267109010365707356e+01 6.844668521138750350e+00 5.054964222960597553e+00 8.335922755547866245e+02 2.969720991830527055e+02
2.255001073741777873e+03 1.314480042115698843e+01 6.938248948453877851e+00 5.537428067359966732e+00 7.721834771241371982e+02 3.226531653743069228e+02
2.676403108836824231e+03 1.377221560820730772e+01 6.832566731029531937e+00 5.426744312998371456e+00 7.781569317583787324e+02 3.062356588100828958e+02
2.488152775367002505e+03 1.365268178182432912e+01 7.309766944859799942e+00 5.711784636725663056e+00 7.648295785467284986e+02 3.200693965760238484e+02
2.905877827445735420e+03 1.394322410675931856e+01 7.029741094418878511e+00 5.872638732363106406e+00 7.863080432078554622e+02 3.107580276308013367e+02
2.971105314013250336e+03 8.460118556849829830e+00 0.000000000000000000e+00 1.007359205136244285e+01 8.372547144852787824e+02 3.103166050769896174e+02
3.092215399509974304e+03 8.128422897597003427e+00 0.000000000000000000e+00 1.023787621296890826e+01 5.503630415822524810e+04 0.000000000000000000e+00
3.070882602907198361e+03 8.225685389561984806e+00 0.000000000000000000e+00 9.700195136697400855e+00 5.583762925914364314e+04 0.000000000000000000e+00
3.129407156482788650e+03 8.224359662043971397e+00 0.000000000000000000e+00 1.031705708553309364e+01 5.639319524060084223e+04 0.000000000000000000e+00
3.116840434496911712e+03 8.476187396232123916e+00 0.000000000000000000e+00 1.076207529236861760e+01 5.943886619181031710e+04 0.000000000000000000e+00
3.308542516050665199e+03 8.814213161843985844e+00 0.000000000000000000e+00 1.026171539186797332e+01 5.495245299760166381e+04 0.000000000000000000e+00
3.430997005126143904e+03 9.288685889894862768e+00 0.000000000000000000e+00 1.071704921183892267e+01 5.922436609500502527e+04 0.000000000000000000e+00
3.506059829867330336e+03 9.231193088127760404e+00 0.000000000000000000e+00 1.122991892848867757e+01 5.877107050000652816e+04 0.000000000000000000e+00
3.653293707342545531e+03 9.027954397337721204e+00 0.000000000000000000e+00 1.095583444702996090e+01 5.963301679385004536e+04 0.000000000000000000e+00
3.792875868596498549e+03 8.904590529511390073e+00 0.000000000000000000e+00 1.148435368539919743e+01 5.989884574845647876e+04 0.000000000000000000e+00
3.927900538826900174e+03 8.944277703821024161e+00 0.000000000000000000e+00 1.140190105286285061e+01 6.044050375675482064e+04 0.000000000000000000e+00
3.913232256038093510e+03 9.740705061353146732e+00 0.000000000000000000e+00 1.129456043651630104e+01 5.973474842282920872e+04 0.000000000000000000e+00
4.195604041306580257e+03 1.002535927182871767e+01 0.000000000000000000e+00 1.112849395989760914e+01 5.608140252166985010e+04 0.000000000000000000e+00
3.999912877229553487e+03 9.774214310657068694e+00 0.000000000000000000e+00 1.104971482341813882e+01 5.841564009179310960e+04 0.000000000000000000e+00
4.088669091459507399e+03 9.356838518442531338e+00 0.000000000000000000e+00 1.134441529381656899e+01 5.843288962792599341e+04 0.000000000000000000e+00
4.556703437743059112e+03 9.801441253185350533e+00 0.000000000000000000e+00 1.137374132997328857e+01 5.519635957086460985e+04 0.000000000000000000e+00
4.564268273065090398e+03 9.950195392827332341e+00 0.000000000000000000e+00 1.138120464849349034e+01 5.552898464267053350e+04 0.000000000000000000e+00
4.611529347617358326e+03 1.027108729596932157e+01 0.000000000000000000e+00 1.229916103369701474e+01 5.600907768109437893e+04 0.000000000000000000e+00
4.462431066921252750e+03 1.034362020528775794e+01 0.000000000000000000e+00 1.147304748802767982e+01 5.842154656680037442e+04 0.000000000000000000e+00
4.819028403812841134e+03 9.748160431841188966e+00 0.000000000000000000e+00 1.213792155519275262e+01 5.741894231756625231e+04 0.000000000000000000e+00
4.777169821525167208e+03 9.880608379074390157e+00 0.000000000000000000e+00 1.181601271274783116e+01 5.668691161223725794e+04 0.000000000000000000e+00
5.025331249425699752e+03 9.883647183704638906e+00 0.000000000000000000e+00 1.265867656274383357e+01 5.862367236179370229e+04 0.000000000000000000e+00
5.180270707789772132e+03 1.030067991907573521e+01 0.000000000000000000e+00 1.179323108082294880e+01 5.565799398583678703e+04 0.000000000000000000e+00
5.280938458466093834e+03 9.947944565915053161e+00 0.000000000000000000e+00 1.265384965453006494e+01 6.023620639049301099e+04 0.000000000000000000e+00
4.961751062957317117e+03 1.128531740484380741e+01 3.677934176474022099e+00 1.276461597021201833e+01 4.529146428957363923e+02 8.499881691227460578e+01
5.212204922956367227e+03 1.074146821184099920e+01 3.496575013513161245e+00 1.274743829386551397e+01 4.510195880501185002e+02 8.229967005656779122e+01
5.212962586384524002e+03 1.059090771830794786e+01 3.472099035007577772e+00 1.270840469249549542e+01 4.638053147131985838e+02 8.770165629019589915e+01
5.630650873489471451e+03 1.159705860896611007e+01 3.452962936396966942e+00 1.333853527423894647e+01 4.501101757667199763e+02 8.499276665254555496e+01
5.524358522149197597e+03 1.146522236853113519e+01 3.590197505990267324e+00 1.237043376591535093e+01 4.477851346403853654e+02 8.367564612139314306e+01
5.529403790779005249e+03 1.082980016124022882e+01 3.507761208845582512e+00 1.313388162676877791e+01 4.319570886971230266e+02 8.548065979502275979e+01
5.443507604607893882e+03 1.106204683212812512e+01 3.606459085577669477e+00 1.291831780162319276e+01 4.315265534472382001e+02 8.754616506040932222e+01
5.905899425482230981e+03 1.103909280610351651e+01 3.541502549802721500e+00 1.328316469898016194e+01 4.327551417391110249e+02 8.120545491794806026e+01
5.854071806576390372e+03 1.136123995987765412e+01 3.655255945699283693e+00 1.352025660723828082e+01 4.266037525277262716e+02 8.665878082150118189e+01
6.166252162342668271e+03 1.115173792368839223e+01 3.516126711483035017e+00 1.341837191019508069e+01 4.426937824862644106e+02 8.373665684142474674e+01
6.181672846650509200e+03 1.141086515295516435e+01 3.576699378605127322e+00 1.338688579544951729e+01 4.235871331784779841e+02 8.275471643971590652e+01
6.314207471619060925e+03 1.176267238285850247e+01 3.629051379926938825e+00 1.319538767643588173e+01 4.327560358187703855e+02 8.468869363427707242e+01
6.061251334487706117e+03 1.138252782557457188e+01 3.612016681321544187e+00 1.354904127854398688e+01 4.221136770918787988e+02 8.505850274370348529e+01
6.251022924021774998e+03 1.083943995496718848e+01 3.532525775842489502e+00 1.299782336780305947e+01 4.307009612008141062e+02 8.250906867392461663e+01
