2.815966605853170712e-02 5.543702702717779651e+00 3.235198030484913723e+00 2.724720263016635613e+00 1.367124653087878187e+03 6.090838728003844835e+02
3.311428567132433898e+01 6.054272887808792802e+00 3.246787502028523953e+00 2.689466669793798115e+00 1.354529215596001904e+03 6.257197356916009312e+02
3.441946540998559811e+01 7.678050433745360337e+00 4.449595275747248557e+00 3.259219703138184432e+00 1.411091047505329925e+03 6.212237244095862252e+02
5.254127843515563967e+01 7.940087019861998385e+00 4.427802584059706170e+00 3.171514232691745594e+00 1.367257338622833686e+03 5.763458766367645012e+02
9.734499461693167177e+01 8.149077790483321593e+00 4.561556643992788374e+00 3.354741138840635628e+00 1.947022695682882727e+02 7.818952034618548907e+01
1.511366570607481208e+02 8.085159401791647937e+00 4.699340324934230040e+00 3.509319260348513936e+00 1.986175077942096152e+02 8.152137790261372174e+01
2.104000524012239737e+02 8.462090093752244968e+00 4.503359535880667508e+00 3.573287139606318608e+00 3.689188104376310093e+02 7.861239483661674399e+01
2.388386308521315868e+02 8.113507041189611968e+00 4.721050502044364272e+00 3.644225871085485569e+00 3.592547276023659606e+02 1.398561562190712664e+02
3.111684586002814399e+02 8.546195612440977030e+00 4.889958267511131496e+00 3.432236532514147953e+00 3.663833994355059644e+02 1.427935484313601648e+02
3.398391296754794553e+02 8.778725367515976430e+00 4.845216235661489179e+00 3.428442008838943345e+00 3.707440277830613127e+02 1.386030072865089267e+02
4.074658282912758409e+02 8.651129121879806760e+00 4.797234586964676417e+00 3.717146405528925168e+00 3.565737155471750839e+02 1.442134695363632204e+02
5.165639448751858254e+02 9.544435607030713697e+00 5.032446803518847211e+00 3.803142829403166392e+00 3.582572028473816772e+02 1.486290910149026843e+02
6.067991526755919267e+02 9.837112883020239451e+00 5.445473095233356986e+00 4.057527521038200469e+00 3.657008003490536225e+02 1.458868534796184520e+02
6.935381860460332746e+02 1.104228127580230279e+01 6.067246541823589467e+00 4.363274647459269850e+00 7.670129633016780417e+02 3.130630727367132522e+02
7.982444179544166900e+02 1.151896267620657355e+01 6.420336787504697718e+00 4.601090766309766877e+00 7.615682419215722803e+02 3.182420294917408228e+02
9.183966281273435470e+02 1.165932819630101847e+01 6.203089509912745214e+00 4.487701067808072430e+00 7.205915298415901589e+02 2.999379322544417619e+02
9.693637244181148844e+02 1.088018601855930534e+01 6.097077490950961298e+00 4.435889483603564720e+00 7.436199695303656654e+02 3.132762474050416017e+02
1.139637375883309687e+03 1.194095675470362750e+01 6.173528041643386643e+00 4.605927883071102791e+00 7.227191529571298361e+02 3.154253969341688162e+02
1.214103764482530551e+03 1.169406363989921083e+01 6.647191788734062357e+00 4.595052803794387408e+00 7.456905568304624694e+02 3.124061453035300815e+02
1.303494917442909127e+03 1.195023978624688077e+01 6.554209767294755018e+00 5.025513730038323246e+00 7.179071136583017960e+02 3.258733937776998459e+02
1.334217744357864376e+03 1.242090236345805820e+01 6.374960886177584385e+00 4.652841538158943635e+00 7.122847320749445998e+02 2.990736304977981490e+02
1.558098492876106320e+03 1.261168151262648784e+01 6.914485993085909499e+00 5.015408571354506684e+00 7.031998600883131303e+02 3.071959649125582246e+02
1.822002044841016186e+03 1.301400242769316584e+01 6.865065592817972018e+00 4.913522214267485033e+00 8.226694670576714543e+02 3.257696797566425175e+02
2.015406819026549556e+03 1.246342578636509835e+01 7.139491647219271542e+00 4.986733440049541777e+00 8.168364192199059062e+02 3.192945574942641542e+02
2.116356695590094205e+03 1.344681306234481433e+01 7.344848006441907273e+00 5.503157052648317560e+00 7.903954645860394521e+02 3.128896503044909991e+02
2.352530671677167447e+03 1.309246338388080666e+01 7.316247309334941384e+00 5.222621331054892124e+00 8.115325370927282620e+02 3.263623738530621949e+02
2.553552847217895305e+03 1.271092046062031677e+01 6.931876407147230523e+00 5.638473505461593760e+00 8.285918353490715162e+02 3.270417210179563199e+02
2.636302035490616618e+03 1.423159945264494119e+01 7.583890996802480799e+00 5.826394030200618523e+00 7.701925015225980360e+02 2.977325030396049783e+02
3.033495905656119248e+03 1.326234328748711100e+01 7.638657383097914533e+00 5.776813594674252705e+00 7.708115669398288219e+02 3.102914637418809889e+02
2.970254070994650647e+03 8.504211776433399095e+00 0.000000000000000000e+00 9.910852850685063942e+00 8.322772349055934455e+02 2.996003933690593612e+02
2.949015175710902440e+03 8.392105607475674134e+00 0.000000000000000000e+00 9.652388572041079584e+00 5.982115861043347104e+04 0.000000000000000000e+00
2.960944225931179972e+03 8.027595323812745320e+00 0.000000000000000000e+00 1.006151157065822233e+01 5.541806723758178850e+04 0.000000000000000000e+00
3.124863733717820651e+03 8.088212815397353594e+00 0.000000000000000000e+00 1.070966453539189089e+01 5.923060682563463342e+04 0.000000000000000000e+00
3.149208282792304090e+03 8.423179014083620686e+00 0.000000000000000000e+00 1.050859775411122143e+01 5.844094517564142734e+04 0.000000000000000000e+00
3.302654376841918747e+03 8.835683493607403349e+00 0.000000000000000000e+00 1.031977414753141353e+01 5.650775858004277688e+04 0.000000000000000000e+00
3.384626778575383014e+03 9.004721674314966506e+00 0.000000000000000000e+00 1.115384000223142102e+01 5.965258190034462314e+04 0.000000000000000000e+00
3.464799026777935978e+03 9.187877523667776103e+00 0.000000000000000000e+00 1.069989872292158850e+01 5.937104221435816726e+04 0.000000000000000000e+00
3.491368065787098658e+03 8.885756920037849227e+00 0.000000000000000000e+00 1.057017211780639876e+01 5.729856606460058538e+04 0.000000000000000000e+00
3.619540366691428972e+03 9.471373744549861584e+00 0.000000000000000000e+00 1.062793717567242702e+01 6.002145407141712349e+04 0.000000000000000000e+00
3.896929166932447060e+03 8.998422615337963393e+00 0.000000000000000000e+00 1.125453334986379872e+01 5.630119049286498193e+04 0.000000000000000000e+00
3.773697442535395567e+03 9.863068542530362137e+00 0.000000000000000000e+00 1.155078070500539589e+01 5.890921766742981708e+04 0.000000000000000000e+00
4.199632620591301020e+03 9.209258632301391856e+00 0.000000000000000000e+00 1.170745209758241678e+01 5.520393336662138609e+04 0.000000000000000000e+00
4.080527993337610042e+03 9.405257652842308858e+00 0.000000000000000000e+00 1.100625189215083921e+01 5.964990988675874542e+04 0.000000000000000000e+00
4.441715204431120583e+03 9.634448991209410451e+00 0.000000000000000000e+00 1.118771366278010504e+01 5.983321554992359597e+04 0.000000000000000000e+00
4.575312706799212719e+03 9.790273800890670231e+00 0.000000000000000000e+00 1.172538489626291280e+01 6.013232104796462954e+04 0.000000000000000000e+00
4.308259713461459796e+03 1.040635942824950178e+01 0.000000000000000000e+00 1.141128668943384561e+01 5.967355837834771955e+04 0.000000000000000000e+00
4.652236324774505192e+03 9.728919182623357642e+00 0.000000000000000000e+00 1.183459170821570439e+01 5.815441543715329317e+04 0.000000000000000000e+00
4.526571962779265959e+03 9.746525446874747090e+00 0.000000000000000000e+00 1.212375677699797549e+01 5.681531175465629349e+04 0.000000000000000000e+00
4.989250369003112610e+03 9.930837506564929029e+00 0.000000000000000000e+00 1.188941887494792660e+01 5.601319119681711891e+04 0.000000000000000000e+00
4.627354230173966243e+03 1.034644022143706188e+01 0.000000000000000000e+00 1.195212427168458014e+01 5.940380472752041533e+04 0.000000000000000000e+00
4.729830586077589032e+03 1.044289842085450104e+01 0.000000000000000000e+00 1.236198170488606962e+01 5.523323598147126177e+04 0.000000000000000000e+00
5.121197040743735670e+03 9.905228898036167351e+00 0.000000000000000000e+00 1.199326163295417658e+01 6.049050053068628040e+04 0.000000000000000000e+00
4.950740571856073075e+03 1.002268248487838420e+01 0.000000000000000000e+00 1.206981778594850674e+01 5.978980611551870243e+04 0.000000000000000000e+00
4.895672034105516104e+03 1.067161396485743374e+01 3.348841436440193498e+00 1.294072091373041289e+01 4.657885312259832062e+02 8.513627511215241839e+01
5.156426193458271882e+03 1.054278230470451305e+01 3.629008922253977865e+00 1.220390991277825776e+01 4.574426463016416733e+02 8.091858721363662710e+01
5.453184655787080374e+03 1.075626043192047376e+01 3.514261971695193054e+00 1.242128875491072293e+01 4.601839426996070301e+02 8.185708539419272256e+01
5.265332209655643965e+03 1.099107077652038100e+01 3.599574689644625014e+00 1.330862837491297412e+01 4.424225848089108126e+02 8.883746776304658965e+01
5.718996598862582687e+03 1.154183435408274505e+01 3.715620683953993364e+00 1.267454318656263546e+01 4.262349806380292421e+02 8.314072279350567385e+01
5.329844010427442299e+03 1.117175194551292172e+01 3.443923188634135713e+00 1.321151083039566743e+01 4.573545759398559767e+02 8.577789622944531800e+01
5.431566421816136426e+03 1.104316929827598059e+01 3.793289887952989048e+00 1.350204925107497722e+01 4.425136001978589775e+02 8.640992475965400388e+01
5.774300864695464043e+03 1.168719727061583136e+01 3.699649861158134545e+00 1.258882805289104034e+01 4.492491803753734416e+02 8.625865986734841329e+01
6.076597005631847424e+03 1.120820348251274368e+01 3.816766639457175536e+00 1.362648870793179512e+01 4.325714760997573762e+02 8.341128003238658550e+01
5.988244372672033933e+03 1.143289479297049560e+01 3.773439254055294345e+00 1.264463610280296990e+01 4.202298499128485787e+02 8.478191156539300266e+01
6.293110743406677102e+03 1.090621395237490532e+01 3.554353398733337333e+00 1.280383298816697391e+01 4.363822650173043485e+02 8.658779975921810035e+01
6.022449944755304386e+03 1.094175041593788045e+01 3.673632185402002648e+00 1.261825961941360497e+01 4.463249577239209316e+02 8.129620788811695320e+01
6.117659636881687220e+03 1.157419264297270622e+01 3.798164481659775493e+00 1.362631515646639180e+01 4.228575678193493559e+02 8.253552549780303593e+01
6.436078362809268583e+03 1.078817316047547870e+01 3.689505658153302114e+00 1.324629047454835629e+01 4.248967103006605726e+02 8.533577576446941748e+01
