-8.784640246687425158e-02 5.854080607337421860e+00 3.353820152332075200e+00 2.768782965412386332e+00 1.356819039971022676e+03 5.997494471809937977e+02
3.238987715416340762e+01 5.748434901848964884e+00 3.302271590463461415e+00 2.761808545419143446e+00 1.414819404506295996e+03 6.218836409939788155e+02
3.307514021569831897e+01 7.930919785989696713e+00 4.171488212516040406e+00 3.174477879775641220e+00 1.421106594222079821e+03 5.748096565144051056e+02
5.273242912001926186e+01 7.907925347847820419e+00 4.379671732959868891e+00 3.308272554694689394e+00 1.375521482339599288e+03 6.243912963352998986e+02
9.583666045109006859e+01 7.727020417476439640e+00 4.318977679703967176e+00 3.520499882139895398e+00 2.099559583517985288e+02 7.742878656629336831e+01
1.473474033317969543e+02 8.193213411000055402e+00 4.711504575676371154e+00 3.493203232330155394e+00 1.940546824086325159e+02 8.342247266505439995e+01
1.977751921156300625e+02 8.394017227434646955e+00 4.484317190800641839e+00 3.352476408455296042e+00 3.733591164221584791e+02 7.795223038221577383e+01
2.600055164971261092e+02 8.736041382750180162e+00 4.744229132251238212e+00 3.673158304475957703e+00 3.731075006644429664e+02 1.472317155098957073e+02
3.084733806823950886e+02 8.274637490556012054e+00 4.727456582252543171e+00 3.389019867448550105e+00 3.727152268744210346e+02 1.395482849701359385e+02
3.616249038404938574e+02 8.630555056078597076e+00 5.024939563428969969e+00 3.736965772851437606e+00 3.683776468111632312e+02 1.406400091805840589e+02
4.079629580511000313e+02 9.105175931023984148e+00 4.753152545023969999e+00 3.533516972832498215e+00 3.769825497951048874e+02 1.429920804966936316e+02
4.985878394252987960e+02 9.607236665844748558e+00 5.287725169804808445e+00 3.964290480210485246e+00 3.663881326560737648e+02 1.498680604612371212e+02
5.916674002980544174e+02 1.015699177662025043e+01 5.779387913139080624e+00 4.012386440102295282e+00 3.446097152400444656e+02 1.361280867687557929e+02
6.455451575612278248e+02 1.083073777732694865e+01 5.836885599477992237e+00 4.346165544349314125e+00 7.385376044626889325e+02 3.044343251899925349e+02
8.009242160919269509e+02 1.049095890614726123e+01 6.407800934593180564e+00 4.497628019591081383e+00 7.578856131682866817e+02 3.109172478304096785e+02
9.010793621594227716e+02 1.078539236933444556e+01 6.394533018308548478e+00 4.514174881548809637e+00 7.736445906693577399e+02 3.108239620601759725e+02
9.992569120577243211e+02 1.098230472919137490e+01 6.135925773935871241e+00 4.851983433755021835e+00 7.298671783564547013e+02 3.198623457734358340e+02
1.061387727209172226e+03 1.166460417300873864e+01 6.592274351839227720e+00 4.776139361188069365e+00 7.758865253472559971e+02 3.126165278574424633e+02
1.244766660296243117e+03 1.159296884109806136e+01 6.745826098401764170e+00 4.954359834976861166e+00 7.252900897353074470e+02 2.990574433882896415e+02
1.295562966063786234e+03 1.214556986858940490e+01 6.444060579173117809e+00 4.773051725754634766e+00 7.216244126858603067e+02 3.078074682489803990e+02
1.375706494887516101e+03 1.171129115521403641e+01 6.448595788615495650e+00 5.009961423940706204e+00 7.111338898806684483e+02 3.166686494886080254e+02
1.566871638512574918e+03 1.178309287956822615e+01 6.974346407016080995e+00 4.992415437107971421e+00 7.674169762054094690e+02 3.238656597054479107e+02
1.818340803352073863e+03 1.286486433197223711e+01 6.857898601559537788e+00 4.926716559165239318e+00 8.116506896587154642e+02 3.185246929919030094e+02
2.003326533249531849e+03 1.262614305544625992e+01 6.888490411619191178e+00 5.263256429486758314e+00 7.614625570505988890e+02 3.193984752942594696e+02
2.183991627283664002e+03 1.269090590839143218e+01 7.331729186198809423e+00 5.505357869900763035e+00 8.208287812474875409e+02 3.051910479298628047e+02
2.262876281737538648e+03 1.277633775739030320e+01 6.802584413705320188e+00 5.583383758972792599e+00 8.186221503837783757e+02 3.247399765192717496e+02
2.578476083910875332e+03 1.348064462947788478e+01 7.114887261483755942e+00 5.278776933794389059e+00 8.159611219209750743e+02 3.119160568360393881e+02
2.697379287818401735e+03 1.375155435184175445e+01 7.222372466872954533e+00 5.826533116014452673e+00 7.680256151123871859e+02 3.121897413386022890e+02
2.991376427531309218e+03 1.390369024492187044e+01 6.966003655842293085e+00 5.448372439416912627e+00 8.286547227089641865e+02 3.162022857376758225e+02
3.028655790698261171e+03 7.698568148788603516e+00 0.000000000000000000e+00 9.810233138110016071e+00 8.160112202457336252e+02 3.210488327087303446e+02
2.917371729647961274e+03 8.168976740723719487e+00 0.000000000000000000e+00 1.001832344610662062e+01 5.703369249576473521e+04 0.000000000000000000e+00
3.206807596556671342e+03 8.366734312691168185e+00 0.000000000000000000e+00 1.064951207029202607e+01 5.704770860467007151e+04 0.000000000000000000e+00
3.251808104636850203e+03 8.132950255957835495e+00 0.000000000000000000e+00 9.922714811701011328e+00 5.525460780900311511e+04 0.000000000000000000e+00
3.146939554690052319e+03 8.722308095194602373e+00 0.000000000000000000e+00 1.024830990594316837e+01 6.059795958965244063e+04 0.000000000000000000e+00
3.322656334607554527e+03 8.626646128736229713e+00 0.000000000000000000e+00 1.063145088506793812e+01 5.670972267058074794e+04 0.000000000000000000e+00
3.319787056891987959e+03 8.992463916175877259e+00 0.000000000000000000e+00 1.081518497647052790e+01 5.727569305886870279e+04 0.000000000000000000e+00
3.599767284069751895e+03 9.123838544630073599e+00 0.000000000000000000e+00 1.108958635826058092e+01 5.538955445889014663e+04 0.000000000000000000e+00
3.500999814280091869e+03 8.896292050468206369e+00 0.000000000000000000e+00 1.129969474161060283e+01 6.036678234635064291e+04 0.000000000000000000e+00
3.907199534169839808e+03 8.968012787255252860e+00 0.000000000000000000e+00 1.073454638503379144e+01 5.938754354036215955e+04 0.000000000000000000e+00
3.816086214583405763e+03 9.492069150127893096e+00 0.000000000000000000e+00 1.136037418101012619e+01 5.980039029123392538e+04 0.000000000000000000e+00
3.786189462417339655e+03 9.817097587424662208e+00 0.000000000000000000e+00 1.128037800637395094e+01 5.685167735318902123e+04 0.000000000000000000e+00
3.895821058318360429e+03 9.773936128936375312e+00 0.000000000000000000e+00 1.106481648135193119e+01 5.818530420259790844e+04 0.000000000000000000e+00
4.350935561358693121e+03 9.713857373344714219e+00 0.000000000000000000e+00 1.158195592279631470e+01 5.723850253879187949e+04 0.000000000000000000e+00
4.199349880280294201e+03 9.443481976355506902e+00 0.000000000000000000e+00 1.140832352827789720e+01 5.808504443113632442e+04 0.000000000000000000e+00
4.461415754945962362e+03 9.610653785037143848e+00 0.000000000000000000e+00 1.119997164516170152e+01 5.891738521058531478e+04 0.000000000000000000e+00
4.519405269935642536e+03 9.553485714027210918e+00 0.000000000000000000e+00 1.190319012350209427e+01 5.836285897525565815e+04 0.000000000000000000e+00
4.765993143461255386e+03 1.034757569704128954e+01 0.000000000000000000e+00 1.211105488628262528e+01 5.515235305627121852e+04 0.000000000000000000e+00
4.891237286925697845e+03 1.009159125138323709e+01 0.000000000000000000e+00 1.215793517175991845e+01 6.060582163015079277e+04 0.000000000000000000e+00
4.691954909228454198e+03 1.038744425983110631e+01 0.000000000000000000e+00 1.199931861617675466e+01 5.522483656922726368e+04 0.000000000000000000e+00
4.701071513377154588e+03 1.055115085210886861e+01 0.000000000000000000e+00 1.167764023489319491e+01 5.697004575590565946e+04 0.000000000000000000e+00
5.203716175160479906e+03 1.035696343899389582e+01 0.000000000000000000e+00 1.221680444767281770e+01 5.934977625249187258e+04 0.000000000000000000e+00
4.915938395941196177e+03 1.004976361489261372e+01 0.000000000000000000e+00 1.167029655458758342e+01 5.581887094263391919e+04 0.000000000000000000e+00
5.308233768495534605e+03 1.053510714285347838e+01 0.000000000000000000e+00 1.156377888609539362e+01 5.757745803748472099e+04 0.000000000000000000e+00
5.257135633251250511e+03 1.055578806088499988e+01 3.553839383923452555e+00 1.289831983223583656e+01 4.672247060329680721e+02 8.388567537096194826e+01
5.059702237452715053e+03 1.099127208774843645e+01 3.670209348770575808e+00 1.263378146634466681e+01 4.479160687420560976e+02 8.195905095353056424e+01
5.045330294780529584e+03 1.055100085054271197e+01 3.636990420726030404e+00 1.311320015016547380e+01 4.492671501660626632e+02 8.921220111278083209e+01
5.415326201672243769e+03 1.066281264465581025e+01 3.396624099634252492e+00 1.325993079992829848e+01 4.518990746697120926e+02 8.261859051207527216e+01
5.216682542745338651e+03 1.136019971850935661e+01 3.481527529196871917e+00 1.281924609036699358e+01 4.434020148808175463e+02 8.720582257862336917e+01
5.484225804201341816e+03 1.151557598757291245e+01 3.476863172443082295e+00 1.281956686176843263e+01 4.237795789175517029e+02 8.672014478576313934e+01
5.653807972416496341e+03 1.090063378446569686e+01 3.524662186767548278e+00 1.343577150400056297e+01 4.443162106748670226e+02 8.456861538095719766e+01
5.860128065835352572e+03 1.141021248698139168e+01 3.472864857736945421e+00 1.336672584439515177e+01 4.144273806454088458e+02 8.517381111282902850e+01
5.807169948991899219e+03 1.088745634510873295e+01 3.686316136829798751e+00 1.362995702341407167e+01 4.181784304365502294e+02 8.873454451210326965e+01
5.804254022873227768e+03 1.173749531218377840e+01 3.698782736468332555e+00 1.364001080730241888e+01 4.528362097295315039e+02 8.229000018367163705e+01
5.853748578129214366e+03 1.069833436245650304e+01 3.701431028429523096e+00 1.253488782912693367e+01 4.267600319028096578e+02 8.354295083203764705e+01
6.160515304315551475e+03 1.105330809413151272e+01 3.522510112793419967e+00 1.294904738523421273e+01 4.119409298435619462e+02 8.923474706471463946e+01
5.983778216954808158e+03 1.099548670261706462e+01 3.538492053712619434e+00 1.252493086324533955e+01 4.316313229243855858e+02 8.908765461724445345e+01
6.115315404908908931e+03 1.143268082013208797e+01 3.796735325855716159e+00 1.346417108605560209e+01 4.237193437298003573e+02 8.538907409049096486e+01
