-1.988186568379218588e+00 6.071835537494249202e+00 3.595803678525914648e+00 2.569746176375986568e+00 1.471477717340386562e+03 5.710837559720582703e+02
3.346302664451796716e+01 5.971842283438444809e+00 3.575923239475204518e+00 2.767962735510411942e+00 1.503466923375182660e+03 5.790257759860488704e+02
3.802055936015985083e+01 7.642646204178168645e+00 4.189200003483384727e+00 3.050661647087621109e+00 1.417598417616228062e+03 5.588351862699308867e+02
4.707321059447566114e+01 7.486118692655608697e+00 4.442904041297167872e+00 3.012376013131507158e+00 1.319007384275132608e+03 6.408167512104361094e+02
1.139815053438493635e+02 8.122704364530255461e+00 4.720644916403708535e+00 3.353401022838137457e+00 2.149270902288634488e+02 8.613050037325518815e+01
1.596177138832251501e+02 8.430382198484666745e+00 4.482687557019985114e+00 3.687101949944210588e+00 2.002565550506875240e+02 7.977259436490776068e+01
2.154386332676589291e+02 8.858997805359155819e+00 4.828149032262595064e+00 3.609252768564241265e+00 3.523793809242166617e+02 7.445435462100056156e+01
2.644899794156108896e+02 7.685028315619563344e+00 4.217022110575578964e+00 3.495038802969200997e+00 3.779110602855186585e+02 1.467164480654742533e+02
3.235212507761476104e+02 8.458807834098038825e+00 4.634052587157784231e+00 3.560935923318293561e+00 3.603483712807850452e+02 1.567504312998015621e+02
3.195536124390712303e+02 9.548699213066143443e+00 4.858893395781897162e+00 3.833662692809231665e+00 3.466235427570361480e+02 1.562742259004378695e+02
3.804090316040259836e+02 9.694783057987621078e+00 4.828048809544513986e+00 3.606119425689267466e+00 3.652021224936403883e+02 1.469984372684733103e+02
5.325582361362210122e+02 8.830809477092133264e+00 4.896218030076052052e+00 3.948466163161076015e+00 3.596196845043277790e+02 1.473919318991048897e+02
5.692529464469561162e+02 1.060957559560653252e+01 5.232217167256934864e+00 4.469908184582952693e+00 3.396697213176265677e+02 1.437105740674205379e+02
6.736731675734371265e+02 1.017106441720756749e+01 5.565179729839377032e+00 4.716835167659430006e+00 7.841131614467374220e+02 3.042638076819734465e+02
6.396697497868218534e+02 1.056391847020566566e+01 5.941081508199878236e+00 4.694067085592400268e+00 7.177438517036537178e+02 3.305316177483409206e+02
1.048649865312062275e+03 1.219577523434852040e+01 5.896034283184896196e+00 4.973510668655591438e+00 7.323234634190096131e+02 3.276865138084134514e+02
1.137912550330758449e+03 1.225332428328990098e+01 6.244683502508522999e+00 4.252015504626430520e+00 7.479553312231550990e+02 2.898640670647495767e+02
1.126893601831699016e+03 1.161804841846241665e+01 5.935716115430530238e+00 4.246847445290133471e+00 7.983177178207226916e+02 3.239265133918842707e+02
1.134061500899069415e+03 1.114391744505342530e+01 6.446504076020026730e+00 4.605362256545060262e+00 8.014531469266141812e+02 2.975864711393481343e+02
1.324057006183045587e+03 1.211251429508041966e+01 7.128311585869293587e+00 4.541457424682000088e+00 6.693284928062395238e+02 3.258754632945415892e+02
1.347962019357631789e+03 1.284301050002068045e+01 6.928507309097427402e+00 4.761396754048358382e+00 7.855122196273084683e+02 3.408274449720691450e+02
1.316086222206648927e+03 1.242248077973576237e+01 6.146886740172184282e+00 4.703545365031591707e+00 7.182556300213766463e+02 2.809228165756960607e+02
1.523705295550744722e+03 1.184178478217152275e+01 6.628163895103559966e+00 4.898121224196662737e+00 8.719173644958071918e+02 2.917861524981858565e+02
1.660289793290892703e+03 1.333619919050725677e+01 7.066619083369659826e+00 5.150675049869762212e+00 8.344823139234898690e+02 3.207981410199645325e+02
1.924739084651203029e+03 1.199901660806790460e+01 6.546426539940087608e+00 5.825685852071008419e+00 8.279205594097672929e+02 3.181918853229895490e+02
2.631822406702784065e+03 1.286619773179305426e+01 7.259345547535168031e+00 4.871656599370632890e+00 8.111888371732602536e+02 3.250510605311054633e+02
2.329970276292583549e+03 1.210330000335665801e+01 7.122930578424846892e+00 5.627946994811931170e+00 8.180449664328998551e+02 2.964863289895449157e+02
3.111720689449336987e+03 1.248059065198821216e+01 7.861221122602447764e+00 5.765312856146086240e+00 8.104122003629107667e+02 3.135082690227469584e+02
2.626764567688309398e+03 1.378504877119114447e+01 7.991767323728179662e+00 6.210894210410081939e+00 8.428285654891523109e+02 2.960844844073816944e+02
2.667285494953445323e+03 7.873735667432649521e+00 0.000000000000000000e+00 1.061951423601918698e+01 7.403443074006265761e+02 2.958636927102327263e+02
2.418183381415329677e+03 8.360167201180491503e+00 0.000000000000000000e+00 9.724260196907991372e+00 5.683563871416253096e+04 0.000000000000000000e+00
2.484819962971843779e+03 8.765239725898068102e+00 0.000000000000000000e+00 1.026909715920667310e+01 5.404882336815433518e+04 0.000000000000000000e+00
3.176780300111995075e+03 9.135188105048047902e+00 0.000000000000000000e+00 1.106052783735609069e+01 6.280098957305089425e+04 0.000000000000000000e+00
2.918511757794426558e+03 8.656304192723466073e+00 0.000000000000000000e+00 1.059524564491979426e+01 6.173682466483386088e+04 0.000000000000000000e+00
3.037180992749873894e+03 9.021673367343089112e+00 0.000000000000000000e+00 1.081692570590349511e+01 5.634056598308161483e+04 0.000000000000000000e+00
3.881699548429480274e+03 9.421723431123202985e+00 0.000000000000000000e+00 1.094040121276164612e+01 6.264223351816395734e+04 0.000000000000000000e+00
3.496936975473532129e+03 8.770471581238709291e+00 0.000000000000000000e+00 1.187425609989475284e+01 6.280443905438917136e+04 0.000000000000000000e+00
3.057123469375805598e+03 8.357790936002270854e+00 0.000000000000000000e+00 1.052417470390375698e+01 5.591279927672337362e+04 0.000000000000000000e+00
3.943036989268266097e+03 1.013669647472657509e+01 0.000000000000000000e+00 1.071752193488674720e+01 6.058859584765537875e+04 0.000000000000000000e+00
3.870321596158087232e+03 8.812688094974360453e+00 0.000000000000000000e+00 1.031992471965932978e+01 5.798335624318107875e+04 0.000000000000000000e+00
3.946019949088841713e+03 1.024728633350436979e+01 0.000000000000000000e+00 1.174204728296989941e+01 6.058969043072655768e+04 0.000000000000000000e+00
4.426304537916955269e+03 9.029308544525267877e+00 0.000000000000000000e+00 1.109959803548797375e+01 5.605604375860562141e+04 0.000000000000000000e+00
4.798940392005174544e+03 1.037124933317207187e+01 0.000000000000000000e+00 1.109475084720932969e+01 6.089010376838933007e+04 0.000000000000000000e+00
4.886721068933199604e+03 1.037780426749547935e+01 0.000000000000000000e+00 1.205222046784047940e+01 5.706808997446371359e+04 0.000000000000000000e+00
4.250915667756534276e+03 1.019027211575271252e+01 0.000000000000000000e+00 1.094474050704862123e+01 5.379077639761647151e+04 0.000000000000000000e+00
5.036480877931950999e+03 9.239185841718446923e+00 0.000000000000000000e+00 1.212369213892993614e+01 5.423798628326068865e+04 0.000000000000000000e+00
4.652018012063507740e+03 9.169860307944215805e+00 0.000000000000000000e+00 1.128494756092870865e+01 6.085178608733938745e+04 0.000000000000000000e+00
4.443064218791106214e+03 1.049906405946515697e+01 0.000000000000000000e+00 1.108785929817815941e+01 6.300870301589433075e+04 0.000000000000000000e+00
5.075911166320460325e+03 1.024460028664510958e+01 0.000000000000000000e+00 1.273980136531082685e+01 5.287862027148403286e+04 0.000000000000000000e+00
5.208212366846691111e+03 9.546044717657149903e+00 0.000000000000000000e+00 1.320379409299002660e+01 5.923709316312559531e+04 0.000000000000000000e+00
5.686210864810724161e+03 1.111552898403329159e+01 0.000000000000000000e+00 1.237330349983846389e+01 6.126638478688220493e+04 0.000000000000000000e+00
5.450881865370887681e+03 9.348865126243291357e+00 0.000000000000000000e+00 1.259326160483533563e+01 5.598580504242233292e+04 0.000000000000000000e+00
5.377659764665115290e+03 9.552223749279594500e+00 0.000000000000000000e+00 1.129011537850562341e+01 5.598860363827379479e+04 0.000000000000000000e+00
4.483332239823770578e+03 1.206215229664960020e+01 3.636343190304239137e+00 1.358709175240200651e+01 4.267820414622264593e+02 8.883985059371856607e+01
5.252640460119565432e+03 1.012623659050452574e+01 3.716379720162223954e+00 1.179137861996555081e+01 4.017858439101525505e+02 7.902910805750988743e+01
4.618841928118974465e+03 1.126142305657366549e+01 3.220404489903657463e+00 1.268253367719338698e+01 4.235555846423066555e+02 8.570121904570123661e+01
4.990073105126181872e+03 1.176411614115856175e+01 3.866217824822357318e+00 1.294777668790380787e+01 4.483952563211649363e+02 9.072364466771570335e+01
5.574606576220765419e+03 1.050348155186305377e+01 3.513877779676564117e+00 1.276567065652764832e+01 4.052904120888056241e+02 9.291340384847228506e+01
5.441034602646901476e+03 1.195697748004081440e+01 3.248693696628155436e+00 1.229067001959646888e+01 4.697836878085071817e+02 7.761973262989047839e+01
4.812210629316431550e+03 1.029260131737176920e+01 3.838440829007125021e+00 1.222288559406065467e+01 4.199484076048217958e+02 8.983896000837219731e+01
5.559918639089216413e+03 1.190037800552532765e+01 3.853084378291901757e+00 1.238904658017202287e+01 4.569689929383008007e+02 8.393792235383099865e+01
6.997832789462178880e+03 1.104871570346445608e+01 3.441682749896336713e+00 1.417340928458804150e+01 4.283375860571244971e+02 8.800584241513169559e+01
6.473941436358592000e+03 1.047326575641042012e+01 3.753945183539690866e+00 1.175540056858907079e+01 4.365307186020729091e+02 9.249299944356540948e+01
5.735605243129498376e+03 1.113653329622269617e+01 3.842511360466103643e+00 1.406745641350664044e+01 4.326300539030357299e+02 8.289117339695002329e+01
7.232344731021117695e+03 1.105096478203091870e+01 3.463579067909737574e+00 1.221816134779311902e+01 4.121454704505090376e+02 8.448373728324742160e+01
5.593244103111107506e+03 1.234446376758872432e+01 3.937220173581624127e+00 1.202174125578670960e+01 4.012557907096026497e+02 7.806380641028941625e+01
5.404443542078661267e+03 1.203633900727594508e+01 3.511202672735320718e+00 1.244551028239480139e+01 4.708095235841219619e+02 9.010417829753954777e+01
