-1.595137251371345766e+00 5.547743982256359452e+00 3.240872000951179999e+00 2.811643666425171606e+00 1.341380840283068665e+03 6.173655989945101510e+02
3.813967146171459177e+01 6.045338148278759149e+00 3.629463609805888336e+00 3.016015031886468911e+00 1.409054758023024306e+03 5.950549059002428294e+02
3.377807496173794988e+01 8.318431386980511988e+00 4.751781661960952086e+00 3.336607193043214181e+00 1.526152612617102932e+03 6.300788545136636003e+02
5.117467364355305648e+01 7.414586047094922527e+00 4.700127902625870213e+00 3.382337876080405703e+00 1.383248523711588177e+03 6.476416296462239188e+02
9.310397180904514869e+01 7.952856033810390635e+00 4.302766512529094811e+00 3.243919936498658618e+00 1.800629576510061725e+02 8.525455830838517102e+01
1.640302359756161650e+02 7.441585556947135416e+00 4.963865845920071962e+00 3.682696199705712825e+00 1.815368416475253071e+02 8.549973441423354359e+01
2.211354805147810225e+02 8.756449614776228074e+00 4.236504053802019776e+00 3.718970516482952515e+00 3.851050439393362694e+02 7.378898262951781817e+01
2.972023091933781416e+02 7.946760911235479341e+00 4.463363089959393903e+00 3.449550362851899976e+00 3.435476789898493166e+02 1.347239018281922540e+02
3.121997130303991526e+02 8.125677948211349033e+00 4.994476803616100469e+00 3.674248845611443937e+00 3.596048940992248504e+02 1.364756801047497277e+02
2.948432703729893092e+02 8.812938682220559983e+00 4.608862904278713479e+00 3.552624342540494418e+00 3.663517243472654172e+02 1.328239407460535517e+02
3.896333853327513452e+02 9.666267026668318607e+00 5.327449303960149152e+00 3.285286481720462781e+00 3.588598506401489203e+02 1.308325804589375139e+02
4.241324393435323259e+02 1.036402840465354203e+01 5.343361705551383345e+00 4.164668696687381377e+00 3.569781938839215627e+02 1.496512442801572149e+02
5.858408701602107840e+02 1.095226391953726086e+01 5.858788925694764949e+00 4.150432053483319450e+00 3.401499452673816108e+02 1.324755655459175330e+02
6.847331898720370873e+02 9.942804338910285367e+00 6.343173111032212930e+00 4.751608154446081755e+00 7.490605108315221514e+02 3.001287381603722224e+02
8.725302277444905030e+02 1.084298641453291978e+01 6.056783898140649214e+00 4.119261331579316732e+00 6.757938337534974380e+02 3.147031830775270009e+02
8.289636961980074830e+02 1.089445201314790168e+01 6.434764090961741623e+00 4.622937350034265869e+00 6.907927061123548356e+02 2.879439234445949864e+02
1.190456651718446665e+03 1.055394524745136131e+01 6.254158649310639362e+00 4.351958997095988657e+00 7.316242463055132248e+02 3.235829410785698315e+02
9.802276377181370890e+02 1.105681909321201140e+01 6.040557958844237518e+00 4.848306366384837141e+00 7.400732576955965669e+02 2.915081469661674305e+02
1.438370402284783268e+03 1.061966411874412231e+01 7.115452134743890156e+00 4.446641243988306513e+00 7.409669393734570804e+02 3.220101438672318750e+02
1.282651696026276113e+03 1.197576106434646448e+01 5.910617412419927774e+00 5.181885011543095665e+00 7.863002045435703167e+02 2.943278552389966194e+02
1.236125901134924561e+03 1.122565417054623005e+01 6.651484849046741310e+00 4.968916540822461592e+00 7.694221898114087708e+02 2.915934572350286089e+02
1.369553213213755271e+03 1.127094897045033584e+01 6.607936158043999697e+00 5.038399696825825558e+00 7.158574276865531374e+02 3.366376570437719238e+02
1.719380872872327700e+03 1.299916610857167676e+01 7.165943475024275422e+00 5.192367493246851318e+00 7.518768480406513390e+02 3.057665676483083530e+02
1.662106141910975566e+03 1.254348627014928219e+01 6.388288266973381369e+00 4.747746693098893189e+00 8.490376326914233687e+02 3.000620969514943681e+02
1.883125894709955674e+03 1.185719817358352479e+01 6.549077930392741109e+00 5.008601647996940187e+00 8.242274307353966378e+02 3.045369721214008223e+02
2.664069186030043966e+03 1.232871350005594735e+01 7.434888753574120379e+00 5.337124745754466382e+00 7.564263027947501996e+02 3.217798826765693434e+02
2.566819438630945115e+03 1.296066188595293411e+01 7.174794133848000577e+00 5.904443688915171684e+00 8.518435051906379840e+02 3.384004749295789907e+02
2.509661509461363039e+03 1.233488028290543781e+01 7.765211382379977323e+00 5.773967718371737945e+00 7.213127834543450945e+02 3.290667608142726408e+02
3.301146193526773914e+03 1.270697700669490970e+01 7.859082683656307466e+00 6.105561123657375688e+00 7.333750840874726009e+02 3.408455951613734101e+02
3.269149944052013325e+03 8.544430566349628720e+00 0.000000000000000000e+00 1.015938175379000263e+01 8.331360594665131885e+02 3.123642220978764499e+02
3.417767666354144239e+03 8.048323637151517218e+00 0.000000000000000000e+00 1.082117816876737493e+01 5.990564557683640305e+04 0.000000000000000000e+00
3.306750625461852906e+03 8.480828058884231524e+00 0.000000000000000000e+00 9.765344415538509182e+00 5.704477990739332745e+04 0.000000000000000000e+00
2.971311186427542907e+03 8.795030460996541066e+00 0.000000000000000000e+00 1.001787496268670452e+01 5.631549479152927233e+04 0.000000000000000000e+00
3.825824037889413830e+03 9.153583722116152899e+00 0.000000000000000000e+00 1.085081233020799374e+01 5.922109819125461945e+04 0.000000000000000000e+00
3.144750316840023970e+03 9.241069744965276556e+00 0.000000000000000000e+00 1.134067072930918307e+01 5.265352721492949786e+04 0.000000000000000000e+00
3.223021578764204151e+03 8.785336324554837262e+00 0.000000000000000000e+00 9.880031366361125222e+00 5.942144629785248981e+04 0.000000000000000000e+00
3.744231436483969901e+03 9.953315804091943164e+00 0.000000000000000000e+00 1.011947076176965865e+01 5.316956275615666527e+04 0.000000000000000000e+00
4.370377271017958265e+03 9.096895252266071097e+00 0.000000000000000000e+00 1.096558022809464461e+01 5.962569133726256405e+04 0.000000000000000000e+00
3.329281611587791303e+03 9.363919440007181905e+00 0.000000000000000000e+00 1.183014408021682584e+01 5.259862740157450753e+04 0.000000000000000000e+00
3.696670008145973952e+03 1.013159024806066455e+01 0.000000000000000000e+00 1.028393808649367003e+01 6.206796131797293492e+04 0.000000000000000000e+00
3.615431217899479179e+03 9.187324369551731706e+00 0.000000000000000000e+00 1.152972411038603084e+01 5.894312405421776930e+04 0.000000000000000000e+00
4.870370241882026676e+03 9.770110814426791634e+00 0.000000000000000000e+00 1.181275939000238218e+01 6.239688745031821600e+04 0.000000000000000000e+00
3.505388970782505112e+03 9.242983255655341068e+00 0.000000000000000000e+00 1.214383941782164023e+01 6.315939940556155489e+04 0.000000000000000000e+00
4.098539550730532937e+03 8.905831384051033695e+00 0.000000000000000000e+00 1.239433452157737570e+01 5.465984467817926634e+04 0.000000000000000000e+00
4.079130482405171733e+03 9.446378425588049410e+00 0.000000000000000000e+00 1.181746456422078850e+01 5.414171600157795183e+04 0.000000000000000000e+00
5.133007258866276970e+03 1.084596351560030847e+01 0.000000000000000000e+00 1.064074476280884163e+01 5.626054658110965102e+04 0.000000000000000000e+00
5.153281449852660444e+03 1.013859906310388403e+01 0.000000000000000000e+00 1.138196003011955781e+01 6.326803197645751061e+04 0.000000000000000000e+00
5.566691534734464767e+03 1.037019951821525154e+01 0.000000000000000000e+00 1.294848104895383933e+01 5.382830150054870319e+04 0.000000000000000000e+00
3.816903489967023688e+03 1.005334562202101623e+01 0.000000000000000000e+00 1.125013661694788247e+01 6.238323743087881303e+04 0.000000000000000000e+00
5.115767094909320804e+03 9.379369847233384405e+00 0.000000000000000000e+00 1.238357765467544347e+01 6.040805015310145973e+04 0.000000000000000000e+00
5.662670380954033135e+03 9.361745421310923021e+00 0.000000000000000000e+00 1.091448090291644135e+01 5.907533399271639792e+04 0.000000000000000000e+00
4.483364862130511028e+03 1.030042341593917143e+01 0.000000000000000000e+00 1.102496285767509931e+01 5.828322772987358621e+04 0.000000000000000000e+00
4.628930590719530301e+03 1.040326003421399825e+01 0.000000000000000000e+00 1.184951077074775938e+01 5.472737178157875314e+04 0.000000000000000000e+00
6.143381609864833990e+03 1.203214412389545274e+01 3.771985701987637718e+00 1.388294119994678688e+01 4.565846643111731851e+02 7.949086717020882986e+01
4.482798880255350014e+03 1.076259041257027249e+01 3.564922551336496603e+00 1.249338026976516147e+01 4.659756442555974445e+02 8.502638132573709129e+01
6.325694211969006574e+03 1.079274152504695117e+01 3.769060689867801184e+00 1.172983709206170921e+01 4.793017554289309032e+02 8.261064241483494186e+01
4.422345315118778672e+03 1.182472496027263809e+01 3.454197305923566663e+00 1.298175301714123009e+01 3.980237179325466741e+02 7.681446070725273501e+01
6.542854891567475534e+03 1.072176513934474862e+01 3.272664310887425376e+00 1.206362618973534850e+01 4.756988851242056739e+02 8.751178646873023581e+01
4.960725705026090509e+03 1.128389450014866213e+01 3.695216271706062816e+00 1.369496966179053743e+01 4.689037921982085209e+02 8.023185341392644432e+01
6.289196058130725760e+03 1.096396263760777146e+01 3.367476130597575334e+00 1.180792259386448428e+01 4.652367342650044861e+02 8.900462706896534826e+01
5.516760733119115685e+03 1.222949341029648807e+01 3.475107610056292984e+00 1.249992921343364749e+01 4.604311049877578057e+02 8.284668525653856364e+01
6.448159649347997401e+03 1.078802223669878657e+01 3.705767033648787567e+00 1.337782383746227310e+01 4.293319182036522648e+02 9.068018772485272905e+01
5.132516157078744982e+03 1.101671525354195147e+01 3.366925470425822908e+00 1.250990141708446046e+01 4.615454130826435062e+02 8.762916157654534288e+01
5.420304928126826780e+03 1.072815180392472101e+01 3.738172740565587127e+00 1.434997574975232482e+01 4.726998501866098081e+02 8.648692830594893621e+01
6.074318477829599942e+03 1.163127700531742192e+01 3.822078075050203694e+00 1.209637909065536476e+01 3.978606679709376976e+02 8.228755625212390612e+01
6.553688357705450471e+03 1.047766601204101455e+01 3.596545610397650528e+00 1.218604380041793789e+01 4.132921575916529378e+02 8.221180513716703331e+01
5.851765117001308681e+03 1.217582464349960070e+01 3.469664989601066729e+00 1.286558555681382998e+01 4.003959076103807320e+02 8.647353053246570198e+01
