2.000000000000000111e-01 3.338045012082284213e+00
1.000000000000000056e-01 3.474045012082284334e+00
5.000000000000000278e-02 3.908045012082284497e+00
3.333333333333333287e-02 4.088045012082284657e+00
2.000000000000000042e-02 4.168045012082284728e+00
1.250000000000000069e-02 4.192045012082284750e+00
1.000000000000000021e-02 4.214045012082284103e+00
6.666666666666667095e-03 4.316045012082284416e+00
5.000000000000000104e-03 4.460045012082284543e+00
4.000000000000000083e-03 4.622045012082284465e+00
3.333333333333333547e-03 4.782045012082284607e+00
