-4.499454688716815198e-01 5.636908243394537443e+00 3.508072196867289883e+00 2.727479879737847224e+00 1.386154747695038168e+03 6.266292522533194642e+02
3.319832101596260543e+01 5.917450008494026470e+00 3.499431144929489701e+00 2.895425010902951790e+00 1.393154163781580792e+03 5.931014021215784169e+02
3.331870428314146437e+01 7.715397306272651967e+00 4.498143630150104322e+00 3.277247136641068703e+00 1.341879442868238129e+03 6.058281273166659275e+02
5.218785955935899779e+01 7.509394780537523850e+00 4.331402617453012027e+00 3.424337994395284746e+00 1.380918503896460606e+03 5.958911939673357665e+02
9.550523419738313180e+01 7.844160993970895390e+00 4.583611375639398133e+00 3.371503297860675374e+00 1.927964467849473635e+02 7.944621999240546018e+01
1.562642812930425293e+02 7.742120135999498665e+00 4.306675421471696907e+00 3.342939302192280415e+00 1.990541775448824922e+02 8.352408845395015646e+01
1.934331868297844323e+02 7.888495613050332977e+00 4.732139495941948937e+00 3.537286737407288051e+00 3.779191687405175344e+02 8.123960760640400736e+01
2.600076967903771674e+02 8.687181418606250816e+00 4.574763076824859276e+00 3.546567292427675433e+00 3.550813671861114358e+02 1.439825146489814358e+02
3.103674440059911035e+02 8.280902098091894814e+00 4.523424643242391241e+00 3.590569368893727020e+00 3.582008687628791108e+02 1.470383374520229722e+02
3.534660523270906651e+02 9.144331658794925488e+00 4.614292033465972054e+00 3.553190253629781470e+00 3.466019118631148785e+02 1.366002050811538027e+02
4.330582394645173281e+02 9.050726999726782296e+00 4.740460581051602951e+00 3.592113902986950436e+00 3.508160424174122340e+02 1.429501732967323164e+02
4.998750607330691196e+02 9.641640826278230492e+00 5.115138342347553824e+00 3.837907914194778503e+00 3.638111146178832769e+02 1.435879610532364268e+02
5.913333553626013099e+02 9.802190060015798068e+00 5.451364710161320737e+00 4.290063660283498059e+00 3.426428873530443298e+02 1.419343336696787787e+02
6.739718629487903172e+02 1.089683856884187207e+01 5.826865215796715347e+00 4.168089115859749505e+00 7.500050814193009501e+02 3.269135785858093186e+02
8.046079979886502542e+02 1.081312528663987393e+01 6.047415415602629629e+00 4.514136645562280670e+00 7.103090279244210024e+02 3.062492404143640670e+02
9.124110543999755691e+02 1.174313320120300475e+01 6.468819721280699930e+00 4.521033244004005525e+00 7.593004001961801350e+02 3.116771944433218096e+02
9.660569950293864849e+02 1.096534233274914349e+01 6.362208856104990318e+00 4.428319497811374461e+00 7.598005981713281471e+02 3.180746653552637895e+02
1.128773014925167445e+03 1.167128825116523849e+01 6.379236896581907068e+00 4.776269542346412322e+00 7.625958789713369015e+02 3.246748768395546563e+02
1.208464196133224505e+03 1.204840011091829410e+01 6.507520096857281722e+00 4.645029831462781367e+00 7.393627189990154420e+02 3.020364027305016634e+02
1.292856940833233693e+03 1.185035517213556844e+01 6.684590253360995327e+00 4.972987461036205481e+00 7.226820872342482289e+02 3.218230521613594419e+02
1.396918397909767691e+03 1.238970228078294333e+01 6.498854195447610671e+00 5.073364103127243396e+00 7.108402549164791253e+02 3.004061661093981002e+02
1.620933720043527501e+03 1.233120379245523424e+01 7.033351069285878054e+00 4.941452704282866648e+00 7.726647174430784162e+02 3.091996634295497870e+02
1.862848787597290766e+03 1.196634341701095217e+01 6.578614396537631137e+00 5.216209883464611785e+00 7.773852442250781678e+02 3.112574811157608110e+02
1.927883010952540644e+03 1.238778195880412270e+01 6.931164953919035199e+00 5.423558066835176383e+00 8.146848663369112273e+02 3.234030169553667520e+02
2.253162685537356992e+03 1.318471069177100752e+01 7.266910723833404084e+00 5.553584494460840126e+00 8.060546911874436091e+02 3.131533206944703807e+02
2.205515084797420968e+03 1.332327383000896681e+01 7.312116611480656836e+00 5.361898181328665025e+00 7.660653155086548622e+02 3.122124023560307364e+02
2.575916217533092095e+03 1.387358348845849143e+01 6.879733908166859813e+00 5.311331932948721857e+00 8.230069268190527509e+02 3.031902712917951135e+02
2.660364960452325704e+03 1.419016444917433795e+01 7.364020170325063397e+00 5.367241012177028203e+00 7.710828016730188210e+02 3.164059702977096435e+02
2.848608346993118630e+03 1.433577147178231215e+01 7.308469490764661458e+00 5.516847684338467062e+00 8.062309219581051138e+02 3.009330825097801494e+02
2.756764564491925285e+03 7.805777368735387078e+00 0.000000000000000000e+00 9.328236736962370657e+00 7.619113491562852687e+02 3.168455738582835579e+02
2.949622387183684168e+03 8.385339165163371078e+00 0.000000000000000000e+00 9.830073373400924908e+00 6.058110900122627208e+04 0.000000000000000000e+00
2.976316034515524279e+03 8.433415140393101694e+00 0.000000000000000000e+00 1.008811744007423172e+01 5.742014639539395284e+04 0.000000000000000000e+00
3.175718081765286115e+03 8.280836345379974262e+00 0.000000000000000000e+00 9.882198419659127708e+00 5.715580968589989061e+04 0.000000000000000000e+00
3.294403633050427743e+03 8.474990583010987066e+00 0.000000000000000000e+00 1.092715114140455235e+01 5.958949724020051508e+04 0.000000000000000000e+00
3.533190953456296484e+03 8.632725451559219110e+00 0.000000000000000000e+00 1.026282675972612424e+01 5.592291273549225298e+04 0.000000000000000000e+00
3.552598656810181637e+03 8.497726916300242905e+00 0.000000000000000000e+00 1.054522195675762397e+01 5.634016451799348579e+04 0.000000000000000000e+00
3.624431553257449650e+03 9.257546632880163884e+00 0.000000000000000000e+00 1.124055643945947125e+01 5.985907816339892452e+04 0.000000000000000000e+00
3.509152769858371357e+03 9.022939406681151908e+00 0.000000000000000000e+00 1.088321158764245666e+01 5.824266944060096284e+04 0.000000000000000000e+00
3.645761029456416964e+03 9.438635014314710858e+00 0.000000000000000000e+00 1.092281672073838905e+01 6.029439986821330240e+04 0.000000000000000000e+00
3.718183527515975129e+03 9.519128731141323740e+00 0.000000000000000000e+00 1.077670302890883747e+01 5.762505964309000410e+04 0.000000000000000000e+00
3.919040304685619049e+03 9.498508804293759766e+00 0.000000000000000000e+00 1.180693327255873726e+01 5.523325909653175768e+04 0.000000000000000000e+00
3.952113775219447234e+03 9.407305800335286960e+00 0.000000000000000000e+00 1.175574298407690321e+01 5.669512960060068872e+04 0.000000000000000000e+00
4.029238322245483687e+03 9.834370196193571445e+00 0.000000000000000000e+00 1.203118695677764904e+01 5.709434682176684146e+04 0.000000000000000000e+00
4.360019076264269643e+03 9.745260165743395930e+00 0.000000000000000000e+00 1.150026878832276012e+01 5.798040630791895092e+04 0.000000000000000000e+00
4.159336885203303609e+03 1.013033571073286332e+01 0.000000000000000000e+00 1.168308650154869532e+01 5.943711915531480918e+04 0.000000000000000000e+00
4.667404025607294898e+03 1.003688713439646740e+01 0.000000000000000000e+00 1.123965222290823363e+01 5.554005229002653505e+04 0.000000000000000000e+00
4.577435660855114293e+03 9.550239154480061998e+00 0.000000000000000000e+00 1.177902286230070850e+01 5.720843750643017847e+04 0.000000000000000000e+00
4.548974160294216745e+03 9.711710963037525346e+00 0.000000000000000000e+00 1.167555406787081118e+01 5.916078261143973941e+04 0.000000000000000000e+00
4.762842004493170862e+03 1.041097402795718807e+01 0.000000000000000000e+00 1.140872940432643645e+01 5.796895345168018684e+04 0.000000000000000000e+00
4.962445703738440898e+03 1.049268416803115400e+01 0.000000000000000000e+00 1.235833879792236800e+01 5.786050804118531232e+04 0.000000000000000000e+00
4.954211909027622823e+03 9.957371697257212162e+00 0.000000000000000000e+00 1.223875057819921608e+01 5.782813705485338869e+04 0.000000000000000000e+00
5.267078463999734595e+03 1.071752363952049336e+01 0.000000000000000000e+00 1.177369691496277326e+01 5.822251296737934899e+04 0.000000000000000000e+00
5.311350754637226601e+03 1.084031000886743001e+01 0.000000000000000000e+00 1.183207332855153204e+01 5.955159984067992627e+04 0.000000000000000000e+00
5.310491914373045802e+03 1.112904437034889860e+01 3.605230284470341218e+00 1.288047081161792029e+01 4.476746479809431776e+02 8.601799366177263551e+01
5.404836736518276666e+03 1.118782596602026658e+01 3.407586155483878887e+00 1.238959744345314640e+01 4.671355717058771688e+02 8.497741445562100182e+01
5.159547181513827127e+03 1.128138459286780559e+01 3.560511504758457679e+00 1.230156389413782136e+01 4.634385564984020789e+02 8.795947822638713376e+01
5.427489585714318309e+03 1.116081554401479359e+01 3.705774367127706359e+00 1.242005485218654925e+01 4.351301762816075325e+02 8.280928754774252809e+01
5.499463388177667184e+03 1.066134926734700805e+01 3.730800898447449221e+00 1.257476789265010453e+01 4.440471978429815749e+02 8.183885311223517078e+01
5.329828982082881339e+03 1.062333775003626357e+01 3.647923639417455011e+00 1.347534914960282748e+01 4.294314429476775103e+02 8.379401610807866518e+01
5.698420966379792844e+03 1.081872531306937724e+01 3.520249654150427787e+00 1.358237001447889192e+01 4.500242964391770215e+02 8.693722119210082155e+01
5.939293567595057539e+03 1.074949404866682023e+01 3.452886211248578974e+00 1.237409848337661700e+01 4.372884630717087475e+02 8.882681820664689099e+01
5.600808541231946037e+03 1.165337331982978597e+01 3.516785763918065744e+00 1.347157146971767894e+01 4.369690391950534263e+02 8.507877846556863233e+01
5.718503826320938970e+03 1.153185192726744646e+01 3.806623642967674304e+00 1.243585376862051817e+01 4.439314624249222447e+02 8.326056894415118848e+01
5.781079047406203244e+03 1.132462583582369930e+01 3.579644885120908171e+00 1.321408717773568497e+01 4.191843702466288732e+02 8.386861418527644219e+01
6.438769533545626473e+03 1.071136266431490824e+01 3.562382842692112916e+00 1.273091372602440252e+01 4.171866612908878551e+02 8.473431870451456405e+01
6.334004196937113193e+03 1.164452221695532330e+01 3.562543622512916563e+00 1.352183748463229485e+01 4.242643444945156261e+02 8.812432361116637480e+01
6.660278125904952503e+03 1.172096260833148662e+01 3.847216206767976043e+00 1.299306451969822973e+01 4.498824017942553724e+02 8.488519731980309757e+01
