-1.745102988760708351e-01 5.754433100331761253e+00 3.256201081149386223e+00 2.916662459370728655e+00 1.460358578644874115e+03 5.918998700816646306e+02
3.420489842885310594e+01 6.016903557677447445e+00 3.394084672066189245e+00 2.756143836787458667e+00 1.450617837277368153e+03 5.731836310867608972e+02
3.274313145595757391e+01 7.852947840619028064e+00 4.190056593035770049e+00 3.233162483118312114e+00 1.363842859784043640e+03 5.943869459626762364e+02
4.733963587187401600e+01 7.528136230406555107e+00 4.171303377293173575e+00 3.330897411449084800e+00 1.448762669356155357e+03 5.820163148303653315e+02
9.674822037795217966e+01 7.826758086997471331e+00 4.353319693978574989e+00 3.496975495898535513e+00 1.993290343883471962e+02 7.789715253353138280e+01
1.428765840949479013e+02 8.441927275112050211e+00 4.563561386674019893e+00 3.528903244483529988e+00 1.976421758918843068e+02 7.630043326460739195e+01
1.942920486584000344e+02 7.972377702306618019e+00 4.775966056254462799e+00 3.416789559272324084e+00 3.550671106698104609e+02 8.083034077011403440e+01
2.472692228047467609e+02 8.429870961914355476e+00 4.801624434927024510e+00 3.460915341449058324e+00 3.779700179920472465e+02 1.457915001659183076e+02
3.112039089748167271e+02 8.847209572268363686e+00 4.618513867155365382e+00 3.592952011540671009e+00 3.515250153605264245e+02 1.391170319388944279e+02
3.372821358756592645e+02 8.630921811062947313e+00 4.787633959527624938e+00 3.619199257867219632e+00 3.742166173878824793e+02 1.482522062606697091e+02
4.313551342744473800e+02 9.216770410173454664e+00 5.088883272738923047e+00 3.812667281005251763e+00 3.423640680820489024e+02 1.476636759892956832e+02
4.978576991060409682e+02 9.494502934018269613e+00 5.109710620815976156e+00 3.752407183861239393e+00 3.575505195909731242e+02 1.404678801881994161e+02
5.855906059346783650e+02 1.027961161390456546e+01 5.587841305603497233e+00 4.140687601210533586e+00 3.757882332697769812e+02 1.455576063990372973e+02
6.393223744922595415e+02 1.123084111712555000e+01 5.816141026787067680e+00 4.471969009932891481e+00 7.714435983588883801e+02 2.982456004912520484e+02
7.718280751219140257e+02 1.152810990723889795e+01 6.355572895191925475e+00 4.278995586995620215e+00 7.555050007101112897e+02 3.153284898669394352e+02
8.668060623697513165e+02 1.154203689985727621e+01 6.228102554362249244e+00 4.550884687283166308e+00 7.527363600213892596e+02 3.271358906034036522e+02
1.019590135092902983e+03 1.132557465241556294e+01 6.199473453054581640e+00 4.837194188450852472e+00 7.602067527037430636e+02 3.082887582986549546e+02
1.133843575041590839e+03 1.141821783947694158e+01 6.194276079162005288e+00 4.771018055223715137e+00 7.440618609312203944e+02 3.080697354205934744e+02
1.207826963448502511e+03 1.207081681842899989e+01 6.307368421231972277e+00 4.965156849343097534e+00 7.636171006770907752e+02 3.212194615983252675e+02
1.256037455483323356e+03 1.139557143644381121e+01 6.872047830995387407e+00 4.689837567277393759e+00 7.032146672813427131e+02 2.976093342710431671e+02
1.352505678287121555e+03 1.182016527408704754e+01 6.734373512499654879e+00 4.773458230153327264e+00 7.682034647893541432e+02 3.120653557994667722e+02
1.530021816132714775e+03 1.190151844989782681e+01 6.665806092402511318e+00 5.057420937247479209e+00 7.091363231486413952e+02 3.003223890264891907e+02
1.836514900489583169e+03 1.235503992032489151e+01 6.582509556303442366e+00 5.093175305967628574e+00 8.394672527866633800e+02 3.251861734601913554e+02
2.064688512493270991e+03 1.314286119615503168e+01 6.753814020610837687e+00 5.227013156203383026e+00 7.889509360350153884e+02 3.169648593401834660e+02
2.096159727531708086e+03 1.268228034021499973e+01 7.160116256157861514e+00 5.164970419858105899e+00 7.717559664797367986e+02 3.121139936999588258e+02
2.398678009385047517e+03 1.364201706415929927e+01 7.150115502875234341e+00 5.534240283348640155e+00 8.212541025621303561e+02 3.064105643853899892e+02
2.733966289558158678e+03 1.308446139990160439e+01 7.393216393025637601e+00 5.327854367234071020e+00 8.101859084882224806e+02 3.265868350638273796e+02
2.592994888039763282e+03 1.310121046428214164e+01 7.517722689160059701e+00 5.819460325740048567e+00 7.710596983029020066e+02 3.134479515207872282e+02
2.874335891684950184e+03 1.401145828731074516e+01 7.486249664480692623e+00 5.949435221698124110e+00 7.889018879060255358e+02 3.134086283189669757e+02
2.785064960150091338e+03 7.955199673522955095e+00 0.000000000000000000e+00 1.013400123112984019e+01 7.619771132301412990e+02 2.971101135821615458e+02
3.014852781101851178e+03 8.460642365906995366e+00 0.000000000000000000e+00 9.884348569731322698e+00 5.730441569179151702e+04 0.000000000000000000e+00
2.987287625209502949e+03 8.717912214650032965e+00 0.000000000000000000e+00 1.001946722830178338e+01 5.983105617588568566e+04 0.000000000000000000e+00
3.328625636392522210e+03 8.200563984363350656e+00 0.000000000000000000e+00 1.045199268768934431e+01 5.623576987149322667e+04 0.000000000000000000e+00
3.275634932795075656e+03 8.522899457250868949e+00 0.000000000000000000e+00 1.067200798174091148e+01 5.894378692139706254e+04 0.000000000000000000e+00
3.520280805669808615e+03 8.872103366527097634e+00 0.000000000000000000e+00 1.091964346235269723e+01 5.537113473977053218e+04 0.000000000000000000e+00
3.588253541224604305e+03 8.820952445197940861e+00 0.000000000000000000e+00 1.124732735811548956e+01 5.856124131659065461e+04 0.000000000000000000e+00
3.428007631415493961e+03 8.865916805902317677e+00 0.000000000000000000e+00 1.071145630838285001e+01 5.727986157357975753e+04 0.000000000000000000e+00
3.507237423653092264e+03 8.807539964427425261e+00 0.000000000000000000e+00 1.051665812181629001e+01 5.685474621580681560e+04 0.000000000000000000e+00
3.849590904003056949e+03 9.079743075635310134e+00 0.000000000000000000e+00 1.155685573640886865e+01 5.713670816334496340e+04 0.000000000000000000e+00
3.727873858824298622e+03 9.010916817795687095e+00 0.000000000000000000e+00 1.155928372812716276e+01 5.613137575311857654e+04 0.000000000000000000e+00
3.911683266220621135e+03 9.477731076451341607e+00 0.000000000000000000e+00 1.090643602464763440e+01 5.618970498216967826e+04 0.000000000000000000e+00
3.904597753598515737e+03 1.000236433802798430e+01 0.000000000000000000e+00 1.083490873164673651e+01 5.825877643714386068e+04 0.000000000000000000e+00
3.988871215070351809e+03 1.002489208050637259e+01 0.000000000000000000e+00 1.095167386568754075e+01 5.523749645463092747e+04 0.000000000000000000e+00
4.338535797502951027e+03 9.784731071574015004e+00 0.000000000000000000e+00 1.153055210658663654e+01 6.066641514953961450e+04 0.000000000000000000e+00
4.497247826163840728e+03 1.003905326557061173e+01 0.000000000000000000e+00 1.213026651301190029e+01 5.912248984687816846e+04 0.000000000000000000e+00
4.562603362023200134e+03 1.009717902373347975e+01 0.000000000000000000e+00 1.198404952014221436e+01 5.854977744679665193e+04 0.000000000000000000e+00
4.428093096850639085e+03 9.651513878907078237e+00 0.000000000000000000e+00 1.161852172342603673e+01 5.918547254897638049e+04 0.000000000000000000e+00
4.611992620665570030e+03 1.047916272153300099e+01 0.000000000000000000e+00 1.150479096648588317e+01 5.579230379049804469e+04 0.000000000000000000e+00
4.577968065675519028e+03 1.062301032966217029e+01 0.000000000000000000e+00 1.137429307978000281e+01 6.038721559717255150e+04 0.000000000000000000e+00
4.740823327612878529e+03 9.707164820596322130e+00 0.000000000000000000e+00 1.223904025111621152e+01 5.915405059248586622e+04 0.000000000000000000e+00
4.919676060644034806e+03 1.074645720886997680e+01 0.000000000000000000e+00 1.225975462252586823e+01 5.995552108300787222e+04 0.000000000000000000e+00
4.930582316341769911e+03 9.798493476800242519e+00 0.000000000000000000e+00 1.212899191448692271e+01 6.038930487981459737e+04 0.000000000000000000e+00
5.029603449473824185e+03 1.003927994827777681e+01 0.000000000000000000e+00 1.178590827231960780e+01 5.651607709737375262e+04 0.000000000000000000e+00
5.281931591136117277e+03 1.148616960953328281e+01 3.625513602535706426e+00 1.298500357896513080e+01 4.298830370301725452e+02 8.894456365888727589e+01
5.351263259353174362e+03 1.083634554309523068e+01 3.459614809530579649e+00 1.335661293102818092e+01 4.600633903051897846e+02 8.757276387952398977e+01
5.406383350486440577e+03 1.158900342057299504e+01 3.658852905852271409e+00 1.296126819536841168e+01 4.584035658782657947e+02 8.648876867027033200e+01
5.110784037898318275e+03 1.094188089219370319e+01 3.725331383225451543e+00 1.328323156699581808e+01 4.606555982663089708e+02 8.734419801349922352e+01
5.687125826924499052e+03 1.061706733982467732e+01 3.679796327788487975e+00 1.347021385909300051e+01 4.471201871464601254e+02 8.703440004709531763e+01
5.500598534805279996e+03 1.149415459436304587e+01 3.421649957498762884e+00 1.247946957943408641e+01 4.319210867645455210e+02 8.577391632805634458e+01
5.434546624761389467e+03 1.125318222935516133e+01 3.557351452779160983e+00 1.329353542285180900e+01 4.213709131567787836e+02 8.716362913480689656e+01
5.684875214321107705e+03 1.149734045610322930e+01 3.630784879158907241e+00 1.357162223815448598e+01 4.514302601313156629e+02 8.706348968856030979e+01
5.793792843453749811e+03 1.101727315738667734e+01 3.516832895166827733e+00 1.350853201709015039e+01 4.134938493750777297e+02 8.873728404524580071e+01
5.948973613010854024e+03 1.141459746588211210e+01 3.626339428971076195e+00 1.330442170447945749e+01 4.495965450524036555e+02 8.213846372914663618e+01
6.222085446710709220e+03 1.082785476118359291e+01 3.590557242994123044e+00 1.269737789684522689e+01 4.226911495196475244e+02 8.619853286960305638e+01
6.134067576549347905e+03 1.075451147233553684e+01 3.486304250271216265e+00 1.345148084617916950e+01 4.104283551073235117e+02 8.752917390063105074e+01
6.225664393390421537e+03 1.116890340421090499e+01 3.697226681078960464e+00 1.315152640406207141e+01 4.122836002966492401e+02 8.473024443285754614e+01
6.158760679684600291e+03 1.069961142439212409e+01 3.654688795261606948e+00 1.363537809992836713e+01 4.117081790521828566e+02 8.195126826639497608e+01
