-1.436159591989522033e-01 5.754243374293715796e+00 3.340140928674570020e+00 2.712912124135015812e+00 1.418763784115230692e+03 6.260228292466094899e+02
3.124344989497470948e+01 5.863622949824437214e+00 3.416779417247971296e+00 2.877939916873744952e+00 1.358637427388963033e+03 6.175604360556329766e+02
3.166342925434475930e+01 7.851232432963112018e+00 4.290135700972060206e+00 3.335959002132629525e+00 1.421649694059032527e+03 6.235817739398671620e+02
4.836052385326505743e+01 7.927261849287059015e+00 4.436684136661853906e+00 3.495072267350523898e+00 1.402563534302894823e+03 6.141974196276754583e+02
9.618833981591406257e+01 7.555179261337458207e+00 4.589495504050415065e+00 3.298298912043380327e+00 2.020164400158205922e+02 8.209975180671884232e+01
1.452338294232566227e+02 8.356461477894441714e+00 4.409658481731730362e+00 3.454425113123079427e+00 2.085863601971574042e+02 7.708557772765085758e+01
1.982959118655370787e+02 8.165009571201103711e+00 4.758686357683936663e+00 3.472539178731346432e+00 3.679138768648786026e+02 8.161938982789359898e+01
2.616641309983547785e+02 8.400763189197062886e+00 4.779664706580730282e+00 3.427262900079873997e+00 3.495110817553584184e+02 1.443350010362736953e+02
2.878478524521028135e+02 8.232409032696963891e+00 4.805402340740537959e+00 3.593186788309195023e+00 3.679740166842688609e+02 1.413846086002069455e+02
3.369586040308773818e+02 8.953409715633281252e+00 5.018781697683117216e+00 3.563465593891907535e+00 3.687270146607624497e+02 1.426868890338597566e+02
3.979012896768704763e+02 8.570025257252801509e+00 4.902324600552161016e+00 3.572903199218906867e+00 3.688395662393945145e+02 1.383346933127996010e+02
4.876448682428700181e+02 9.623916651882849393e+00 5.297123880728339174e+00 3.908906285651105872e+00 3.701894066061900048e+02 1.470447597139138907e+02
5.724129120267208464e+02 1.010040485321976433e+01 5.622048316475604324e+00 4.062924392350942604e+00 3.462341675858423855e+02 1.463102760853401492e+02
6.877495450911017087e+02 1.033754660912179446e+01 6.275298543363882153e+00 4.470292120968862193e+00 7.158353989444219678e+02 3.245162812161383386e+02
7.997489837267297617e+02 1.116421564471274586e+01 5.839016958192481788e+00 4.440133032777358935e+00 7.396488880581042622e+02 3.059204295092583834e+02
8.710810996559600881e+02 1.143739119574507690e+01 6.443714778791362008e+00 4.735787490869131311e+00 7.295585383385428031e+02 3.100015941824676133e+02
9.993334230655993906e+02 1.119721646050460784e+01 6.409891511551638388e+00 4.742615745927116322e+00 7.748988363160345898e+02 3.158088696629636729e+02
1.097545606501264729e+03 1.211378528472240568e+01 6.531264707209820664e+00 4.483644278801310001e+00 7.270692093864396384e+02 3.272208956921942899e+02
1.150664640897617574e+03 1.143578760215240209e+01 6.801116216113695323e+00 4.910125794372318886e+00 7.726705756516926158e+02 3.234883637617311933e+02
1.344164219185842285e+03 1.171968904959025615e+01 6.504247807152978567e+00 4.896172966863171716e+00 7.266492818332166053e+02 3.100399497323222704e+02
1.405264492708337912e+03 1.243290188708705202e+01 6.722314937652019040e+00 5.088222798532227031e+00 7.219327082003962914e+02 3.011481704952506107e+02
1.631488400365540201e+03 1.226762573950376911e+01 6.983677140427166030e+00 5.167879631603176094e+00 7.177746203375580762e+02 3.168503477906663761e+02
1.811099052158564746e+03 1.315125469456802598e+01 6.548796822128173822e+00 4.960494143600051586e+00 8.270996719836062994e+02 3.094351311782236280e+02
1.922761627174092609e+03 1.262711898982850478e+01 6.940181871121452239e+00 5.138104925938144163e+00 8.390109529526082497e+02 3.232291529388993467e+02
2.154197222870436235e+03 1.332386971594386438e+01 6.928812775243581967e+00 5.358373899651363459e+00 8.158849200052086417e+02 2.995768204465258577e+02
2.249638918803314027e+03 1.253169814869965037e+01 7.249507132047082969e+00 5.234121158587521805e+00 8.258902596728784147e+02 3.019804800369159352e+02
2.485418026468884818e+03 1.371856046770495396e+01 6.923295211043375197e+00 5.346092335058774125e+00 7.662923675941218562e+02 3.103956524061019877e+02
2.638229869533017336e+03 1.355122088295250293e+01 7.053129258581518179e+00 5.312482143344709584e+00 7.824256585755312017e+02 3.140021346328067011e+02
3.029682610137685060e+03 1.435221028070687943e+01 7.602910752498821978e+00 5.950640150138759132e+00 8.017408424455412614e+02 3.251980686286628952e+02
2.858352041675327200e+03 8.030004625518481376e+00 0.000000000000000000e+00 9.332608455813797832e+00 7.797069852035822350e+02 3.131077378854242852e+02
3.054340478959738448e+03 8.168588182234374884e+00 0.000000000000000000e+00 9.719227898194610304e+00 5.620477589333127253e+04 0.000000000000000000e+00
2.989549593559771893e+03 8.277737572755768269e+00 0.000000000000000000e+00 1.040167307758721549e+01 5.828909840336259367e+04 0.000000000000000000e+00
3.026271969727882151e+03 8.582598690006355113e+00 0.000000000000000000e+00 9.964108734890331220e+00 6.035023484981385263e+04 0.000000000000000000e+00
3.394194064869776412e+03 8.450116652055937649e+00 0.000000000000000000e+00 1.056573648579229285e+01 5.755869324257841072e+04 0.000000000000000000e+00
3.450434970398505357e+03 8.874677150719328722e+00 0.000000000000000000e+00 1.105737871370263292e+01 5.872923219866798900e+04 0.000000000000000000e+00
3.402423284414570844e+03 9.114467399850441964e+00 0.000000000000000000e+00 1.020578783191326977e+01 5.546284552509056084e+04 0.000000000000000000e+00
3.542280639388360214e+03 9.281997343752047769e+00 0.000000000000000000e+00 1.062873691465089188e+01 5.904582350435409171e+04 0.000000000000000000e+00
3.600779715107584707e+03 9.265603634683447609e+00 0.000000000000000000e+00 1.148408737697748272e+01 5.768966254557896173e+04 0.000000000000000000e+00
3.880827919302147166e+03 9.648048878210010670e+00 0.000000000000000000e+00 1.117821377699737262e+01 5.822444699223436328e+04 0.000000000000000000e+00
3.897445813352465393e+03 9.309489003997267531e+00 0.000000000000000000e+00 1.129630904957867088e+01 6.035292359992486308e+04 0.000000000000000000e+00
3.845814257207853643e+03 9.340973980340722349e+00 0.000000000000000000e+00 1.086163129135563743e+01 5.580079369916427822e+04 0.000000000000000000e+00
4.087106831466962376e+03 9.179504268082766316e+00 0.000000000000000000e+00 1.104133672506366004e+01 5.638642438287451660e+04 0.000000000000000000e+00
4.026967522335561625e+03 9.356036061984738694e+00 0.000000000000000000e+00 1.166604792448211825e+01 5.601696220147160057e+04 0.000000000000000000e+00
4.148495560908735570e+03 1.019742641903560276e+01 0.000000000000000000e+00 1.124376477903832061e+01 6.026144531401754648e+04 0.000000000000000000e+00
4.515164264503801860e+03 9.537969834362359123e+00 0.000000000000000000e+00 1.180948868411285702e+01 5.898489508930563898e+04 0.000000000000000000e+00
4.644949227147823876e+03 1.008358448716894884e+01 0.000000000000000000e+00 1.150393062752219109e+01 5.642257032317142148e+04 0.000000000000000000e+00
4.602868902285973491e+03 9.536397142480643296e+00 0.000000000000000000e+00 1.200329218801276632e+01 5.961695288869587239e+04 0.000000000000000000e+00
4.772981147466326547e+03 1.022956815718091050e+01 0.000000000000000000e+00 1.225487547220213003e+01 5.655235953782714205e+04 0.000000000000000000e+00
4.713587088432684141e+03 1.038813920540822977e+01 0.000000000000000000e+00 1.195447179648500935e+01 5.887002843289426528e+04 0.000000000000000000e+00
4.698383181705726201e+03 1.042004819364460388e+01 0.000000000000000000e+00 1.186432965797870942e+01 5.826686711562480923e+04 0.000000000000000000e+00
4.854408457574692875e+03 9.961424319096753521e+00 0.000000000000000000e+00 1.199529779704119292e+01 5.864883914910901512e+04 0.000000000000000000e+00
5.201474818629083529e+03 9.865761089986172294e+00 0.000000000000000000e+00 1.252776483493927984e+01 5.517142101069724595e+04 0.000000000000000000e+00
5.076809097990790178e+03 1.080217515879842693e+01 0.000000000000000000e+00 1.251806796110566999e+01 5.919391878288822772e+04 0.000000000000000000e+00
5.065005323679187313e+03 1.140892752399542331e+01 3.550682018773283932e+00 1.293218088755014783e+01 4.599022190210758936e+02 8.808936427985243256e+01
5.429037020779148406e+03 1.106254707347992117e+01 3.351239565552066146e+00 1.268180290049421721e+01 4.292527462506951110e+02 8.673072336584941411e+01
5.248779392239905974e+03 1.131514793542652164e+01 3.693593041710669933e+00 1.313904057650369417e+01 4.456370832327860398e+02 8.568034180251790133e+01
5.105122740616928240e+03 1.123625040118133533e+01 3.571030985150018378e+00 1.315267790259087377e+01 4.425165789877173097e+02 8.080607328142413337e+01
5.465398532726773738e+03 1.074148549329012425e+01 3.613593826736562153e+00 1.316097745780595751e+01 4.498234423333983045e+02 8.500093347295779722e+01
5.401717035485044107e+03 1.140858704536736923e+01 3.566458554818233040e+00 1.236383538370535717e+01 4.384390412858862760e+02 8.188683351276687006e+01
5.702816432677878765e+03 1.143872535217198028e+01 3.569518758135270531e+00 1.306463700105700987e+01 4.344606002957443138e+02 8.495833159065770701e+01
5.665609084353181061e+03 1.108818457674822788e+01 3.505165994398506957e+00 1.300759562108986067e+01 4.373322346395423210e+02 8.187445628987107682e+01
5.672969773564950628e+03 1.092763537347800451e+01 3.761304205140718615e+00 1.274570462392726533e+01 4.233846081009585305e+02 8.379046646938395781e+01
5.955727604621324645e+03 1.122042409665660756e+01 3.623247187906098787e+00 1.367906012643719471e+01 4.269866095499927496e+02 8.386739960052346987e+01
5.890031735846948322e+03 1.074957812348511155e+01 3.533261726494163479e+00 1.345463612327318792e+01 4.116713872621490964e+02 8.279428769615054762e+01
5.872724913864265545e+03 1.093870958192480813e+01 3.762023714731070889e+00 1.313923709059476330e+01 4.278731470994212032e+02 8.811956158913476145e+01
6.118643887368549258e+03 1.097533471531833271e+01 3.549498701236431408e+00 1.324481846584017219e+01 4.313295290208333768e+02 8.448274353068403286e+01
6.251815163044964720e+03 1.164183855837769599e+01 3.538019693463035686e+00 1.360265156459894698e+01 4.497630338702758763e+02 8.195338551502065627e+01
