-4.880449224526857144e-01 6.064113867817515491e+00 3.460209324834842448e+00 2.827076550220496642e+00 1.375283736494773393e+03 5.713489006532108760e+02
3.254387645334418977e+01 5.661786607392631510e+00 3.210247272413128794e+00 2.674006244834004509e+00 1.350835369761486618e+03 6.251538914990400144e+02
3.138833907802028378e+01 7.535188545190539600e+00 4.155906757022573395e+00 3.330888370924920405e+00 1.365740657487209319e+03 5.907935049810317878e+02
4.703921686070404462e+01 7.881414359027893113e+00 4.309047996219089072e+00 3.495684337029764777e+00 1.426972354735780527e+03 5.919493922143088867e+02
9.519989531633153490e+01 8.095678118801457046e+00 4.447525175002483344e+00 3.492411893198312800e+00 2.054276946100458190e+02 8.386596226126975751e+01
1.431860787187833637e+02 8.165394185012878836e+00 4.743127831736865474e+00 3.279094191473456821e+00 2.056106238653856053e+02 7.951654872532718343e+01
2.005879998918130980e+02 8.481784277178054055e+00 4.450483960172457287e+00 3.606375053631719840e+00 3.512189082076059776e+02 8.089408868687070253e+01
2.457350218313603989e+02 8.487051864232102005e+00 4.822857568756663049e+00 3.601933019104265554e+00 3.764916734287857594e+02 1.484801097954193381e+02
3.047894070707923220e+02 8.607547265746228859e+00 4.550163830541736232e+00 3.460308494127563694e+00 3.452403295101208869e+02 1.487153903349281450e+02
3.638872455466634506e+02 8.903723638549104535e+00 4.975914199896970480e+00 3.488295741694661611e+00 3.632101336271938976e+02 1.442463023310856727e+02
4.251756368608192815e+02 9.332287705495410535e+00 4.895116413236396014e+00 3.765661849534756023e+00 3.534075929007484547e+02 1.497030766732962093e+02
5.057442732068415125e+02 9.913370303854208032e+00 5.221752237974064847e+00 3.889482131562620015e+00 3.592739511705690347e+02 1.476898216025508646e+02
5.858070317993788194e+02 1.024303838141650402e+01 5.461615868870629775e+00 4.192607814361119623e+00 3.526356629751478522e+02 1.393680532265291845e+02
6.867532418255001403e+02 1.097389518915557360e+01 5.932143234216568750e+00 4.416097287937517990e+00 7.044460233485472145e+02 3.149289732318773076e+02
8.315471420570664804e+02 1.103488381906953109e+01 6.137164825832566173e+00 4.418931646051835749e+00 7.558778700159731443e+02 3.227031275787647360e+02
9.019634193187375786e+02 1.070574236228993215e+01 6.073636121043231917e+00 4.565394155984721536e+00 7.060515303951310671e+02 3.009318092854591100e+02
9.742338243442859493e+02 1.197350406889301944e+01 6.129822559596462384e+00 4.438158813087765608e+00 7.696885548422586680e+02 3.054939501339922003e+02
1.091697638573047243e+03 1.144630714430491558e+01 6.191955566487076013e+00 4.723116668923691641e+00 7.041033288042045797e+02 3.029202348713595825e+02
1.245260462224357070e+03 1.133995827775892096e+01 6.539189920645067211e+00 4.819276418868097878e+00 7.114067432743187283e+02 3.004207189810313139e+02
1.359862563939527490e+03 1.140911738562588162e+01 6.310228936646777420e+00 4.778782342806040084e+00 7.071966205455833006e+02 3.038636651431962719e+02
1.357444630809425689e+03 1.148404321179630116e+01 6.807848774315824691e+00 4.945577584835522345e+00 7.038135183204113901e+02 3.052600027755919427e+02
1.569734571790992050e+03 1.188172058039555878e+01 6.576342411542461797e+00 4.755950454305736486e+00 7.121919451744321350e+02 3.273959509434536130e+02
1.734007460826378065e+03 1.211611344570200011e+01 6.663956681133127447e+00 4.961472413772122003e+00 8.001447507860730184e+02 3.168774445418102914e+02
1.922515423512074221e+03 1.243946498846040960e+01 6.928064086445534286e+00 5.064572127371389954e+00 7.999695011684327710e+02 3.061048392830308558e+02
2.303497925578347349e+03 1.276193146607879925e+01 7.105427594804749170e+00 5.476279875645248651e+00 7.705552730390221541e+02 3.077394059570091827e+02
2.221370209592947049e+03 1.277716104148434972e+01 7.022896992381513215e+00 5.419364576553168611e+00 7.777814700935341534e+02 2.981712338087169769e+02
2.676230111633340130e+03 1.279883103552861279e+01 7.031266800957685525e+00 5.667943188677623922e+00 8.386979396729561813e+02 3.047205813119867912e+02
2.604663489878113069e+03 1.379053813347701052e+01 7.387754557101985142e+00 5.452057516870900677e+00 7.889036467957005243e+02 3.232146860631152094e+02
2.936906183355475605e+03 1.347142967058861274e+01 7.563490157538150349e+00 5.659034021533423164e+00 7.667367558333687612e+02 3.094564927274936394e+02
2.814950124698251329e+03 7.722050581998838759e+00 0.000000000000000000e+00 9.724458344948736510e+00 7.976550115212581886e+02 3.077965116245492254e+02
2.888714531398169129e+03 7.951807138879951609e+00 0.000000000000000000e+00 9.750678277660535187e+00 6.065455267045846267e+04 0.000000000000000000e+00
3.209866585524484890e+03 8.373925595556498180e+00 0.000000000000000000e+00 1.029089837851734757e+01 5.819757814140665869e+04 0.000000000000000000e+00
3.141119387044241648e+03 8.638105218128860230e+00 0.000000000000000000e+00 9.926126873549371510e+00 5.964026857188480790e+04 0.000000000000000000e+00
3.133959252945804565e+03 8.375355834360762586e+00 0.000000000000000000e+00 1.084884990859008802e+01 5.975700642072865594e+04 0.000000000000000000e+00
3.532205752601258155e+03 8.676191366141118522e+00 0.000000000000000000e+00 1.021410308898298602e+01 6.014672564877041441e+04 0.000000000000000000e+00
3.451729876265950224e+03 9.102076137966516711e+00 0.000000000000000000e+00 1.115392894453202821e+01 5.575336311030251090e+04 0.000000000000000000e+00
3.489403840703081187e+03 8.753255201683931119e+00 0.000000000000000000e+00 1.038603516080171296e+01 5.656641849975575315e+04 0.000000000000000000e+00
3.756276540946640125e+03 8.987437154602249123e+00 0.000000000000000000e+00 1.110487768779794493e+01 5.878451410240431869e+04 0.000000000000000000e+00
3.861623808775935231e+03 9.131061924381850048e+00 0.000000000000000000e+00 1.063451974677815848e+01 5.918572396183242381e+04 0.000000000000000000e+00
3.827617727416553407e+03 9.400762860283965239e+00 0.000000000000000000e+00 1.096797753234711159e+01 5.610729035705390561e+04 0.000000000000000000e+00
3.884636995873360320e+03 9.880792601522472296e+00 0.000000000000000000e+00 1.144849080547561115e+01 5.931870867190384888e+04 0.000000000000000000e+00
3.886109320406545976e+03 9.758141426305725119e+00 0.000000000000000000e+00 1.162067153693074850e+01 5.913946361458317551e+04 0.000000000000000000e+00
4.241594983646322362e+03 1.001825992307203350e+01 0.000000000000000000e+00 1.144962465389146367e+01 5.695364868320384994e+04 0.000000000000000000e+00
4.086332844130865851e+03 1.010629648732442654e+01 0.000000000000000000e+00 1.199480563840567449e+01 5.497125059162818798e+04 0.000000000000000000e+00
4.565065965531875008e+03 1.030359190383104995e+01 0.000000000000000000e+00 1.189167536394006142e+01 5.948989629727839201e+04 0.000000000000000000e+00
4.319752262932517624e+03 1.002451965493971464e+01 0.000000000000000000e+00 1.202942401089409685e+01 5.937167477691388194e+04 0.000000000000000000e+00
4.733246136922509322e+03 1.011568986533820791e+01 0.000000000000000000e+00 1.150699335232558873e+01 5.847232351820885378e+04 0.000000000000000000e+00
4.712423450468648298e+03 1.016888540820769116e+01 0.000000000000000000e+00 1.195656171859187467e+01 5.748695864629303105e+04 0.000000000000000000e+00
4.802133397053034969e+03 1.014439833322783890e+01 0.000000000000000000e+00 1.222066725896641692e+01 5.733905393589597224e+04 0.000000000000000000e+00
4.834916577359513212e+03 1.037039798499248455e+01 0.000000000000000000e+00 1.229154577826181338e+01 5.687865379077334364e+04 0.000000000000000000e+00
5.041131807837960878e+03 1.018718494977858136e+01 0.000000000000000000e+00 1.206351688398816080e+01 5.496257539228464884e+04 0.000000000000000000e+00
5.317665325446082534e+03 1.041720075562567693e+01 0.000000000000000000e+00 1.240469062352161522e+01 5.740905588647974946e+04 0.000000000000000000e+00
5.357632735470343505e+03 1.012339871775513345e+01 0.000000000000000000e+00 1.247454182832383651e+01 5.913703895636845118e+04 0.000000000000000000e+00
4.992245021904256646e+03 1.090566815052344829e+01 3.462076816041123273e+00 1.259877710481265822e+01 4.293879825901760796e+02 8.595112022117173467e+01
5.291812672428020960e+03 1.091194863397577386e+01 3.498775585297042579e+00 1.244528510469675808e+01 4.632391112317307602e+02 8.238324387248222536e+01
5.201134369668940053e+03 1.075364587481523948e+01 3.545674642672719035e+00 1.254622765584557698e+01 4.550850339063690058e+02 8.497664125046770778e+01
5.439059965647178615e+03 1.158252550704182049e+01 3.424202266342486034e+00 1.324237210587212665e+01 4.508577075613489455e+02 8.457972551903782232e+01
5.632867495046106342e+03 1.091731987441137441e+01 3.590756053135280013e+00 1.349927008375396120e+01 4.591839313331217909e+02 8.543394453073716477e+01
5.301753597148846893e+03 1.098907991044375443e+01 3.711905499997951718e+00 1.358743628208277698e+01 4.553595328483976914e+02 8.831452944490494872e+01
5.713761665079568047e+03 1.108971030309687578e+01 3.744810681804100483e+00 1.277841036105884953e+01 4.505437427094093437e+02 8.407455138654106008e+01
6.060049774167667238e+03 1.158709658905126361e+01 3.493187414720854367e+00 1.269393548516190684e+01 4.129768761298937534e+02 8.656633602099162772e+01
6.076465406042318136e+03 1.166094446568439302e+01 3.517600038263081874e+00 1.364309073990181176e+01 4.379006395925429729e+02 8.818358874786829915e+01
6.137229105010088460e+03 1.101884342742745915e+01 3.687816967551130976e+00 1.324497667760653563e+01 4.502746349890792317e+02 8.556477192161564460e+01
6.302816700446762297e+03 1.120382196813578979e+01 3.523751566948208680e+00 1.309746415964005095e+01 4.310353587366135457e+02 8.096361299853028015e+01
6.294773574533955070e+03 1.165174773479323100e+01 3.495440258392824795e+00 1.372010338984203592e+01 4.300545483685518207e+02 8.701320443489603917e+01
5.969584503654962646e+03 1.100605015961635580e+01 3.514888945952408861e+00 1.367819794150200430e+01 4.433575028453698792e+02 8.551089260969128247e+01
6.647118333305279521e+03 1.082887080373673072e+01 3.778891858791043834e+00 1.293366730175882218e+01 4.197923419089716504e+02 8.235733607282861612e+01
