9.280189318760945216e-02 5.920988478831921142e+00 3.417922708862342507e+00 2.907370054327094611e+00 1.428646109749558491e+03 5.728277344374458835e+02
3.510035617507916328e+01 5.620135042204728926e+00 3.428337957922034107e+00 2.672093545676990534e+00 1.457655564723519319e+03 5.791381699343160108e+02
3.244025475814095927e+01 8.111451650399478908e+00 4.483327795908118141e+00 3.409716842191215846e+00 1.342485893897716778e+03 5.841535324426238276e+02
4.890110004716500214e+01 7.939859396990733842e+00 4.246676785043776547e+00 3.438137672490596763e+00 1.465083604316223955e+03 5.953270672211799592e+02
1.019472705078118793e+02 8.082735097556749793e+00 4.548123586166706644e+00 3.380924993105334231e+00 1.983781538240501447e+02 7.922757696487843759e+01
1.500979588427622957e+02 8.020662307755101139e+00 4.367666815125708091e+00 3.568096234029286773e+00 2.044274665822288455e+02 7.796499386588175184e+01
1.918275673632543317e+02 8.629523782109885133e+00 4.803005411415311343e+00 3.439261217558405193e+00 3.518910816329133127e+02 7.881459229657015442e+01
2.476947901562470520e+02 8.612268440186129581e+00 4.685916037357630515e+00 3.390984259085656483e+00 3.599300140637099616e+02 1.490238994106286725e+02
2.987128108453655955e+02 8.773149567087118683e+00 4.563386716789033848e+00 3.414076449535342839e+00 3.542524462533540373e+02 1.473426623093790226e+02
3.330869274596433911e+02 8.426765811824486363e+00 5.023852922084855344e+00 3.476457577958707468e+00 3.430827414639334734e+02 1.490732990234670297e+02
4.285028656708208814e+02 9.126356204886638679e+00 5.071854836646376263e+00 3.762116075124660064e+00 3.603553133397330726e+02 1.432831057953070797e+02
5.121422992962302487e+02 9.236269609206580355e+00 5.267945295590222621e+00 3.692516178945444150e+00 3.778034838661733943e+02 1.413127422165636347e+02
6.045578033364195107e+02 1.006922058399950259e+01 5.493274595701595153e+00 4.304963710587051295e+00 3.432188928287878866e+02 1.441049352741838163e+02
6.694884062183193691e+02 1.130588541285465887e+01 6.080942769435497830e+00 4.485526350510939508e+00 7.480090366102439248e+02 3.166483208880856637e+02
8.195388019729101643e+02 1.124779021170899540e+01 5.994964142078617719e+00 4.359691573360031214e+00 7.406787849493341582e+02 3.060016520142158925e+02
9.173038221082451855e+02 1.105382658848169442e+01 6.110018656464942133e+00 4.662025348938954039e+00 7.115748228282394621e+02 3.162773184168275975e+02
1.046257762102149172e+03 1.155230160440208032e+01 6.088709182764929118e+00 4.587594794327265468e+00 7.310608954026791935e+02 3.241632696363893729e+02
1.065088798403271312e+03 1.106766468475771958e+01 6.722033515519454383e+00 4.805470103614017496e+00 7.573251117748305887e+02 3.036182449386947155e+02
1.143594991027146762e+03 1.204577656947527586e+01 6.190438087692323954e+00 4.710116990718042906e+00 7.377573822853750016e+02 3.170078566659767034e+02
1.285775980012526134e+03 1.214563834541778142e+01 6.606004677612705933e+00 4.905059355780169383e+00 7.623208955974598666e+02 3.171985079545962662e+02
1.329963085509827124e+03 1.167777568040375336e+01 6.849415533675283108e+00 4.697645469690791664e+00 7.438985220792487780e+02 3.176428196310151293e+02
1.618560413954280875e+03 1.230800747326692779e+01 6.721490946072689709e+00 5.039022456370100045e+00 7.324899455014166278e+02 3.126741670973565306e+02
1.789323276590934256e+03 1.199952312104472441e+01 6.877875686787953136e+00 4.925988942144719829e+00 8.057018563615093854e+02 3.152119058156982305e+02
1.939157208998507031e+03 1.336344943870816415e+01 6.802130894573217290e+00 5.221289451987876085e+00 7.854558913273015150e+02 3.246702434537318140e+02
2.289263479603547239e+03 1.252075376203907808e+01 6.791017048028439973e+00 5.269027771163041329e+00 8.279123305682873024e+02 3.098539942732080021e+02
2.206642177751828967e+03 1.349295244612628331e+01 6.911687204909177318e+00 5.467307932388486336e+00 7.959489502549147346e+02 3.038537343946220517e+02
2.603259033540517521e+03 1.345703175824409215e+01 7.103623753645020855e+00 5.301980241837644492e+00 7.967501111688554829e+02 3.186201031764620666e+02
2.477888630546177410e+03 1.300521252368729286e+01 7.029887328990547246e+00 5.845007277406804924e+00 8.333623408001063808e+02 3.266080905744772167e+02
2.940593095080322655e+03 1.377756560770453653e+01 7.415087530431307528e+00 5.468980241264187470e+00 8.145999525870756770e+02 3.242896228757391555e+02
2.984106544599631434e+03 8.314239736232321931e+00 0.000000000000000000e+00 9.777811318197498380e+00 8.026466110615410798e+02 2.992358304213252040e+02
2.846290184518213664e+03 8.427017838709929265e+00 0.000000000000000000e+00 9.853621257803855116e+00 5.615409279848557344e+04 0.000000000000000000e+00
2.985354454209174492e+03 8.050882387896269421e+00 0.000000000000000000e+00 1.005080996823704531e+01 5.503611434567005927e+04 0.000000000000000000e+00
3.305453578350879525e+03 8.221538105981002431e+00 0.000000000000000000e+00 9.904523765416456627e+00 5.986237818456532841e+04 0.000000000000000000e+00
3.147394087666214091e+03 8.318714323849935255e+00 0.000000000000000000e+00 1.028420939368256626e+01 5.644154418431690283e+04 0.000000000000000000e+00
3.521840587481694911e+03 8.507441863523501624e+00 0.000000000000000000e+00 1.071112226346209617e+01 6.046741890332166804e+04 0.000000000000000000e+00
3.476295983833875653e+03 8.672835474722194959e+00 0.000000000000000000e+00 1.104556143250210987e+01 6.024325494015352160e+04 0.000000000000000000e+00
3.411392082784697777e+03 9.277804085109725207e+00 0.000000000000000000e+00 1.107860866949300238e+01 5.797194631065460271e+04 0.000000000000000000e+00
3.657924495798755743e+03 9.413080259356661372e+00 0.000000000000000000e+00 1.134013741826840338e+01 5.647569933757880062e+04 0.000000000000000000e+00
3.824012114292923343e+03 9.605770827604523276e+00 0.000000000000000000e+00 1.156986859275722246e+01 5.510771745824914979e+04 0.000000000000000000e+00
3.744485564907715798e+03 9.003311945518255754e+00 0.000000000000000000e+00 1.141653397087661048e+01 5.977951107397543819e+04 0.000000000000000000e+00
4.004552771349618524e+03 9.339318444167236777e+00 0.000000000000000000e+00 1.162127215147696369e+01 5.528877265715373505e+04 0.000000000000000000e+00
4.103177190860537848e+03 1.002062389495626427e+01 0.000000000000000000e+00 1.141760913202431382e+01 5.744210157915436866e+04 0.000000000000000000e+00
4.299522596855643314e+03 1.000961600193624967e+01 0.000000000000000000e+00 1.118255303016542079e+01 5.496492696833832451e+04 0.000000000000000000e+00
4.454086357496421442e+03 1.001299422760070712e+01 0.000000000000000000e+00 1.132936773286868259e+01 5.902730944034680579e+04 0.000000000000000000e+00
4.250835907459274495e+03 9.559352349670950488e+00 0.000000000000000000e+00 1.122886357922600808e+01 5.736193829006679152e+04 0.000000000000000000e+00
4.352871669389229282e+03 9.853206751277291175e+00 0.000000000000000000e+00 1.139491325546961065e+01 5.693427533401070104e+04 0.000000000000000000e+00
4.554514362067885486e+03 9.903608637843946738e+00 0.000000000000000000e+00 1.162313174085442569e+01 5.611722620719819679e+04 0.000000000000000000e+00
4.510652175517425349e+03 9.815176319310168651e+00 0.000000000000000000e+00 1.183377859396306775e+01 5.606442516858102317e+04 0.000000000000000000e+00
4.926550989576145184e+03 9.820512784671093343e+00 0.000000000000000000e+00 1.197420070065414066e+01 6.007051859629232786e+04 0.000000000000000000e+00
4.976805513048067951e+03 1.032317689504071190e+01 0.000000000000000000e+00 1.145768486430362287e+01 5.719484358791762497e+04 0.000000000000000000e+00
4.737232173371871795e+03 9.962642615432455884e+00 0.000000000000000000e+00 1.164901481999942412e+01 5.604440151631828485e+04 0.000000000000000000e+00
5.039811626136234736e+03 1.027109400393440630e+01 0.000000000000000000e+00 1.212855377026625270e+01 5.756006895960037218e+04 0.000000000000000000e+00
5.181355501626921978e+03 1.019964633589895620e+01 0.000000000000000000e+00 1.158119476414709048e+01 5.623153262328677374e+04 0.000000000000000000e+00
5.333626270953584935e+03 1.047704831590327323e+01 3.438766454241982906e+00 1.247781493665597274e+01 4.414550217739754316e+02 8.847434766799337069e+01
5.337798406207140033e+03 1.153159047564442474e+01 3.550343479954110482e+00 1.272838445693656517e+01 4.560730228397306405e+02 8.319202239997413528e+01
5.445460779824561541e+03 1.058361753520686399e+01 3.548307715977520704e+00 1.307119905845770802e+01 4.411408300869314303e+02 8.572451105208286037e+01
5.443455770854225193e+03 1.071908116628119600e+01 3.704979841664870932e+00 1.286385590634531262e+01 4.251984553610333819e+02 8.443533123792624906e+01
5.563747843086966895e+03 1.089982300201263854e+01 3.526640747745053872e+00 1.313546526506164547e+01 4.212298528617927218e+02 8.806369848428730052e+01
5.802659065261733303e+03 1.075831740537356396e+01 3.528645921894074444e+00 1.275845032575097804e+01 4.431631349874492685e+02 8.860677766233888519e+01
5.825695719150065997e+03 1.119982733933231600e+01 3.695677691200910608e+00 1.325487713059659178e+01 4.381815951361488146e+02 8.323661412928680647e+01
5.746621060607550135e+03 1.160691936743962493e+01 3.669532512182303030e+00 1.346170878904860047e+01 4.399961155861122961e+02 8.905468794103639141e+01
5.959114487558303153e+03 1.123889100939601349e+01 3.556915649532776946e+00 1.336381998961885742e+01 4.223839121941451822e+02 8.800066514302527310e+01
5.964566858832361504e+03 1.085730793798756544e+01 3.507422792423492197e+00 1.347786164115485619e+01 4.480264870602782139e+02 8.372779815495852063e+01
6.059533328435558360e+03 1.075101465627997754e+01 3.509324878123165625e+00 1.338184911931373655e+01 4.498611682245295356e+02 8.737873665883509489e+01
5.887522926366129468e+03 1.152662911708254789e+01 3.584555835625520714e+00 1.338440611642758959e+01 4.269652446760266571e+02 8.742594980978790886e+01
6.391456157852540855e+03 1.107447288678472574e+01 3.676294327511262505e+00 1.246463914864410150e+01 4.482133599810119335e+02 8.486159625619878000e+01
6.531517431653039239e+03 1.078793870981004410e+01 3.512959165383982008e+00 1.269324442290891319e+01 4.284734849066547326e+02 8.826295414913298032e+01
