-4.830542108377346988e-01 5.870545734811027039e+00 3.339151708089208803e+00 2.857641790590182307e+00 1.448666886333701086e+03 6.014571316546737307e+02
3.501329328582326639e+01 5.960780457427194534e+00 3.445319359872819120e+00 2.705856375319376284e+00 1.420311579555369008e+03 5.789911140658492741e+02
3.110034092705186026e+01 7.469978173860461368e+00 4.537029132047869062e+00 3.189224678341841646e+00 1.361334704740871075e+03 6.199189434094229227e+02
5.278978562137602637e+01 7.481882930625225470e+00 4.478749839881016825e+00 3.391742453143673064e+00 1.438427936818990020e+03 5.781000071709692065e+02
9.836379331227423961e+01 8.256754478757425630e+00 4.257886542238002114e+00 3.313869179869064485e+00 1.959988913487705133e+02 7.613189632427095432e+01
1.578617971925913821e+02 8.218776923136489998e+00 4.443913338103717692e+00 3.561953883054797654e+00 1.967915793928260371e+02 7.657103308292751365e+01
2.064322717564389222e+02 8.311994006991021422e+00 4.633774877734725628e+00 3.514849322005960452e+00 3.721377100238646563e+02 7.770665721814995663e+01
2.498175478517217698e+02 8.776187979133853290e+00 4.783488970992279654e+00 3.619038355368905169e+00 3.541561052247714088e+02 1.425716760656574422e+02
3.097470429775127627e+02 8.165836983589557008e+00 4.894627881696893112e+00 3.485385291534391694e+00 3.523157248162106043e+02 1.362996600501416538e+02
3.353813940978656092e+02 8.858235009220544853e+00 4.872795381744682963e+00 3.521622795882171530e+00 3.714698619702434144e+02 1.408522701620425437e+02
4.102983923821279291e+02 9.103298722388219133e+00 4.756588955316761513e+00 3.593259317704261768e+00 3.450397576500092214e+02 1.486002580622961489e+02
4.874668276139377667e+02 9.680619160921462907e+00 5.391836456647229880e+00 3.886903561457935030e+00 3.693071943226365761e+02 1.442037786635929422e+02
6.069595996316602395e+02 1.026370699242387907e+01 5.908099730234638969e+00 4.312326022450563734e+00 3.730307549641796641e+02 1.359544136256402851e+02
6.446444684243945176e+02 1.080144838374834748e+01 6.125683219461363294e+00 4.444898992192869436e+00 7.618568105564349935e+02 3.174745380995998971e+02
7.909084437793289908e+02 1.123278145298098174e+01 6.081477913071477559e+00 4.386932376517174603e+00 7.683616791311067118e+02 3.075463126422665709e+02
8.693722538739490346e+02 1.147738776358255741e+01 6.216257131951839376e+00 4.762399868664424218e+00 7.577426891015066985e+02 3.257399235793093908e+02
1.035588225128585009e+03 1.191150317250148838e+01 6.358103025569867839e+00 4.580426519206086233e+00 7.257145412442736188e+02 3.110155186030655727e+02
1.099504975332897175e+03 1.104838354660219224e+01 6.564486376447047355e+00 4.586091947534830737e+00 7.754633305237282457e+02 2.968203878417816668e+02
1.225542778057009855e+03 1.125240673457551210e+01 6.287393356784617637e+00 4.705806616647756790e+00 7.582009388602457420e+02 3.164228986789455007e+02
1.245565351900771702e+03 1.225438984875289528e+01 6.797204853011248993e+00 4.698572231786612541e+00 7.467356576625857087e+02 3.032085442300537466e+02
1.410095323605128215e+03 1.144443064735679272e+01 6.742471743817996632e+00 5.091568195849559331e+00 7.432618735866958559e+02 3.231229552084434431e+02
1.628873535971571982e+03 1.234582367615849385e+01 7.020348485275280659e+00 4.962202158797385465e+00 7.261551139473290277e+02 3.045879269869205928e+02
1.888417005453403362e+03 1.276457253724773011e+01 6.751442247682906128e+00 5.306249540966991418e+00 7.865691935728440285e+02 2.998457475589667638e+02
2.062209234605334132e+03 1.302761924021188022e+01 6.741518334561884984e+00 5.241006601858891223e+00 8.003082892600812102e+02 2.999434046916806551e+02
2.194161399459665063e+03 1.365438271662537950e+01 6.963996300669052175e+00 5.356566404717933771e+00 7.974471886584325375e+02 3.057947793920042727e+02
2.219098813878628789e+03 1.295318642789377783e+01 6.900283048168913247e+00 5.358015016263807162e+00 7.603832655608122195e+02 3.150376756226202133e+02
2.565005947505352196e+03 1.341620674344805764e+01 7.205549551912013406e+00 5.674193165720745391e+00 8.098536513185623562e+02 2.991734061190275611e+02
2.555656096239321414e+03 1.378991598405342245e+01 7.494936291826050478e+00 5.318602966137298438e+00 7.858603477887293138e+02 3.225689627042063989e+02
2.880304804399265322e+03 1.380375908745104319e+01 7.481718962312419841e+00 5.712532773322069879e+00 8.257634705846539873e+02 3.220616052241064153e+02
2.876930642156852173e+03 7.969157735221561900e+00 0.000000000000000000e+00 1.003626183325888732e+01 8.350927548682304860e+02 3.255895996734167852e+02
3.116030080326006100e+03 8.365615716122469792e+00 0.000000000000000000e+00 9.890022679093121383e+00 6.060777195260011649e+04 0.000000000000000000e+00
3.197594116418785234e+03 8.126637293025686049e+00 0.000000000000000000e+00 9.792189173872079877e+00 5.577898135709381313e+04 0.000000000000000000e+00
3.179062221609696280e+03 8.907197184040439808e+00 0.000000000000000000e+00 1.079264210138025781e+01 5.811904077370249433e+04 0.000000000000000000e+00
3.297477863609168708e+03 8.395689526241275402e+00 0.000000000000000000e+00 1.076752512562429409e+01 5.978866097723825078e+04 0.000000000000000000e+00
3.354037554738251856e+03 8.545502479023719289e+00 0.000000000000000000e+00 1.086522687609966198e+01 5.685556548769921937e+04 0.000000000000000000e+00
3.489756702963813495e+03 9.104444788841808744e+00 0.000000000000000000e+00 1.101049699192556020e+01 5.698916216566607181e+04 0.000000000000000000e+00
3.458300242949610947e+03 8.695247145936251698e+00 0.000000000000000000e+00 1.036227900354323239e+01 5.667182613135481370e+04 0.000000000000000000e+00
3.519666835961628749e+03 8.719501825943513751e+00 0.000000000000000000e+00 1.047243072024223842e+01 5.932995789157663967e+04 0.000000000000000000e+00
3.792535340465997251e+03 9.013286989029182905e+00 0.000000000000000000e+00 1.096393746019380444e+01 5.787733010266958445e+04 0.000000000000000000e+00
3.958709547234213460e+03 9.295580911756605502e+00 0.000000000000000000e+00 1.105678421002767742e+01 5.575963934882980539e+04 0.000000000000000000e+00
3.948684217212731710e+03 9.807206876934763784e+00 0.000000000000000000e+00 1.099921187675401413e+01 5.675093994011582981e+04 0.000000000000000000e+00
4.226574737441610523e+03 9.640111673215779220e+00 0.000000000000000000e+00 1.083112067400240264e+01 5.632171803454930341e+04 0.000000000000000000e+00
4.033312929570095548e+03 9.422936549109218518e+00 0.000000000000000000e+00 1.147347827779151608e+01 5.695583212496511260e+04 0.000000000000000000e+00
4.071079336889991282e+03 1.014921603446020981e+01 0.000000000000000000e+00 1.156914998216105062e+01 5.713147418914587615e+04 0.000000000000000000e+00
4.328920142396920710e+03 9.647134727988884606e+00 0.000000000000000000e+00 1.205396582305789899e+01 5.938697245582829055e+04 0.000000000000000000e+00
4.323583252663932399e+03 9.980005853293775431e+00 0.000000000000000000e+00 1.197874886588920873e+01 5.820794589122474281e+04 0.000000000000000000e+00
4.414697354301601081e+03 9.558955088012487167e+00 0.000000000000000000e+00 1.238241239524680637e+01 5.840681720197865798e+04 0.000000000000000000e+00
4.545389193111771419e+03 1.043486932092841890e+01 0.000000000000000000e+00 1.173902205257749820e+01 5.537249048620316898e+04 0.000000000000000000e+00
4.572759375848963828e+03 1.037910504801737410e+01 0.000000000000000000e+00 1.189316944287186750e+01 5.993270119369657186e+04 0.000000000000000000e+00
4.929295969903703735e+03 1.030965541275138442e+01 0.000000000000000000e+00 1.200695716954472125e+01 5.634418000220027170e+04 0.000000000000000000e+00
5.079524793725596282e+03 1.050891844392827146e+01 0.000000000000000000e+00 1.206408318208892005e+01 5.791643729505044757e+04 0.000000000000000000e+00
5.225121108959823687e+03 9.973870020760889687e+00 0.000000000000000000e+00 1.210659377747392718e+01 5.683267459577569389e+04 0.000000000000000000e+00
5.040557054519659687e+03 1.044361647226826406e+01 0.000000000000000000e+00 1.209872605400260781e+01 5.651771753818957222e+04 0.000000000000000000e+00
5.345535940057383414e+03 1.150987425444805901e+01 3.378534524906705805e+00 1.213237092919956517e+01 4.563445805518369980e+02 8.418181503108499442e+01
4.968618062591850503e+03 1.055084601100689845e+01 3.513425452508167179e+00 1.256084335138011099e+01 4.671436793981769711e+02 8.715320834225201452e+01
5.242637474603933697e+03 1.064719809406195061e+01 3.587389525819752123e+00 1.233097223219113836e+01 4.285370463896540514e+02 8.759005891829903589e+01
5.245866642609706105e+03 1.070400630313881685e+01 3.420009902672093816e+00 1.291250927942023274e+01 4.379472735592211166e+02 8.631302032820515535e+01
5.516801270665005177e+03 1.084956619595538285e+01 3.704550428929277661e+00 1.264180089097550130e+01 4.420451570512615262e+02 8.873131233820402031e+01
5.361039551937016768e+03 1.140713525384464155e+01 3.423414852544751863e+00 1.252796591849741503e+01 4.249569314847673240e+02 8.246803938007532508e+01
5.706159310144133997e+03 1.099183399549460205e+01 3.692030490919452124e+00 1.314048518865772230e+01 4.419385455921653829e+02 8.289800983053166306e+01
5.694958310851843635e+03 1.175047768121069147e+01 3.680141263052923328e+00 1.339676784491603634e+01 4.221670511688784586e+02 8.622707977209415731e+01
5.778452297324737629e+03 1.164270432925022192e+01 3.641875993317075899e+00 1.299567737023831882e+01 4.510945493111819928e+02 8.366701692131042023e+01
5.872295821967609299e+03 1.102459174547322007e+01 3.510523557966263919e+00 1.243573224371577801e+01 4.515159841802969254e+02 8.722153373540184873e+01
6.332576449298378975e+03 1.117871788310452175e+01 3.657276296670136428e+00 1.344316026449733670e+01 4.423613657360657498e+02 8.681065716900810969e+01
6.128422899623937155e+03 1.129398969850677048e+01 3.840258476994676595e+00 1.255313954967026113e+01 4.349834307919094272e+02 8.482928852636885608e+01
6.540964488063748831e+03 1.142141323773632777e+01 3.516802665123124338e+00 1.332982771491996488e+01 4.309305217077327939e+02 8.483329957784656017e+01
6.681534888397083705e+03 1.160647719058478167e+01 3.671553426687350186e+00 1.339160035989715603e+01 4.163505999168323797e+02 8.492940368647377625e+01
