1.032222870826507988e-01 6.050872828439990414e+00 3.210773853423563473e+00 2.901536350083245619e+00 1.459001699879342141e+03 5.829390322694264341e+02
3.341136523890605048e+01 6.087466475688480649e+00 3.509831880673907278e+00 2.670988133317228730e+00 1.462216058728367216e+03 6.294776091496397612e+02
3.359480050119935868e+01 7.909218166712439491e+00 4.566340105156001528e+00 3.307861659369161433e+00 1.452495282804512726e+03 5.817395632734484252e+02
4.907522192453114940e+01 7.714632191074814571e+00 4.522160804056521322e+00 3.391483533058638589e+00 1.399460857260089824e+03 5.723265927824153323e+02
9.594256120262019749e+01 7.566250401717169893e+00 4.555671153301241283e+00 3.330511411874651273e+00 2.039218762904894220e+02 7.946196186013310125e+01
1.433934761264375197e+02 7.829327445508641681e+00 4.345214831780098486e+00 3.568829060335570347e+00 1.945929668714161096e+02 8.128770896336470742e+01
2.041485247329313211e+02 8.505001030415414220e+00 4.708234528557045273e+00 3.581803615048817946e+00 3.557491994289947002e+02 7.734575934821830856e+01
2.555403063241920165e+02 8.765502027264147955e+00 4.770056882979010204e+00 3.577294112430018380e+00 3.768002392361375996e+02 1.414498866660001113e+02
3.124394087838123824e+02 8.613728652011589659e+00 4.831806163323856040e+00 3.528136107983624647e+00 3.656915759445302001e+02 1.431262090223818859e+02
3.629842755542013606e+02 8.368185376010510268e+00 4.749447281073254423e+00 3.518013909230848668e+00 3.551692028802709160e+02 1.371846354221168269e+02
4.328363308881841931e+02 8.529839346990820914e+00 4.813276559367914764e+00 3.738230686061463359e+00 3.736687872600973606e+02 1.383221430227720816e+02
4.925870029190456876e+02 9.371010336132762575e+00 5.450700275700562258e+00 3.744345751714740267e+00 3.770224949595504427e+02 1.429242952828113289e+02
6.292923230038248903e+02 1.005730263714665362e+01 5.393860427903920396e+00 4.252771196113553032e+00 3.726422574561155443e+02 1.489411549613598424e+02
6.442517453530741705e+02 1.125318749423264464e+01 6.125640303094184169e+00 4.512183377210052804e+00 7.400295888702788716e+02 3.113965992856515186e+02
7.777272745480921685e+02 1.081964899318349005e+01 6.211144709051905188e+00 4.442094010211935284e+00 7.355718213809966528e+02 3.092349533248527678e+02
9.380213965584579228e+02 1.165839168985152341e+01 6.511481088736732481e+00 4.738095302784374852e+00 7.090499346013826880e+02 3.080589477528745306e+02
1.027229196043781485e+03 1.167806461041650756e+01 6.592774817522778719e+00 4.470419926782724929e+00 7.457543522638749209e+02 3.256003558169235248e+02
1.102802872163716756e+03 1.135658847489967016e+01 6.141278126943619853e+00 4.548823591969409996e+00 7.157897450173518337e+02 2.979194968787990092e+02
1.180677696342919489e+03 1.121254222906081566e+01 6.298704949913460638e+00 4.868313490850408876e+00 7.308750117852091535e+02 3.053223451380067104e+02
1.240744679059201189e+03 1.188778404234150265e+01 6.621895181440796918e+00 4.606467720137799482e+00 7.441759629900969912e+02 3.186029995995650097e+02
1.369365546676475788e+03 1.142874550719878712e+01 6.354108785452012853e+00 4.868608495708683925e+00 7.496084676764386359e+02 3.084956693228402855e+02
1.572966577410749778e+03 1.273273958873350686e+01 6.669921229890758418e+00 4.982510095633121416e+00 7.037426009793027788e+02 3.189169820679496752e+02
1.804071625099150197e+03 1.303435790353819357e+01 6.576769880970526394e+00 5.018523391651234178e+00 7.882303075560939760e+02 3.113554926208375377e+02
1.952796554885221894e+03 1.231868322402287141e+01 6.911099451530694715e+00 5.130166332163363485e+00 8.383661013838614053e+02 3.117822491245482865e+02
2.234880312780030636e+03 1.274762289600336906e+01 6.716385379530868782e+00 5.381749555508630323e+00 8.112230730497053628e+02 3.041086069070828444e+02
2.397539567312338022e+03 1.326882753383175384e+01 7.208045958539378795e+00 5.151997525941474976e+00 8.049755623029116123e+02 3.275316946933207873e+02
2.545591302078699300e+03 1.303359191015867147e+01 6.730378011431615626e+00 5.419829563760447222e+00 8.288732666287785378e+02 3.125766802614980406e+02
2.679661420276411718e+03 1.361890256134225474e+01 7.582486292656166249e+00 5.327665418831387889e+00 7.949460140521078984e+02 3.142845873406400869e+02
2.986848072609773681e+03 1.425255949117323162e+01 6.996783746605455434e+00 5.833341802570115142e+00 8.216726745068510809e+02 3.088590049661335684e+02
2.965357882533454358e+03 8.181063803312754956e+00 0.000000000000000000e+00 9.449944388753429791e+00 8.066704276132371660e+02 3.221937637207396392e+02
2.938328118792905116e+03 7.911723192889693834e+00 0.000000000000000000e+00 9.984031249959894438e+00 5.835648490606268024e+04 0.000000000000000000e+00
3.091426699846055271e+03 8.465459724674703423e+00 0.000000000000000000e+00 1.012534502730365915e+01 5.542721660985787457e+04 0.000000000000000000e+00
3.176212034991839573e+03 8.782782545825625675e+00 0.000000000000000000e+00 1.057519889279362779e+01 6.014335154814706038e+04 0.000000000000000000e+00
3.337976567101537967e+03 8.226063030822929889e+00 0.000000000000000000e+00 1.024988281257304656e+01 5.882741808797667181e+04 0.000000000000000000e+00
3.530119003244184114e+03 8.880530278084203033e+00 0.000000000000000000e+00 1.102998037476755044e+01 5.930489746824449685e+04 0.000000000000000000e+00
3.634809563459029050e+03 8.768146445823528978e+00 0.000000000000000000e+00 1.036702647691293677e+01 5.982722445447709470e+04 0.000000000000000000e+00
3.403362057886615730e+03 9.011812855344560447e+00 0.000000000000000000e+00 1.130953957030910040e+01 5.764034831737570494e+04 0.000000000000000000e+00
3.672575453989818470e+03 8.975890431948798209e+00 0.000000000000000000e+00 1.055155099234734095e+01 5.885151825349776482e+04 0.000000000000000000e+00
3.633421056416383180e+03 9.618352395556282630e+00 0.000000000000000000e+00 1.115077237190326187e+01 5.638488068856746395e+04 0.000000000000000000e+00
3.778293275712077048e+03 8.973516382383605716e+00 0.000000000000000000e+00 1.131809155702194936e+01 5.762858872175984288e+04 0.000000000000000000e+00
4.143009765986000275e+03 9.216203287832577473e+00 0.000000000000000000e+00 1.093069987887493255e+01 6.028976781465684326e+04 0.000000000000000000e+00
3.975002290842892307e+03 9.442305038966132713e+00 0.000000000000000000e+00 1.180771150286419946e+01 5.601037305829563411e+04 0.000000000000000000e+00
4.361283265005609792e+03 9.807795630313147939e+00 0.000000000000000000e+00 1.155872488214870231e+01 6.040352481088064087e+04 0.000000000000000000e+00
4.335070310197363142e+03 1.023336159974161674e+01 0.000000000000000000e+00 1.143889667290527967e+01 5.528174239667819347e+04 0.000000000000000000e+00
4.514064963834958689e+03 9.851907776328760136e+00 0.000000000000000000e+00 1.134170693777887706e+01 6.009378209846462414e+04 0.000000000000000000e+00
4.325106698966175827e+03 9.507715967626380049e+00 0.000000000000000000e+00 1.232046083916966417e+01 5.730686233150936459e+04 0.000000000000000000e+00
4.428349640521831134e+03 1.048017744529460948e+01 0.000000000000000000e+00 1.170246511176815929e+01 5.688514814822312474e+04 0.000000000000000000e+00
4.574156023741429635e+03 1.016117581121152114e+01 0.000000000000000000e+00 1.140463562004783427e+01 6.068884737142704398e+04 0.000000000000000000e+00
5.005829559287877601e+03 1.000302637577772558e+01 0.000000000000000000e+00 1.186557783826963508e+01 5.537093729799991706e+04 0.000000000000000000e+00
4.772715950415627958e+03 1.026349877017423928e+01 0.000000000000000000e+00 1.147931483608737047e+01 5.715985363949665771e+04 0.000000000000000000e+00
5.206237484384580057e+03 9.954327073591677788e+00 0.000000000000000000e+00 1.197529655260929360e+01 5.991197952917716611e+04 0.000000000000000000e+00
4.985711077517014928e+03 1.031988721372579398e+01 0.000000000000000000e+00 1.242221962921031420e+01 5.988847245561186719e+04 0.000000000000000000e+00
4.900302744597840501e+03 1.002682787450576996e+01 0.000000000000000000e+00 1.206814920849969042e+01 5.919232106076047057e+04 0.000000000000000000e+00
5.147393226816263450e+03 1.075894617904925532e+01 3.585163886400553945e+00 1.325891391316730861e+01 4.266534736450892069e+02 8.601750444347561597e+01
4.990295635428343303e+03 1.116133601653297269e+01 3.643383537390845195e+00 1.247764688277409739e+01 4.477365077934938995e+02 8.316228433734900705e+01
5.121644458352678157e+03 1.117590008480351216e+01 3.669145375115919538e+00 1.295794421966384213e+01 4.401893537768257829e+02 8.125518359951780667e+01
5.144196634817975792e+03 1.089989335864054532e+01 3.584662806232647547e+00 1.289818275510035051e+01 4.405820662510406009e+02 8.201861859023186696e+01
5.412094230183035506e+03 1.168124828284640415e+01 3.701399868239585000e+00 1.261382245858540152e+01 4.493501698182616337e+02 8.154571990019451277e+01
5.728336300813411071e+03 1.133635442897288037e+01 3.580546214217272816e+00 1.351770492454982531e+01 4.177483402534863330e+02 8.567502572195077448e+01
5.467083520896478149e+03 1.123789609218458985e+01 3.559579068309504546e+00 1.286374740266565198e+01 4.175074770700567797e+02 8.399422429352193831e+01
5.984328588933355604e+03 1.165986486953341661e+01 3.503295533126800088e+00 1.279809022470405111e+01 4.484362147839513568e+02 8.572073427651403676e+01
5.952269051976024457e+03 1.161035726872375129e+01 3.718171506391033887e+00 1.321944587879224109e+01 4.278519491218160056e+02 8.300601122528487963e+01
6.108780027860000700e+03 1.105726761339497344e+01 3.468619655861687967e+00 1.354443921842460519e+01 4.194745512722308263e+02 8.120740084465855091e+01
5.935904318900815269e+03 1.090570957158042020e+01 3.571698474772389442e+00 1.303596278849172130e+01 4.368084561687771838e+02 8.266509201191078660e+01
5.864593528953345412e+03 1.155049569250772556e+01 3.531110205306044580e+00 1.273434112123619322e+01 4.295938206264943346e+02 8.533467918546398323e+01
6.549197060508453433e+03 1.137495495050767502e+01 3.741965628535184774e+00 1.302312007799103455e+01 4.478770451539537589e+02 8.454383210678321348e+01
6.328215362525801538e+03 1.133718753972683224e+01 3.603719234321847598e+00 1.327484892096872926e+01 4.147880263766892881e+02 8.085289954587464933e+01
