7.386751234735389193e-02 5.513289564699818790e+00 3.334459294200506907e+00 2.830942565073270689e+00 1.400065856770604569e+03 5.902552161574366210e+02
3.511698287146789710e+01 5.882032267611664977e+00 3.480499248800152490e+00 2.821897097408458510e+00 1.460627955842142455e+03 5.903418365584969933e+02
3.306004255047119500e+01 8.026796307244925544e+00 4.188768137770001232e+00 3.291786813998567318e+00 1.381558712620961160e+03 6.135185394565355637e+02
4.864345401773437771e+01 7.631239637795133035e+00 4.333524162163680415e+00 3.243453858574832704e+00 1.417792066975303442e+03 6.134467743560380768e+02
9.946909005724923247e+01 7.687471031435994639e+00 4.253656313908490638e+00 3.373601313817276459e+00 2.016228598362788489e+02 7.872918392616654160e+01
1.482980632996740269e+02 8.343053358316065982e+00 4.334380837537207931e+00 3.404202729690663176e+00 1.933410894946642316e+02 8.099170230305956864e+01
1.920936034244332689e+02 8.038390015660525023e+00 4.596266423249602440e+00 3.396515458051710290e+00 3.609959033654555469e+02 8.114587785148776788e+01
2.531900541025470943e+02 8.469372852446335642e+00 4.664834793479543329e+00 3.464011314405254893e+00 3.666139782962293907e+02 1.387295063189624500e+02
3.037021711229300536e+02 8.475453121736396866e+00 4.682248242239950287e+00 3.592154601530122449e+00 3.481154655505784490e+02 1.373480068733984751e+02
3.671078077175750423e+02 8.413277271094962373e+00 4.622318821014713031e+00 3.658386983392168279e+00 3.497468871688421359e+02 1.457402880273559731e+02
4.143524679388240202e+02 9.349593868058517998e+00 5.021623968721918629e+00 3.712118556639794509e+00 3.527785660912926460e+02 1.420161106496774153e+02
5.057206254291889991e+02 9.730537907818352039e+00 5.150665828576167726e+00 3.736327625304295186e+00 3.529457017946031669e+02 1.436224314200271124e+02
6.203255971977366698e+02 1.044174077095651043e+01 5.706614029463181303e+00 4.133522535960383770e+00 3.438219190915743866e+02 1.471459455028356729e+02
6.798704457109369059e+02 1.085417045247143264e+01 5.871184153091812519e+00 4.296442191295853696e+00 7.445009097542676955e+02 3.069206250479467712e+02
7.923664417124551846e+02 1.107064252369120361e+01 6.096053354223145426e+00 4.395113251725603298e+00 7.711186627553961443e+02 3.159511625433351014e+02
9.101528785295873831e+02 1.124207485762522474e+01 6.514746163592995742e+00 4.749374890980726072e+00 7.469512709879400063e+02 3.273557069199839020e+02
1.005224076040291152e+03 1.101278540487873236e+01 6.437779705150916243e+00 4.870715166022843157e+00 7.634522098819700204e+02 2.981102762107612989e+02
1.115646459664287704e+03 1.143681210649312341e+01 6.693005750779382090e+00 4.478807424907509827e+00 7.572097272861112742e+02 3.027455021597739915e+02
1.260299968997882843e+03 1.214131671707190918e+01 6.716154498478397628e+00 4.913065585257644585e+00 7.275367193994289892e+02 3.246837573979837543e+02
1.256427975884657599e+03 1.239371464368605302e+01 6.537573599231829569e+00 4.634887101605976056e+00 7.433643303067178749e+02 3.198446410415144214e+02
1.352476212948964303e+03 1.194953043386299818e+01 6.313784439091274514e+00 5.009293303852224710e+00 7.711711929094673224e+02 3.225306434680627490e+02
1.670964565167104411e+03 1.199734081448100298e+01 6.540316747192126634e+00 4.843427557461819966e+00 7.086576246984926684e+02 2.970073351607452423e+02
1.732613374489735179e+03 1.199057224944524158e+01 6.528081070285767673e+00 5.216853790840626282e+00 7.646366796936553101e+02 3.212239559087403222e+02
2.080040499466923848e+03 1.342942497698805226e+01 6.712670372506302385e+00 5.393087437251693039e+00 8.283568381428582370e+02 2.971190898946849757e+02
2.283693100368817795e+03 1.315897677174809921e+01 7.259175589468459755e+00 5.470244895999830881e+00 8.023471928984017723e+02 3.095341893875161077e+02
2.282431948520542392e+03 1.367995437512368007e+01 7.354571077169389959e+00 5.179232778308256790e+00 7.717913770530334432e+02 3.027686490738427665e+02
2.691869723815147154e+03 1.382570445349695021e+01 6.905955999578365478e+00 5.550921790509322662e+00 8.240725823474286926e+02 3.041854475769768555e+02
2.637424926747153677e+03 1.403936316188254985e+01 7.372802241139094548e+00 5.835561614641306072e+00 7.892165512523610005e+02 3.160403004778537479e+02
2.846746511214362727e+03 1.326310013847674441e+01 7.503844082969082230e+00 5.757856526319755197e+00 8.257067640251935927e+02 3.078215845588544539e+02
2.903115383904305418e+03 7.891062504732230920e+00 0.000000000000000000e+00 9.593402515120487806e+00 8.103443937744370942e+02 3.095489314679766721e+02
2.865098670688893435e+03 8.467755026686214492e+00 0.000000000000000000e+00 1.019592968437032177e+01 5.654179405819596286e+04 0.000000000000000000e+00
2.937534653216524475e+03 8.617752602173760934e+00 0.000000000000000000e+00 1.041182065287434355e+01 5.730944489067902032e+04 0.000000000000000000e+00
3.291666017715182534e+03 8.409464489408051691e+00 0.000000000000000000e+00 1.063600395380813524e+01 5.763871534990217333e+04 0.000000000000000000e+00
3.316886686060552620e+03 8.485119910243701824e+00 0.000000000000000000e+00 1.067953032871294106e+01 5.933321474367051997e+04 0.000000000000000000e+00
3.425368455984144020e+03 8.480501761222422274e+00 0.000000000000000000e+00 1.089738943197026266e+01 5.989257480173048680e+04 0.000000000000000000e+00
3.405846069771787825e+03 9.277562530703333366e+00 0.000000000000000000e+00 1.076872547397704771e+01 5.736594899997858010e+04 0.000000000000000000e+00
3.541369221803764503e+03 9.012688765012882186e+00 0.000000000000000000e+00 1.035249761524434930e+01 5.895665437631015811e+04 0.000000000000000000e+00
3.566698463442599859e+03 9.604015031739852049e+00 0.000000000000000000e+00 1.105460393472632319e+01 5.950165051321886858e+04 0.000000000000000000e+00
3.613489094951477000e+03 9.259812346292351393e+00 0.000000000000000000e+00 1.139515311269855147e+01 5.514460675709781208e+04 0.000000000000000000e+00
3.974384834247519393e+03 9.550548946813121276e+00 0.000000000000000000e+00 1.155348786796360372e+01 5.735180665842205053e+04 0.000000000000000000e+00
3.871961337526390253e+03 9.628193590713589600e+00 0.000000000000000000e+00 1.146582648809171090e+01 5.630966481490908336e+04 0.000000000000000000e+00
3.924269285476430468e+03 9.852204795176277230e+00 0.000000000000000000e+00 1.092943801356859623e+01 5.595575170872810122e+04 0.000000000000000000e+00
3.994549566738989142e+03 9.392510507271397913e+00 0.000000000000000000e+00 1.199528174362127331e+01 5.580804220414989686e+04 0.000000000000000000e+00
4.061276538605992755e+03 9.869697006040201614e+00 0.000000000000000000e+00 1.180984296023717128e+01 5.999134986333196139e+04 0.000000000000000000e+00
4.323351358610118041e+03 9.731105323330751844e+00 0.000000000000000000e+00 1.160415086003490615e+01 5.938063861515929602e+04 0.000000000000000000e+00
4.587031080673561519e+03 9.571003065389641407e+00 0.000000000000000000e+00 1.215529839354249653e+01 5.755331185056315735e+04 0.000000000000000000e+00
4.593939311277735214e+03 1.027035030247220426e+01 0.000000000000000000e+00 1.166992725412611875e+01 5.653668504721784120e+04 0.000000000000000000e+00
4.799893327334545575e+03 9.815834139309719930e+00 0.000000000000000000e+00 1.168285376293617617e+01 5.907437587668685592e+04 0.000000000000000000e+00
4.963032239154091258e+03 1.059300400797352637e+01 0.000000000000000000e+00 1.161624858890260903e+01 6.000231411780845519e+04 0.000000000000000000e+00
4.873509827711145590e+03 1.050467356961768139e+01 0.000000000000000000e+00 1.151277093162852516e+01 5.805470816388696403e+04 0.000000000000000000e+00
5.169470845427255881e+03 1.055898953712523181e+01 0.000000000000000000e+00 1.149354658879938107e+01 5.598566998307398899e+04 0.000000000000000000e+00
4.933784087091516994e+03 1.015495272771553381e+01 0.000000000000000000e+00 1.249359145840102414e+01 5.878036609726877214e+04 0.000000000000000000e+00
4.998577150086538495e+03 1.050915679617974163e+01 0.000000000000000000e+00 1.200627212703474811e+01 5.759830002858929220e+04 0.000000000000000000e+00
5.008782059955680779e+03 1.071096523407532253e+01 3.493504407503981390e+00 1.322874511490576666e+01 4.656391653636435990e+02 8.490327103347904369e+01
5.175911896491312291e+03 1.099642639477946737e+01 3.419138339349306666e+00 1.275836920034711142e+01 4.325897855061435280e+02 8.583463015015219355e+01
5.037369561221098593e+03 1.109324978171736831e+01 3.686416988368776959e+00 1.274902126634243160e+01 4.404724451317435978e+02 8.368341639968728884e+01
5.375538444510809313e+03 1.085818170641638858e+01 3.474017551510651725e+00 1.256861839629633337e+01 4.277495837518172266e+02 8.570040371644108745e+01
5.270249030648140433e+03 1.122548889284238527e+01 3.627818523556142871e+00 1.347703967324053309e+01 4.561373487021446067e+02 8.877097423525225395e+01
5.749199179695193379e+03 1.124250484747768652e+01 3.484488680411775618e+00 1.254873456152188638e+01 4.233698446707543894e+02 8.917159842622858434e+01
5.540845009377281713e+03 1.090875974099850332e+01 3.542708697436627752e+00 1.334705661402043830e+01 4.356082967323072808e+02 8.210758358483788300e+01
5.871577491055837527e+03 1.140859275216219615e+01 3.455027474955825184e+00 1.288673293879131521e+01 4.367312543595983811e+02 8.796555069197071930e+01
6.147430148539160655e+03 1.089960725250250562e+01 3.705978745495877469e+00 1.294927287098703772e+01 4.312567256601434451e+02 8.654341841844640726e+01
5.789056330330328819e+03 1.150186819290251528e+01 3.470248487724937991e+00 1.292190494827711333e+01 4.215812028255032260e+02 8.226131969590542781e+01
6.079041938574157939e+03 1.139397309635305433e+01 3.710128007456267696e+00 1.361035596021678096e+01 4.227665499402137357e+02 8.323314654168540017e+01
6.372779080651643199e+03 1.077380484281862039e+01 3.557856863823072313e+00 1.279622807502635951e+01 4.135754559315826100e+02 8.325691677064605756e+01
6.484977779506970364e+03 1.142973203860361942e+01 3.604428822148196154e+00 1.247257866963670914e+01 4.194786652983091244e+02 8.310174031682127804e+01
6.112027334944310496e+03 1.146273105096802780e+01 3.687363564969734053e+00 1.309954148332983692e+01 4.304304552178088557e+02 8.697985474560431385e+01
