-5.800064953980599292e-02 5.845111468731470694e+00 3.306339832358753839e+00 2.758515159085117130e+00 1.465681468902319011e+03 6.213278912477893527e+02
3.212323790876803997e+01 5.589902223522958735e+00 3.468589267361146700e+00 2.671369032587870063e+00 1.338984937346668630e+03 6.017473545474392722e+02
3.157344481706524064e+01 7.750757387244033403e+00 4.334524951104630652e+00 3.325748784416122650e+00 1.446784223663913281e+03 5.872460861252353652e+02
4.942634207616399777e+01 7.932006480282214333e+00 4.544101236945460087e+00 3.369496397115890218e+00 1.445836901839890743e+03 5.837007606316271904e+02
1.021097763415783390e+02 7.791760743187264637e+00 4.473029171855194441e+00 3.316417217701221443e+00 1.917909074770451241e+02 8.383154815756569178e+01
1.440693041641340812e+02 8.234619542108848833e+00 4.571683822193558733e+00 3.414547932206307479e+00 1.949395455360375138e+02 8.189335427895910868e+01
2.095297512229604422e+02 8.153576864219319376e+00 4.630391899704528136e+00 3.355726022857239865e+00 3.454819284486884499e+02 7.673591867702469926e+01
2.475198406382292546e+02 8.406390120570630842e+00 4.648076067937878975e+00 3.518253148524866702e+00 3.617570676830017078e+02 1.385019995016506300e+02
3.094194823145681994e+02 8.628457131296633165e+00 4.964367214436698816e+00 3.726268596765673902e+00 3.758202490238008409e+02 1.450526054623489927e+02
3.510429436948032276e+02 9.058916413456065797e+00 4.965996215234517841e+00 3.591787291786932901e+00 3.567273682352537776e+02 1.466424343184142174e+02
3.927808194555993282e+02 9.165216980970253502e+00 4.829146258926697577e+00 3.667089238670155016e+00 3.717026297157524937e+02 1.416544870309217856e+02
4.852849117056277350e+02 1.001599699785685083e+01 5.466972547112906256e+00 3.795029225316020050e+00 3.679897995637356871e+02 1.374931365519350663e+02
5.798494367105920446e+02 1.068809909521978518e+01 5.399509596156596203e+00 3.909315262319999373e+00 3.661605927694456568e+02 1.452639225188131320e+02
6.693040234856754296e+02 1.054158919216731150e+01 5.899060174408870871e+00 4.540525029204165008e+00 7.458167688547966918e+02 3.184659049851612735e+02
8.092858996005909376e+02 1.079576671814112387e+01 6.227249288681893091e+00 4.429477682295083873e+00 7.329140417666255871e+02 3.201756040418504199e+02
9.086685924047475282e+02 1.069310953145897081e+01 6.115651384751398467e+00 4.351458027144670559e+00 7.147549274353508508e+02 3.240713205901087122e+02
9.810182950026913886e+02 1.103108381235910329e+01 6.565081679638325340e+00 4.437371309696726662e+00 7.032220607071147924e+02 2.970272379017583262e+02
1.075240587729847221e+03 1.157821234194769566e+01 6.497206887894988903e+00 4.501131359415576405e+00 7.230560430000541601e+02 3.017942682098456544e+02
1.213288324622954633e+03 1.222546353274881348e+01 6.681054347430696261e+00 4.994468026064271093e+00 7.457749443520908699e+02 2.964448496414323131e+02
1.284591966009732459e+03 1.244076156389793120e+01 6.702447316163001823e+00 4.840759231682436159e+00 7.172398445419263453e+02 3.073336951960307033e+02
1.446589543587953585e+03 1.177666046972155200e+01 6.493433056616076726e+00 4.693299531265705760e+00 7.319085030920557529e+02 3.186113131582598044e+02
1.597107567464460089e+03 1.186493681832149427e+01 6.846266962443736226e+00 4.976776837961430111e+00 7.759629564256301819e+02 3.043820968810104546e+02
1.784641008461546107e+03 1.214074826130139861e+01 6.552480164381677241e+00 5.139572405767609098e+00 8.152041825110726450e+02 2.972215827702002002e+02
2.001472680088891593e+03 1.341223602311612062e+01 6.675409313776401454e+00 5.044452440459007647e+00 7.934304468249589490e+02 3.129870651334324521e+02
2.120277337386427462e+03 1.328854744873794402e+01 7.354300900236370175e+00 5.047638541227503772e+00 7.847290635775954115e+02 3.240674290659210897e+02
2.337158497851404718e+03 1.312374382734080491e+01 6.793046486882612811e+00 5.394629856075796148e+00 7.981540511832280345e+02 3.161667751829210147e+02
2.542256151860793580e+03 1.287047314571269752e+01 6.757634573037738512e+00 5.588333741148280076e+00 7.708756574634842309e+02 3.155338359909544010e+02
2.673417103852661512e+03 1.381469230543936000e+01 7.341537356313181384e+00 5.508405345869345382e+00 7.620177623126946855e+02 3.049598303408133688e+02
2.799721433044840069e+03 1.412374883678291404e+01 7.394402441780219881e+00 5.535206414433612387e+00 8.288361081025490193e+02 3.087921642819287058e+02
3.014947977616168828e+03 8.346490923873167489e+00 0.000000000000000000e+00 9.509034099213835134e+00 8.363263075805911058e+02 3.227838135108144115e+02
3.011681800766194556e+03 8.152545400458519609e+00 0.000000000000000000e+00 1.044016113065934448e+01 5.891727941549701791e+04 0.000000000000000000e+00
2.994026807883842594e+03 8.221602825742770904e+00 0.000000000000000000e+00 1.022277630885136546e+01 5.782458530838909064e+04 0.000000000000000000e+00
3.294181982805940606e+03 8.449301726623842157e+00 0.000000000000000000e+00 9.840893811607415387e+00 5.706817688333539991e+04 0.000000000000000000e+00
3.208113291398031834e+03 8.789123314690383992e+00 0.000000000000000000e+00 1.063508435716580536e+01 5.988164083729439881e+04 0.000000000000000000e+00
3.481775046539702998e+03 9.087491991869143249e+00 0.000000000000000000e+00 1.048901919708268871e+01 5.814824369351728092e+04 0.000000000000000000e+00
3.347700868725771215e+03 9.206072313309514143e+00 0.000000000000000000e+00 1.084514902004805670e+01 5.579860514449309994e+04 0.000000000000000000e+00
3.409163610969667843e+03 9.019702276516213146e+00 0.000000000000000000e+00 1.092315365834994090e+01 5.574863201451453642e+04 0.000000000000000000e+00
3.518062305738176292e+03 9.254682914767901281e+00 0.000000000000000000e+00 1.077593247806131593e+01 5.971201529719641985e+04 0.000000000000000000e+00
3.900555736177269409e+03 8.834914291162881739e+00 0.000000000000000000e+00 1.147960295303979628e+01 5.953171093079321145e+04 0.000000000000000000e+00
3.956524232645955635e+03 8.944215124065166833e+00 0.000000000000000000e+00 1.127171452685790243e+01 5.905142618882490206e+04 0.000000000000000000e+00
3.992250777599931553e+03 9.134925504145105180e+00 0.000000000000000000e+00 1.101266792521479942e+01 5.979802469407880562e+04 0.000000000000000000e+00
4.097035444322225885e+03 9.711895009015611535e+00 0.000000000000000000e+00 1.094244168758842406e+01 5.715891102580358711e+04 0.000000000000000000e+00
4.061051550714852056e+03 1.012541115947689008e+01 0.000000000000000000e+00 1.129986029385601753e+01 5.897498152489842323e+04 0.000000000000000000e+00
4.080258537724813777e+03 9.866137379766502846e+00 0.000000000000000000e+00 1.207164091376918158e+01 5.613465361939987633e+04 0.000000000000000000e+00
4.410908420043356273e+03 9.795405540189488391e+00 0.000000000000000000e+00 1.183981461768518528e+01 5.883815565124712157e+04 0.000000000000000000e+00
4.512984117672482171e+03 9.980426988337399052e+00 0.000000000000000000e+00 1.150280331129779476e+01 5.523407634317748307e+04 0.000000000000000000e+00
4.414576243973766395e+03 1.015536429490843595e+01 0.000000000000000000e+00 1.221317098291771508e+01 5.639770119250124844e+04 0.000000000000000000e+00
4.719501514870170467e+03 9.868003121830600577e+00 0.000000000000000000e+00 1.156877524925993406e+01 6.050732574697962991e+04 0.000000000000000000e+00
4.716086237491682368e+03 9.992443760272333719e+00 0.000000000000000000e+00 1.171534414066102592e+01 5.500050066069843160e+04 0.000000000000000000e+00
5.069858041986018179e+03 1.013139519061493132e+01 0.000000000000000000e+00 1.235525961553718055e+01 5.980962205243887729e+04 0.000000000000000000e+00
5.027633691926466781e+03 9.820931149676814798e+00 0.000000000000000000e+00 1.183135018090411883e+01 5.973282569028122816e+04 0.000000000000000000e+00
5.263883864119626196e+03 1.025619993620187564e+01 0.000000000000000000e+00 1.267994235142217185e+01 5.494176583610806119e+04 0.000000000000000000e+00
5.008429525001967704e+03 1.079635057117850749e+01 0.000000000000000000e+00 1.202790089902080162e+01 5.853397291486067843e+04 0.000000000000000000e+00
4.975486426618878795e+03 1.063972923690200112e+01 3.576692988993366740e+00 1.299483984229497935e+01 4.593882591334548806e+02 8.440750139871028068e+01
5.155028962074947231e+03 1.142482555345768880e+01 3.503662593063527897e+00 1.303450044557926013e+01 4.550149997370828601e+02 8.749508668524677546e+01
5.250395622460705454e+03 1.093735611254574991e+01 3.401105792428350760e+00 1.228735364135959607e+01 4.487830238767779178e+02 8.492875960305458705e+01
5.123363040286862088e+03 1.148886249746550980e+01 3.389635043092575462e+00 1.291064865083411561e+01 4.381184518653369651e+02 8.190504251764041044e+01
5.387475376056680943e+03 1.092525408575648882e+01 3.450445166641125549e+00 1.232749509553710432e+01 4.477544347111522143e+02 8.620837071157964715e+01
5.446433662933372034e+03 1.166944885223327333e+01 3.766705985749424279e+00 1.342383838011718389e+01 4.254613975414248443e+02 8.148860286138589970e+01
5.432274209005018747e+03 1.098573795674754194e+01 3.643937240180893156e+00 1.334009421278595298e+01 4.253815714643454839e+02 8.724828734821385012e+01
5.771920659380585676e+03 1.137837274614304484e+01 3.610836885142123531e+00 1.320673404067217938e+01 4.360279435308978577e+02 8.815380041511085096e+01
6.120352594510784002e+03 1.153663251209525420e+01 3.580327631932081811e+00 1.357012410108501754e+01 4.268629051314998151e+02 8.848126543908584551e+01
6.145184064068570478e+03 1.130429705375337868e+01 3.580077488820209375e+00 1.334837446531663474e+01 4.205499315274465744e+02 8.703939638874325624e+01
6.180261939643483856e+03 1.069585551794503786e+01 3.663028070267467129e+00 1.256405176462134321e+01 4.128909969000825413e+02 8.785275755228353489e+01
6.126650555044751854e+03 1.084559610448849476e+01 3.584944258196791633e+00 1.308312932199717693e+01 4.396068069294829002e+02 8.278206305915151120e+01
6.421327954089450031e+03 1.133816494933663677e+01 3.717933672464927675e+00 1.330194092957736451e+01 4.203071612922732356e+02 8.813735974891518765e+01
6.402186322403334998e+03 1.127248321255982688e+01 3.732044666961270796e+00 1.335919254163751724e+01 4.406834526063121302e+02 8.703813596216252790e+01
