3.241915212206482044e-01 5.673933823914585339e+00 3.516075207151788895e+00 2.932549678135097260e+00 1.392138600598510266e+03 6.133814222985066635e+02
3.481642768179544589e+01 5.630173243285880424e+00 3.331478741673607580e+00 2.932721475144225209e+00 1.357845545376050723e+03 6.148387451073990633e+02
3.190779877899554506e+01 7.769020672814527018e+00 4.374057555079665427e+00 3.286172547867088678e+00 1.394274333513252714e+03 6.144484511838891194e+02
4.817871049685473395e+01 7.524434321822119465e+00 4.496567127934993024e+00 3.323392407228179746e+00 1.397102849919970822e+03 5.870524175174050470e+02
9.536173109776599688e+01 8.269004550333123760e+00 4.379451967242894206e+00 3.460102712553334570e+00 2.081415319290724710e+02 7.907881033664222059e+01
1.507665672963799466e+02 7.704222963358639653e+00 4.561874794940179889e+00 3.265752716771324504e+00 2.097991808034975350e+02 8.168914901272532347e+01
1.999779260248744208e+02 8.320373374002889122e+00 4.549648797880037954e+00 3.437267205947614812e+00 3.512697833599543742e+02 7.801118090484320078e+01
2.622971607709620798e+02 8.582642186381248095e+00 4.461937276395691931e+00 3.431426932930336182e+00 3.436793038997857934e+02 1.423657623237702694e+02
2.927777303424704769e+02 8.514841205454770190e+00 4.915458432229610430e+00 3.625321811146887896e+00 3.609016867189731670e+02 1.363767909896433252e+02
3.376434879467021801e+02 8.703216419043949159e+00 4.856715056808805109e+00 3.420672596574568569e+00 3.691978511806539132e+02 1.486901867963879624e+02
4.097527057468726071e+02 9.168962075376619225e+00 5.135089905724719017e+00 3.524284325304073207e+00 3.627320764244146289e+02 1.440331036501522988e+02
4.975757357212895045e+02 9.304146931629036388e+00 5.488563326731787484e+00 4.018587373694455067e+00 3.627576903549013423e+02 1.467974376682505522e+02
5.740621664121729282e+02 1.052510400836171200e+01 5.579903524092074463e+00 4.069047455926688706e+00 3.434968360895402952e+02 1.472867493229422564e+02
6.496040522277124865e+02 1.025362009526225293e+01 5.721873775773564041e+00 4.188237025971256244e+00 7.199010588214321160e+02 3.086416109280050364e+02
8.209815128527347952e+02 1.069174164211960765e+01 6.249869180365014820e+00 4.492966036701924182e+00 7.446539283807625225e+02 3.070465135631510520e+02
8.991648237570469746e+02 1.140510829028607986e+01 6.212808222862060248e+00 4.666622978801195920e+00 7.353005228275911804e+02 3.143342077364391116e+02
9.809547888128632849e+02 1.163076248825875680e+01 6.652916753778902681e+00 4.800769710609931629e+00 7.595165241922921950e+02 3.199870265567852812e+02
1.054884312596514519e+03 1.205448527219764543e+01 6.638033313238872246e+00 4.593372945206984248e+00 7.408647580273685662e+02 3.003088619340606442e+02
1.148490931753615087e+03 1.112528095089391655e+01 6.726080800747405775e+00 4.800493740740771287e+00 7.649074070225765354e+02 3.039627420510042271e+02
1.250541501476107442e+03 1.193513282154761868e+01 6.256852069754046397e+00 4.911030048596896513e+00 7.143264147405820950e+02 3.077216757531281246e+02
1.389721932162751727e+03 1.192845146574540927e+01 6.475578486354341301e+00 4.922980423987174170e+00 7.116863332596650480e+02 3.128385254164222147e+02
1.564402383496109906e+03 1.207773059957601802e+01 6.791670886550353892e+00 5.154100162275835117e+00 7.388029276787136723e+02 2.984825393003103500e+02
1.838415019734385169e+03 1.287138900198432090e+01 7.070697701843753791e+00 5.201134823332148827e+00 7.647636779737501911e+02 3.115602391832242120e+02
1.919262477056158559e+03 1.245972043163386012e+01 6.798659656983474520e+00 5.377152092251304971e+00 8.265642369265442539e+02 3.251991368066771884e+02
2.216135298100357431e+03 1.247874579056012223e+01 6.974677173135972019e+00 5.439431043288538881e+00 7.984711311921677179e+02 3.142586204447071623e+02
2.328079470457816569e+03 1.369709078243546152e+01 6.985585011623569152e+00 5.440870261832588817e+00 8.367952607326565158e+02 3.255533115223024652e+02
2.567327216102265538e+03 1.305296480437144346e+01 6.855431196892721069e+00 5.350244501922382767e+00 7.731395626825573117e+02 3.016159781939877007e+02
2.728099640721207379e+03 1.300970251076999773e+01 7.001234217386094194e+00 5.591120583335338345e+00 7.741523326594252694e+02 3.243786350552122713e+02
2.830393385480373126e+03 1.327534071937217064e+01 7.037139093864422712e+00 5.875252028708263019e+00 7.626718601304196454e+02 3.113786899390743770e+02
2.758776979870650393e+03 8.050774539292266496e+00 0.000000000000000000e+00 1.000038515600359190e+01 8.052611878609333189e+02 3.171798904579393934e+02
2.992018055494120290e+03 8.004671517721662966e+00 0.000000000000000000e+00 1.015353743243694140e+01 5.655932444183857297e+04 0.000000000000000000e+00
2.954775298880142600e+03 8.276658527388205400e+00 0.000000000000000000e+00 1.019135778693869554e+01 5.913139400357125123e+04 0.000000000000000000e+00
3.270560711613716194e+03 8.395005047794461106e+00 0.000000000000000000e+00 9.863487822267366312e+00 5.862901130611274129e+04 0.000000000000000000e+00
3.371597393305825335e+03 8.733968826430125176e+00 0.000000000000000000e+00 1.050863527573830858e+01 5.535758942531678622e+04 0.000000000000000000e+00
3.444958849173714043e+03 8.586397798415099203e+00 0.000000000000000000e+00 1.088277095680413353e+01 5.497282369901859784e+04 0.000000000000000000e+00
3.384325100159125668e+03 8.885468249185526801e+00 0.000000000000000000e+00 1.110045454554025035e+01 6.055611411765355297e+04 0.000000000000000000e+00
3.448638278002115385e+03 8.957312164566374690e+00 0.000000000000000000e+00 1.116952937158072068e+01 5.817834446993983147e+04 0.000000000000000000e+00
3.674421853143421686e+03 9.098945085657238252e+00 0.000000000000000000e+00 1.045091318026902449e+01 5.502032231875241268e+04 0.000000000000000000e+00
3.660641168201419987e+03 9.315777772952738900e+00 0.000000000000000000e+00 1.117234881996032314e+01 5.987629195041563798e+04 0.000000000000000000e+00
3.913928956403687152e+03 8.938282486681639938e+00 0.000000000000000000e+00 1.080138022379876439e+01 5.891498693604587606e+04 0.000000000000000000e+00
4.032312417399851256e+03 9.232045357468225077e+00 0.000000000000000000e+00 1.126201962653418143e+01 5.970978365090473380e+04 0.000000000000000000e+00
4.099316510799324533e+03 9.699471094496319168e+00 0.000000000000000000e+00 1.083105765606735282e+01 5.532478409016197838e+04 0.000000000000000000e+00
4.088142614937181861e+03 9.356675966140223011e+00 0.000000000000000000e+00 1.114991368863611676e+01 5.960869960755765351e+04 0.000000000000000000e+00
4.303872929085130636e+03 9.758090717507755585e+00 0.000000000000000000e+00 1.129609826440837494e+01 5.778236974585476855e+04 0.000000000000000000e+00
4.192557440976035650e+03 9.922223033560301886e+00 0.000000000000000000e+00 1.126949916597202517e+01 5.834553713299473020e+04 0.000000000000000000e+00
4.461053421613818500e+03 9.794708270429165253e+00 0.000000000000000000e+00 1.218126357822142580e+01 5.601549384467034542e+04 0.000000000000000000e+00
4.737512326506554928e+03 9.528779513140989366e+00 0.000000000000000000e+00 1.134757924503291981e+01 5.633496589054127980e+04 0.000000000000000000e+00
4.617011884146336342e+03 1.023521400800963832e+01 0.000000000000000000e+00 1.129614784279207207e+01 5.532810091426092549e+04 0.000000000000000000e+00
4.660432935326420193e+03 1.002761959058661567e+01 0.000000000000000000e+00 1.152346901098108312e+01 5.791926149617418560e+04 0.000000000000000000e+00
4.752726928840858818e+03 9.825344403146885952e+00 0.000000000000000000e+00 1.180306558052286370e+01 5.905029192691323988e+04 0.000000000000000000e+00
5.121099301770660531e+03 1.048389426552254022e+01 0.000000000000000000e+00 1.243471440057200361e+01 5.746881691734575725e+04 0.000000000000000000e+00
5.087882480076727916e+03 1.021985233976772456e+01 0.000000000000000000e+00 1.228319047540737685e+01 5.562693494128406746e+04 0.000000000000000000e+00
5.048146297558653714e+03 1.049000433583483272e+01 0.000000000000000000e+00 1.209934737076834743e+01 5.799435074381052982e+04 0.000000000000000000e+00
5.127801432967949950e+03 1.096457664577027380e+01 3.619246640717612706e+00 1.217685511195958092e+01 4.378758345496720494e+02 8.336709200236654738e+01
5.047779198389755948e+03 1.135824555311183026e+01 3.409978365450089477e+00 1.301961156032814415e+01 4.544419695756263877e+02 8.167758605868473865e+01
5.145896710970749155e+03 1.150847255418677229e+01 3.508548214773479224e+00 1.231401926295207261e+01 4.499808551014066325e+02 8.462628140039575442e+01
5.439703582895386717e+03 1.135074730217701244e+01 3.490049238457942682e+00 1.339434417973138380e+01 4.272944485572315898e+02 8.443598503215427797e+01
5.714920484998909160e+03 1.144731571872326370e+01 3.561118939306179954e+00 1.242167294349933293e+01 4.453454709653047416e+02 8.828790584306563005e+01
5.369959318026458277e+03 1.147587397541598975e+01 3.614650279662218413e+00 1.285317997980452454e+01 4.234537225075894753e+02 8.537659568974282820e+01
5.510273127306163587e+03 1.119533533536424841e+01 3.791091910988863667e+00 1.248160331534427847e+01 4.327557203535975532e+02 8.864058972598601827e+01
5.789789108703250349e+03 1.137838280725412510e+01 3.685145238875878970e+00 1.322052196599478968e+01 4.230458655236077448e+02 8.149776926413915135e+01
5.962813302006732556e+03 1.114240166091687456e+01 3.572570781687556707e+00 1.363878942657426130e+01 4.527826389697279410e+02 8.766115425373297398e+01
5.850384652701447521e+03 1.153301449856879834e+01 3.774748845643612238e+00 1.334043298754402329e+01 4.379310761808690700e+02 8.300418148099004156e+01
5.950279727663606536e+03 1.094432487712024482e+01 3.544928748856261969e+00 1.283252986043184229e+01 4.220028470305138626e+02 8.542863122474133775e+01
6.369589724567457779e+03 1.117878199341072332e+01 3.623138296566899896e+00 1.269541053405177422e+01 4.236905748232737210e+02 8.095331008672815187e+01
6.373228026485641749e+03 1.150861061369278104e+01 3.794128737785061212e+00 1.335753311804377041e+01 4.106826687306923986e+02 8.290135976903287940e+01
6.476434672835262063e+03 1.126636746604872030e+01 3.577019137774411828e+00 1.323055882544007034e+01 4.328981816676715084e+02 8.105855195988736739e+01
