2.092368317972752578e-01 5.712496470281754668e+00 3.391909090636362034e+00 2.924628555734483104e+00 1.407925005999442646e+03 5.807459763097615451e+02
3.397347455475487266e+01 5.534269814644282803e+00 3.380294730115291024e+00 2.821409474870653966e+00 1.356071282154769506e+03 6.215428427091218282e+02
3.115229919670098724e+01 7.827651185792885435e+00 4.523784101277599667e+00 3.272996335406361368e+00 1.336754826162291920e+03 5.738330500886962682e+02
4.908792457697592226e+01 8.038103646266220537e+00 4.465664636549615985e+00 3.375199462612850976e+00 1.438907752210484887e+03 5.708608605997744689e+02
1.032571321542577749e+02 8.161255657399063779e+00 4.494648765351782593e+00 3.511506185169553262e+00 1.913161177049861976e+02 7.622012717765541367e+01
1.557952686475769610e+02 8.307202116836871042e+00 4.368518382808774803e+00 3.507129591619689624e+00 1.961429639086293548e+02 7.766481332558997508e+01
1.994145493292103595e+02 8.174218698420206763e+00 4.500843708466629955e+00 3.508463629533435935e+00 3.763870683858796156e+02 8.062617890020028710e+01
2.591235434921379692e+02 8.784719831990656758e+00 4.869422568048027422e+00 3.351086542977198768e+00 3.687993124254606414e+02 1.484635764240960611e+02
2.849135174616905601e+02 8.298587583729469586e+00 4.868898720027679872e+00 3.663609761481698257e+00 3.655236695770898905e+02 1.388977220782198003e+02
3.433123340254233540e+02 8.802389371648011718e+00 5.017340261024637371e+00 3.474853953646105609e+00 3.597478570866746281e+02 1.446370142344942167e+02
4.316172215772880350e+02 8.773757585247057733e+00 4.934750224116939421e+00 3.726166704940682806e+00 3.619047215083834317e+02 1.488361299307734100e+02
4.791000865446361558e+02 9.718607352875061167e+00 5.150781671583866128e+00 3.781638533126285395e+00 3.465968403754052360e+02 1.460014971718160837e+02
5.803782408985616712e+02 1.034491696196348265e+01 5.442426317767452559e+00 4.122785306893875124e+00 3.468677100057631719e+02 1.448693932341326160e+02
6.725875153740747692e+02 1.064265804455137854e+01 6.101837145944411844e+00 4.226106123319052443e+00 7.258842147281145571e+02 3.044387740706875434e+02
8.194875301070646856e+02 1.061734524564664284e+01 6.093702186459853287e+00 4.417226570499915184e+00 7.744361830502797375e+02 3.204261392962940818e+02
8.798256386984937762e+02 1.163295751313708770e+01 6.121167297981372712e+00 4.357296823179889422e+00 7.114907433737868132e+02 3.169516333062969693e+02
9.825420235795551207e+02 1.094274654197981711e+01 6.067680131511806074e+00 4.477694840629444784e+00 7.108527770071397072e+02 3.260352912973701223e+02
1.072232391265016531e+03 1.174670078551460506e+01 6.151538122908021045e+00 4.548498149799962142e+00 7.322007879827531269e+02 3.264599397938427501e+02
1.205627327521706320e+03 1.124218165048982776e+01 6.280211446900799466e+00 4.848600025927410684e+00 7.299255950823212515e+02 3.186524769812563136e+02
1.342478184329354917e+03 1.181986411873419840e+01 6.750928799859628349e+00 5.030185381409474132e+00 7.282350428341471797e+02 3.051335762428807357e+02
1.363743490993477963e+03 1.170184158088913939e+01 6.853503081572781319e+00 4.882501913746602362e+00 7.132664960684620610e+02 3.208106967842421682e+02
1.635002436549065806e+03 1.185060549683576170e+01 6.676043028700619608e+00 5.161568003300708085e+00 7.757696744480920188e+02 3.049762013004180972e+02
1.749489803321398313e+03 1.224022342964911836e+01 6.519920276736843157e+00 5.303978775238297416e+00 8.396204040069686698e+02 3.169110151984311869e+02
1.900021166738255260e+03 1.276449072026457188e+01 6.967586382022130209e+00 5.199591103928908886e+00 7.757414097854396005e+02 3.160294427838067577e+02
2.098928356232376700e+03 1.298739941819030896e+01 7.234114967980937116e+00 5.429327653892039862e+00 7.743382061530295459e+02 3.094913743058224895e+02
2.194675830539047183e+03 1.380442729794720869e+01 7.160442024684716245e+00 5.116756759203725302e+00 8.140501616900953650e+02 3.269499513494578196e+02
2.490397182710926245e+03 1.338726651984767457e+01 6.925122044091382989e+00 5.480788955150861952e+00 7.972113006252557170e+02 3.061123870649492460e+02
2.712823354131763608e+03 1.374818985307456387e+01 7.073501330397086839e+00 5.794553036704730431e+00 8.078083412592380910e+02 3.273010091407958839e+02
2.841003598571689054e+03 1.377658365392391993e+01 7.380176315813706367e+00 5.613032282696909903e+00 7.707609351068379056e+02 3.071144836070471342e+02
3.038289929306080012e+03 8.125681823899412848e+00 0.000000000000000000e+00 9.387667036831508938e+00 7.656240747304690331e+02 2.984864481312238240e+02
3.027926835010458035e+03 8.461461908724155379e+00 0.000000000000000000e+00 1.045272137067938623e+01 5.977882844107253186e+04 0.000000000000000000e+00
3.120334343533857009e+03 8.332074194084146512e+00 0.000000000000000000e+00 1.028641799307229299e+01 5.830328732796943223e+04 0.000000000000000000e+00
3.177822531873817752e+03 8.746844227033214736e+00 0.000000000000000000e+00 1.057005775763585831e+01 5.680073585713056673e+04 0.000000000000000000e+00
3.271813863817057154e+03 8.489797563263129732e+00 0.000000000000000000e+00 1.053089520879983354e+01 5.832987360349018854e+04 0.000000000000000000e+00
3.401656589430192525e+03 8.573233458484658343e+00 0.000000000000000000e+00 1.043637241587315323e+01 6.015626076527288387e+04 0.000000000000000000e+00
3.302179846066560913e+03 8.777363920119476859e+00 0.000000000000000000e+00 1.083757952297023230e+01 5.839987077312175825e+04 0.000000000000000000e+00
3.442247757829075908e+03 9.399535640905705591e+00 0.000000000000000000e+00 1.084494940707364918e+01 5.686677260879219830e+04 0.000000000000000000e+00
3.589663383739307392e+03 8.853313414575930906e+00 0.000000000000000000e+00 1.119574102963505702e+01 5.943139324112408940e+04 0.000000000000000000e+00
3.773482918204597354e+03 8.918688955943991914e+00 0.000000000000000000e+00 1.056824224874208618e+01 5.741485131131656090e+04 0.000000000000000000e+00
3.869628656478754237e+03 8.923240353091800969e+00 0.000000000000000000e+00 1.075391809384763064e+01 5.576327689438128436e+04 0.000000000000000000e+00
3.920642867820742595e+03 9.031184503031767008e+00 0.000000000000000000e+00 1.112906172818483519e+01 5.701723063714059390e+04 0.000000000000000000e+00
4.221843440740396545e+03 9.937976557410351575e+00 0.000000000000000000e+00 1.143695470994596874e+01 5.801783202616261406e+04 0.000000000000000000e+00
4.031190286327842387e+03 9.886553902007573669e+00 0.000000000000000000e+00 1.185564156945799219e+01 5.718506943680183758e+04 0.000000000000000000e+00
4.159067959663035253e+03 9.931114976329350696e+00 0.000000000000000000e+00 1.102344749891541120e+01 5.917091583775779145e+04 0.000000000000000000e+00
4.284232126724768932e+03 9.870340358198202324e+00 0.000000000000000000e+00 1.182316067912536717e+01 5.762131464495606633e+04 0.000000000000000000e+00
4.312596240613172085e+03 9.523627030771793400e+00 0.000000000000000000e+00 1.154454645636221244e+01 6.068268448645962781e+04 0.000000000000000000e+00
4.649011100168796474e+03 9.568527635849859436e+00 0.000000000000000000e+00 1.166159088857959958e+01 5.693324526891244022e+04 0.000000000000000000e+00
4.791000731240810637e+03 1.039768476831684652e+01 0.000000000000000000e+00 1.142868919826840290e+01 5.882478189429370832e+04 0.000000000000000000e+00
4.617324833107248196e+03 9.658177581152180835e+00 0.000000000000000000e+00 1.154559071530990799e+01 5.722259134779630404e+04 0.000000000000000000e+00
4.727742167291159603e+03 9.682101197607302367e+00 0.000000000000000000e+00 1.177445733894661650e+01 5.677160659328456677e+04 0.000000000000000000e+00
4.775436458816241611e+03 1.032091780255603197e+01 0.000000000000000000e+00 1.159557197205569778e+01 5.945891480702967237e+04 0.000000000000000000e+00
5.057819248482427611e+03 1.023496342336041920e+01 0.000000000000000000e+00 1.205077547478312816e+01 5.752617064116395341e+04 0.000000000000000000e+00
5.290548078643367262e+03 9.952222608244124302e+00 0.000000000000000000e+00 1.171761348249478729e+01 5.863339071996608982e+04 0.000000000000000000e+00
5.263135522892274821e+03 1.093017640235854770e+01 3.428408318098596474e+00 1.292326956440923169e+01 4.536710585447189032e+02 8.665293023938588135e+01
5.348372035297089496e+03 1.157837694077333524e+01 3.476514735616798024e+00 1.214182372891279549e+01 4.449786250107408705e+02 8.281606023935253802e+01
5.034524693577189282e+03 1.093581247235185039e+01 3.440048292975030009e+00 1.322586703933509433e+01 4.350563058362462812e+02 8.219004076302391582e+01
5.579310593659570259e+03 1.147381844486255176e+01 3.389204718210229839e+00 1.268099601920817321e+01 4.321556108637790317e+02 8.215661181963871229e+01
5.532898050684186273e+03 1.129720683351970756e+01 3.676719522718201461e+00 1.271674549768475515e+01 4.545948998852142040e+02 8.576399059016910087e+01
5.586561984412927814e+03 1.090507858472466829e+01 3.459020516881404550e+00 1.263913380891742300e+01 4.152874731684477752e+02 8.111756129480265542e+01
5.768433599246078302e+03 1.063658660922244259e+01 3.483998056660024822e+00 1.346812562264418567e+01 4.393694344905351841e+02 8.307650941946781131e+01
5.958820350617567783e+03 1.110734380483282990e+01 3.478226630427677435e+00 1.329050962621207610e+01 4.273721407707097910e+02 8.352612766396818245e+01
5.877714715172553042e+03 1.123860511890964275e+01 3.562887841462308636e+00 1.307094050388842632e+01 4.437553454473543866e+02 8.712979626665477895e+01
5.676999668547019610e+03 1.147961118581914874e+01 3.671986409169322396e+00 1.368405514836384285e+01 4.534990792864497280e+02 8.182311471539301806e+01
6.073021320301848391e+03 1.099642645659782936e+01 3.758312743373462439e+00 1.325677968784968819e+01 4.280457566914138852e+02 8.428325872410832176e+01
6.156660356637975383e+03 1.111455781119529718e+01 3.845358513903494480e+00 1.361197172747711015e+01 4.467186696230535290e+02 8.358717793838424370e+01
6.112940011989043342e+03 1.180715583310484895e+01 3.546115188100179783e+00 1.303270759893922381e+01 4.382290443642437481e+02 8.751787354874917924e+01
6.190890635516579096e+03 1.164144929020575070e+01 3.651498169651998804e+00 1.268715758927031345e+01 4.279720123925779376e+02 8.852810212365406528e+01
