4.351611771187756661e-01 6.049947773401440188e+00 3.382809406544449171e+00 2.900692998343870510e+00 1.380259626793113512e+03 5.734682636710301722e+02
3.394212925802107605e+01 5.936853174092985519e+00 3.499648137557534344e+00 2.914602374434089427e+00 1.429527364431203296e+03 6.036958156358513179e+02
3.206577388076646429e+01 8.040148393595831777e+00 4.570577885586670774e+00 3.414656909712206367e+00 1.434031440293758351e+03 6.017379525231145863e+02
4.930576659676347617e+01 7.759534347707037760e+00 4.577700487310270461e+00 3.373035850581751927e+00 1.401199130468967269e+03 5.862306313495189443e+02
1.021447843956120209e+02 8.030006199584192927e+00 4.444003436126514828e+00 3.221347517198416721e+00 2.066428044742281145e+02 8.182688134059216623e+01
1.445919942097345654e+02 8.439467367150601973e+00 4.697507008802816131e+00 3.544586549438794698e+00 1.957908809180684671e+02 8.268435011353113850e+01
1.967805833521374836e+02 8.237186663910902595e+00 4.589282037852641771e+00 3.472368265743219329e+00 3.530433798944638966e+02 7.991345584990496320e+01
2.481993149280101250e+02 8.502474345392922572e+00 4.803708432675577455e+00 3.593964952558157844e+00 3.703713588479823784e+02 1.412895059005350902e+02
2.978011910162320532e+02 8.306279698641979792e+00 4.773635561813135197e+00 3.510916284774567853e+00 3.568495666093355680e+02 1.359732328398132211e+02
3.418272515108025686e+02 8.528768305197459654e+00 4.706387194849462219e+00 3.500884663630337457e+00 3.508675406516718454e+02 1.417252892290804311e+02
4.007261127370516647e+02 8.591462165347978797e+00 4.731930126570889961e+00 3.520826406688696064e+00 3.430354490245182433e+02 1.392421951492248979e+02
5.027398116330061271e+02 9.704125574125667342e+00 5.074155457277342407e+00 3.984455607471458993e+00 3.523522172803259309e+02 1.421365839260621158e+02
5.964031010139714226e+02 9.968898349982742602e+00 5.609845205234758936e+00 4.084399969612818815e+00 3.683065898544095376e+02 1.429031681301107426e+02
6.715594305754696052e+02 1.116958804547331852e+01 6.038509274098049495e+00 4.568363576310609631e+00 7.557146725713557771e+02 3.040571687359310431e+02
7.795664398871555250e+02 1.124901045984499071e+01 6.199470179569993356e+00 4.408789394761416958e+00 7.346497062608449369e+02 3.077421769078003990e+02
8.828094077541809384e+02 1.173315341344774509e+01 6.534610351738229461e+00 4.568428534291031795e+00 7.224508671673231675e+02 3.274965329535092451e+02
9.679701854476162453e+02 1.174648691397550415e+01 6.509788040033296141e+00 4.861093011198068581e+00 7.644304888156267452e+02 3.011120069155886654e+02
1.088252583886722732e+03 1.155089274528740972e+01 6.507349956225041865e+00 4.683650774717342813e+00 7.419678144075387536e+02 3.173460615792641875e+02
1.239044848359470734e+03 1.150856916627496673e+01 6.519538591083028578e+00 4.717817880477047865e+00 7.074935542286369810e+02 3.154643747596321646e+02
1.311853986804897204e+03 1.154720110023329482e+01 6.815384762296444521e+00 4.908608331432634309e+00 7.074864763415599782e+02 3.178215975822641894e+02
1.445417981816297697e+03 1.153007705749212697e+01 6.818639116470400552e+00 4.916826282173373919e+00 7.233425018115277680e+02 2.964592158550874501e+02
1.651901622082850963e+03 1.264121715896935250e+01 6.863763748425162348e+00 5.114643458560823142e+00 7.681841639515852194e+02 3.141165789848911913e+02
1.889307883154366891e+03 1.258207977391423604e+01 6.666110859732647498e+00 5.333295982318058570e+00 8.216396777416359782e+02 3.272701249949461157e+02
1.922375669805003781e+03 1.250997812961005451e+01 6.991336392952105072e+00 5.221937006461249808e+00 7.990645960290570429e+02 3.159661593167069213e+02
2.210549952333259625e+03 1.331944937192223755e+01 7.360865363738542833e+00 5.505788125938469335e+00 7.725454406105008047e+02 3.242757597068111863e+02
2.342756174602438477e+03 1.256078580702130765e+01 6.999634075343262651e+00 5.199948505023662904e+00 7.888487509193176948e+02 3.208273290126590496e+02
2.546190519063475676e+03 1.369156394674424071e+01 7.182866207462863528e+00 5.411099533801694506e+00 8.334665254786377773e+02 3.244574977767738915e+02
2.667302384889718724e+03 1.365998740341349738e+01 7.163703368804229754e+00 5.716238666433141269e+00 8.210276300470658271e+02 3.174787424055871270e+02
2.806876635588682802e+03 1.409082524610489173e+01 7.677363875922941006e+00 5.655812360537328942e+00 8.267322366051947711e+02 3.162793562905026761e+02
2.842589776173786959e+03 7.745061659166314172e+00 0.000000000000000000e+00 9.437627875278570500e+00 8.226081730206910834e+02 3.239699625880666076e+02
3.092305563116105077e+03 7.898380542693979933e+00 0.000000000000000000e+00 1.007200795895371037e+01 5.616410193083585909e+04 0.000000000000000000e+00
2.976196684668332182e+03 8.014482441172651406e+00 0.000000000000000000e+00 9.822215978579597717e+00 5.612561001286238024e+04 0.000000000000000000e+00
3.301667385947706407e+03 8.472804319282010610e+00 0.000000000000000000e+00 1.038486912322843914e+01 6.020670429355365195e+04 0.000000000000000000e+00
3.303893589671222799e+03 9.026823730026187320e+00 0.000000000000000000e+00 1.055426844949671761e+01 5.496707582848456514e+04 0.000000000000000000e+00
3.239487682730703000e+03 8.493763529761690023e+00 0.000000000000000000e+00 1.030616458471638275e+01 5.624770668023397593e+04 0.000000000000000000e+00
3.327608011530567182e+03 9.162110364262566975e+00 0.000000000000000000e+00 1.080787910708375854e+01 6.038296056785148539e+04 0.000000000000000000e+00
3.681412008092568612e+03 8.702301552988668476e+00 0.000000000000000000e+00 1.079619993542747025e+01 5.740288609525666834e+04 0.000000000000000000e+00
3.521671666771593209e+03 9.045936593313916418e+00 0.000000000000000000e+00 1.140732824282326519e+01 5.690466437111081177e+04 0.000000000000000000e+00
3.696658906135565758e+03 8.976726950646805037e+00 0.000000000000000000e+00 1.126034123170236967e+01 5.770794648672652693e+04 0.000000000000000000e+00
4.007597316560959825e+03 9.095272319366806357e+00 0.000000000000000000e+00 1.142303260962618516e+01 5.881269794153665862e+04 0.000000000000000000e+00
3.996170711488367942e+03 9.319560226550121840e+00 0.000000000000000000e+00 1.078548673938004043e+01 5.812969213806764310e+04 0.000000000000000000e+00
3.908127947900620256e+03 9.803784601400876042e+00 0.000000000000000000e+00 1.084706108749341524e+01 5.741417501044668461e+04 0.000000000000000000e+00
4.095537189503159425e+03 1.004589576983113908e+01 0.000000000000000000e+00 1.136512317081607115e+01 6.030593292996350647e+04 0.000000000000000000e+00
4.250851875853569254e+03 9.731389295376965620e+00 0.000000000000000000e+00 1.122433352932452344e+01 5.594693669826127734e+04 0.000000000000000000e+00
4.534437552271388086e+03 9.487007364751747218e+00 0.000000000000000000e+00 1.107617213547212209e+01 5.828379592883917940e+04 0.000000000000000000e+00
4.504876824009063057e+03 9.553964545715516010e+00 0.000000000000000000e+00 1.179199624894018505e+01 5.767662095394844073e+04 0.000000000000000000e+00
4.357374942022337564e+03 1.024135755720519292e+01 0.000000000000000000e+00 1.149701496107362253e+01 5.699499044566600787e+04 0.000000000000000000e+00
4.814003546048992575e+03 1.002529516918912478e+01 0.000000000000000000e+00 1.182731015370842442e+01 5.499838607836230949e+04 0.000000000000000000e+00
4.718621082439044585e+03 1.022842531036783953e+01 0.000000000000000000e+00 1.227140050203578170e+01 5.832907702149054967e+04 0.000000000000000000e+00
4.930435571951641577e+03 1.015408933627492338e+01 0.000000000000000000e+00 1.244446334251396991e+01 5.952207842270526453e+04 0.000000000000000000e+00
5.138326937890975387e+03 1.011123686834035240e+01 0.000000000000000000e+00 1.198864814097109743e+01 5.708050874414265854e+04 0.000000000000000000e+00
5.076153845945424109e+03 1.082313016543884743e+01 0.000000000000000000e+00 1.252307317398016906e+01 5.760204242275101569e+04 0.000000000000000000e+00
5.055514826627851107e+03 1.013323242506884725e+01 0.000000000000000000e+00 1.158191121517785582e+01 6.020490619788362528e+04 0.000000000000000000e+00
5.364802028645283826e+03 1.051976395439625556e+01 3.536699102628216629e+00 1.293850805084858813e+01 4.626770435133235537e+02 8.573323156085842811e+01
5.117475834155883604e+03 1.066719929566942149e+01 3.591446425820519206e+00 1.255360858750191966e+01 4.648726464982211155e+02 8.170883749808569974e+01
5.048194131327614741e+03 1.161718263243946758e+01 3.547877732746496982e+00 1.301470627358031962e+01 4.251665995805384455e+02 8.867663003090572715e+01
5.372676041966679804e+03 1.147633147763062844e+01 3.448101935684002584e+00 1.227356411467829389e+01 4.592193717195807494e+02 8.078607173730088675e+01
5.403010841966679436e+03 1.065164599600933926e+01 3.520266882623008797e+00 1.309626144341550358e+01 4.413849097337726448e+02 8.921198107908523411e+01
5.432540901361911892e+03 1.063918163483287849e+01 3.639406290013548873e+00 1.283926442239661370e+01 4.518119375476038613e+02 8.164429947634049256e+01
5.749162847895810955e+03 1.082187660544163776e+01 3.745616036817514427e+00 1.243491579156250282e+01 4.432993764482816914e+02 8.784473065152872095e+01
5.757544201637077094e+03 1.132358843298321105e+01 3.771835837384802659e+00 1.256110370470670112e+01 4.360165213814717049e+02 8.213057049460633152e+01
5.704551629826053613e+03 1.149351560779141046e+01 3.560860291295691926e+00 1.340889187126166249e+01 4.139498253092165214e+02 8.154141730032340263e+01
6.244148143618682298e+03 1.141533765982479132e+01 3.561719116678029540e+00 1.271924067877697162e+01 4.439953310356925158e+02 8.244593469314716572e+01
6.244450809822707015e+03 1.179732837044980975e+01 3.577748966468528913e+00 1.343653097468369495e+01 4.218738078786764731e+02 8.678685438973529642e+01
6.172189894241279944e+03 1.092567290786284673e+01 3.815205850515437369e+00 1.312216258048206008e+01 4.149438930545281892e+02 8.915550770166350958e+01
6.491378670785684335e+03 1.176163161296126169e+01 3.746672626929727468e+00 1.248340287309880026e+01 4.114886123256476935e+02 8.134901713763761677e+01
6.293530101261571872e+03 1.155654310712412425e+01 3.681726430710563935e+00 1.370913772206945147e+01 4.392519753826633746e+02 8.089975605224120159e+01
