4.725940670820675260e-01 5.944850386926007424e+00 3.422913405579040003e+00 2.766162961854634617e+00 1.374013637370233255e+03 5.945620961419808737e+02
3.424010811086296258e+01 6.013857538814426640e+00 3.404083206946444840e+00 2.726203439149773811e+00 1.402397477646052948e+03 6.187501412032225971e+02
3.220334217025310153e+01 7.758796262747621242e+00 4.207596870770279551e+00 3.379742895006872860e+00 1.424760880007139349e+03 5.892735102902822746e+02
5.276498428662122109e+01 8.189592718894525447e+00 4.527916932554745699e+00 3.412854445007730053e+00 1.368127703283482560e+03 5.827431511144538945e+02
9.867190837557274108e+01 8.067028529216338839e+00 4.271655573697889174e+00 3.251530455398018660e+00 1.927833929677599087e+02 7.899934423125748140e+01
1.510379749470549484e+02 7.983735746464978078e+00 4.552569631151592411e+00 3.588616615258909182e+00 1.920433954335756823e+02 7.971682391625486730e+01
1.975442842268047912e+02 8.168464691998130078e+00 4.633256119908678805e+00 3.372086202094080498e+00 3.551841715296661164e+02 7.869240706091133575e+01
2.490508703460516244e+02 8.335768089698039063e+00 4.873757189073908869e+00 3.423081420554983101e+00 3.485410816393475670e+02 1.472571559835571975e+02
2.920715197885263024e+02 8.870228248046279518e+00 4.550643665949759331e+00 3.570881418359836523e+00 3.720623199071558247e+02 1.455162102775747996e+02
3.378334603220048393e+02 8.772069647528883962e+00 5.047867942309895994e+00 3.447591642698025094e+00 3.541684100983358121e+02 1.402943877449455954e+02
3.927611914674189961e+02 9.136681496155382831e+00 4.915667131339102269e+00 3.494873251033089989e+00 3.721003583503627397e+02 1.393371545280802479e+02
5.068809749750820401e+02 9.830998584000573359e+00 5.270154078665220787e+00 3.828957153884228415e+00 3.452575634284947341e+02 1.416899784727886527e+02
6.053721375418995194e+02 1.064013401190629438e+01 5.884678474393060910e+00 4.117953231183378193e+00 3.624391822724549570e+02 1.496581720900313712e+02
6.745467307199910465e+02 1.091221472070390597e+01 5.731749388279730795e+00 4.402445856101898869e+00 7.108221562616173514e+02 3.002713354398410388e+02
7.740064814116309435e+02 1.104944066497916033e+01 5.914710253987506938e+00 4.357451001160558057e+00 7.295882388217227117e+02 3.057664751557824161e+02
9.200980419788800191e+02 1.125620951566614991e+01 6.299323067604577275e+00 4.458729170247667462e+00 7.199284612835909911e+02 3.225109066494586614e+02
1.021275276270750282e+03 1.126160577185861200e+01 6.674642815821846931e+00 4.559656760326309843e+00 7.680500530614992840e+02 3.198230906136367366e+02
1.081189771699631137e+03 1.204423343898156773e+01 6.403806854093599732e+00 4.668144239702301412e+00 7.107189585448413709e+02 3.241279680016426141e+02
1.235011092172657072e+03 1.165323019133296967e+01 6.582121518987888109e+00 4.652563461217162910e+00 7.195208851342470098e+02 3.080370759548428055e+02
1.359369842749998043e+03 1.162627065446597641e+01 6.350572560515161058e+00 4.960488566152696066e+00 7.363295147097717290e+02 2.974632981989832388e+02
1.459946202469190212e+03 1.215026169066174688e+01 6.823173696738463967e+00 5.065987248668696985e+00 7.471717323170867076e+02 3.085208293691837298e+02
1.636244550675794017e+03 1.166566166155340234e+01 6.591632434801502960e+00 5.010725517395637318e+00 7.754306938123717146e+02 3.074321975147175294e+02
1.887206350831571626e+03 1.310855745621678992e+01 7.042491650868261566e+00 5.248335611096583087e+00 8.111983208030167134e+02 3.005190020331103256e+02
1.959223135774234152e+03 1.293863810526950786e+01 6.796709582677411099e+00 5.386703540162724124e+00 8.249796171536224847e+02 3.272393440262166564e+02
2.257933120586457335e+03 1.252292904544599317e+01 7.211136787414645255e+00 5.382003329498976640e+00 8.350952657701135422e+02 3.119372255572435506e+02
2.405302581544966415e+03 1.265880492169423910e+01 6.833103494555179402e+00 5.555167830099465576e+00 7.714622750445944348e+02 3.198212707764610627e+02
2.509141111481112148e+03 1.390166626067107813e+01 7.034151474102303681e+00 5.531462088736658345e+00 7.841848811003179662e+02 3.090868230913403067e+02
2.491400915966010416e+03 1.415145552667208584e+01 6.977582166186802937e+00 5.472851510518771612e+00 7.768014490654866222e+02 3.000845133966763001e+02
3.013617369650846740e+03 1.404238404901652792e+01 7.497537540257882327e+00 5.643165459776702697e+00 7.715623233570488537e+02 3.204558433523746999e+02
2.894994756647987742e+03 8.186811455934636328e+00 0.000000000000000000e+00 1.016225089776519752e+01 7.750205547183047656e+02 3.181066848358865400e+02
2.827965274815373959e+03 8.044188531725152913e+00 0.000000000000000000e+00 9.909485276231636774e+00 5.843415336594909604e+04 0.000000000000000000e+00
3.016574855272696823e+03 8.000411779826366754e+00 0.000000000000000000e+00 1.012363643872955343e+01 5.732939542773259018e+04 0.000000000000000000e+00
3.254273157900783644e+03 8.689251055362596787e+00 0.000000000000000000e+00 1.054333633150619853e+01 5.539549376541159290e+04 0.000000000000000000e+00
3.301635964003120080e+03 8.954065820914792084e+00 0.000000000000000000e+00 1.034033348283335485e+01 5.921247704637865536e+04 0.000000000000000000e+00
3.339692202593453203e+03 9.151831794837786305e+00 0.000000000000000000e+00 1.102510851847666551e+01 5.939264587521447538e+04 0.000000000000000000e+00
3.576340194192101080e+03 9.179210850898545715e+00 0.000000000000000000e+00 1.048214067166752095e+01 5.641503778590430738e+04 0.000000000000000000e+00
3.508926729814268583e+03 8.876428868524310900e+00 0.000000000000000000e+00 1.134286002499248269e+01 5.859997995999790146e+04 0.000000000000000000e+00
3.583467556712403621e+03 9.016202892606928643e+00 0.000000000000000000e+00 1.130189481098738646e+01 5.984739357798462879e+04 0.000000000000000000e+00
3.850086381517528480e+03 9.548245294513453274e+00 0.000000000000000000e+00 1.067639790487846518e+01 5.504807538469968131e+04 0.000000000000000000e+00
4.021747898806035664e+03 9.191624607926165424e+00 0.000000000000000000e+00 1.133863879788872175e+01 5.686994916665372875e+04 0.000000000000000000e+00
4.134810905363025086e+03 9.579660105268725800e+00 0.000000000000000000e+00 1.085130178133711176e+01 5.501320835710733809e+04 0.000000000000000000e+00
4.015411406257437648e+03 9.948541588222349574e+00 0.000000000000000000e+00 1.100152053785897266e+01 5.741539251103615970e+04 0.000000000000000000e+00
4.165385665646946109e+03 9.752793046133566790e+00 0.000000000000000000e+00 1.166378668811922914e+01 5.753129283455597761e+04 0.000000000000000000e+00
4.116974589345158165e+03 9.331364612132061254e+00 0.000000000000000000e+00 1.158914404166353584e+01 5.572626310946288140e+04 0.000000000000000000e+00
4.325802600879976126e+03 9.499078276224809159e+00 0.000000000000000000e+00 1.130389808203212709e+01 5.911840734364288801e+04 0.000000000000000000e+00
4.634762727535252452e+03 1.027176331276327659e+01 0.000000000000000000e+00 1.180483908490180589e+01 5.751471608103283506e+04 0.000000000000000000e+00
4.421280729072191207e+03 9.606863491007457512e+00 0.000000000000000000e+00 1.157872924079795318e+01 5.607938757920947683e+04 0.000000000000000000e+00
4.598570865399875402e+03 9.731838600401188089e+00 0.000000000000000000e+00 1.240784495461328873e+01 5.770321305976141593e+04 0.000000000000000000e+00
4.830001038129219523e+03 1.062587389603940125e+01 0.000000000000000000e+00 1.190949877257983935e+01 5.811555407264055975e+04 0.000000000000000000e+00
4.957988798748298905e+03 1.040514741721521830e+01 0.000000000000000000e+00 1.195600980165856164e+01 5.640460119769075391e+04 0.000000000000000000e+00
5.043608190080087297e+03 1.032223305672907365e+01 0.000000000000000000e+00 1.190414167386368050e+01 5.702265672795767023e+04 0.000000000000000000e+00
5.213132467495016499e+03 1.060746038283435411e+01 0.000000000000000000e+00 1.221632615847950021e+01 5.966579019262324437e+04 0.000000000000000000e+00
5.181058389508826622e+03 1.076212737523328578e+01 0.000000000000000000e+00 1.274920565639772008e+01 5.619197486204669985e+04 0.000000000000000000e+00
4.997501892064720778e+03 1.104925834341666224e+01 3.419124746596428732e+00 1.224193513996425509e+01 4.325381929169006980e+02 8.838702747541042015e+01
5.049109571309216335e+03 1.130321470007339357e+01 3.390530472472874646e+00 1.226886673658022708e+01 4.569050929664747400e+02 8.553776287696861402e+01
5.143697255691185092e+03 1.150894916843317795e+01 3.697071946290668709e+00 1.336071465953123294e+01 4.258301924295041658e+02 8.550246820479515009e+01
5.128697573958164867e+03 1.112239429739330276e+01 3.556218177540150460e+00 1.250367283730727408e+01 4.531468227808509255e+02 8.705103242406217134e+01
5.441461173804958889e+03 1.163381001560211381e+01 3.708581466275326921e+00 1.302070269314009288e+01 4.285479898633272455e+02 8.476668828503785846e+01
5.619713252699657460e+03 1.124247984495558583e+01 3.442835006885453186e+00 1.339475328754706673e+01 4.438982827528474786e+02 8.345670257800735214e+01
5.393768976704632223e+03 1.096406599497447409e+01 3.662894887668866950e+00 1.254262583587659741e+01 4.529094839788717195e+02 8.433675625856682245e+01
5.521276242958498187e+03 1.100400735810787189e+01 3.724172681003658170e+00 1.329025754250123903e+01 4.431100091897534412e+02 8.417157664738446954e+01
6.119615594581970072e+03 1.166836234351643853e+01 3.725100835101924357e+00 1.308802377856945043e+01 4.130388009851453148e+02 8.866643571347357522e+01
5.721305991418955273e+03 1.112744052817823714e+01 3.574224424416954093e+00 1.324107929728829447e+01 4.412785555236009714e+02 8.606551331108180136e+01
5.790279888867889895e+03 1.095709860608204522e+01 3.814137898009168914e+00 1.247931126991126050e+01 4.339848707021660061e+02 8.681589355615307113e+01
5.988520402832080435e+03 1.177496964697020410e+01 3.679104818703944790e+00 1.295984393466805962e+01 4.405470233208906166e+02 8.612281174592584421e+01
5.979057986489931864e+03 1.140646026280116487e+01 3.585795401785887293e+00 1.348156917759834350e+01 4.304581063090518001e+02 8.282467116207608626e+01
6.500068651584422696e+03 1.159699616321608850e+01 3.678632136125012053e+00 1.293342028935005139e+01 4.393513128284080835e+02 8.252383334244674984e+01
