-2.066180585462920050e-01 6.063221635068724247e+00 3.515272346310051699e+00 2.814046217543678008e+00 1.383833349812655342e+03 6.138683901596524493e+02
3.138472777320139073e+01 6.021314930738148163e+00 3.474590985436460500e+00 2.928616627067591516e+00 1.461519320595599311e+03 5.885135334096760289e+02
3.218112640468364560e+01 7.831885004336786693e+00 4.274143398926685933e+00 3.372843363982413578e+00 1.359377740610038245e+03 5.806267617782192474e+02
5.052104567064066032e+01 7.510614825866579913e+00 4.318428864976660897e+00 3.230361374449683964e+00 1.372626037263735270e+03 5.932960985380557304e+02
1.012945687234104355e+02 7.673942660292244256e+00 4.637887153435602094e+00 3.539612141823420988e+00 1.974048630162484983e+02 8.150294377570035920e+01
1.486095269823389913e+02 8.039547664621737866e+00 4.664556207232156027e+00 3.411321734592722255e+00 2.084496550137912152e+02 8.261739983187693781e+01
1.977057973035428233e+02 8.556843595169564054e+00 4.430585940817630686e+00 3.401032187435175658e+00 3.638561710534780218e+02 8.334164219473345270e+01
2.568031146819230912e+02 8.545642468715159978e+00 4.575469443467670594e+00 3.618640043220579638e+00 3.617963491562699687e+02 1.419334960383905297e+02
3.122619034892401828e+02 8.551708972086814242e+00 4.588950754422455702e+00 3.626637894245452909e+00 3.655401741534161602e+02 1.379109804892228510e+02
3.476850412015128882e+02 8.942567416734995334e+00 4.974470348299868228e+00 3.624418951075214501e+00 3.622664120661036691e+02 1.462443217320918052e+02
4.099713857909464991e+02 9.362855348584391280e+00 5.158929181709245526e+00 3.554883304296625468e+00 3.461434596707520654e+02 1.491529603777576938e+02
5.013417193524703066e+02 9.841947233008832896e+00 5.470150438598414766e+00 3.705564541949516233e+00 3.494182142803962279e+02 1.410254137551445126e+02
6.249528670039920826e+02 1.038131510014897607e+01 5.810019921363934081e+00 4.313155792449029136e+00 3.562476996560689599e+02 1.420127271121396575e+02
6.785047949626995205e+02 1.043780488264261130e+01 6.237050863267689316e+00 4.445926713871490854e+00 7.513869651909385539e+02 3.072476337832400759e+02
8.297526459009357040e+02 1.133611940398911955e+01 6.299950148241848957e+00 4.400315413094223693e+00 7.158304465165900865e+02 3.056887584909455313e+02
9.319187713664846342e+02 1.156770298591106716e+01 6.422959495357915216e+00 4.339481482151406944e+00 7.652557917029254213e+02 3.177006102287811586e+02
1.047201290704619169e+03 1.153970661503944406e+01 6.158137761139624189e+00 4.602374742119184958e+00 7.514154545355349910e+02 3.006181259208951815e+02
1.059993702765281341e+03 1.200169897148749421e+01 6.443840066481389961e+00 4.482470842348790896e+00 7.091423863849066720e+02 2.993104275491685939e+02
1.179882904322162176e+03 1.183521921248615705e+01 6.604657391755960560e+00 4.798874739483417251e+00 7.321186020915918107e+02 3.061114627669123820e+02
1.347857891239848641e+03 1.131023773771369534e+01 6.484106016460105870e+00 4.761504603235839461e+00 7.670871262310211023e+02 3.121590025977255891e+02
1.431947828250894190e+03 1.214846918636641959e+01 6.839356707861056428e+00 4.786061324107178550e+00 7.154246887697108832e+02 3.190915429428847006e+02
1.556034911723993446e+03 1.263029807570993412e+01 6.726344810265518781e+00 4.831525639531787597e+00 7.733800458724807640e+02 3.221075609681537344e+02
1.869315553616770785e+03 1.284765715508501849e+01 7.159480505805195349e+00 5.161420801315569129e+00 8.278846762091361597e+02 3.182228674935203685e+02
1.953974074532552549e+03 1.318831271099627145e+01 6.777890875890018485e+00 5.422967658727158913e+00 7.687860352635018444e+02 2.979057952913893814e+02
2.120425351192677226e+03 1.338134351847994274e+01 6.670563241761724882e+00 5.272299325801173886e+00 7.775970086307269185e+02 3.097860232803661233e+02
2.260012808424705327e+03 1.299297649210705607e+01 7.042475266098218611e+00 5.547879146348516421e+00 8.164016379330472546e+02 3.247680901924765067e+02
2.727541312946053495e+03 1.271988258485168544e+01 6.934720401935124734e+00 5.262735676856492795e+00 8.143640527752830849e+02 3.243998778341711500e+02
2.559731156547486535e+03 1.388084091633842476e+01 7.433774272515605297e+00 5.416945230022343516e+00 7.804795806931599600e+02 3.105133349849267574e+02
2.898529962795284064e+03 1.407775505853521025e+01 7.203580834661126531e+00 5.834958927546674445e+00 8.330844630999106357e+02 2.992056509862924258e+02
2.781081997579120070e+03 7.954740723533216595e+00 0.000000000000000000e+00 9.310058556126994844e+00 7.920102251627640726e+02 3.095061733207664361e+02
2.953813806472018314e+03 8.148825434118140976e+00 0.000000000000000000e+00 1.030918685889210096e+01 6.007069639231904148e+04 0.000000000000000000e+00
3.083091541153855815e+03 8.703109089505353779e+00 0.000000000000000000e+00 1.013138869586715529e+01 5.631821076265413285e+04 0.000000000000000000e+00
3.126962043439998979e+03 8.275258959102023582e+00 0.000000000000000000e+00 1.078251158576943602e+01 6.062414073439954518e+04 0.000000000000000000e+00
3.229336302876004083e+03 8.538425506973814194e+00 0.000000000000000000e+00 1.072063472616097890e+01 5.654587219756808918e+04 0.000000000000000000e+00
3.483530811920623364e+03 9.216014580673032697e+00 0.000000000000000000e+00 1.010277254566080885e+01 6.046828963392745209e+04 0.000000000000000000e+00
3.490991838025315246e+03 9.085586794287822343e+00 0.000000000000000000e+00 1.076044918686748098e+01 5.857892600615250558e+04 0.000000000000000000e+00
3.642446524643761677e+03 8.752394942385818055e+00 0.000000000000000000e+00 1.072368676178572500e+01 5.909155338824665523e+04 0.000000000000000000e+00
3.841279897842628998e+03 9.271299659278490424e+00 0.000000000000000000e+00 1.070118085375313655e+01 5.935147304513556446e+04 0.000000000000000000e+00
3.719636710478078840e+03 8.834248409165274651e+00 0.000000000000000000e+00 1.105647950130153845e+01 5.952388607477280311e+04 0.000000000000000000e+00
3.742882817628175417e+03 9.348335010186726635e+00 0.000000000000000000e+00 1.068862324025528387e+01 5.764164979932875576e+04 0.000000000000000000e+00
4.033906940391092121e+03 9.440556843655544483e+00 0.000000000000000000e+00 1.183895254612594172e+01 5.602367706074081070e+04 0.000000000000000000e+00
3.947175804589964173e+03 9.180789059074522029e+00 0.000000000000000000e+00 1.098437219419270328e+01 5.522968729811687808e+04 0.000000000000000000e+00
4.228226178532451740e+03 9.681931619510818265e+00 0.000000000000000000e+00 1.131025294676964421e+01 6.013848852039769554e+04 0.000000000000000000e+00
4.402475900574063417e+03 9.445914833146474621e+00 0.000000000000000000e+00 1.150749052160607455e+01 5.828715734591428918e+04 0.000000000000000000e+00
4.325648920868908135e+03 9.804910718088578392e+00 0.000000000000000000e+00 1.154040402039931656e+01 5.819147815225570230e+04 0.000000000000000000e+00
4.656972544954121986e+03 9.525695565865881065e+00 0.000000000000000000e+00 1.130340967536447394e+01 5.577660495673672267e+04 0.000000000000000000e+00
4.757439762406631417e+03 1.024950150726731479e+01 0.000000000000000000e+00 1.234452347251882465e+01 6.005428426937566110e+04 0.000000000000000000e+00
4.523430032349746398e+03 9.870234563570223330e+00 0.000000000000000000e+00 1.220394561155319835e+01 5.676489426389047730e+04 0.000000000000000000e+00
4.694189844306860323e+03 9.979174404892482642e+00 0.000000000000000000e+00 1.170336074835476126e+01 5.704816953125128202e+04 0.000000000000000000e+00
4.672606598304081672e+03 9.697194173774807524e+00 0.000000000000000000e+00 1.173048385249334125e+01 6.001948032133045490e+04 0.000000000000000000e+00
4.987560749652951927e+03 9.984145028334728167e+00 0.000000000000000000e+00 1.158963852077869028e+01 5.613345994339211757e+04 0.000000000000000000e+00
5.265048624935518092e+03 1.020682737274905527e+01 0.000000000000000000e+00 1.229129988741767576e+01 5.576657358988145279e+04 0.000000000000000000e+00
5.150207496495158921e+03 1.033169193969335886e+01 0.000000000000000000e+00 1.185419664472142109e+01 5.647621803973502392e+04 0.000000000000000000e+00
5.083265469665987439e+03 1.115184744272608341e+01 3.343400361812431498e+00 1.225914916156109591e+01 4.519989730698522408e+02 8.428365676791834460e+01
5.012379231541972331e+03 1.085490555967018977e+01 3.507524832259276248e+00 1.233725122685448738e+01 4.598177371800736069e+02 8.121235424039173267e+01
5.008461015918448538e+03 1.069187207431823516e+01 3.423344096267174841e+00 1.220924812040053453e+01 4.580728429647779762e+02 8.824646916647697026e+01
5.565229988200238950e+03 1.093185978721287022e+01 3.618080312015915290e+00 1.281835895366334555e+01 4.607465033836743373e+02 8.406615663978897146e+01
5.283292564591237351e+03 1.168414036118500476e+01 3.649157351975936603e+00 1.343549845979984525e+01 4.315281072613836955e+02 8.226050800629002424e+01
5.688771570408061052e+03 1.062197992033299521e+01 3.730150862717536153e+00 1.309117827997475203e+01 4.339912977916081331e+02 8.568895155292071308e+01
5.654339577207793809e+03 1.065311481588437026e+01 3.479441816166308765e+00 1.335448794992987054e+01 4.455069932083242179e+02 8.850611935544647224e+01
5.667089669482502359e+03 1.072773114129156014e+01 3.568359446585667172e+00 1.254352215742840926e+01 4.359625250382858894e+02 8.671556658620842484e+01
5.732060322841016387e+03 1.113786733015419728e+01 3.781328677911419689e+00 1.360654754248860421e+01 4.140546516429255917e+02 8.689892718574161279e+01
6.007904969732093377e+03 1.160500161019811927e+01 3.468005505899447893e+00 1.343485663169728284e+01 4.148401665109087730e+02 8.781649272295797459e+01
6.350314908347537312e+03 1.163952623401701203e+01 3.792965556387438042e+00 1.360936048810072307e+01 4.300969981764240515e+02 8.509129691340955048e+01
5.974584194802971979e+03 1.080153902895932561e+01 3.841003379843178855e+00 1.281779489171175257e+01 4.363503236628635591e+02 8.648756310962095029e+01
6.220276432948607180e+03 1.101935304627797940e+01 3.623135483173783200e+00 1.281462486360220865e+01 4.410219833560939264e+02 8.601371434483466771e+01
6.530689769968081237e+03 1.090024309692630489e+01 3.774823452969863880e+00 1.299899533406363261e+01 4.363394328657342385e+02 8.717489119891294536e+01
