1.301692601828983165e-01 5.566783065783038609e+00 3.463191487947504310e+00 2.831283044782100244e+00 1.460612911499906431e+03 5.965741545175045530e+02
3.448735943634043366e+01 5.682556324727002561e+00 3.369501677625539315e+00 2.784778575903713804e+00 1.366297388262540835e+03 5.734042015329619062e+02
3.445496095885322774e+01 7.445634806530586403e+00 4.299098096023706184e+00 3.338502754519569127e+00 1.431914243696579888e+03 5.958710672226947054e+02
4.932879556091528883e+01 7.733466890507850522e+00 4.517545602786420922e+00 3.236438658671113799e+00 1.405130372409674919e+03 5.719996515941464850e+02
1.011446015279371125e+02 7.639090332119443438e+00 4.532890636327711498e+00 3.397669146566482556e+00 2.076941122921278975e+02 7.908271777229786892e+01
1.422817336194013933e+02 8.275011598740995566e+00 4.586723362821170547e+00 3.567015429965067597e+00 1.984358316818390051e+02 8.398260374800227623e+01
2.026346033296698010e+02 8.575691582629040965e+00 4.440551228676733686e+00 3.553495096131576325e+00 3.736900335819384509e+02 8.106513558794080154e+01
2.628575463326853878e+02 8.387117377748252167e+00 4.569207470043487263e+00 3.478114597626433824e+00 3.619045607281412913e+02 1.469937742258296680e+02
2.942277403520147345e+02 8.370248064245407349e+00 4.926679811983215806e+00 3.612148715985181724e+00 3.509010577087976230e+02 1.366714850883897725e+02
3.593649112397017120e+02 8.585663179457876382e+00 4.891437166435335548e+00 3.474348409292308038e+00 3.532362591314849283e+02 1.450842111807269248e+02
4.004126548321074210e+02 8.567973809900676585e+00 4.787191703492217343e+00 3.472043568748750531e+00 3.433419311867108945e+02 1.417946469592752123e+02
5.190789095030313547e+02 9.658467506060091523e+00 5.296500747511235119e+00 3.803894675705596029e+00 3.547898798203144111e+02 1.471365320655045537e+02
6.249837562308283623e+02 1.062673897424481950e+01 5.491148346196355057e+00 3.927194621262009022e+00 3.454741244547987549e+02 1.436868158504654502e+02
6.721488554713967005e+02 1.066703100124681747e+01 5.722782531585501431e+00 4.414982337957090053e+00 7.427620247466541059e+02 3.200547268994242245e+02
7.627735405003228379e+02 1.066420931216118007e+01 5.882539696733235068e+00 4.295916142136024796e+00 7.620921914389143694e+02 2.974352899726010833e+02
9.137732089484020435e+02 1.113636267806440472e+01 6.058121684562403964e+00 4.780174479858589898e+00 7.532006343529235437e+02 3.132332638879954629e+02
9.574988971963539370e+02 1.163269398563449286e+01 6.327152646862129970e+00 4.479340250537456214e+00 7.337432036631104211e+02 3.129565692801750174e+02
1.155034459242130879e+03 1.209853138112629445e+01 6.179554495986662843e+00 4.607234886416629038e+00 7.689667681180524141e+02 3.204930614592047391e+02
1.168943734905715701e+03 1.189899582194193783e+01 6.360514492831566891e+00 4.827781774265292647e+00 7.348541902924969236e+02 3.118182126804773020e+02
1.333894313013834108e+03 1.140875410944716251e+01 6.281941252684725363e+00 4.974507702873202319e+00 7.558730331962212858e+02 2.974594372517943839e+02
1.459381125027065764e+03 1.251616703260115138e+01 6.948475925167923783e+00 4.719231822283369127e+00 7.041279928046963050e+02 2.975480720666872116e+02
1.532775902292612500e+03 1.199079341713267510e+01 6.544359626034206734e+00 4.969704072703254205e+00 7.642564112979415540e+02 3.274717968757864810e+02
1.817425639252771816e+03 1.255619558955380199e+01 6.602024539074291098e+00 5.301245585910607794e+00 8.391238049360905507e+02 3.058624766534654782e+02
2.073309894077487115e+03 1.337447600377017665e+01 6.629842449780587899e+00 5.257047097638221089e+00 7.686732037508627400e+02 3.013546376655451127e+02
2.167091774348290528e+03 1.352612166924540915e+01 6.827801714396041000e+00 5.495874530657381740e+00 7.956720192134467879e+02 3.022262083026935784e+02
2.414100682266321201e+03 1.332995924202706561e+01 7.027745907844834328e+00 5.471637165303028461e+00 8.237409656469512811e+02 3.245692418378737329e+02
2.695398557281673675e+03 1.329471426593129380e+01 6.920362076111095995e+00 5.515198924838559336e+00 7.692918982331507323e+02 3.032978873453478741e+02
2.656257936972123389e+03 1.311373878798501558e+01 7.106317832358005404e+00 5.690285831233022229e+00 7.748646962893378713e+02 2.982613761348375760e+02
2.911356897278536962e+03 1.395974946267203443e+01 7.642944388729064009e+00 5.878093433345987329e+00 8.341083954162138525e+02 3.041527191733098334e+02
2.923146769814467916e+03 7.820992912713808032e+00 0.000000000000000000e+00 9.865719814950750788e+00 7.761845917550255081e+02 3.153076049074421121e+02
2.853781549313177493e+03 8.390580334419125208e+00 0.000000000000000000e+00 9.844530666094446048e+00 5.712836808099956397e+04 0.000000000000000000e+00
3.002365284546739531e+03 8.714283870790549003e+00 0.000000000000000000e+00 1.042902237390519637e+01 5.701280204570323258e+04 0.000000000000000000e+00
3.264751434970441551e+03 8.429192136284454406e+00 0.000000000000000000e+00 1.042689103511598070e+01 5.987401768394296232e+04 0.000000000000000000e+00
3.177588812724322452e+03 8.417505575260467054e+00 0.000000000000000000e+00 1.080951505238661170e+01 6.059496513601347397e+04 0.000000000000000000e+00
3.253646905524612976e+03 8.986217155235213028e+00 0.000000000000000000e+00 1.063482320611052678e+01 5.697533255531163741e+04 0.000000000000000000e+00
3.402756275252496835e+03 9.110975560539033680e+00 0.000000000000000000e+00 1.054235624301639263e+01 5.651998451379993639e+04 0.000000000000000000e+00
3.571084241468170148e+03 9.362819227656590471e+00 0.000000000000000000e+00 1.117910858108344740e+01 5.590367467215572105e+04 0.000000000000000000e+00
3.666422282830470522e+03 9.113884991026463211e+00 0.000000000000000000e+00 1.115611036575450754e+01 5.597417229718996532e+04 0.000000000000000000e+00
3.791251420410504124e+03 9.118122172618267740e+00 0.000000000000000000e+00 1.159807445280890548e+01 5.699738160676058760e+04 0.000000000000000000e+00
3.687486753621165008e+03 9.682283757556364279e+00 0.000000000000000000e+00 1.106470973629808796e+01 5.622923949599472689e+04 0.000000000000000000e+00
4.015370021833322426e+03 9.020198701701096056e+00 0.000000000000000000e+00 1.150312795301263868e+01 5.576951230700056476e+04 0.000000000000000000e+00
3.875963042008416778e+03 9.659410157492420268e+00 0.000000000000000000e+00 1.182902079830182807e+01 5.651811299385123857e+04 0.000000000000000000e+00
4.010296363835843749e+03 1.001664190005658917e+01 0.000000000000000000e+00 1.101972746761697231e+01 5.614987106535414932e+04 0.000000000000000000e+00
4.441602440456290424e+03 1.019373329181731336e+01 0.000000000000000000e+00 1.194122834139631806e+01 5.573079874628022662e+04 0.000000000000000000e+00
4.390062078329859105e+03 9.763891680876197299e+00 0.000000000000000000e+00 1.117425183963743862e+01 5.874877369411486870e+04 0.000000000000000000e+00
4.693393515696396207e+03 9.786912304183285727e+00 0.000000000000000000e+00 1.147836955559253624e+01 6.060656940549196588e+04 0.000000000000000000e+00
4.409870615098119742e+03 9.690016615122923227e+00 0.000000000000000000e+00 1.151967965035542996e+01 5.974475001019466436e+04 0.000000000000000000e+00
4.876125545483055248e+03 1.039099459033479178e+01 0.000000000000000000e+00 1.217071400688270089e+01 5.756175532418153307e+04 0.000000000000000000e+00
4.603426869398506824e+03 9.641885756310388800e+00 0.000000000000000000e+00 1.209581487449223047e+01 5.583886726739630103e+04 0.000000000000000000e+00
4.857566326531246887e+03 1.015584606571169068e+01 0.000000000000000000e+00 1.195001656936288725e+01 5.794119798707136215e+04 0.000000000000000000e+00
4.940815867454462023e+03 1.069229372532172917e+01 0.000000000000000000e+00 1.156006028293245258e+01 5.575238892635059892e+04 0.000000000000000000e+00
5.131909837675379094e+03 1.031988781828137647e+01 0.000000000000000000e+00 1.221378235383828681e+01 5.743738454917965282e+04 0.000000000000000000e+00
5.227589996095293827e+03 1.036406671991613848e+01 0.000000000000000000e+00 1.231441158091940125e+01 5.502486483062802290e+04 0.000000000000000000e+00
4.991302856080694255e+03 1.089994909798306111e+01 3.437633756553902575e+00 1.276530038913489129e+01 4.278916029916002799e+02 8.750654168512031106e+01
5.194165256779025185e+03 1.082620379156512946e+01 3.548461371720625035e+00 1.308227647168910046e+01 4.670890766005801424e+02 8.244226022057344494e+01
5.394955724208211905e+03 1.056291570296489013e+01 3.595775337344351730e+00 1.220128905060745872e+01 4.236122658513028227e+02 8.830946127793987444e+01
5.329435990330901404e+03 1.147350973767302662e+01 3.504391653794530992e+00 1.226723572327841261e+01 4.594393010990958715e+02 8.883139849787761477e+01
5.213875315154949931e+03 1.068004983233795890e+01 3.426653138350038486e+00 1.272796519972462548e+01 4.494405847738753437e+02 8.405945578472763202e+01
5.383073501494265656e+03 1.074015019804935100e+01 3.611965345172733599e+00 1.254726230749471760e+01 4.183055230156077755e+02 8.629298674812258696e+01
5.836376987201504562e+03 1.081799863670099349e+01 3.684528831279243466e+00 1.343561945452003314e+01 4.173148002433591159e+02 8.323753243345906583e+01
5.866822090010356987e+03 1.146080098945516568e+01 3.703273108801051539e+00 1.276027593369415136e+01 4.227469490262253657e+02 8.771172883201683135e+01
6.035990227468391822e+03 1.132184814601887979e+01 3.731341006654950387e+00 1.269308661795723125e+01 4.322220937128356013e+02 8.311569036942152877e+01
5.690418344260557205e+03 1.148750665282996763e+01 3.703875051598929602e+00 1.368002396290502176e+01 4.491207310635869590e+02 8.645531416038595296e+01
6.071327063871302016e+03 1.158260840170722972e+01 3.726253855952469607e+00 1.254413593630363621e+01 4.367758177469983707e+02 8.255915907928898889e+01
6.086632019437220151e+03 1.127266236739793648e+01 3.598953014758877966e+00 1.268612289956151429e+01 4.212363767661743736e+02 8.816475429446373369e+01
6.382823362847560020e+03 1.178494421728791863e+01 3.545193330539803789e+00 1.266111841637421165e+01 4.496287513031018079e+02 8.151105801460815314e+01
6.426527790667769295e+03 1.098044223450117585e+01 3.788206020947806341e+00 1.372320893123767149e+01 4.138002502375568383e+02 8.499441195801719573e+01
