-3.599833484240319015e-01 5.962926802415711158e+00 3.207979191575195621e+00 2.738789652035089617e+00 1.342020998296373818e+03 5.925734193647114125e+02
3.103703714565653726e+01 5.970104722679567821e+00 3.398263009086066599e+00 2.846598569533956624e+00 1.347293756066136666e+03 6.075037673820660302e+02
3.204297470976358397e+01 7.839767694776932139e+00 4.223161256459055046e+00 3.223626294143698612e+00 1.361338071092916607e+03 6.180848574252677281e+02
5.154518101601845359e+01 8.023537358122073471e+00 4.300567786183403740e+00 3.175382447475519232e+00 1.392873171653185636e+03 6.121805640958614276e+02
1.014743371794933608e+02 7.667347917805106050e+00 4.332407433549255060e+00 3.339962392710595918e+00 2.048383726842085082e+02 7.943130234686329061e+01
1.422140345615388526e+02 8.408959991927476452e+00 4.367596052485961167e+00 3.327228718304809263e+00 1.956341122512310164e+02 7.721661527051540475e+01
1.908508468480947897e+02 7.952877377863593722e+00 4.786492026805643896e+00 3.410697796136155979e+00 3.427746820760564788e+02 7.619697030098097912e+01
2.437680777295026644e+02 8.360400660162850883e+00 4.608470366410967856e+00 3.557282514701891163e+00 3.646989304976186190e+02 1.450389506797382353e+02
2.852454186258752884e+02 8.626577385800091591e+00 4.613451595937311467e+00 3.604390410804036105e+00 3.760599057304165740e+02 1.433997919844130706e+02
3.331937775970682765e+02 9.004580608700782918e+00 4.838396201094255389e+00 3.690929958394646437e+00 3.440616619217779544e+02 1.404934690679015148e+02
4.295109903393210971e+02 8.622446140888879285e+00 5.169294657241443325e+00 3.615737989330734869e+00 3.509527205065311932e+02 1.470264310086143666e+02
5.059642014161884731e+02 9.849473139449036907e+00 5.356532451890672064e+00 3.983431607423840948e+00 3.592437136157911937e+02 1.404660149529147475e+02
6.297002707696610742e+02 9.853326041921642187e+00 5.446591947359692654e+00 4.213154361272470894e+00 3.507922986956818363e+02 1.474308427541997162e+02
6.765208799981141965e+02 1.070999198532148000e+01 5.850348898914217166e+00 4.263408072169311502e+00 7.172331016350619848e+02 3.091554825916268214e+02
7.676616589042218948e+02 1.128091906833520319e+01 6.270013492847365200e+00 4.254719303187894042e+00 7.368275187521401222e+02 3.085153025480270230e+02
8.883859034990551891e+02 1.172287648371869828e+01 6.308492050310144705e+00 4.762694583961430972e+00 7.404109943661197804e+02 3.264077337159731655e+02
9.964696272941806683e+02 1.166232205775317077e+01 6.111120772399220691e+00 4.453424711543682690e+00 7.128272868530267488e+02 3.126321562031750432e+02
1.063869973035702060e+03 1.203622389780587731e+01 6.129498181202309048e+00 4.604248068759658530e+00 7.375375737611766453e+02 3.137747031727519698e+02
1.249045734468065348e+03 1.214768127961065858e+01 6.736732801609129240e+00 4.694237515991693144e+00 7.165636899642506705e+02 3.018554128089155597e+02
1.270062034833118105e+03 1.141193054916995919e+01 6.749153378481294041e+00 4.815566435317577998e+00 7.063674483064876313e+02 3.092274075602288121e+02
1.341176503337410850e+03 1.224488821514210990e+01 6.401319375564282765e+00 4.659700884047325076e+00 7.071445345787071801e+02 3.159616369439530672e+02
1.632932539472890539e+03 1.175390974488635543e+01 6.688371403341927035e+00 5.144182323468710294e+00 7.301305630964349120e+02 3.271221298065381120e+02
1.765330187534158085e+03 1.222869843517711708e+01 6.750131184121054062e+00 5.217047373805751675e+00 8.252862293248023207e+02 3.193965271347510679e+02
1.926372373053089859e+03 1.240448997287963095e+01 7.121161410752676169e+00 5.462306596579022511e+00 7.756675641460795987e+02 3.208053643306122922e+02
2.188916354012286320e+03 1.282267957909928491e+01 6.700826171002241871e+00 5.519742355827515823e+00 7.656432867261812589e+02 3.015550960081621952e+02
2.291357421819919182e+03 1.325360252160586860e+01 7.090097780941791328e+00 5.566551597558351716e+00 7.805767634937586763e+02 3.069878937620501347e+02
2.544307395948604608e+03 1.336959215579680382e+01 6.821566103396027536e+00 5.165647656772543783e+00 8.000020320178848579e+02 3.094269875291825542e+02
2.703479159803038783e+03 1.299547089762679164e+01 7.552895171189338619e+00 5.472078062102709417e+00 8.147335571813313209e+02 2.986129261209018182e+02
2.956213743773765600e+03 1.332746469938429890e+01 7.276980170736271347e+00 5.504198261296102679e+00 7.855903270453054574e+02 3.055032459762915096e+02
2.964948817294707169e+03 7.857351980788681800e+00 0.000000000000000000e+00 9.797293471216182326e+00 7.831735746000141489e+02 2.968010905550771668e+02
2.881598851630023091e+03 8.468704893573681503e+00 0.000000000000000000e+00 9.834467906791022784e+00 5.528168554996177409e+04 0.000000000000000000e+00
2.939639806945634518e+03 8.609581678280424200e+00 0.000000000000000000e+00 1.029993226748518254e+01 5.617660397483774432e+04 0.000000000000000000e+00
3.063829591211610932e+03 8.281955706621941360e+00 0.000000000000000000e+00 1.083447919826116568e+01 5.763513973342446116e+04 0.000000000000000000e+00
3.250024862902889254e+03 8.432153941515647233e+00 0.000000000000000000e+00 1.057223876288489350e+01 5.571724773792073393e+04 0.000000000000000000e+00
3.385916014727223683e+03 9.076813388881438627e+00 0.000000000000000000e+00 1.057587334072507268e+01 5.772204054177078069e+04 0.000000000000000000e+00
3.562864721931334316e+03 9.358425997190440881e+00 0.000000000000000000e+00 1.024466865288200879e+01 5.526685268469677249e+04 0.000000000000000000e+00
3.532867014531625500e+03 8.920171654699633024e+00 0.000000000000000000e+00 1.048743378996671716e+01 5.645177267770748585e+04 0.000000000000000000e+00
3.522123642716028371e+03 9.529360315911285184e+00 0.000000000000000000e+00 1.116682558958159355e+01 5.986538058120389906e+04 0.000000000000000000e+00
3.870594705545793659e+03 8.863129936293660194e+00 0.000000000000000000e+00 1.063612296309570660e+01 5.809783312105712685e+04 0.000000000000000000e+00
4.022848157739247654e+03 9.185234772704811590e+00 0.000000000000000000e+00 1.069802714868016835e+01 5.651172693354073272e+04 0.000000000000000000e+00
3.982071614738274093e+03 9.841468312304666455e+00 0.000000000000000000e+00 1.162053613993839285e+01 5.574449196472797485e+04 0.000000000000000000e+00
3.905889631126022778e+03 1.004797498734556704e+01 0.000000000000000000e+00 1.132078145052498819e+01 5.820990951903708628e+04 0.000000000000000000e+00
4.224062752660812293e+03 1.012598972450734358e+01 0.000000000000000000e+00 1.178681667839108194e+01 5.563726092705502379e+04 0.000000000000000000e+00
4.325008751656870118e+03 1.006311041530433492e+01 0.000000000000000000e+00 1.181618438121858361e+01 5.942295670092556247e+04 0.000000000000000000e+00
4.279592044489414548e+03 9.712234253897072733e+00 0.000000000000000000e+00 1.174066404591811086e+01 5.865340275543622556e+04 0.000000000000000000e+00
4.255146831449933416e+03 1.016122348891171434e+01 0.000000000000000000e+00 1.138839272968828453e+01 6.065035673711482377e+04 0.000000000000000000e+00
4.556558769575890437e+03 9.554592590195010615e+00 0.000000000000000000e+00 1.223918130711037655e+01 5.846800281312558946e+04 0.000000000000000000e+00
4.503433167601933746e+03 1.041981924758840705e+01 0.000000000000000000e+00 1.154455811623144967e+01 5.906784788555547129e+04 0.000000000000000000e+00
4.684565313206034261e+03 1.003215215435847796e+01 0.000000000000000000e+00 1.186765763054641631e+01 5.817269233423165861e+04 0.000000000000000000e+00
4.789402221354030189e+03 9.684226661576840200e+00 0.000000000000000000e+00 1.233665738060426342e+01 5.780270100669705425e+04 0.000000000000000000e+00
4.892470306266480293e+03 1.044110888525378300e+01 0.000000000000000000e+00 1.176934129646894256e+01 5.587691862899509579e+04 0.000000000000000000e+00
4.918505245922130598e+03 9.808376515809532847e+00 0.000000000000000000e+00 1.239730999520217658e+01 5.719438178723339661e+04 0.000000000000000000e+00
5.219083245007398546e+03 1.081249086185365904e+01 0.000000000000000000e+00 1.238378123478923598e+01 5.966789731690476037e+04 0.000000000000000000e+00
5.006140484131855374e+03 1.135512304906587211e+01 3.649277451901917324e+00 1.250576327975433344e+01 4.322677664907706685e+02 8.641322785846853094e+01
5.358205396199222378e+03 1.108998657388225340e+01 3.403944874117099673e+00 1.285431719751632862e+01 4.236107703715026673e+02 8.799116820151051854e+01
5.154169579330424313e+03 1.127114437500970645e+01 3.456357290443896169e+00 1.269200318088327961e+01 4.563936811986828275e+02 8.094519215727747508e+01
5.525530587614368415e+03 1.130230392647103344e+01 3.545282246404782622e+00 1.268505717228027585e+01 4.486616900039599614e+02 8.540182748455650596e+01
5.241046962866446847e+03 1.078615694066515651e+01 3.538664636458511037e+00 1.246394338474678776e+01 4.457991620555719123e+02 8.676434540504659765e+01
5.457711931613616798e+03 1.170080191422590232e+01 3.764253558697211233e+00 1.341251350460190039e+01 4.164033826183261908e+02 8.079909967150834404e+01
5.530226543792948178e+03 1.066680246370157548e+01 3.618754223659189417e+00 1.295397103849446907e+01 4.541165524919315430e+02 8.787201986206559923e+01
5.874431747482894934e+03 1.120117623554846986e+01 3.559118821423618684e+00 1.282197556622416457e+01 4.163282641323404505e+02 8.287252130387389570e+01
6.029855952984431497e+03 1.151608867203348652e+01 3.594280841657861103e+00 1.286969923885393285e+01 4.381625183264756629e+02 8.426435331713658172e+01
5.845618470198111027e+03 1.140544351136109924e+01 3.542977177358187291e+00 1.276189872669874248e+01 4.274389161838595328e+02 8.375857822499246197e+01
6.001316618685942558e+03 1.133474224921299367e+01 3.639359140192502728e+00 1.281040986263594661e+01 4.273585431123867124e+02 8.751215090731668056e+01
6.156043361558851757e+03 1.129560973923144473e+01 3.502501562212585018e+00 1.349142333427209373e+01 4.514844110543538136e+02 8.875323327354222158e+01
6.253287170188424170e+03 1.103149434788544170e+01 3.528503590289537861e+00 1.258534007003110666e+01 4.439913383174356909e+02 8.473452109975251290e+01
6.058752810888420754e+03 1.151716783191483984e+01 3.489698272091038778e+00 1.260298806159535268e+01 4.177120523664183338e+02 8.452857417185417432e+01
