-7.365790384495003451e-01 5.726815043484224432e+00 3.216130093159430547e+00 2.607206765665078141e+00 1.438577458126852889e+03 5.940997860963628909e+02
3.571433125581203427e+01 5.577146184293975573e+00 3.099175268892179425e+00 2.585227345386714504e+00 1.262489252946196984e+03 5.791460800370667812e+02
3.656284227643685369e+01 7.937090655272188933e+00 4.658857179786766167e+00 3.492812523247626366e+00 1.439903408414186515e+03 6.154843296303657780e+02
4.997789439704964565e+01 7.356075764738594813e+00 4.597094843198242131e+00 3.527450118597180495e+00 1.330526902041960057e+03 5.889628590797329935e+02
1.089149090956612156e+02 7.393048266939940660e+00 4.365276798136842551e+00 3.637428548918718807e+00 2.051075107368759234e+02 8.078116956002921256e+01
1.619722694488753518e+02 8.459722188848303404e+00 4.840058276873531184e+00 3.691893558494588667e+00 2.049266820719621478e+02 7.560957822860575561e+01
2.232389668611708373e+02 7.908632235404756017e+00 4.416700380023582007e+00 3.505762951939413785e+00 3.782780581010574110e+02 8.515560289196314159e+01
2.162898930191530837e+02 8.837130355867518716e+00 4.461240387433097254e+00 3.301957980625967792e+00 3.584976465247405599e+02 1.314479947549010603e+02
2.622243794160721109e+02 8.556762613444272247e+00 4.437601781824773717e+00 3.271799271279649535e+00 3.554289060278600232e+02 1.400243083362782102e+02
3.164000142961756410e+02 8.270761964642572295e+00 5.268953991440203488e+00 3.779398196921832653e+00 3.617722305619581675e+02 1.425063530864636050e+02
4.436513777562897189e+02 8.237672008454458350e+00 4.884315608921860452e+00 3.434862123448735982e+00 3.918918705763984462e+02 1.388282418714074709e+02
4.895647318675713109e+02 8.926908385090401410e+00 5.422054901308790420e+00 3.483632538011596225e+00 3.646742276313783009e+02 1.387176066901702995e+02
6.543546385282974143e+02 1.020471409204088076e+01 6.179483612539379500e+00 3.961576636906183335e+00 3.732459767376361697e+02 1.370281047160532637e+02
7.434312547558395181e+02 1.091669999683315417e+01 6.075831093437050967e+00 4.069759976097036436e+00 7.964618349537909126e+02 3.325906108288294831e+02
9.068182652435964428e+02 1.135064232366460324e+01 6.635231480295468387e+00 4.400189254823347440e+00 8.122730788860881148e+02 3.071422123396461075e+02
7.967692314721962248e+02 1.033204256231247342e+01 6.462520172612577163e+00 4.368078783600612525e+00 7.967505227575712752e+02 3.159614616087426384e+02
9.527323341206727036e+02 1.175934984502353942e+01 5.793786523625611196e+00 5.064134163685439560e+00 7.629503970641694650e+02 3.279693758722614234e+02
9.866118040236456181e+02 1.168618074604835400e+01 6.956423977712454132e+00 4.324341430138041176e+00 6.891570047470343070e+02 3.386482651514135682e+02
1.144316880563878385e+03 1.142480181216131108e+01 6.186430400844900035e+00 4.496932757367218869e+00 7.496888406566398544e+02 3.112653968416345265e+02
1.299872517753550937e+03 1.079057795348677296e+01 5.913077474636525110e+00 4.419059063204139548e+00 7.632659037885645148e+02 3.060629089108229550e+02
1.221677247106380264e+03 1.136012389286894653e+01 6.673113707359660474e+00 5.128925267474981453e+00 7.840184975436769719e+02 3.158161388959410374e+02
1.488989947148719693e+03 1.178865473064220559e+01 6.989937528056111127e+00 4.601633839753806576e+00 6.850595857241850126e+02 2.982878660542805278e+02
2.161597103515545768e+03 1.154525364853922298e+01 6.974120724417494088e+00 5.447020099418954153e+00 8.114333824306106635e+02 3.312638027068658744e+02
1.728261255785802632e+03 1.321261811453860346e+01 6.624680362286047952e+00 5.651575550423944883e+00 8.395196583095106462e+02 3.317373265165776388e+02
2.397327041440968969e+03 1.288670650446233523e+01 7.707158079946291984e+00 5.224380307399753676e+00 8.235973419347640174e+02 3.406113467953055078e+02
2.462782423999457478e+03 1.337966133747619324e+01 7.066484616487612058e+00 5.715303492618829750e+00 7.620877862267757337e+02 2.991622244609030190e+02
2.976357602309875801e+03 1.196905643223138682e+01 7.668213776704942752e+00 5.174308138411053193e+00 8.009498000247619984e+02 3.308128800539225267e+02
2.974930197972219958e+03 1.464247775799455198e+01 7.203769848205075377e+00 6.087687913591310895e+00 7.715562299509243758e+02 3.115198770128021124e+02
3.154549442959405042e+03 1.292023462502404740e+01 7.054388614708219762e+00 6.157113698630752197e+00 7.276391088482952227e+02 2.843044468031947076e+02
2.582056760408599530e+03 7.674479149900183650e+00 0.000000000000000000e+00 9.913184693695551886e+00 8.778841465541098614e+02 3.345880791204876914e+02
2.377572897802207990e+03 8.405841234840165654e+00 0.000000000000000000e+00 1.033705461442648144e+01 5.821090350445186050e+04 0.000000000000000000e+00
3.249432185420840597e+03 8.507486442886893485e+00 0.000000000000000000e+00 1.104779960613674739e+01 6.207828945087421016e+04 0.000000000000000000e+00
3.627141437402236079e+03 8.096707468063453206e+00 0.000000000000000000e+00 1.046459352895413453e+01 5.852671286363161198e+04 0.000000000000000000e+00
2.925018189336683008e+03 8.877158605717381690e+00 0.000000000000000000e+00 1.008347740114771440e+01 5.807339349470209709e+04 0.000000000000000000e+00
3.421189833084481052e+03 8.436436188677623349e+00 0.000000000000000000e+00 9.821319052245115699e+00 5.362963275490546948e+04 0.000000000000000000e+00
3.764080720485048460e+03 8.678435103560124375e+00 0.000000000000000000e+00 1.015601976703920073e+01 6.051412756005980918e+04 0.000000000000000000e+00
4.241311430224252035e+03 9.607480837154257713e+00 0.000000000000000000e+00 1.134411189497011208e+01 5.810654660130209231e+04 0.000000000000000000e+00
3.961043443724392091e+03 9.782192908288699584e+00 0.000000000000000000e+00 1.073143377132064025e+01 6.244985532144001627e+04 0.000000000000000000e+00
3.193028011588151458e+03 1.013333000878157897e+01 0.000000000000000000e+00 9.975222824424163193e+00 5.228645872482343111e+04 0.000000000000000000e+00
4.093982784390746929e+03 9.620679488768148602e+00 0.000000000000000000e+00 1.065002232932977577e+01 5.833945459563485929e+04 0.000000000000000000e+00
4.154705971844729902e+03 1.039986538441695529e+01 0.000000000000000000e+00 1.101359949468197463e+01 5.497271465565366088e+04 0.000000000000000000e+00
4.810267102486134718e+03 9.507343457513101725e+00 0.000000000000000000e+00 1.029690676261266269e+01 5.686690305702846672e+04 0.000000000000000000e+00
3.651358053197212939e+03 1.012768023549948815e+01 0.000000000000000000e+00 1.244537630493725189e+01 5.676235838184614113e+04 0.000000000000000000e+00
3.976297805749115923e+03 1.070629427478115758e+01 0.000000000000000000e+00 1.154716147256691627e+01 5.392559468005679082e+04 0.000000000000000000e+00
4.466647467865359431e+03 9.233298207897863819e+00 0.000000000000000000e+00 1.274843600860642745e+01 6.336579128448820120e+04 0.000000000000000000e+00
5.244646503865401428e+03 1.065251443649685292e+01 0.000000000000000000e+00 1.170768246267380697e+01 5.448038881711211434e+04 0.000000000000000000e+00
3.872938684115006708e+03 1.040933692569210223e+01 0.000000000000000000e+00 1.232739367646968986e+01 5.985379872354201507e+04 0.000000000000000000e+00
5.153889521973896990e+03 9.137239534450735334e+00 0.000000000000000000e+00 1.281467127387010585e+01 6.297860924940437690e+04 0.000000000000000000e+00
5.238592117816573591e+03 9.571115360512392201e+00 0.000000000000000000e+00 1.256409106386652041e+01 5.458970510527314036e+04 0.000000000000000000e+00
5.644188761981134121e+03 1.021933886617355647e+01 0.000000000000000000e+00 1.250863339699253807e+01 5.579339418177255720e+04 0.000000000000000000e+00
5.455290276745330630e+03 1.052950502141143829e+01 0.000000000000000000e+00 1.175157100899420115e+01 5.366783125832906808e+04 0.000000000000000000e+00
4.618061273503747543e+03 1.047595443636021528e+01 0.000000000000000000e+00 1.316190378466805910e+01 6.042639546805142891e+04 0.000000000000000000e+00
5.673059792101182211e+03 1.126398919310044455e+01 0.000000000000000000e+00 1.239366165259775698e+01 5.700817533980169537e+04 0.000000000000000000e+00
4.201821253935767345e+03 1.086101415066607956e+01 3.631190328331177941e+00 1.253657540569045992e+01 4.140319157260469183e+02 8.856008702561756252e+01
6.040023685372646469e+03 1.089533910261674521e+01 3.377393972443785142e+00 1.294950767235728861e+01 4.641711488637843104e+02 8.584173386814435958e+01
5.322606072666781984e+03 1.211429346094633352e+01 3.883803450122364165e+00 1.172702707711408543e+01 4.019089244309105311e+02 9.216401863380129100e+01
5.461971493544695477e+03 1.212073082466870488e+01 3.719314818337340345e+00 1.317158826091520574e+01 4.201750100786390476e+02 9.115587573133554145e+01
4.966673814811673765e+03 1.189608063653633607e+01 3.712895596063539916e+00 1.301058283862608178e+01 4.209953298682692093e+02 7.685729720067907067e+01
4.504904500317774364e+03 1.085523660843268878e+01 3.622006265173746797e+00 1.292219758993362255e+01 4.716006427607533169e+02 8.681176542923441275e+01
6.051748709543353471e+03 1.229625221375683886e+01 3.348373694343524054e+00 1.363625298671722241e+01 4.616684760000300116e+02 8.142359462724408559e+01
6.373708734378820736e+03 1.143525032429500676e+01 3.579698584898615366e+00 1.394355412575879427e+01 4.288617603619233023e+02 8.939222231964183152e+01
6.469977986722673450e+03 1.096056898686229353e+01 3.304604647498272207e+00 1.175112691042210677e+01 4.210739607959125692e+02 8.308753727259825439e+01
6.697621850719330723e+03 1.154695279814948705e+01 3.906730956959326484e+00 1.330951243066224521e+01 4.647325762049491118e+02 8.127326083139149659e+01
5.060781562646292514e+03 1.069320776788330463e+01 3.591268933060019819e+00 1.344061150393669024e+01 4.635358483878590050e+02 8.209731663832698700e+01
5.966587254153792856e+03 1.046767355809471312e+01 3.557011067681046690e+00 1.413477132909885903e+01 4.584048910968861037e+02 7.911039836934520508e+01
5.144524639654510793e+03 1.170203633304689284e+01 3.530704498163730776e+00 1.231730710238209703e+01 4.172872527327273815e+02 9.082939061278193549e+01
7.183478461305307064e+03 1.067309296228598825e+01 4.006737857482272958e+00 1.200974629053126463e+01 4.251397813742357243e+02 7.883888545460455077e+01
