1.095688451410624875e+00 5.234867921699904336e+00 3.405875295424626081e+00 2.876824516076295524e+00 1.441648950537193059e+03 6.476059921080303639e+02
3.347875357528831586e+01 5.983401156878697336e+00 3.287261270103170929e+00 2.658368471578820724e+00 1.361577180979806144e+03 6.348797402409552433e+02
3.722314786402764497e+01 7.259104189519470118e+00 4.145485040337415938e+00 3.086446220377017990e+00 1.458072276639483107e+03 6.183183502068227426e+02
5.433829840559329227e+01 8.383436173246138878e+00 4.537909683144928152e+00 3.325179427702761981e+00 1.470373629438957096e+03 6.550844683941704716e+02
8.204110387325580689e+01 7.203289672136275357e+00 4.874923982347785234e+00 3.501888300711460733e+00 1.881322255080741286e+02 8.018938621463342997e+01
1.604657648737879754e+02 7.822548954438295787e+00 4.653320980949422925e+00 3.478707922337664904e+00 2.007525778761306299e+02 7.894766208513092920e+01
1.997128241589605864e+02 7.870294532683722366e+00 4.876656143510348151e+00 3.548010755006750117e+00 3.903873179990457061e+02 8.334762354406791474e+01
2.917471791958031986e+02 8.078376718659887601e+00 4.215416795329098854e+00 3.405341526239936023e+00 3.652186106809601824e+02 1.429247119391146725e+02
3.278358451256327157e+02 8.252114318347803845e+00 4.422270345681251769e+00 3.324507116692696940e+00 3.417310077749003767e+02 1.470857628975714988e+02
3.145968764838247012e+02 8.911474840808960352e+00 4.753499945690957240e+00 3.274907095914751487e+00 3.380215238038497887e+02 1.396606438762736104e+02
4.193059223934045008e+02 9.671651261202205418e+00 4.590320113625498522e+00 3.684607707275058264e+00 3.851692296082152325e+02 1.407397872353973867e+02
5.493863321407989133e+02 1.021803622120743604e+01 5.440292398616873193e+00 3.901295280721640335e+00 3.336414579266635769e+02 1.479167498184056910e+02
5.474911345970303955e+02 1.055793755074189200e+01 5.371676966276583087e+00 3.946361437418699936e+00 3.445624026428593538e+02 1.429534226279559448e+02
5.346474304116753729e+02 1.114042541445013512e+01 6.094213111370760494e+00 4.406405449219062298e+00 7.158609318148730836e+02 3.208992041339238881e+02
8.539645749701567183e+02 1.077533229346746246e+01 6.643132699030912747e+00 4.295094033712061332e+00 8.038461589778817142e+02 3.215665471096390888e+02
1.039231868828188681e+03 1.228897258429498685e+01 6.183580082803808331e+00 4.168358343520591980e+00 8.014657482604202414e+02 3.252778801805692979e+02
9.260285902886663507e+02 1.064319616827764037e+01 6.177002995864858015e+00 4.554486194183916759e+00 6.822930225247881708e+02 2.922803533550470547e+02
1.154303079200629327e+03 1.068549027918671257e+01 6.987970661549983475e+00 4.352763277495070859e+00 7.067460493406804289e+02 3.377695244586212766e+02
1.229053280174334759e+03 1.070576014740951010e+01 6.103372970531207642e+00 4.709060643518155231e+00 7.385314939402929895e+02 3.242827355854557254e+02
1.319263570756824038e+03 1.250871625193037140e+01 6.817187887906689170e+00 4.348519334370747558e+00 7.180735216633198661e+02 3.364921803888142335e+02
1.558835716269226623e+03 1.169548426968394850e+01 6.002739806064641748e+00 5.347860523141838129e+00 7.177014419972531414e+02 3.331551432698910844e+02
1.445455825373500147e+03 1.285100153504249931e+01 7.004846462433488519e+00 4.800776540806764636e+00 7.410402186265313276e+02 3.413591515197519470e+02
1.988422523955111728e+03 1.361196747723148270e+01 7.039084421918540890e+00 5.060850546505093916e+00 8.068243083094949952e+02 3.000576640102684678e+02
1.849290739927104141e+03 1.281335824156636249e+01 7.278417673597042281e+00 5.702285535110763526e+00 8.182843703171619154e+02 3.082479542037687565e+02
2.607318845663039610e+03 1.209858365477455422e+01 7.627157540362269117e+00 5.657479840645505575e+00 8.239409907726243318e+02 3.126309718125865516e+02
2.269406577835056396e+03 1.213933465570872805e+01 7.518683387891036851e+00 5.781232771434194007e+00 8.351399706407422627e+02 3.164293231369293835e+02
2.253252674329741694e+03 1.434324988487012931e+01 7.099664605406902140e+00 5.728949844992495599e+00 7.649030927808100842e+02 2.822820861257685010e+02
2.459860933752765050e+03 1.326526864899354408e+01 6.806460484693965363e+00 5.719685034278645830e+00 7.426963173270479501e+02 2.838751998704257744e+02
3.167752814877488163e+03 1.477415525762435777e+01 7.181900327922951632e+00 5.847052999226054482e+00 7.242687892285359794e+02 3.166006676281836576e+02
2.599586396066827092e+03 8.269296381184307876e+00 0.000000000000000000e+00 8.897827078341112639e+00 8.613155771811329942e+02 2.813562645875842350e+02
2.569570746341915765e+03 8.438152097344881142e+00 0.000000000000000000e+00 9.525897104228455703e+00 6.353344433364024735e+04 0.000000000000000000e+00
3.247499058691543723e+03 7.760538026896970365e+00 0.000000000000000000e+00 1.054397059638837675e+01 5.583764918937314360e+04 0.000000000000000000e+00
2.547275268234850500e+03 8.756613299311998944e+00 0.000000000000000000e+00 1.120650684925839258e+01 6.073518674815740815e+04 0.000000000000000000e+00
2.970738765938897814e+03 9.077016010491288256e+00 0.000000000000000000e+00 1.034727361154020286e+01 5.835222284629339993e+04 0.000000000000000000e+00
3.048226050612587187e+03 9.434491645432970586e+00 0.000000000000000000e+00 9.868010525443738246e+00 5.919625567684422276e+04 0.000000000000000000e+00
3.062623567531279150e+03 8.086728033667329285e+00 0.000000000000000000e+00 9.725123138435288084e+00 6.198016813406412984e+04 0.000000000000000000e+00
3.171082437926644616e+03 9.389841053747669974e+00 0.000000000000000000e+00 9.905991855261547130e+00 6.205845293438856606e+04 0.000000000000000000e+00
3.963783246427975428e+03 9.039581974032422806e+00 0.000000000000000000e+00 1.192197534745437970e+01 5.371853486949736543e+04 0.000000000000000000e+00
4.487237241031896701e+03 8.671141865662526982e+00 0.000000000000000000e+00 1.080344665484322775e+01 5.825295756033806538e+04 0.000000000000000000e+00
3.954366248281013668e+03 8.642519353305212704e+00 0.000000000000000000e+00 1.200015140918663725e+01 5.340741335006989539e+04 0.000000000000000000e+00
4.713090146710998852e+03 8.773185414772955326e+00 0.000000000000000000e+00 1.129936274797232443e+01 6.187831058868957189e+04 0.000000000000000000e+00
4.569748803582244363e+03 9.694111204944835691e+00 0.000000000000000000e+00 1.188290485278498032e+01 5.906268417684233282e+04 0.000000000000000000e+00
4.026493596237918155e+03 1.018437039126836652e+01 0.000000000000000000e+00 1.255190037365087719e+01 5.529381869717509107e+04 0.000000000000000000e+00
4.782755363529685383e+03 9.901063832251386643e+00 0.000000000000000000e+00 1.076803392166078410e+01 5.720741144667425397e+04 0.000000000000000000e+00
4.331160124475948578e+03 9.423256178843876896e+00 0.000000000000000000e+00 1.261802997754125322e+01 5.221640825582695106e+04 0.000000000000000000e+00
3.891625594349120092e+03 9.069819640179426656e+00 0.000000000000000000e+00 1.064159213286322192e+01 5.775841077845985274e+04 0.000000000000000000e+00
5.459595978751474831e+03 9.551266243512950282e+00 0.000000000000000000e+00 1.128942106529250289e+01 5.971681737251388404e+04 0.000000000000000000e+00
5.101589535475954108e+03 9.888395542877313815e+00 0.000000000000000000e+00 1.131004301518309596e+01 5.929651638947500760e+04 0.000000000000000000e+00
4.701777885282384887e+03 9.241274459224369409e+00 0.000000000000000000e+00 1.157360654220893892e+01 5.807417010363129521e+04 0.000000000000000000e+00
4.517825448466331181e+03 1.075992088831754678e+01 0.000000000000000000e+00 1.146579923191025507e+01 5.290938451868701668e+04 0.000000000000000000e+00
4.803140525241234172e+03 1.015830672087268027e+01 0.000000000000000000e+00 1.247348582385391147e+01 5.630121674330679525e+04 0.000000000000000000e+00
5.814061204970614199e+03 1.128427554481197426e+01 0.000000000000000000e+00 1.308556175585910886e+01 5.494553677595513000e+04 0.000000000000000000e+00
5.276180480272637396e+03 1.092673711334141551e+01 0.000000000000000000e+00 1.304283024751240028e+01 5.647160727895727905e+04 0.000000000000000000e+00
4.496239713555855815e+03 1.189604986371483797e+01 3.819601923665274956e+00 1.208334659983171910e+01 4.525157587231781235e+02 8.258866304968265126e+01
5.388634377138569107e+03 1.040279578004402161e+01 3.200813012009919412e+00 1.163707761457372136e+01 4.579811811469062945e+02 8.439470461632326703e+01
4.425191179630700390e+03 9.965318547791005344e+00 3.246560664622483827e+00 1.266059840507442047e+01 4.332151638165202030e+02 7.674531851587775577e+01
6.268107154142619038e+03 1.050065573487897552e+01 3.842232290026672548e+00 1.244829198887539334e+01 4.380442242188313458e+02 9.138211881727781360e+01
5.671638253321543743e+03 1.168152196929394826e+01 3.319046602504906573e+00 1.417931282762925171e+01 4.231394373230492079e+02 8.590217736006977134e+01
5.257175583232707140e+03 1.062956867721290521e+01 3.928165914315677743e+00 1.252654301105381940e+01 4.608697744057471368e+02 9.046018810496678952e+01
5.025446128164042420e+03 1.030875855723839862e+01 3.841439945520605637e+00 1.314182020751830571e+01 4.372016644799627443e+02 8.877791901370613914e+01
5.988688852462181785e+03 1.084532949495728005e+01 3.268051599974272303e+00 1.414954213902206703e+01 4.758109868509643547e+02 8.471148744619209481e+01
4.878487284995077061e+03 1.026107004932728728e+01 3.798529411367434161e+00 1.224008631504266376e+01 4.581767558995520062e+02 8.019386949787913466e+01
5.193735481174321649e+03 1.021268878513919098e+01 3.879019047879195270e+00 1.192741892142645277e+01 4.731980961902672789e+02 7.885485344438386335e+01
5.660209149157582942e+03 1.218791282255927833e+01 3.691641834947033463e+00 1.280439056008737886e+01 4.526995036430698178e+02 8.055425708237868321e+01
7.222996453096169716e+03 1.087228520968676371e+01 3.471849755901277756e+00 1.415815193862475851e+01 3.948399307743121085e+02 9.299320271828493389e+01
6.410854972915375583e+03 1.040194036047022585e+01 3.754323786877653113e+00 1.272406581714308693e+01 4.509194226419688221e+02 9.123525568785225914e+01
6.953369189191403166e+03 1.018192370703904359e+01 3.556565225059663327e+00 1.236046386737660185e+01 4.681914998630445552e+02 8.044300714717533651e+01
