1.549349425863071783e+00 5.412012264178721388e+00 3.076066628499328548e+00 2.624340202593806737e+00 1.260815597527674981e+03 6.584809273088210375e+02
4.091622723929231142e+01 5.273576563486000346e+00 3.032806358613550746e+00 3.066846638299271621e+00 1.389978498127550893e+03 6.323967877610093637e+02
3.081345342114556374e+01 8.467384499313299173e+00 3.972905719874268549e+00 3.112379166277180698e+00 1.344599709479039575e+03 5.603863149079041932e+02
4.748154197371211893e+01 8.011249144091520336e+00 4.449142270633751117e+00 3.482914031224108253e+00 1.453459820867050894e+03 5.830647278442219203e+02
1.103965592981755179e+02 8.686850609120080335e+00 4.352422505149928789e+00 3.070153301551866054e+00 1.858571565140103417e+02 8.206909380384095698e+01
1.747229446432123723e+02 8.150931042251006176e+00 4.549110615197339946e+00 3.505391560897764158e+00 2.179883914872393120e+02 8.188790760843477301e+01
2.058089396160042384e+02 7.928260130827130325e+00 4.591187352926519694e+00 3.714084601634817684e+00 3.563855473494873536e+02 8.784500001165622507e+01
2.734511746799927323e+02 8.936334575382646861e+00 5.021953111754598353e+00 3.760024993299190044e+00 3.616809068216152241e+02 1.335230626381972456e+02
3.351657104266340639e+02 8.214537107015923212e+00 4.599086578151655225e+00 3.802138433428329911e+00 3.477184517156841252e+02 1.324484067038774526e+02
3.546305938060695553e+02 8.168100215057657820e+00 4.920906894423517919e+00 3.552593455848899406e+00 3.269585914546488539e+02 1.454893614096766896e+02
4.798888644451527057e+02 9.060275178878704594e+00 4.582036719593362228e+00 3.878312248129683226e+00 3.612269379246476433e+02 1.493665528914640106e+02
4.987067114705984636e+02 9.791327854606745262e+00 5.128470231188299699e+00 4.089637105820881580e+00 3.726886899969440492e+02 1.415742183083640953e+02
6.840659247278742896e+02 9.657478908496944570e+00 5.865297477974025675e+00 3.777982471948150067e+00 3.446533924233120842e+02 1.544880677613193996e+02
6.200066323730974318e+02 1.166592623454571331e+01 5.978221137697282472e+00 4.310212432465265309e+00 7.506119249785325565e+02 2.823301518880681442e+02
8.086482718626716633e+02 1.056529589570830474e+01 6.535968991963969188e+00 4.170521897780941956e+00 7.156796252003522341e+02 3.011629915959480854e+02
8.512516924744320477e+02 1.116187746978819639e+01 6.507651301867698024e+00 4.456350961364982766e+00 7.398541083290388087e+02 3.089463255238053989e+02
1.152510956151376831e+03 1.208702785888389641e+01 5.791626826467616951e+00 4.492215701163495112e+00 7.646552829098146731e+02 3.190542288324526226e+02
1.294753857102101847e+03 1.259552498897646444e+01 6.920368730117066214e+00 4.886930033294699882e+00 6.938434548768584591e+02 3.154577875514883658e+02
9.740737092922666989e+02 1.195902111670678458e+01 6.254131636660199334e+00 4.648782958908472374e+00 7.184828029256676700e+02 2.978340397447694272e+02
1.446951650343820802e+03 1.089462197301762814e+01 6.268188450759089925e+00 4.475982570755150824e+00 7.859431822361799505e+02 3.268970072122528450e+02
1.346617298579326416e+03 1.154669697093231129e+01 6.118098791299663830e+00 4.684366375983451292e+00 7.826998496100856073e+02 3.169952576650092055e+02
1.411986246434258419e+03 1.194225602401345832e+01 6.859464828325199548e+00 5.026471167890246505e+00 7.513738771504185934e+02 2.855051896855690643e+02
1.622584252436640327e+03 1.351753247614494313e+01 7.052502150073864939e+00 5.466512547157988955e+00 8.210529581001701445e+02 3.136726407801217533e+02
2.208196154220479002e+03 1.245545611399600006e+01 6.953517791125086056e+00 4.886179049659331142e+00 7.991854172705644714e+02 3.002094288779894669e+02
2.579117898482589680e+03 1.376590501639548769e+01 7.271982695948985054e+00 5.014608950119313846e+00 7.964383252630766492e+02 3.212260364490290954e+02
2.367129569611799980e+03 1.232783945267702030e+01 6.919590930256580563e+00 5.610560447803425888e+00 7.468330302083971901e+02 3.082551037767025832e+02
2.952185244561960189e+03 1.329045103574116027e+01 7.365848841953186010e+00 5.316781918383199468e+00 8.414897939960114854e+02 3.331151637244172434e+02
2.456869904260317981e+03 1.462366517723296866e+01 7.801487503943191015e+00 5.778970877230470649e+00 7.238778868344429611e+02 2.888282493409457174e+02
2.450981887314149844e+03 1.370863942358909782e+01 8.021816392856896627e+00 5.614941609301497216e+00 7.886608822555201641e+02 3.098848942735016863e+02
3.324335528138226437e+03 8.224361350967988926e+00 0.000000000000000000e+00 9.649847006161467178e+00 7.432921855309616603e+02 3.038998448726765673e+02
3.019614327814459102e+03 8.857847710761756588e+00 0.000000000000000000e+00 9.849470084981215123e+00 5.704633384907911386e+04 0.000000000000000000e+00
3.170361175542580895e+03 8.435152809920198891e+00 0.000000000000000000e+00 9.925162591795324118e+00 5.503165791612603789e+04 0.000000000000000000e+00
3.362768463097583208e+03 8.945756670873635130e+00 0.000000000000000000e+00 1.001021755001646518e+01 5.866423301534195343e+04 0.000000000000000000e+00
2.979807530701809355e+03 8.008460697465286771e+00 0.000000000000000000e+00 1.007883751244134807e+01 5.527454299254389480e+04 0.000000000000000000e+00
3.070992378559541976e+03 8.828765703372031481e+00 0.000000000000000000e+00 1.068262628528328051e+01 5.341074589958013530e+04 0.000000000000000000e+00
3.705811358010269487e+03 8.209040207449405102e+00 0.000000000000000000e+00 1.162600907750557688e+01 6.164827184206694801e+04 0.000000000000000000e+00
3.245350289056516431e+03 9.798715207428699614e+00 0.000000000000000000e+00 1.156230061715214497e+01 5.665172549154741137e+04 0.000000000000000000e+00
3.242434050816312720e+03 8.600411649314628093e+00 0.000000000000000000e+00 1.045754795614892885e+01 5.847453068456618348e+04 0.000000000000000000e+00
3.574832778250262891e+03 9.788536081221025142e+00 0.000000000000000000e+00 9.987109343306718401e+00 5.362393181888983236e+04 0.000000000000000000e+00
4.077863089979544384e+03 1.026715420861641270e+01 0.000000000000000000e+00 1.147258437649971441e+01 5.451116600102477241e+04 0.000000000000000000e+00
3.310954178783513271e+03 9.869217235586152270e+00 0.000000000000000000e+00 1.066014588935894558e+01 5.855882197456104768e+04 0.000000000000000000e+00
4.765240605143438188e+03 1.022417960995993447e+01 0.000000000000000000e+00 1.094217154606135622e+01 5.685925312943468452e+04 0.000000000000000000e+00
3.795409910736698293e+03 9.008681709016956418e+00 0.000000000000000000e+00 1.068445777453855960e+01 6.059006914260651683e+04 0.000000000000000000e+00
4.053308449544193081e+03 9.936684056649438546e+00 0.000000000000000000e+00 1.044331949919322255e+01 6.306872601982314518e+04 0.000000000000000000e+00
4.036405439495395967e+03 1.002879427802289314e+01 0.000000000000000000e+00 1.194514639374601472e+01 5.759516428821303271e+04 0.000000000000000000e+00
3.577985655380312892e+03 1.056109655850709039e+01 0.000000000000000000e+00 1.256859317445250390e+01 5.441072520346342935e+04 0.000000000000000000e+00
3.924297612815058983e+03 1.040370733398430758e+01 0.000000000000000000e+00 1.091718351216490035e+01 5.715469913243767951e+04 0.000000000000000000e+00
5.503430813689701608e+03 9.618376966525900684e+00 0.000000000000000000e+00 1.258728086014420633e+01 6.320891084038496774e+04 0.000000000000000000e+00
5.004818681051527165e+03 1.082975969023662799e+01 0.000000000000000000e+00 1.301755463165982896e+01 6.086342949438463256e+04 0.000000000000000000e+00
4.387394986433017039e+03 9.208140957440338781e+00 0.000000000000000000e+00 1.307823009361988653e+01 5.330990416661413474e+04 0.000000000000000000e+00
4.935214443639376441e+03 1.126728989898111166e+01 0.000000000000000000e+00 1.159834282848696851e+01 5.348528936214253918e+04 0.000000000000000000e+00
5.010154552043638432e+03 1.105354300367857689e+01 0.000000000000000000e+00 1.272323246689358989e+01 6.297298627245355601e+04 0.000000000000000000e+00
4.326698972797549686e+03 1.137562466397826277e+01 0.000000000000000000e+00 1.267340431253645860e+01 6.308385713812339236e+04 0.000000000000000000e+00
5.797357473244378525e+03 1.151003935086816377e+01 3.384582485538143892e+00 1.360555066541225067e+01 4.510848144303809022e+02 9.015530745478469044e+01
4.797937871413420908e+03 1.179312541554808291e+01 3.636623281994364909e+00 1.295947860713461708e+01 4.878088116737135920e+02 8.629314968456333190e+01
5.648394917042260204e+03 1.046000079628070090e+01 3.654303834283084917e+00 1.384174459919534250e+01 4.053364034312319291e+02 7.896687932474654303e+01
6.091340104470488768e+03 1.141407279023185950e+01 3.858532708528726207e+00 1.243226371707119071e+01 4.142230959336173441e+02 8.491268835226503597e+01
5.674500841410124849e+03 1.137291234076686841e+01 3.400564989371944513e+00 1.390435227637452620e+01 4.676729730771131130e+02 8.064412943082486152e+01
6.684643405749413432e+03 1.038443471273749807e+01 3.539268702837263803e+00 1.346636787653505252e+01 4.677915929577030170e+02 7.894724851266926180e+01
6.165413095840011920e+03 1.031753253085366673e+01 3.656054327332303622e+00 1.197849955064008753e+01 4.174204409993244553e+02 9.049481650611744499e+01
4.881321424033583753e+03 1.212776262083411183e+01 3.740409120504940343e+00 1.224950028360545495e+01 4.694077104512491019e+02 8.541633704209233713e+01
6.187685574686980544e+03 1.188900640711077727e+01 3.762230932882571377e+00 1.350171905197636590e+01 4.412674842607032701e+02 8.051060886905005987e+01
6.575202452226533751e+03 1.133438216042916657e+01 3.486768568541042779e+00 1.347595653000552574e+01 4.727741070762659774e+02 8.116046694331720346e+01
6.276456610533278763e+03 1.144600894454617723e+01 3.536314264313000333e+00 1.395097684431357976e+01 4.425304073254311561e+02 8.728480415375749146e+01
5.831027017728843930e+03 1.216999457575183818e+01 3.597038657957511987e+00 1.410958522838100038e+01 4.133358318721684554e+02 9.184611963821063796e+01
5.209507531029929851e+03 1.205613633956546593e+01 4.033697307452444036e+00 1.398252958075834407e+01 4.388154673929992668e+02 8.850003154069710831e+01
7.168283813660469605e+03 1.225462615510254238e+01 3.445379275725822144e+00 1.252722198684654309e+01 4.289275085648774279e+02 8.207497294471889404e+01
