2.000000000000000111e-01 3.220128198642199013e+00
1.000000000000000056e-01 3.376128198642199152e+00
5.000000000000000278e-02 3.910128198642198960e+00
3.333333333333333287e-02 4.086128198642199116e+00
2.000000000000000042e-02 4.140128198642198498e+00
1.250000000000000069e-02 4.162128198642198740e+00
1.000000000000000021e-02 4.186128198642198761e+00
6.666666666666667095e-03 4.278128198642199287e+00
5.000000000000000104e-03 4.386128198642198939e+00
4.000000000000000083e-03 4.506128198642199045e+00
3.333333333333333547e-03 4.638128198642198718e+00
