2.000000000000000111e-01 3.426814604820953569e+00
1.000000000000000056e-01 3.520814604820953431e+00
5.000000000000000278e-02 3.856814604820953729e+00
3.333333333333333287e-02 4.068814604820953917e+00
2.000000000000000042e-02 4.152814604820953548e+00
1.250000000000000069e-02 4.186814604820953356e+00
1.000000000000000021e-02 4.214814604820953825e+00
6.666666666666667095e-03 4.330814604820953484e+00
5.000000000000000104e-03 4.496814604820953853e+00
4.000000000000000083e-03 4.698814604820953811e+00
3.333333333333333547e-03 4.894814604820953541e+00
