2.648729204613078370e-01 5.956968115937876895e+00 3.385539143221219849e+00 2.787082750627972505e+00 1.419773386789367578e+03 6.064886938765828290e+02
3.217559409843969576e+01 5.892662619803480162e+00 3.301658505912357544e+00 2.715108849842797767e+00 1.406578590981737534e+03 6.282230343217887594e+02
3.252527022475961616e+01 7.847142820223378834e+00 4.560198258108694169e+00 3.429366938867036918e+00 1.353789177070579399e+03 6.037957996288280356e+02
5.265878761235315864e+01 7.421604354557048033e+00 4.573280048921225749e+00 3.190428383025079029e+00 1.378554659271793071e+03 5.854104066751539222e+02
1.000205529999034155e+02 8.200005288952400662e+00 4.394932764156815885e+00 3.239198460399785873e+00 1.990324836493067266e+02 8.080975650658817244e+01
1.499558727580939035e+02 8.089680860701104592e+00 4.740753288255618259e+00 3.322715191348852404e+00 2.070193337501403050e+02 7.794530676117267376e+01
2.016880798146937082e+02 7.881009858087920428e+00 4.730739531785467022e+00 3.492330877481454543e+00 3.705008866262717788e+02 8.116979981777959097e+01
2.537533854889976794e+02 8.264410056616952716e+00 4.500777095668894390e+00 3.533633967390590325e+00 3.504850585436176402e+02 1.442801217117057320e+02
3.152597562834374116e+02 8.895638015158320755e+00 4.831485179608672631e+00 3.523088275536098379e+00 3.567451034050777707e+02 1.464942762656766604e+02
3.371971940756016011e+02 8.395961417983750508e+00 4.920424036703449744e+00 3.517380161549029882e+00 3.575903397649797739e+02 1.494112434694083049e+02
4.080113927110731993e+02 9.105020206531143856e+00 5.157920636368482192e+00 3.485034327469425541e+00 3.697475192916684250e+02 1.394556820592069926e+02
5.049956984288044737e+02 9.518170754083483232e+00 5.326918405502250486e+00 3.891163985927225788e+00 3.457033271654511282e+02 1.492012653779511027e+02
6.067764023963806039e+02 1.041009820831611954e+01 5.808975748365054592e+00 4.123315270816998890e+00 3.707695045709124315e+02 1.474733256453412196e+02
6.835630380989099422e+02 1.025336501023385338e+01 5.964483950928259226e+00 4.277181195003242564e+00 7.129234990658574134e+02 2.974322338312557577e+02
8.144116265747654779e+02 1.082800557906983308e+01 6.270501390308641732e+00 4.385767547062313199e+00 7.089003021109944029e+02 3.077199113518682907e+02
8.747486200509457603e+02 1.146790580175201058e+01 6.334311503556449452e+00 4.510496564153760879e+00 7.710580840911890164e+02 3.164228610503366212e+02
1.004237450158961906e+03 1.116083072410156873e+01 6.576875471146381713e+00 4.464409014918129692e+00 7.210842691311790986e+02 3.164100159401113501e+02
1.080299611826589853e+03 1.139779807438139514e+01 6.405309970979351952e+00 4.690437740211446105e+00 7.709003895729762235e+02 3.192002889938996191e+02
1.169500681739933725e+03 1.157212961587141997e+01 6.794414849222806474e+00 4.561039370154959194e+00 7.158793119482970724e+02 3.271755801898570439e+02
1.336274020386490974e+03 1.187778993618666235e+01 6.387453518545053832e+00 4.745693521093252265e+00 7.186560769886513071e+02 2.981936148114413072e+02
1.354320822366368702e+03 1.164146751000350832e+01 6.612365293372725716e+00 4.806258436071220608e+00 7.354537276945098938e+02 3.035086924531949535e+02
1.578826700606889744e+03 1.166226110434808483e+01 6.487886030581761609e+00 4.960864979503717187e+00 7.050811739985018676e+02 3.271077057717085950e+02
1.839832075190518935e+03 1.308055750874208378e+01 7.138066302201089286e+00 5.079213987475111658e+00 7.849340182536616339e+02 3.009428844286610456e+02
1.910102240296562513e+03 1.332522304265151369e+01 6.794083986804462683e+00 5.212751074771153625e+00 7.871780720081791287e+02 2.992447255865984062e+02
2.174278890044063246e+03 1.289578458281294715e+01 7.061672599544602136e+00 5.156983416898480499e+00 7.972041080641740791e+02 3.087263189670094334e+02
2.317540994706269430e+03 1.364392962861232839e+01 6.976481536004026651e+00 5.276902994631946342e+00 7.803941478381615298e+02 3.174567906703525750e+02
2.476177998521728568e+03 1.388682669979377771e+01 7.417532418376766579e+00 5.543681235514818617e+00 8.070257492036328131e+02 3.011485145101801209e+02
2.686248927945409832e+03 1.404313819499236793e+01 7.480124274799947237e+00 5.442758973042720605e+00 7.619578958444593582e+02 3.210635230237837163e+02
2.899549635059794127e+03 1.325734941039914894e+01 7.021985840839908732e+00 5.903056652871593535e+00 8.126023666200205753e+02 2.984489443449089094e+02
2.853939267564094735e+03 8.491978159245281432e+00 0.000000000000000000e+00 9.541237898712573440e+00 7.833557779354563309e+02 3.017366358081046656e+02
3.074946256976469158e+03 7.892517076727810554e+00 0.000000000000000000e+00 9.971570884637687371e+00 5.949173406088475167e+04 0.000000000000000000e+00
3.163398719998079741e+03 8.515678215601710122e+00 0.000000000000000000e+00 1.014477747346406211e+01 5.894104836308149243e+04 0.000000000000000000e+00
3.121589110328539391e+03 8.410261070559206686e+00 0.000000000000000000e+00 1.023589561763593458e+01 5.867843615521921311e+04 0.000000000000000000e+00
3.426266564448867030e+03 8.820873008257459347e+00 0.000000000000000000e+00 1.068942910008057900e+01 5.999556387263802026e+04 0.000000000000000000e+00
3.285426874117001262e+03 8.739367229589344532e+00 0.000000000000000000e+00 1.025125303307583202e+01 5.719656800821118668e+04 0.000000000000000000e+00
3.348538298613188090e+03 9.055831599775803653e+00 0.000000000000000000e+00 1.073060918837991196e+01 5.950672541714143154e+04 0.000000000000000000e+00
3.518864669775035509e+03 9.017261863000173960e+00 0.000000000000000000e+00 1.111628843546943024e+01 5.782007677336141205e+04 0.000000000000000000e+00
3.570652795532563232e+03 8.986164895583673484e+00 0.000000000000000000e+00 1.144958687494460214e+01 5.862667519605562120e+04 0.000000000000000000e+00
3.680053632623958492e+03 9.318350385797394608e+00 0.000000000000000000e+00 1.090574682879543822e+01 5.630418809346587659e+04 0.000000000000000000e+00
4.057555686159320430e+03 9.125295843356287406e+00 0.000000000000000000e+00 1.126879186013336565e+01 5.906299311784374731e+04 0.000000000000000000e+00
4.054173261925212046e+03 9.082209517895279305e+00 0.000000000000000000e+00 1.169751043597303664e+01 5.984431594599255914e+04 0.000000000000000000e+00
3.941597306935568668e+03 9.116326751484351121e+00 0.000000000000000000e+00 1.082139677821167467e+01 5.576765349263899407e+04 0.000000000000000000e+00
4.186440853787141350e+03 9.456506562835969021e+00 0.000000000000000000e+00 1.135562856947764487e+01 6.026842796532630746e+04 0.000000000000000000e+00
4.383539236533809344e+03 1.012133940223657902e+01 0.000000000000000000e+00 1.131479977055315089e+01 5.551860592832784459e+04 0.000000000000000000e+00
4.267325234399188957e+03 9.629507703724973666e+00 0.000000000000000000e+00 1.117069589315283729e+01 5.805568797452334547e+04 0.000000000000000000e+00
4.266673715628321588e+03 1.012427537019602930e+01 0.000000000000000000e+00 1.129588201648649459e+01 6.004091178120653785e+04 0.000000000000000000e+00
4.661830142998318479e+03 9.876796044599064572e+00 0.000000000000000000e+00 1.233102365832134240e+01 5.916153889826990053e+04 0.000000000000000000e+00
4.470904527111672905e+03 1.001666087331705768e+01 0.000000000000000000e+00 1.192604650938958244e+01 5.847840409815794555e+04 0.000000000000000000e+00
4.893014754841919057e+03 9.886098381876273322e+00 0.000000000000000000e+00 1.189091783271883607e+01 5.933548954243503249e+04 0.000000000000000000e+00
4.954857112039283493e+03 9.951858989307584835e+00 0.000000000000000000e+00 1.196916305037155581e+01 5.886976889601684525e+04 0.000000000000000000e+00
4.725370822890962700e+03 1.016606188755244844e+01 0.000000000000000000e+00 1.168997604506997412e+01 5.653360743929479213e+04 0.000000000000000000e+00
5.259900043655921763e+03 1.048140467618954830e+01 0.000000000000000000e+00 1.153796287294466616e+01 5.816713601553223998e+04 0.000000000000000000e+00
5.120650425538015043e+03 1.037301436874237304e+01 0.000000000000000000e+00 1.162765457471127206e+01 5.893924353108346259e+04 0.000000000000000000e+00
5.049142337833211059e+03 1.058287040188041495e+01 3.344073345007245290e+00 1.288203334612391870e+01 4.251511643342467437e+02 8.169471487770661611e+01
5.104813044075493053e+03 1.071716771327704087e+01 3.458131654551379164e+00 1.256183763155974908e+01 4.489986510877377555e+02 8.090245870165443876e+01
5.070864730168942515e+03 1.054699041710956209e+01 3.589731343446624034e+00 1.311975828638013297e+01 4.219306583190215747e+02 8.408593645827043872e+01
5.559511281179184152e+03 1.090987626810749411e+01 3.673095624155174210e+00 1.334820829980921175e+01 4.353004663810696684e+02 8.648360945019842916e+01
5.394796535770702576e+03 1.107400792138371770e+01 3.737585274114008982e+00 1.290542229754468195e+01 4.542555029518613878e+02 8.874157268845756619e+01
5.496170359124686911e+03 1.132399409841268501e+01 3.497561679006428115e+00 1.347720041310818750e+01 4.223216393137147406e+02 8.798117695248893710e+01
5.729405076865970841e+03 1.137182949952305933e+01 3.633356606094211738e+00 1.267795998686282033e+01 4.359075668942565471e+02 8.559615500264888510e+01
5.706193888774419065e+03 1.151544134036265987e+01 3.467476195180779985e+00 1.326388580572155895e+01 4.177026842920413969e+02 8.572719432997735112e+01
6.038743796281663890e+03 1.074328174874226960e+01 3.752648203236671254e+00 1.262150131407381259e+01 4.384891516339727673e+02 8.512953095981232821e+01
6.136979242685847566e+03 1.155200015159040383e+01 3.670608206886982749e+00 1.301761838343089650e+01 4.108696492252868779e+02 8.199781399544403371e+01
6.335556737610947494e+03 1.083298978894167774e+01 3.501768393336504914e+00 1.369590080723344094e+01 4.138828117529789665e+02 8.804845553140964398e+01
6.201372383626520786e+03 1.099503592039628863e+01 3.804505824441378081e+00 1.259992734072441856e+01 4.496393496635757288e+02 8.726166877125295684e+01
6.274690776038283730e+03 1.096172528894312848e+01 3.621396318287076976e+00 1.296637076923739151e+01 4.196175122074766932e+02 8.634880735310952105e+01
6.560834634383901175e+03 1.116040213868285136e+01 3.807124065003140156e+00 1.317199140547394087e+01 4.185824245513676374e+02 8.217954379468217496e+01
