4.558100069287499556e-01 6.036862976252543866e+00 3.408663002490277538e+00 2.773799516906269691e+00 1.349565479868410193e+03 5.871891252946622899e+02
3.166790338265965232e+01 5.592662250388307221e+00 3.262123176851107420e+00 2.850984462771790628e+00 1.337566178116364426e+03 6.041626558028909812e+02
3.399794421067453243e+01 7.972836487551261619e+00 4.317556990457210198e+00 3.445821599908418964e+00 1.348551177812257492e+03 6.127611063591676839e+02
5.123526099629656017e+01 7.525110170277894639e+00 4.237048015630421105e+00 3.304247541756119677e+00 1.364172138587752215e+03 6.189415362532547533e+02
1.049659358287158142e+02 7.755476229988292225e+00 4.421700629630908708e+00 3.412090770595623823e+00 1.964834886597392938e+02 8.327751008995755910e+01
1.471338336501515016e+02 8.440625934177724332e+00 4.388336206731909606e+00 3.474322657159591987e+00 1.956937270210929114e+02 7.757051484239148920e+01
1.944704936847397789e+02 8.443087915849535108e+00 4.732089793453307713e+00 3.337754645037581458e+00 3.729135756561665289e+02 7.708581142391936680e+01
2.448269921897397694e+02 8.735992894945113107e+00 4.786098062879867499e+00 3.560981382814858875e+00 3.444607512663281454e+02 1.402325076328098703e+02
3.049008420532828723e+02 8.495771200767245901e+00 4.698472197246381654e+00 3.633352353341512853e+00 3.451291615457001285e+02 1.395443072065887975e+02
3.613415079546749098e+02 9.183355576255584296e+00 4.947213337256199495e+00 3.615095871835969810e+00 3.753489462949906965e+02 1.453577350201471745e+02
3.922945513090947429e+02 9.001432929715358355e+00 4.782942819289667469e+00 3.468016254625941208e+00 3.458680258358211290e+02 1.378815203582420281e+02
4.758492633694546612e+02 9.857910105684174695e+00 5.069026956137610007e+00 3.841949718780092393e+00 3.512063753693952890e+02 1.434473220936647806e+02
5.955920888460062770e+02 1.046306086590239026e+01 5.685249028263269722e+00 4.297736284929048800e+00 3.424563746199394814e+02 1.468934912245076134e+02
6.535348777350441196e+02 1.100591297660346157e+01 5.840843876570140480e+00 4.310263442562507485e+00 7.730829035297447263e+02 3.233266621070336555e+02
8.150767573058449216e+02 1.085197827092814471e+01 6.165760758545848041e+00 4.501177826271129057e+00 7.228625438133949501e+02 3.235952002253586102e+02
9.432678071845220984e+02 1.072090954873799618e+01 6.501441757139525990e+00 4.485851360244522468e+00 7.605852209019923293e+02 3.258450108623635515e+02
9.728309053683769889e+02 1.098577352932489326e+01 6.075981834114744018e+00 4.789407055097235855e+00 7.078480198563584054e+02 3.144854528676405039e+02
1.069598519229042040e+03 1.147331649501851558e+01 6.730134540350437788e+00 4.661200528316213898e+00 7.737244117791497047e+02 3.136376205401098218e+02
1.172438523244843736e+03 1.116541212461230970e+01 6.775183060115454126e+00 4.547581674020213960e+00 7.553255036973589540e+02 2.976620085692161410e+02
1.266092901894458464e+03 1.197151713954739982e+01 6.737879897584857503e+00 4.875099550440452845e+00 7.312537151829676532e+02 3.112397562528034314e+02
1.382862268588108918e+03 1.218369978922226338e+01 6.628650926350994510e+00 4.645533223276819612e+00 7.359222841916785001e+02 3.025520599442021989e+02
1.631417327836400773e+03 1.257052012036509758e+01 6.625415273359296364e+00 4.983598636490079059e+00 7.345105771571045352e+02 3.242332612575432336e+02
1.759208225634007476e+03 1.212344638231975757e+01 7.103159370299229280e+00 5.204565881953451267e+00 7.991095264789479415e+02 3.012863325770798042e+02
1.986565583498040041e+03 1.261555662168466441e+01 6.868172658555855570e+00 5.204299761218146081e+00 8.158829573712440606e+02 2.981734977759221010e+02
2.213753715964730873e+03 1.333415335485664244e+01 7.369450375837287126e+00 5.168381577338761801e+00 7.629942286631054458e+02 3.072834317097381245e+02
2.297827738490882894e+03 1.266578511999324519e+01 7.128355425397679745e+00 5.201270279051349199e+00 7.797416290338460385e+02 2.999597441434020766e+02
2.506222545872777118e+03 1.292587696621612636e+01 6.838812877354251363e+00 5.491428192569043354e+00 8.226440894307608005e+02 3.167005567211626271e+02
2.606568209131889944e+03 1.423029330478094501e+01 7.455358462712769807e+00 5.374344243737517957e+00 8.141202054471979181e+02 3.271786329843369572e+02
2.912114704551423074e+03 1.418417002297497298e+01 7.170234881988107212e+00 5.723305570838245870e+00 8.013892627014348591e+02 3.089246331902666043e+02
2.926622803772069346e+03 8.108968776521397359e+00 0.000000000000000000e+00 9.766903896660355855e+00 7.912071310628223273e+02 3.000699279593857227e+02
3.060026323605214657e+03 8.117078465343224636e+00 0.000000000000000000e+00 9.978999459632955649e+00 5.586294452634319168e+04 0.000000000000000000e+00
3.120310845242881442e+03 8.558851060690136237e+00 0.000000000000000000e+00 9.682312478124261546e+00 5.907616148081653955e+04 0.000000000000000000e+00
3.174223960216365867e+03 8.158958144807153090e+00 0.000000000000000000e+00 1.027692188965552411e+01 5.959595584014500491e+04 0.000000000000000000e+00
3.418218533583984936e+03 8.439429178888950389e+00 0.000000000000000000e+00 1.020644289255408665e+01 5.825048396445803519e+04 0.000000000000000000e+00
3.463519252485448760e+03 8.524064130394359395e+00 0.000000000000000000e+00 1.040920803943827089e+01 5.895618350039957295e+04 0.000000000000000000e+00
3.612939026459263459e+03 9.028550254965781008e+00 0.000000000000000000e+00 1.120636924106356958e+01 6.039822305931403389e+04 0.000000000000000000e+00
3.533666880267202032e+03 8.866291107709056263e+00 0.000000000000000000e+00 1.104227296887718701e+01 5.577545442622197152e+04 0.000000000000000000e+00
3.599607320621268173e+03 9.276782112874901287e+00 0.000000000000000000e+00 1.094943973654670089e+01 5.637709833383593650e+04 0.000000000000000000e+00
3.946287436964527842e+03 9.724107436304652907e+00 0.000000000000000000e+00 1.156115040329254207e+01 6.035694972108447109e+04 0.000000000000000000e+00
3.745155710867003108e+03 9.230456344794820467e+00 0.000000000000000000e+00 1.158589347318647000e+01 5.629298823197362071e+04 0.000000000000000000e+00
4.073583121336600470e+03 9.660663815616247874e+00 0.000000000000000000e+00 1.102594031446780853e+01 5.656970548799423705e+04 0.000000000000000000e+00
4.177669775417575693e+03 9.654596289095099593e+00 0.000000000000000000e+00 1.089136200644908747e+01 5.811313313493697206e+04 0.000000000000000000e+00
4.030482200865059440e+03 9.228414708717018300e+00 0.000000000000000000e+00 1.163073090090513872e+01 6.042200491137235804e+04 0.000000000000000000e+00
4.217758532986883438e+03 1.019288962726609959e+01 0.000000000000000000e+00 1.198064986045144309e+01 5.811908510552335065e+04 0.000000000000000000e+00
4.315528078735294002e+03 9.961548487938866714e+00 0.000000000000000000e+00 1.190132806700029633e+01 5.639611743351045152e+04 0.000000000000000000e+00
4.252599718195197966e+03 1.015526812904490228e+01 0.000000000000000000e+00 1.198166795578584676e+01 5.838626559071312658e+04 0.000000000000000000e+00
4.477314483733586712e+03 9.799558304532634878e+00 0.000000000000000000e+00 1.214678904205146992e+01 5.645981453754372342e+04 0.000000000000000000e+00
4.784826373501807211e+03 9.645103581107079549e+00 0.000000000000000000e+00 1.244432428996903894e+01 5.547741080034725746e+04 0.000000000000000000e+00
4.612061969505592970e+03 1.010944847913047440e+01 0.000000000000000000e+00 1.197763294706149573e+01 5.911504048114448960e+04 0.000000000000000000e+00
5.035988552676049949e+03 1.044885458094579533e+01 0.000000000000000000e+00 1.228834712327106260e+01 5.521304125871237920e+04 0.000000000000000000e+00
4.890191757022425918e+03 1.022299699022680031e+01 0.000000000000000000e+00 1.182903535978705811e+01 5.762914444887630816e+04 0.000000000000000000e+00
5.020708411229580634e+03 1.024841990524170576e+01 0.000000000000000000e+00 1.239114463657598897e+01 5.625550905193727522e+04 0.000000000000000000e+00
5.161164673421381849e+03 1.033248065332782417e+01 0.000000000000000000e+00 1.255640221168735238e+01 5.781771534959387645e+04 0.000000000000000000e+00
5.034038571565334678e+03 1.156390340474606226e+01 3.486154298581091826e+00 1.286578499341562321e+01 4.243036122108060795e+02 8.119203284007636512e+01
5.369785957817583039e+03 1.135604877184371020e+01 3.564939530094555220e+00 1.223026897448424322e+01 4.657058492599744000e+02 8.807947073492923096e+01
5.357503949562898924e+03 1.122741054921928772e+01 3.611859583612828217e+00 1.286222784351129000e+01 4.489543176036268619e+02 8.471988471486839956e+01
5.147125084661258370e+03 1.081144769325238997e+01 3.452657396575338655e+00 1.278390805687276810e+01 4.587913748927344955e+02 8.637713230823888466e+01
5.545457507434619401e+03 1.132056112402508319e+01 3.665289838332009609e+00 1.241793534234937546e+01 4.211685301675128130e+02 8.883114442973246128e+01
5.375878921999616978e+03 1.070457036516656046e+01 3.526136173112881522e+00 1.304882991973774509e+01 4.155590011258778418e+02 8.225652703800182053e+01
5.452955797199841982e+03 1.172601754474964331e+01 3.496899823467482182e+00 1.329378248638541038e+01 4.350257770618786139e+02 8.320503824259468217e+01
5.689898457626154595e+03 1.150454583491910654e+01 3.664764860572014005e+00 1.331376973690182552e+01 4.460214240803555299e+02 8.133362846119042899e+01
5.823987764253453861e+03 1.155561249426527048e+01 3.806165680258636108e+00 1.296854213002718659e+01 4.239066272418295398e+02 8.486115600269189940e+01
6.101551459863009768e+03 1.096795654018985111e+01 3.572060758589914453e+00 1.362584730754458917e+01 4.480939648645722855e+02 8.730950227444472489e+01
6.064073745591642364e+03 1.168943804841698153e+01 3.788618144141411292e+00 1.344138728301377306e+01 4.467549609235888965e+02 8.842998136211483029e+01
6.469623621813061618e+03 1.085332792177934991e+01 3.667162847422447136e+00 1.257426855933010934e+01 4.214384055559931994e+02 8.745106698100796905e+01
6.032810088701771747e+03 1.156137231111813968e+01 3.603601791101713303e+00 1.328465363220198014e+01 4.432438951286571296e+02 8.119844420776112770e+01
6.551859189841830812e+03 1.166996010188703181e+01 3.766519905867106388e+00 1.329758171713447368e+01 4.488200293745848626e+02 8.664480125953859613e+01
