-8.140609645848895237e-02 5.871222789594882308e+00 3.364838314263678409e+00 2.897814280340457405e+00 1.339378662274029239e+03 5.965070246584747338e+02
3.450173981542801727e+01 5.623471891964520353e+00 3.186253047869350929e+00 2.935816233482393844e+00 1.363821969869682562e+03 5.808283712402954961e+02
3.351814529954069855e+01 7.413886556376649395e+00 4.480320762244545563e+00 3.388224619194236009e+00 1.460288105226716198e+03 6.270444030590421107e+02
5.102178864819499182e+01 7.898558837840941926e+00 4.540786468404405696e+00 3.469429482975389334e+00 1.340466097911619954e+03 6.153502378717054171e+02
9.496865964061684906e+01 7.642841395044002617e+00 4.264863828369439780e+00 3.419673934071094656e+00 1.955741404605355740e+02 8.087676638109313387e+01
1.528304487079949183e+02 8.238409213700684575e+00 4.454529823979036962e+00 3.373775254632597864e+00 1.906712408656815114e+02 8.121250428827178780e+01
1.957095432899373577e+02 8.317491166833912430e+00 4.689505598416829457e+00 3.386622616254962637e+00 3.541151160891488985e+02 7.936091158462011208e+01
2.453406078382177498e+02 8.783171897563969210e+00 4.552208379918749159e+00 3.478710020641492928e+00 3.732959595529093235e+02 1.500450530172787467e+02
2.926742342199507902e+02 8.548438441887650896e+00 4.680161039581658855e+00 3.621549002221932323e+00 3.654834126851995393e+02 1.462399754010887989e+02
3.533157437871965385e+02 8.973094963937723989e+00 4.801386165988585475e+00 3.758778492113316272e+00 3.546522485033351586e+02 1.475136467074877373e+02
3.928752393282843514e+02 8.646520622344139539e+00 4.861466762094553751e+00 3.685098588564305278e+00 3.577584024258102318e+02 1.471592348028774211e+02
5.160674387412512942e+02 9.196178080822065226e+00 5.253197869395095587e+00 3.780894572467769166e+00 3.479524365571930957e+02 1.488308368945085647e+02
5.726534527159643631e+02 9.896811584200131406e+00 5.813453405812165187e+00 4.116388934012703338e+00 3.483397905708621352e+02 1.418168514192591658e+02
6.684206073186633148e+02 1.025196074586870054e+01 5.792432745863633770e+00 4.307683577323438762e+00 7.611242112217688600e+02 3.267979011256188642e+02
7.914229586032276984e+02 1.102569807458729123e+01 5.931114824765647775e+00 4.606559969823043055e+00 7.493238629435958273e+02 3.262328387542633550e+02
8.817006288551941680e+02 1.072988025632638198e+01 6.404264848476931782e+00 4.764076450810647678e+00 7.121556158291108432e+02 3.163482218200533111e+02
9.992556437490600274e+02 1.141809391966287812e+01 6.177459876132092020e+00 4.681691870010538992e+00 7.428031401311062609e+02 3.137841307552712351e+02
1.146291357772641959e+03 1.164303326251627269e+01 6.474734906948258484e+00 4.534370095350236163e+00 7.352209284712984072e+02 3.052179072570233984e+02
1.185996918017212010e+03 1.173184476076689187e+01 6.245770563758836325e+00 4.569785742253164251e+00 7.538713813763591816e+02 2.971726077630656846e+02
1.328654146398256671e+03 1.223857379822517188e+01 6.402265540675047717e+00 4.789800321258587346e+00 7.610923970816839983e+02 3.140731228532781643e+02
1.420964707523791503e+03 1.163938740317216869e+01 6.741346109077515081e+00 5.045586479527772283e+00 7.140420635114533070e+02 3.083855507148570041e+02
1.673751621103073603e+03 1.201645456005955737e+01 7.016128618046055365e+00 4.946052352398903729e+00 7.067403272002642325e+02 3.110125559366824177e+02
1.753021672052841041e+03 1.253426971373468213e+01 6.720023505116360596e+00 5.213948259151587550e+00 7.709280533707442373e+02 3.192109031888181789e+02
2.043527483310905836e+03 1.269151077486638179e+01 7.026836334000272188e+00 5.272462522575424693e+00 7.686525142844545826e+02 3.119800212812533573e+02
2.167654808682662861e+03 1.341887086083231928e+01 7.049244052261984805e+00 5.319887192252814145e+00 8.206543653279715045e+02 3.103665930731195886e+02
2.320242516376890308e+03 1.346473506961159394e+01 7.273148929328463019e+00 5.290750218415569250e+00 8.053889381687961304e+02 3.157038141638859088e+02
2.708256154669984880e+03 1.368327116640222840e+01 7.216720651679436216e+00 5.408633667633297115e+00 8.268389756219427227e+02 3.170993744601016715e+02
2.716157799761585920e+03 1.417287050289664663e+01 7.428683730830803356e+00 5.781634392675366385e+00 8.283023012131786800e+02 3.042208707257227616e+02
2.923446004292668022e+03 1.422780284807890716e+01 7.328069729451433645e+00 5.420286044984488072e+00 8.019818167357233278e+02 3.226373785316138765e+02
2.791647019298076884e+03 8.033778286021760806e+00 0.000000000000000000e+00 9.439012083068295311e+00 8.131075684561747039e+02 3.237334987108117730e+02
2.923451013556576072e+03 8.127799609451246354e+00 0.000000000000000000e+00 1.032111818114605839e+01 5.916148578804669523e+04 0.000000000000000000e+00
3.188528191674793561e+03 7.962149822937415244e+00 0.000000000000000000e+00 1.000018418553717403e+01 5.763388741175644827e+04 0.000000000000000000e+00
3.053294138657953681e+03 8.840168400660875392e+00 0.000000000000000000e+00 9.820543878009424077e+00 5.572378285211548064e+04 0.000000000000000000e+00
3.302402882833558124e+03 8.531341289858687560e+00 0.000000000000000000e+00 1.021941564772940048e+01 5.604548351698010811e+04 0.000000000000000000e+00
3.383233828437001648e+03 8.433268938188815511e+00 0.000000000000000000e+00 1.078761972755654064e+01 6.043885826743314101e+04 0.000000000000000000e+00
3.338827379399217079e+03 9.002997301565944355e+00 0.000000000000000000e+00 1.071657897650368163e+01 5.912093220768605534e+04 0.000000000000000000e+00
3.397067497008976261e+03 9.376555205177421470e+00 0.000000000000000000e+00 1.075417719229819191e+01 5.871911568915856333e+04 0.000000000000000000e+00
3.651643136791666620e+03 9.456976080378689531e+00 0.000000000000000000e+00 1.094525205404289814e+01 5.703251479645194195e+04 0.000000000000000000e+00
3.693648119105805108e+03 9.075076676411280019e+00 0.000000000000000000e+00 1.141215103774319850e+01 5.863268045469860226e+04 0.000000000000000000e+00
3.951841005191825388e+03 9.523523546219880842e+00 0.000000000000000000e+00 1.172033480416020979e+01 5.619865589553653990e+04 0.000000000000000000e+00
3.908053621033808668e+03 9.650558548344861265e+00 0.000000000000000000e+00 1.150494037694201310e+01 5.755270770431681740e+04 0.000000000000000000e+00
4.234669689930854474e+03 9.896027054271867129e+00 0.000000000000000000e+00 1.189389803725659789e+01 5.690235782886518427e+04 0.000000000000000000e+00
4.333773986948309357e+03 9.325357659049576142e+00 0.000000000000000000e+00 1.186092599265739800e+01 5.919031027428313246e+04 0.000000000000000000e+00
4.158438590848954846e+03 1.004025118812548456e+01 0.000000000000000000e+00 1.210041237536575842e+01 5.629126035444206354e+04 0.000000000000000000e+00
4.480896062276055090e+03 9.655021226999350503e+00 0.000000000000000000e+00 1.181582123417045693e+01 5.542940903977501875e+04 0.000000000000000000e+00
4.469240371729229082e+03 9.996949900632944974e+00 0.000000000000000000e+00 1.208290522907150155e+01 5.637939128315318521e+04 0.000000000000000000e+00
4.723672003337193019e+03 1.003834024607160558e+01 0.000000000000000000e+00 1.187503541150049280e+01 5.807499200432837097e+04 0.000000000000000000e+00
4.537476826589211669e+03 1.032036487340073094e+01 0.000000000000000000e+00 1.134726148252851985e+01 5.941349620147003588e+04 0.000000000000000000e+00
4.892489055523866227e+03 9.686198446175001919e+00 0.000000000000000000e+00 1.202362445025881854e+01 6.006918289994221414e+04 0.000000000000000000e+00
4.831698732755998208e+03 1.005303301387440484e+01 0.000000000000000000e+00 1.183086467211822956e+01 5.559700209394764533e+04 0.000000000000000000e+00
4.930622030815975450e+03 1.063811841198527119e+01 0.000000000000000000e+00 1.150580915685444161e+01 5.539786227117430826e+04 0.000000000000000000e+00
4.936089260410975839e+03 9.806023554274048593e+00 0.000000000000000000e+00 1.235164411956811747e+01 6.009701409054286341e+04 0.000000000000000000e+00
4.997957359756032020e+03 1.038334022209842544e+01 0.000000000000000000e+00 1.218119616203848210e+01 5.866345099204652070e+04 0.000000000000000000e+00
5.185889407456381377e+03 1.089138893632980221e+01 3.520834540809109292e+00 1.279399369253744112e+01 4.619005217256921583e+02 8.370787092734730095e+01
5.000670274454203536e+03 1.070600257967280200e+01 3.426644697106686621e+00 1.268762205010980004e+01 4.336229568951372357e+02 8.683213490761532682e+01
5.377546578311543271e+03 1.100324280516784370e+01 3.571098964997571290e+00 1.327777565981197760e+01 4.374238438623580691e+02 8.806743490093121807e+01
5.409542149735908424e+03 1.160429668459139840e+01 3.676049147441036169e+00 1.234291550457938591e+01 4.326271797911178396e+02 8.260476584609442341e+01
5.571224914886803163e+03 1.139526613163168456e+01 3.721464537171630838e+00 1.280077768929976934e+01 4.556512426747996187e+02 8.643723674872606466e+01
5.432901969860966346e+03 1.078913502907173871e+01 3.492492754936590060e+00 1.334357196914591626e+01 4.473424423171277340e+02 8.493620824178324824e+01
5.448076790759032519e+03 1.066693451364855605e+01 3.446914540272285166e+00 1.247577441527085718e+01 4.282002125699307840e+02 8.137396974643993985e+01
6.004676352680638956e+03 1.100241728094876592e+01 3.456891200415201038e+00 1.313909124287987851e+01 4.477019511206315769e+02 8.708216502644751245e+01
6.093112335237902698e+03 1.075335425180895399e+01 3.490991460165291382e+00 1.241707304058970074e+01 4.355404776727499438e+02 8.831553437001169016e+01
6.224242678405544211e+03 1.155652329298369807e+01 3.686464014723683569e+00 1.277651258584461580e+01 4.485970152939563036e+02 8.493593101046658944e+01
6.059128102850836513e+03 1.153615494084454696e+01 3.608448919825261392e+00 1.275782740541598415e+01 4.353097680156840283e+02 8.615348165687889548e+01
6.296357439423752112e+03 1.086236080401248039e+01 3.629807362058175890e+00 1.362979208380610352e+01 4.522785754907128535e+02 8.157182142778124501e+01
6.149646241064831884e+03 1.133512885809780357e+01 3.585838962312405620e+00 1.309756358530000142e+01 4.432087603785061560e+02 8.246381394792715014e+01
6.487499046295143671e+03 1.145121067072924781e+01 3.616078139082265164e+00 1.358980953386720536e+01 4.480830461890005267e+02 8.784707816314707429e+01
