-2.558662127605596526e-01 5.767870796019076707e+00 3.331615810596511906e+00 2.765717649575006654e+00 1.433245675047056238e+03 6.182269675792242651e+02
3.220240940127417417e+01 5.625408818167478842e+00 3.244185834305818084e+00 2.884492216615909488e+00 1.396411776318191642e+03 5.832911715355545539e+02
3.269681209892335261e+01 7.877548007761905779e+00 4.428390509467660330e+00 3.363066494438148091e+00 1.433355168187927802e+03 5.906990635074190550e+02
5.176470044904976220e+01 7.609368331651884532e+00 4.439814936243173804e+00 3.234307625163952871e+00 1.379085605056632176e+03 5.744321810364084513e+02
1.048959911875303561e+02 7.994679086834937998e+00 4.385170183680039635e+00 3.469442851591589605e+00 1.961172340755665857e+02 8.361019378578461669e+01
1.549417613221983174e+02 8.216396829505191235e+00 4.564390243568416494e+00 3.372255138971413935e+00 2.075807991733637152e+02 8.302586539837585633e+01
2.101587138155879302e+02 8.549534791187303640e+00 4.799034480985308271e+00 3.484509109109387825e+00 3.756075146481982188e+02 8.166967652588694193e+01
2.540175372628259822e+02 8.661433443676965993e+00 4.473383297835844097e+00 3.638919521300314486e+00 3.587516788024587981e+02 1.433340852521037050e+02
2.917870565038675181e+02 8.271061893406368881e+00 4.560049992542132280e+00 3.568745001434978192e+00 3.690091445313449867e+02 1.426508584755025879e+02
3.535198099742913200e+02 8.632985573070671492e+00 4.982408650443789888e+00 3.705222209834289515e+00 3.528926781342679533e+02 1.413234882483093031e+02
4.310223794579263767e+02 8.637135048726744202e+00 5.096888747518470986e+00 3.754761674290421514e+00 3.470859251128266578e+02 1.453692987615518177e+02
5.242247657760597122e+02 9.115476908246741061e+00 5.266647093133366653e+00 3.956167210975143789e+00 3.584754497932283357e+02 1.362590670246404443e+02
6.295943543844771284e+02 1.064974224989932416e+01 5.850134749582645455e+00 3.985891447553897571e+00 3.766999283866351220e+02 1.474659543261873580e+02
6.486561992360180966e+02 1.027998258320483771e+01 5.988464008922868231e+00 4.571977268124725491e+00 7.040385583576900217e+02 3.002163740802343455e+02
7.937661187030631709e+02 1.117730131751857847e+01 6.398113765546723286e+00 4.466210787465201726e+00 7.510283230625427677e+02 3.063841448923834037e+02
8.823468404089121577e+02 1.142429123788224743e+01 6.216431401746080887e+00 4.740543232725108247e+00 7.648909342541689966e+02 3.163057972383325023e+02
9.556635154312939449e+02 1.131728750225296842e+01 6.151688169872761236e+00 4.752452571199842879e+00 7.602811676024201688e+02 3.195158561984949301e+02
1.103973639087843139e+03 1.158844405520605747e+01 6.556841322184946641e+00 4.653890188600197320e+00 7.432517253947205518e+02 3.061014177762526174e+02
1.147914552469275350e+03 1.200119301204941991e+01 6.742348728279337067e+00 4.772914516086012249e+00 7.542095904017114663e+02 3.032509602722849991e+02
1.347143449423037282e+03 1.158279608655275617e+01 6.506441090816845296e+00 5.060168596313785905e+00 7.219211291104112433e+02 3.237889653216585089e+02
1.347577551922051043e+03 1.229553205964588081e+01 6.670529252957700272e+00 5.039618422391256125e+00 7.549905348711590705e+02 3.208960675532607638e+02
1.564414609830738527e+03 1.223039188134527322e+01 6.761101435872381771e+00 5.063007349854334649e+00 7.174529032419917485e+02 3.027412774122254291e+02
1.816785664743468942e+03 1.283954092288204230e+01 6.817066226670983831e+00 4.885161014510003064e+00 8.334887756429154706e+02 3.144864647438835732e+02
1.920289631288976580e+03 1.215670875794426387e+01 7.122986598952366855e+00 5.320036686259483005e+00 7.672114463553181167e+02 3.215200078879024090e+02
2.091467483298401930e+03 1.243512439845050288e+01 6.748618582822271783e+00 5.213125236150244923e+00 8.046421178177894262e+02 3.187774534743880395e+02
2.399315907714833884e+03 1.358576815644520153e+01 7.417786751593297367e+00 5.234947159829010488e+00 7.832618177990636923e+02 3.087411949278176735e+02
2.586664901037958771e+03 1.285023541105015710e+01 7.119780585965590269e+00 5.186723220242268617e+00 7.630506437794959993e+02 3.136948160751472869e+02
2.677360994298744572e+03 1.429186480985324970e+01 7.529353680106141589e+00 5.709241159286744249e+00 7.782827483775453175e+02 3.250250121986968566e+02
2.764200810302426362e+03 1.370733205994827664e+01 7.251955929037094073e+00 5.860631376481554078e+00 7.967353922257087788e+02 3.007235050028421028e+02
2.760664144807316461e+03 7.943562807829936290e+00 0.000000000000000000e+00 9.330320672422482531e+00 7.866918631611227966e+02 3.058242027691193812e+02
2.965526905243114470e+03 8.431005862803623074e+00 0.000000000000000000e+00 1.051748582265111764e+01 5.659896910436851613e+04 0.000000000000000000e+00
3.201418130644310168e+03 8.721034455849141054e+00 0.000000000000000000e+00 1.039274239459679627e+01 5.766307667010822479e+04 0.000000000000000000e+00
3.210234408180825540e+03 8.388092178793769449e+00 0.000000000000000000e+00 1.044155212107443909e+01 5.899220802719349740e+04 0.000000000000000000e+00
3.399097252095002204e+03 8.765977563722152865e+00 0.000000000000000000e+00 1.041519522176784385e+01 5.998491926061786216e+04 0.000000000000000000e+00
3.370238394963528208e+03 8.955251395712341633e+00 0.000000000000000000e+00 1.036987229346711459e+01 5.559503918748070282e+04 0.000000000000000000e+00
3.597094166619344378e+03 9.264627547196942814e+00 0.000000000000000000e+00 1.104426480214735484e+01 5.794059681603140052e+04 0.000000000000000000e+00
3.721510818012125128e+03 9.173134704333396172e+00 0.000000000000000000e+00 1.048685033285618218e+01 5.551937137923336559e+04 0.000000000000000000e+00
3.660839967335286019e+03 9.389565342139436055e+00 0.000000000000000000e+00 1.140740906663015153e+01 5.832166723248386552e+04 0.000000000000000000e+00
3.669704553583231245e+03 9.203065562284828971e+00 0.000000000000000000e+00 1.091916130632627535e+01 5.825693175096725463e+04 0.000000000000000000e+00
3.764488160058111134e+03 9.085590886956595114e+00 0.000000000000000000e+00 1.132867185843047686e+01 6.038035718361397448e+04 0.000000000000000000e+00
3.935023476450624912e+03 9.622251924015117197e+00 0.000000000000000000e+00 1.166094928954924725e+01 5.644654412828510976e+04 0.000000000000000000e+00
4.037830794461648111e+03 9.908304760132811140e+00 0.000000000000000000e+00 1.105190390279289758e+01 5.524105527770794288e+04 0.000000000000000000e+00
4.023118996364110899e+03 9.683023082385485480e+00 0.000000000000000000e+00 1.127648363681966259e+01 6.057783193130501604e+04 0.000000000000000000e+00
4.201918297840677042e+03 9.754845968887776664e+00 0.000000000000000000e+00 1.193345421243577142e+01 5.890217508277262095e+04 0.000000000000000000e+00
4.326125999156740363e+03 1.013853004043891559e+01 0.000000000000000000e+00 1.203852467905643486e+01 5.816932043497618724e+04 0.000000000000000000e+00
4.253272925294886591e+03 9.604736955902064111e+00 0.000000000000000000e+00 1.169697255623152898e+01 5.807455200760817388e+04 0.000000000000000000e+00
4.445766118798154821e+03 9.968539203510179192e+00 0.000000000000000000e+00 1.199502275237126980e+01 5.851910106147790066e+04 0.000000000000000000e+00
4.522506617592023758e+03 9.814517657255859007e+00 0.000000000000000000e+00 1.132903159704328999e+01 5.993717377625048539e+04 0.000000000000000000e+00
4.920077761411612300e+03 1.038601397593301634e+01 0.000000000000000000e+00 1.160039750800612879e+01 5.620573372794224997e+04 0.000000000000000000e+00
4.781243609669852049e+03 1.022289407713888387e+01 0.000000000000000000e+00 1.199457834143286128e+01 5.542455581512988283e+04 0.000000000000000000e+00
5.050332387605536496e+03 1.052223308236326638e+01 0.000000000000000000e+00 1.194415309059958297e+01 5.802726104058708006e+04 0.000000000000000000e+00
5.011958148981208069e+03 1.046935447027520460e+01 0.000000000000000000e+00 1.211594731416390047e+01 5.937931825741389184e+04 0.000000000000000000e+00
4.912327961237253476e+03 1.012790918165381271e+01 0.000000000000000000e+00 1.247785970555417379e+01 6.056112671770499583e+04 0.000000000000000000e+00
5.170589949768605038e+03 1.097485957871366757e+01 3.471534394798238221e+00 1.226277844926817195e+01 4.391260206126914909e+02 8.464125830049974297e+01
5.104879100114893845e+03 1.149072655177758939e+01 3.446071579825013664e+00 1.340786715552760100e+01 4.387732167846143625e+02 8.644123218372904205e+01
5.197589153490914214e+03 1.091893733500746499e+01 3.601429843828853006e+00 1.267655595857060291e+01 4.403626646319132760e+02 8.309010653137492852e+01
5.146618057283626513e+03 1.144891751814751757e+01 3.443487081983538811e+00 1.329566116028410150e+01 4.251814132243682707e+02 8.582255012649665105e+01
5.711028583982161763e+03 1.067494304567727070e+01 3.719620492086909813e+00 1.326392665526073955e+01 4.200757600617969842e+02 8.107765405696558503e+01
5.446501833406133301e+03 1.106122708126114595e+01 3.777504407262015640e+00 1.250697664650187058e+01 4.315883365954831561e+02 8.353005513545805627e+01
5.451844468704649444e+03 1.101237458332322383e+01 3.489268415158335301e+00 1.243784173281049554e+01 4.387314066735046936e+02 8.588989750232120457e+01
5.800141596012193986e+03 1.156791661624543543e+01 3.526706306598442087e+00 1.354045743632333654e+01 4.241376081750307208e+02 8.857625833555241002e+01
5.860403207970183757e+03 1.070081409584496157e+01 3.495126303088425423e+00 1.271578150499309245e+01 4.468258728391674595e+02 8.823510788547358175e+01
5.911844067329014251e+03 1.112177542113289697e+01 3.553155483289140548e+00 1.314943466814878903e+01 4.235664646528718436e+02 8.780956444892517254e+01
5.823832687105752484e+03 1.082985086055694879e+01 3.804617261611161538e+00 1.352220696086545892e+01 4.139313917665415943e+02 8.708385078856363748e+01
6.462233668963121090e+03 1.150470753227761023e+01 3.779412839602642737e+00 1.327315966889507592e+01 4.451355078660716913e+02 8.600633854208848561e+01
6.110358555049135248e+03 1.180867475815570877e+01 3.760043910829780067e+00 1.268439760942563943e+01 4.103694365214407753e+02 8.577124439669005085e+01
6.525158789124749092e+03 1.137967920048737192e+01 3.567265843661062252e+00 1.325894533066027670e+01 4.330960181604410764e+02 8.314999676373486182e+01
