-3.345412265939935459e-01 5.860463676414430445e+00 3.214713751036009537e+00 2.836763470202475546e+00 1.338158361325214628e+03 6.266149382225385125e+02
3.383484431515567081e+01 5.836118643200974176e+00 3.229683398694479290e+00 2.859147503775171906e+00 1.467336846261765231e+03 6.207862422221290899e+02
3.319421251120697747e+01 7.837011391870720267e+00 4.316122219534175741e+00 3.431558828531078298e+00 1.377359051505929529e+03 5.873989874447478314e+02
5.176821275822896951e+01 7.969463724011693451e+00 4.552537172498997364e+00 3.500655030678780477e+00 1.422234359975783946e+03 6.290181714241390409e+02
1.005167060837559632e+02 8.142536610538023467e+00 4.560740369942812400e+00 3.374753862864883214e+00 2.018718948855220106e+02 8.161454747961099088e+01
1.559810673958598386e+02 8.504068638785108547e+00 4.377315994595305959e+00 3.524416558215420547e+00 2.003580896607485897e+02 8.391205860499542268e+01
2.081393759480838526e+02 7.891918490909134221e+00 4.555045759853721954e+00 3.638035620952401406e+00 3.718778215960130069e+02 8.124748076370076433e+01
2.465617930980463086e+02 8.557014509820964676e+00 4.846679745933792027e+00 3.441381312869158382e+00 3.496352841879210018e+02 1.488795226150961639e+02
2.918059079709004777e+02 8.720222654627944436e+00 4.805085163058414821e+00 3.387356581143188716e+00 3.577241418512996347e+02 1.393882103016232179e+02
3.641340218302384528e+02 8.520898943066974596e+00 5.085613515490126524e+00 3.531944725978016120e+00 3.628427929165914065e+02 1.438741343029373354e+02
3.934937383206645336e+02 9.103751111336261914e+00 5.107509973067968723e+00 3.598851154473138081e+00 3.624395908495404797e+02 1.454613743809605353e+02
5.078884173484925100e+02 9.951364130895251847e+00 5.459421007984970764e+00 3.691380762174280683e+00 3.636956336077959691e+02 1.367423922995880616e+02
5.910525589097248940e+02 1.008872011338767294e+01 5.729357029352287078e+00 4.215978863583597303e+00 3.509884366469181032e+02 1.412851596645411121e+02
6.915613887748339721e+02 1.107574622151557975e+01 6.120562830369177476e+00 4.499459610952027511e+00 7.365115341060558194e+02 3.027992965067967930e+02
8.205378931247606715e+02 1.062409333550242252e+01 6.009505007026969103e+00 4.587980866413003511e+00 7.437176572886170334e+02 3.160102837353970813e+02
8.625222041325106375e+02 1.119581576379140131e+01 6.449326716384195635e+00 4.497610013093780168e+00 7.507633267777392803e+02 3.063062520332096028e+02
9.541329842385738402e+02 1.135054379173253913e+01 6.506854285792861958e+00 4.753002296837770757e+00 7.625931817819144953e+02 3.072963675984569250e+02
1.133276940583886699e+03 1.165475725466814971e+01 6.576109139000871018e+00 4.888970002460508724e+00 7.327540252727316101e+02 3.024104259851856114e+02
1.250016263514585717e+03 1.212432536488461920e+01 6.232766573351190331e+00 4.719293887408121613e+00 7.713141828930707788e+02 3.037918421411629311e+02
1.263374714789375503e+03 1.241747276678226619e+01 6.251816255246741783e+00 4.919777314023320081e+00 7.379886532073048784e+02 2.984902094232069203e+02
1.397960757975633896e+03 1.253061143512205433e+01 6.930386232439484040e+00 4.677114597588133194e+00 7.203441982563896318e+02 3.191234707258081471e+02
1.639913429129218457e+03 1.238150507393116229e+01 6.529530067751467826e+00 4.952596576337260359e+00 7.233953758372438188e+02 3.143351607898958946e+02
1.867484432585824834e+03 1.207924054021857785e+01 6.618966578183661298e+00 4.868058905149135640e+00 8.245128074281858517e+02 3.246860873707393012e+02
2.074013421710190869e+03 1.259540877516500501e+01 7.167665804572540544e+00 5.375628427275833232e+00 7.669749207638003554e+02 3.017121731594040170e+02
2.189000380612453228e+03 1.359122808993825338e+01 7.335886282205870579e+00 5.564621248316805158e+00 7.984162722460957866e+02 3.028414032038204482e+02
2.242833947162507684e+03 1.257231012110428914e+01 7.387527796181364792e+00 5.120821576650112839e+00 7.991236932595973030e+02 3.249233817115641614e+02
2.593976045315096599e+03 1.291443338182714839e+01 6.937540509156318258e+00 5.419961686621032726e+00 8.240472858980783712e+02 3.111754980119146694e+02
2.603650438902339374e+03 1.335458779272530272e+01 7.224280692704397211e+00 5.488226236723208196e+00 8.223543434597613668e+02 3.043231575667821858e+02
2.774676352927211610e+03 1.403309551272900713e+01 7.527381295323478660e+00 5.420089833111873645e+00 7.629950228535225278e+02 3.188355036608514297e+02
2.987954002492348536e+03 7.737857433745498170e+00 0.000000000000000000e+00 9.287933962750431149e+00 7.897414669104490486e+02 3.222290895848258288e+02
3.014703050976930172e+03 8.537583565921618600e+00 0.000000000000000000e+00 9.947905061682748240e+00 5.558781645805422886e+04 0.000000000000000000e+00
3.105971033656420332e+03 8.363793004446810286e+00 0.000000000000000000e+00 1.004064054880794465e+01 5.809481956092872133e+04 0.000000000000000000e+00
3.027955203483128571e+03 8.681007759657587641e+00 0.000000000000000000e+00 1.070115583907349510e+01 5.963104429737269675e+04 0.000000000000000000e+00
3.320013049406221398e+03 8.879612090389077395e+00 0.000000000000000000e+00 1.043805608412715458e+01 5.958362610700033838e+04 0.000000000000000000e+00
3.349404237334482332e+03 8.726012704330464942e+00 0.000000000000000000e+00 1.030211900346194120e+01 5.513557629191992601e+04 0.000000000000000000e+00
3.643480510843412048e+03 8.599664062865810976e+00 0.000000000000000000e+00 1.049546500744411048e+01 5.865077414776214573e+04 0.000000000000000000e+00
3.646160079107548881e+03 9.421692690392621472e+00 0.000000000000000000e+00 1.072765216346439843e+01 5.605854497102797177e+04 0.000000000000000000e+00
3.746794296180759829e+03 8.817786524301380879e+00 0.000000000000000000e+00 1.103479144162176340e+01 5.518607980362368107e+04 0.000000000000000000e+00
3.765302702634631260e+03 9.425191314328472458e+00 0.000000000000000000e+00 1.080695990584398558e+01 5.768912941582570784e+04 0.000000000000000000e+00
3.932363337862531353e+03 9.301491349491053384e+00 0.000000000000000000e+00 1.125266832546151896e+01 5.867684020838917786e+04 0.000000000000000000e+00
3.848624371112220160e+03 9.720770132057873880e+00 0.000000000000000000e+00 1.128512253729500081e+01 5.653447874980144843e+04 0.000000000000000000e+00
4.177044185738639499e+03 9.144857614052350314e+00 0.000000000000000000e+00 1.139328007608549598e+01 5.751522536403316190e+04 0.000000000000000000e+00
4.033802580096717520e+03 1.004920763900808645e+01 0.000000000000000000e+00 1.201389601868426915e+01 6.013397335699933319e+04 0.000000000000000000e+00
4.448795498409263018e+03 9.300420047803369172e+00 0.000000000000000000e+00 1.133838723316151054e+01 5.665840557832714694e+04 0.000000000000000000e+00
4.360949104370310124e+03 1.019453952426191279e+01 0.000000000000000000e+00 1.125962861763408540e+01 5.897010884389999410e+04 0.000000000000000000e+00
4.272914742165758071e+03 1.011274433075776535e+01 0.000000000000000000e+00 1.121713546435219122e+01 5.923489742686519457e+04 0.000000000000000000e+00
4.760370443841928136e+03 1.006341276724146816e+01 0.000000000000000000e+00 1.134430231739946748e+01 5.691811935801403160e+04 0.000000000000000000e+00
4.684848555220819435e+03 9.713259423703592077e+00 0.000000000000000000e+00 1.159830542702324685e+01 5.768086019896309153e+04 0.000000000000000000e+00
4.970038706381128577e+03 1.002113428541316686e+01 0.000000000000000000e+00 1.167274250952924852e+01 5.523835061939087609e+04 0.000000000000000000e+00
5.036574545723931806e+03 1.068875698283150832e+01 0.000000000000000000e+00 1.255767224065087539e+01 5.761583160169624171e+04 0.000000000000000000e+00
4.772956503145573151e+03 1.029384777785384664e+01 0.000000000000000000e+00 1.260128668035968680e+01 5.737162671057569241e+04 0.000000000000000000e+00
5.206862988692567342e+03 1.012960587387336808e+01 0.000000000000000000e+00 1.215978914430854196e+01 5.898344853506510844e+04 0.000000000000000000e+00
5.200447097255037988e+03 1.083827330974294512e+01 0.000000000000000000e+00 1.256624464795142160e+01 5.624422703345063201e+04 0.000000000000000000e+00
5.334019691046146363e+03 1.125337537862364101e+01 3.664419525989402793e+00 1.319147793422038184e+01 4.247317050716333711e+02 8.161288498549683368e+01
5.168789777566343218e+03 1.099773492946911446e+01 3.477465971898558550e+00 1.296323975596230049e+01 4.245264894234213671e+02 8.661369617247900976e+01
5.304634712376830976e+03 1.075816574021591165e+01 3.413358401233174799e+00 1.302674298655608709e+01 4.646748498304835380e+02 8.126362536757773114e+01
5.472417203909926684e+03 1.147564392086473006e+01 3.553987247564512231e+00 1.259134509265924962e+01 4.333166998065585176e+02 8.750894866889052537e+01
5.218371503802747611e+03 1.110585039258068107e+01 3.480048699829160430e+00 1.355713303691636007e+01 4.293680752635557383e+02 8.097610654699107613e+01
5.842807420260736762e+03 1.069783377568289851e+01 3.546228982060428692e+00 1.248437530939138362e+01 4.162993314627396444e+02 8.870736711736400082e+01
5.837663042310217861e+03 1.171336629552741648e+01 3.531897553164669024e+00 1.257968947838184626e+01 4.190584252374042649e+02 8.658511041904822036e+01
5.743556651391674677e+03 1.096675157339393891e+01 3.649722398799301715e+00 1.361936315449991142e+01 4.187021892100248124e+02 8.713416669492778510e+01
6.122349240438725246e+03 1.149666228746225904e+01 3.515088560033646559e+00 1.268408011725820117e+01 4.236251367643108665e+02 8.264583156613174708e+01
6.089697764317784276e+03 1.131278932588785757e+01 3.488463393709747784e+00 1.241638580884206178e+01 4.246984214248357148e+02 8.454258474702047010e+01
6.040596498708676336e+03 1.086125042649615935e+01 3.790035079546851371e+00 1.251676775899323779e+01 4.307238040117645141e+02 8.081299194127653607e+01
6.174217468818439556e+03 1.149164944699948343e+01 3.586644043144882943e+00 1.259245105755994132e+01 4.393703407381239572e+02 8.564490124544249738e+01
6.554998155776275780e+03 1.170288681604760939e+01 3.517083347637209645e+00 1.329949145320828663e+01 4.407401711471066506e+02 8.619563881611574629e+01
6.311540530297794248e+03 1.124054563491223035e+01 3.713944763054693787e+00 1.325155980062030991e+01 4.348439690060303064e+02 8.116195571462179714e+01
