-3.091666473200535004e-01 5.936182406034420822e+00 3.417240785038039963e+00 2.685872373878277042e+00 1.387969910413964953e+03 5.736269648342164373e+02
3.346669150434911444e+01 5.651368230254363745e+00 3.340632648980388364e+00 2.669273496240158305e+00 1.411320106986162955e+03 6.262075793247639695e+02
3.498635423583439064e+01 8.043449427594788759e+00 4.513774382184643663e+00 3.433915436788498976e+00 1.359429609491001656e+03 6.090686880043340352e+02
5.004121929826705895e+01 7.933467467331064782e+00 4.442080663534002660e+00 3.356999364945476128e+00 1.401130918047367913e+03 5.773300112054195097e+02
1.051241999485859964e+02 7.835977534431155078e+00 4.646485750718681196e+00 3.396957370835009371e+00 1.980112944964699579e+02 7.998324525022727016e+01
1.499621427443271102e+02 8.444474207690886303e+00 4.401617573894027302e+00 3.577295297119015061e+00 1.985011930009777359e+02 8.143136709084535596e+01
1.962217263903162063e+02 8.567563416381759112e+00 4.772872639391226635e+00 3.413520602983700414e+00 3.543090821116363145e+02 7.629437180956651332e+01
2.447700198924228800e+02 8.801982334099111682e+00 4.473680160432979669e+00 3.609078458364889830e+00 3.639154082989233530e+02 1.399192520092188943e+02
3.132059526159913503e+02 8.816349622442899658e+00 4.957804760677663403e+00 3.460053043620385793e+00 3.621477971412610941e+02 1.443891505306910403e+02
3.366366030288672277e+02 8.668390261072470793e+00 4.932341326457966524e+00 3.756666980986700821e+00 3.623754180974510177e+02 1.457090605936221266e+02
3.961821865045830009e+02 8.578874714394594037e+00 4.911696318991884525e+00 3.496339704822121419e+00 3.644732232929069369e+02 1.471475059957701319e+02
4.996015628320913038e+02 9.815644602122652884e+00 5.451473502907186131e+00 4.048160909781582717e+00 3.629348351412073725e+02 1.379377953759955915e+02
6.023361461828150141e+02 9.805166678504749100e+00 5.804733493261005073e+00 4.295198231575545478e+00 3.759767386402871239e+02 1.399843290856869942e+02
6.852763029567768172e+02 1.094483004042563579e+01 5.692471869428536557e+00 4.389237659961724880e+00 7.690718447940781743e+02 3.033120469491642552e+02
8.078533022767176135e+02 1.121630460778338723e+01 6.360018938037508285e+00 4.485094864640704060e+00 7.364676787629081218e+02 3.003084467089688587e+02
9.259121936007682052e+02 1.082203790394412479e+01 5.973620432367334310e+00 4.673095599431886349e+00 7.629573416151318952e+02 3.066017381732252716e+02
9.766479940040263727e+02 1.102083053519406519e+01 6.285575482993038143e+00 4.768152605348119799e+00 7.302279952936306699e+02 3.086929620971228019e+02
1.058414544796463588e+03 1.151017626344096634e+01 6.487996742927142790e+00 4.559349023531220624e+00 7.328271222724920335e+02 3.133283714247127705e+02
1.166799588970191508e+03 1.179349399264560816e+01 6.318435282303465961e+00 4.746587252849326255e+00 7.754103588629085380e+02 3.265189579974871208e+02
1.325245051670485736e+03 1.139177198391683099e+01 6.733761111933096011e+00 4.743040570768238595e+00 7.386937515800874507e+02 2.977662783923976804e+02
1.466884690631104377e+03 1.143458316350936776e+01 6.574236011924537770e+00 4.719434739085725639e+00 7.649688998472196317e+02 3.136969128943706551e+02
1.610804578768389547e+03 1.219610851993806477e+01 6.408812906767483497e+00 4.809493977632034678e+00 7.233592320348928979e+02 3.171966987723012039e+02
1.817431809099550946e+03 1.257643587276592889e+01 7.144322212923398752e+00 5.101547686407383431e+00 7.667508418831275776e+02 3.121564746113861588e+02
2.031513540041419674e+03 1.278373081988767801e+01 6.922485071473577278e+00 5.160371883508816815e+00 8.054501772837741100e+02 3.087340532425889705e+02
2.239705267509358237e+03 1.335871506123898733e+01 6.849341295866102186e+00 5.277211370249290212e+00 7.807634739041430976e+02 3.100320933079303813e+02
2.209573209196298194e+03 1.338820019692903784e+01 7.012310006143049002e+00 5.422069544934747576e+00 7.727073808739787637e+02 3.003798196160807379e+02
2.490428765330088936e+03 1.295232473683171115e+01 7.183295400196148428e+00 5.526245741110237475e+00 8.051197444281503977e+02 2.969107905528269384e+02
2.557104723328913678e+03 1.351726975688633026e+01 7.134402476086676437e+00 5.559454331630322876e+00 7.865800808496940135e+02 3.231525376932545441e+02
2.949175141464580065e+03 1.331130841895884309e+01 7.374574243915319016e+00 5.579166316096160649e+00 7.743993762367808813e+02 3.117950534753034049e+02
2.872880990048673539e+03 8.337539530186239389e+00 0.000000000000000000e+00 9.243004712853462479e+00 8.089634066150413219e+02 3.026116184540371137e+02
2.978734709554044912e+03 8.336887099852818395e+00 0.000000000000000000e+00 1.007647419370932518e+01 5.493196060966819641e+04 0.000000000000000000e+00
3.168358563090886491e+03 7.982460777476907410e+00 0.000000000000000000e+00 1.023807951225963997e+01 5.930689000210916129e+04 0.000000000000000000e+00
3.259179115404633194e+03 8.507341977311694947e+00 0.000000000000000000e+00 1.045257930537577806e+01 5.515052259407268139e+04 0.000000000000000000e+00
3.318591675046834553e+03 9.008507146773107266e+00 0.000000000000000000e+00 1.021774966980112076e+01 5.578739371857162769e+04 0.000000000000000000e+00
3.266945797280714032e+03 8.905982315915551339e+00 0.000000000000000000e+00 1.052231502427228627e+01 5.924627559413950803e+04 0.000000000000000000e+00
3.455639757818511498e+03 8.795000086852015286e+00 0.000000000000000000e+00 1.048251364310908329e+01 5.914650798417094484e+04 0.000000000000000000e+00
3.582207306738987427e+03 9.459827901298480057e+00 0.000000000000000000e+00 1.117394491898237341e+01 5.861207095858838875e+04 0.000000000000000000e+00
3.592966765898786434e+03 8.765441655775942920e+00 0.000000000000000000e+00 1.140866885956255317e+01 5.730874637414231984e+04 0.000000000000000000e+00
3.725836886573380980e+03 9.720732003746210381e+00 0.000000000000000000e+00 1.069625972228402055e+01 5.510228812795040722e+04 0.000000000000000000e+00
3.915846128548085289e+03 9.338166297599016730e+00 0.000000000000000000e+00 1.072241790166329523e+01 6.058654746881786559e+04 0.000000000000000000e+00
4.032439871012753429e+03 9.398038232030524242e+00 0.000000000000000000e+00 1.103764096615928558e+01 5.706439132356063055e+04 0.000000000000000000e+00
4.232693286196431472e+03 9.895741885529600879e+00 0.000000000000000000e+00 1.160506338732680298e+01 5.857961458516564744e+04 0.000000000000000000e+00
4.110143042907899144e+03 9.821715595006727639e+00 0.000000000000000000e+00 1.183914253211064427e+01 5.813298265499006084e+04 0.000000000000000000e+00
4.428656184725553430e+03 1.012985167462186986e+01 0.000000000000000000e+00 1.189023394004203915e+01 5.736854841313955694e+04 0.000000000000000000e+00
4.188227914094762127e+03 1.018072162355846011e+01 0.000000000000000000e+00 1.149215705821210776e+01 5.705150752355160512e+04 0.000000000000000000e+00
4.484297546138072903e+03 1.004639235091011251e+01 0.000000000000000000e+00 1.152848972827686325e+01 5.637724697942238708e+04 0.000000000000000000e+00
4.772343445169124607e+03 9.528551689295053251e+00 0.000000000000000000e+00 1.186658590542771918e+01 5.776388596842326660e+04 0.000000000000000000e+00
4.780688867495474369e+03 1.016103970047880090e+01 0.000000000000000000e+00 1.185097934061355929e+01 5.507706318601751991e+04 0.000000000000000000e+00
4.861441126038276707e+03 1.026431446934765290e+01 0.000000000000000000e+00 1.201029642800126673e+01 5.691541494867973233e+04 0.000000000000000000e+00
5.076100704616186704e+03 1.061747985581017417e+01 0.000000000000000000e+00 1.234245856155853183e+01 5.776537157873724937e+04 0.000000000000000000e+00
4.949919508760282042e+03 9.803182880445367786e+00 0.000000000000000000e+00 1.217685266729519711e+01 5.954056600655858347e+04 0.000000000000000000e+00
5.230910593339896877e+03 1.058034149601887997e+01 0.000000000000000000e+00 1.190980239404825269e+01 5.877349565272346808e+04 0.000000000000000000e+00
5.072014221513086341e+03 1.052209268165021783e+01 0.000000000000000000e+00 1.262777479222321908e+01 5.682407618575840024e+04 0.000000000000000000e+00
5.123171791831277915e+03 1.111999613599689951e+01 3.377074021897230161e+00 1.331481122373063819e+01 4.492775069084892721e+02 8.349425630856794101e+01
5.354527250083247054e+03 1.052352506386408315e+01 3.417493901548609436e+00 1.239484749675879272e+01 4.538821997216620048e+02 8.353356879617211916e+01
5.423235250065621585e+03 1.142919513821926181e+01 3.427483750530762929e+00 1.234826519192649386e+01 4.299129237957915848e+02 8.260884975441975087e+01
5.137113934276434520e+03 1.127292880201801850e+01 3.435608241567062571e+00 1.304348980985710149e+01 4.351875699663730757e+02 8.439393202570681751e+01
5.634034285062250092e+03 1.102582709566234520e+01 3.661457710516391018e+00 1.342640442524279365e+01 4.471164682931142806e+02 8.741182982508441057e+01
5.530075121233115169e+03 1.103075571647629616e+01 3.735709144460922726e+00 1.241006385208772578e+01 4.436129152990998250e+02 8.798202912809888687e+01
5.932966335386281571e+03 1.150715901800107765e+01 3.788712026482076833e+00 1.356634081424508409e+01 4.170737240902940925e+02 8.358197711008931208e+01
5.689681852935653296e+03 1.138744509728048904e+01 3.534507900115455570e+00 1.355131351122420469e+01 4.273673442189126490e+02 8.175132584129397628e+01
5.823489230839177253e+03 1.070539868139396411e+01 3.624523503375598477e+00 1.336139723030371762e+01 4.384188073147801674e+02 8.237472101669081326e+01
6.209020931887285769e+03 1.102428927446221607e+01 3.830503235728111466e+00 1.339500515456010987e+01 4.514664495437707501e+02 8.401790618086192808e+01
6.062866249750631141e+03 1.086232781509531264e+01 3.703855390867542230e+00 1.295511461770227690e+01 4.494201986009796883e+02 8.090104267756289858e+01
5.984628892467848345e+03 1.168049334022615504e+01 3.843457384746373329e+00 1.354346748569941283e+01 4.457168873726519109e+02 8.887217516568357212e+01
6.408687885097662729e+03 1.089862540400019064e+01 3.747483397345485745e+00 1.321067332653352366e+01 4.114541729137057473e+02 8.586854256433792898e+01
6.100146538846142903e+03 1.128429406548088032e+01 3.765108704042234411e+00 1.369995606299498547e+01 4.167201148640191377e+02 8.374161912608461478e+01
