-3.383744992135986340e-01 5.671288444712881294e+00 3.253320936287222409e+00 2.888320732203385255e+00 1.428169796286531209e+03 6.048494285833095319e+02
3.124740582872610872e+01 5.751105430562750698e+00 3.509875169322810073e+00 2.729564382441069359e+00 1.433524968952804329e+03 6.104333990231202733e+02
3.217253201061866719e+01 7.668011266497416045e+00 4.268178809437285004e+00 3.247005471932662424e+00 1.401876179015849175e+03 6.047951210224334773e+02
4.996232875594003531e+01 7.549423314784712069e+00 4.200571090255106554e+00 3.314541626465755897e+00 1.441159922996611613e+03 5.783882501461562242e+02
1.010475461255061873e+02 7.598064729326343247e+00 4.262585259278358407e+00 3.225041457844566750e+00 2.002810796248512304e+02 7.656569826152215796e+01
1.578507872292774152e+02 7.801513461908001545e+00 4.479967215492220767e+00 3.547950980609428928e+00 2.019865230409685921e+02 8.352114425021939326e+01
2.045516437323203434e+02 8.355470586983669179e+00 4.604273834152944112e+00 3.357698302490460307e+00 3.597124531512754402e+02 8.321190495761833006e+01
2.601508390300235192e+02 8.301630525447240672e+00 4.582529280970045527e+00 3.632677697572189501e+00 3.740806803861385674e+02 1.422486175188049060e+02
2.945822920939377809e+02 8.497483422541883158e+00 4.631472977047923045e+00 3.590724010724930970e+00 3.716472587839833182e+02 1.402784252935514644e+02
3.596768583161097013e+02 8.711105135847997616e+00 4.792024385684787724e+00 3.631377994437341883e+00 3.663123394669896697e+02 1.394338163878420289e+02
4.161335852729056910e+02 9.116077712958931656e+00 5.153745032604447829e+00 3.551083942021977080e+00 3.569531752464745864e+02 1.473808184048357646e+02
4.864861583423704019e+02 1.000338519498044398e+01 5.377603043619072487e+00 3.957398165282417057e+00 3.662478151243610682e+02 1.448587565688958136e+02
6.290557120152971038e+02 9.960021396007814332e+00 5.815493118954392138e+00 4.308749970421294151e+00 3.522221781244799672e+02 1.446259377461001066e+02
7.011409740117477440e+02 1.077031642659182786e+01 5.798690946684397218e+00 4.474506622702698166e+00 7.526172340588318548e+02 3.094543864250674687e+02
8.208833555211620023e+02 1.096177466337059592e+01 6.313239777735619285e+00 4.518171529292759558e+00 7.173084407742458097e+02 2.974672022412250953e+02
9.007899239680496066e+02 1.094473758138330410e+01 5.966122866965013927e+00 4.399452589290907767e+00 7.296968678117463014e+02 3.004916565432511106e+02
9.604701135520439266e+02 1.164124791331205877e+01 6.234306524851946030e+00 4.536942026956613638e+00 7.203016913826875225e+02 3.186743767452769021e+02
1.076321366936742152e+03 1.150866909265139171e+01 6.443129300694752537e+00 4.794739709533611283e+00 7.699723907691569593e+02 3.132023402487812973e+02
1.196800327334978192e+03 1.154596808307620392e+01 6.450306638095789857e+00 4.935538260907320840e+00 7.296649248515084309e+02 3.179868969524457611e+02
1.293887758185626126e+03 1.205088732723887368e+01 6.619804182826304562e+00 4.661496221159110220e+00 7.732186735157994235e+02 3.108143791007846062e+02
1.389044754831806358e+03 1.224360047211038882e+01 6.752020980870055311e+00 4.670686386380208610e+00 7.608557316107608131e+02 3.180223785639984726e+02
1.547256642178255333e+03 1.239109010826498292e+01 6.716585001730786431e+00 4.766719058278445331e+00 7.740699698052239910e+02 3.086647720194241629e+02
1.846152933419626834e+03 1.207493844466778654e+01 6.698857270704527522e+00 5.286644011373290653e+00 7.894705738975690110e+02 3.154452115931429717e+02
1.966835533329770215e+03 1.280838048993012634e+01 7.077098211251253268e+00 5.463400656735140970e+00 7.774862763436692603e+02 3.083866427633673766e+02
2.192239117557800000e+03 1.359909666419777352e+01 7.219392384712985944e+00 5.565886235175084629e+00 7.916578568967082674e+02 2.994108021234108037e+02
2.360561630949832306e+03 1.325513520082403573e+01 7.017686401798503226e+00 5.218854615573976119e+00 7.873350273116800508e+02 3.000423267919939576e+02
2.629339916697244462e+03 1.383883553529763333e+01 7.404803164653523062e+00 5.192059122978800012e+00 8.071597535389606719e+02 3.254225999061977745e+02
2.494878621533885507e+03 1.415813260674657492e+01 7.608932356519434670e+00 5.657982043635157332e+00 8.238053963873591101e+02 3.225710494200779976e+02
2.816262909663805203e+03 1.327959824245689546e+01 7.676778996004659739e+00 5.681861689008865568e+00 8.257302937818546980e+02 3.051521692569233437e+02
2.874002839175050212e+03 8.039582763450990655e+00 0.000000000000000000e+00 9.407849157599812884e+00 8.391292883819791086e+02 3.068558724971992433e+02
3.040750142639529258e+03 8.523214782017294766e+00 0.000000000000000000e+00 1.050448741039006073e+01 5.554788402213406516e+04 0.000000000000000000e+00
3.181307542064420886e+03 8.271977369933404489e+00 0.000000000000000000e+00 1.041324189952861623e+01 5.779422100209388736e+04 0.000000000000000000e+00
3.042757883662849963e+03 8.176293717126862148e+00 0.000000000000000000e+00 1.040072038270211152e+01 5.517231452484378678e+04 0.000000000000000000e+00
3.195636891587537775e+03 8.543305581123377124e+00 0.000000000000000000e+00 1.051104593481723271e+01 5.781632392764784163e+04 0.000000000000000000e+00
3.392044791490569878e+03 8.425694404094574708e+00 0.000000000000000000e+00 1.057608374565251275e+01 5.734341616358501051e+04 0.000000000000000000e+00
3.297844169854813572e+03 9.088531228735801548e+00 0.000000000000000000e+00 1.081507662226244726e+01 5.910902136603241524e+04 0.000000000000000000e+00
3.684794156797967844e+03 9.278036618424742699e+00 0.000000000000000000e+00 1.052063813512084778e+01 6.009863078879771638e+04 0.000000000000000000e+00
3.687143568018950191e+03 9.400667625657749937e+00 0.000000000000000000e+00 1.074758255191395229e+01 5.531655791762522858e+04 0.000000000000000000e+00
3.808540144105465515e+03 9.323028876119462183e+00 0.000000000000000000e+00 1.124538583619512622e+01 5.619872440162498242e+04 0.000000000000000000e+00
3.979678679381483107e+03 9.135044874996165021e+00 0.000000000000000000e+00 1.126031846902609068e+01 6.046976523777972034e+04 0.000000000000000000e+00
3.893516929860945766e+03 9.183577245008967438e+00 0.000000000000000000e+00 1.158168458839819337e+01 5.936543647568870801e+04 0.000000000000000000e+00
4.193584227712226493e+03 9.103942205328706905e+00 0.000000000000000000e+00 1.184783754848971427e+01 5.639233117508760188e+04 0.000000000000000000e+00
4.371013993728091918e+03 1.001844949196371459e+01 0.000000000000000000e+00 1.098931364322053028e+01 5.527679314178091590e+04 0.000000000000000000e+00
4.301567170323263781e+03 9.642820171826455677e+00 0.000000000000000000e+00 1.125892738653542935e+01 5.583410886058319011e+04 0.000000000000000000e+00
4.219321022226823516e+03 9.862115971095319011e+00 0.000000000000000000e+00 1.171661871015434109e+01 5.576592301546000090e+04 0.000000000000000000e+00
4.371003689876044518e+03 9.872938660378906661e+00 0.000000000000000000e+00 1.182661093855455370e+01 5.772262076589684148e+04 0.000000000000000000e+00
4.551038337670797773e+03 1.048364155579611179e+01 0.000000000000000000e+00 1.182791303400391492e+01 5.915584920420470735e+04 0.000000000000000000e+00
4.660481110047518996e+03 1.037755601582988341e+01 0.000000000000000000e+00 1.158422796001176103e+01 5.749649346110824263e+04 0.000000000000000000e+00
4.846692016088780292e+03 1.036019832152584641e+01 0.000000000000000000e+00 1.163823501204580246e+01 5.624166521927097347e+04 0.000000000000000000e+00
4.690970478124346300e+03 9.932747933068972301e+00 0.000000000000000000e+00 1.147050839311371817e+01 5.730916532486893266e+04 0.000000000000000000e+00
4.892419699881806082e+03 1.002322241099517974e+01 0.000000000000000000e+00 1.245954576973528916e+01 5.585587771003891976e+04 0.000000000000000000e+00
5.215090332262764605e+03 1.016898722875498251e+01 0.000000000000000000e+00 1.178111738617118043e+01 5.711998723603670078e+04 0.000000000000000000e+00
5.127059334371892874e+03 1.038796026501685610e+01 0.000000000000000000e+00 1.230062952538961341e+01 5.666877120327018929e+04 0.000000000000000000e+00
4.981986337858656952e+03 1.139116971994146077e+01 3.441282937357532212e+00 1.226717499840057890e+01 4.269579047573939192e+02 8.354065679460974536e+01
5.090703264262796438e+03 1.106124341439253023e+01 3.549402155339552500e+00 1.325220586352437557e+01 4.634096922125214633e+02 8.836364523130160364e+01
5.373527270096742541e+03 1.093453919960894538e+01 3.501778495463390595e+00 1.222841076377092406e+01 4.586664590074796592e+02 8.374919371058007300e+01
5.347616694930175072e+03 1.093286109219019586e+01 3.656117610129639317e+00 1.248023157954240503e+01 4.276716332628534474e+02 8.078344273146564092e+01
5.427245456033063419e+03 1.058709589130351780e+01 3.636431401225983961e+00 1.270127697445653325e+01 4.236699202063219332e+02 8.424689618692413262e+01
5.644643318708700463e+03 1.130574390961259112e+01 3.676971301572486972e+00 1.252561814240237759e+01 4.230796988724735002e+02 8.669764872002625111e+01
5.487004097581351743e+03 1.171901806183091566e+01 3.526584083718377283e+00 1.253335768467020017e+01 4.553317684151288063e+02 8.631071041753931183e+01
5.668098744818345040e+03 1.163038973402584553e+01 3.492265388553983385e+00 1.278628080673400014e+01 4.518718123038076442e+02 8.715206772477398545e+01
5.660190563512944209e+03 1.143122682043059157e+01 3.599666930124773234e+00 1.367005578253754194e+01 4.396827550666018283e+02 8.668636285001602459e+01
5.914002368343904891e+03 1.100848138912250462e+01 3.555512894235149712e+00 1.312550949575611803e+01 4.368964708656267248e+02 8.841362425791389512e+01
6.203703425200553284e+03 1.072840959880232603e+01 3.657452893706166996e+00 1.369203929438707590e+01 4.174110801891472420e+02 8.486119178378504557e+01
6.238029411301246910e+03 1.114804115708604471e+01 3.575589709538762317e+00 1.371270605293219269e+01 4.247021752863151391e+02 8.178362166833707647e+01
6.456198780916414762e+03 1.136647028148432348e+01 3.522784023694082389e+00 1.253238668169881542e+01 4.187059869229622109e+02 8.090424635264689357e+01
6.453382102567863512e+03 1.083284190064095220e+01 3.772031433893132224e+00 1.371269797445240890e+01 4.257474148311492854e+02 8.657356517412125640e+01
