-1.382423707697221227e-01 5.930137263122235325e+00 3.337028932957510907e+00 2.735280534421937748e+00 1.407791621513083101e+03 6.070871980567205810e+02
3.212006139859131082e+01 5.754415730371887250e+00 3.363119343385515325e+00 2.913079328435274729e+00 1.420799107116494270e+03 6.259162126767644168e+02
3.446092672080132502e+01 7.753320392903863656e+00 4.387078695756992275e+00 3.304750643876182892e+00 1.372731844357331511e+03 5.794213977524078700e+02
5.232474115276957605e+01 7.562434623509914466e+00 4.173460948424191130e+00 3.496741067056989838e+00 1.382311794621456556e+03 5.761740960548312387e+02
9.999698861164748109e+01 7.881360419180668764e+00 4.563365839596558615e+00 3.369636554913169491e+00 2.062431645399732929e+02 8.063114376072084610e+01
1.578280281462276093e+02 7.820877503452701163e+00 4.393058876241124011e+00 3.439883905672876718e+00 1.992445162221959833e+02 8.097359364479814303e+01
1.898706067387089433e+02 8.319010363823181819e+00 4.589815053651113530e+00 3.510891429909768657e+00 3.605067630377410524e+02 8.003018366860487731e+01
2.589686631012565385e+02 8.289108037722755284e+00 4.795453017428060960e+00 3.340376132348296778e+00 3.692269460029650077e+02 1.459517731043607398e+02
3.030208157761596226e+02 8.906875307598031810e+00 4.800920236046621881e+00 3.647780638898222350e+00 3.608751087894026455e+02 1.471603297626446363e+02
3.456678526518712147e+02 8.996921001440119525e+00 4.630895744423577653e+00 3.566159064002172752e+00 3.712478846293466290e+02 1.481088321669431878e+02
4.128698325179618678e+02 8.693713013466700446e+00 4.845619704487851287e+00 3.811655118384702057e+00 3.507045467463644854e+02 1.407688304140916671e+02
4.983012137039606841e+02 9.145992211919010018e+00 5.191269187108591865e+00 3.831425984351275904e+00 3.757801155841057721e+02 1.492087170812614261e+02
6.092703266906644330e+02 9.755952741122760230e+00 5.496654469675402943e+00 4.232170656478261073e+00 3.620142260760773638e+02 1.422650664029822849e+02
6.715537776966064030e+02 1.114237733463889413e+01 5.880867377688917763e+00 4.454184311328101664e+00 7.599377765526157873e+02 3.055413822744620802e+02
8.168680481179998196e+02 1.154326241846830214e+01 6.162759530843644917e+00 4.477394604163188241e+00 7.738224841192102303e+02 3.204675227313496180e+02
9.050544868143289250e+02 1.111812863943343110e+01 6.122146675249415360e+00 4.657417290357942719e+00 7.193596389585827637e+02 3.259876401643103350e+02
9.966377572834505827e+02 1.108963783841916495e+01 6.547573754551450520e+00 4.431790368433352612e+00 7.103186131221730193e+02 3.066329859399315865e+02
1.144614089809028428e+03 1.197773654500933738e+01 6.567645617475855069e+00 4.746683884743557513e+00 7.057258082622956863e+02 3.180667632426837486e+02
1.248754084249304469e+03 1.145149235583324554e+01 6.350170557641724223e+00 4.558548894428119169e+00 7.138992913500636632e+02 3.049618652770041081e+02
1.252166131552748766e+03 1.154664498811728990e+01 6.757709154236666294e+00 4.743506874729453315e+00 7.463503451115717553e+02 3.251902350945596254e+02
1.361670168195442102e+03 1.157437505723340543e+01 6.868663213853373861e+00 5.066713178202016721e+00 7.181699982935100479e+02 2.993412573750849219e+02
1.622172421817697568e+03 1.229942075856276951e+01 6.465635510685934229e+00 4.968657309603525363e+00 7.423628453306956771e+02 3.027812903294630473e+02
1.778008418838381658e+03 1.249971649085843239e+01 6.996828121203537698e+00 5.111998885544805304e+00 8.346315313257421167e+02 3.011015211232218007e+02
1.966185541375341018e+03 1.291625093358108955e+01 7.046849197736241521e+00 5.269890154573233509e+00 8.116088059682383573e+02 3.000902453302908270e+02
2.246779837569010851e+03 1.363598918215906330e+01 7.021381178256764777e+00 5.219510696773462577e+00 7.607903700948116921e+02 3.064570279999148852e+02
2.234327044748253229e+03 1.316199389179960200e+01 7.088949983397940358e+00 5.246137124901887105e+00 7.985358640337598217e+02 3.211025311155755730e+02
2.696559457519236275e+03 1.272112920672785563e+01 7.168831326397622661e+00 5.407690796251006127e+00 8.154225250809613499e+02 3.130359314073857604e+02
2.507326431686782598e+03 1.297596998276542202e+01 7.081536932099815829e+00 5.687376654335944082e+00 8.360792814088247269e+02 3.163661286326907884e+02
2.884075986802884927e+03 1.397373107668928505e+01 7.164171831365996113e+00 5.907291716793015013e+00 7.674445934109771770e+02 2.985154192763221204e+02
2.939575523183875248e+03 7.877847696692605872e+00 0.000000000000000000e+00 1.002363093507575087e+01 8.160707296525177981e+02 3.258176481408762584e+02
3.059846786784620235e+03 8.235444029061346427e+00 0.000000000000000000e+00 9.743008132259495468e+00 5.924051483838437707e+04 0.000000000000000000e+00
3.071168380109648297e+03 8.718116288811883052e+00 0.000000000000000000e+00 9.953535414646035306e+00 5.639874981196684530e+04 0.000000000000000000e+00
3.104894562619590943e+03 8.619958829114811039e+00 0.000000000000000000e+00 9.829367512890602399e+00 5.619707341388345958e+04 0.000000000000000000e+00
3.303483742797043305e+03 8.393527623520993686e+00 0.000000000000000000e+00 1.000422043891082247e+01 5.782042361712779530e+04 0.000000000000000000e+00
3.356780472261537398e+03 8.859773620051186072e+00 0.000000000000000000e+00 1.064101536511903667e+01 5.603176118994147691e+04 0.000000000000000000e+00
3.413882735155232695e+03 8.615415830496242933e+00 0.000000000000000000e+00 1.081287173738818730e+01 5.975442375311736396e+04 0.000000000000000000e+00
3.546924687828277911e+03 8.841644082777461833e+00 0.000000000000000000e+00 1.051929980065767012e+01 5.510525262789313274e+04 0.000000000000000000e+00
3.559670816468553767e+03 9.483047761153040156e+00 0.000000000000000000e+00 1.069657004628018626e+01 5.588378115375251218e+04 0.000000000000000000e+00
3.924363453747663243e+03 8.843436687272960839e+00 0.000000000000000000e+00 1.075368438330460208e+01 5.868914927977021580e+04 0.000000000000000000e+00
3.903008068700393778e+03 9.339126495493879077e+00 0.000000000000000000e+00 1.156410429453934263e+01 5.522522175437620172e+04 0.000000000000000000e+00
3.875589624290616484e+03 9.041155476502563459e+00 0.000000000000000000e+00 1.135360243109786360e+01 5.513542296492469904e+04 0.000000000000000000e+00
3.918154319293678782e+03 9.563093017820436970e+00 0.000000000000000000e+00 1.114861729208488583e+01 5.874185651018215140e+04 0.000000000000000000e+00
4.174403675864738943e+03 9.537898538019453198e+00 0.000000000000000000e+00 1.107182518369298130e+01 5.699861896984935447e+04 0.000000000000000000e+00
4.139831714657645534e+03 9.719094680739086556e+00 0.000000000000000000e+00 1.168248921085114311e+01 5.502548002576355066e+04 0.000000000000000000e+00
4.430300886945513412e+03 9.436000879877576963e+00 0.000000000000000000e+00 1.108827295484924491e+01 5.830673938266903860e+04 0.000000000000000000e+00
4.471019711791574991e+03 1.012976400872960347e+01 0.000000000000000000e+00 1.174700306314452902e+01 5.877113261878790217e+04 0.000000000000000000e+00
4.792198703578671484e+03 1.006394554317036771e+01 0.000000000000000000e+00 1.179485234073733224e+01 5.797438981693270034e+04 0.000000000000000000e+00
4.843553943443488606e+03 9.687430544114240760e+00 0.000000000000000000e+00 1.208612126833335410e+01 5.726846834066427255e+04 0.000000000000000000e+00
4.851079974825020145e+03 1.055525254180870753e+01 0.000000000000000000e+00 1.146841069426363902e+01 6.027024710144065466e+04 0.000000000000000000e+00
5.014311759645431266e+03 1.068532319512280360e+01 0.000000000000000000e+00 1.196766167510050316e+01 6.057414331610121008e+04 0.000000000000000000e+00
4.828328747192633273e+03 1.012737935643422738e+01 0.000000000000000000e+00 1.246106221310059325e+01 5.504907838038152113e+04 0.000000000000000000e+00
4.833831804447047034e+03 1.014548402802224203e+01 0.000000000000000000e+00 1.177433525355439414e+01 5.921991623482559953e+04 0.000000000000000000e+00
4.939761787146554525e+03 1.053356577714259323e+01 0.000000000000000000e+00 1.224505313205911605e+01 6.066738225945890736e+04 0.000000000000000000e+00
5.357220870432840456e+03 1.152730940504654988e+01 3.419247720249944944e+00 1.293256588966067788e+01 4.376254025042243256e+02 8.732760257720131847e+01
5.383824173876774694e+03 1.078886665870792783e+01 3.556584812077295599e+00 1.236906847189272440e+01 4.630270364932420080e+02 8.879352005644993540e+01
5.414368911671806018e+03 1.141332259142699357e+01 3.618244397228833176e+00 1.341151998618062002e+01 4.311696409393807699e+02 8.603616635341833785e+01
5.390829635256878646e+03 1.147442700575861352e+01 3.489323705551711452e+00 1.260138474817523146e+01 4.555188195963205544e+02 8.289954880232026824e+01
5.727824777995901968e+03 1.113442303177552262e+01 3.611602622738860902e+00 1.334119159604341931e+01 4.382637638522165844e+02 8.321234326221350841e+01
5.627184469074961271e+03 1.127562894404253413e+01 3.621369553302224542e+00 1.236396057623911027e+01 4.518262225852728307e+02 8.348078539637135975e+01
5.534509878608607323e+03 1.065818620496310132e+01 3.668194587877692037e+00 1.344793981492460944e+01 4.452105152290209276e+02 8.508938976616181549e+01
5.960483778368195999e+03 1.086768928323908057e+01 3.554684487635923151e+00 1.253224794778718909e+01 4.377527392795983019e+02 8.741713906720625005e+01
5.892864892934127965e+03 1.145601606969220931e+01 3.504802442766894011e+00 1.295118610839310413e+01 4.334684545806911160e+02 8.814663435903634081e+01
5.675087371532942598e+03 1.101573969786388751e+01 3.546210946187197344e+00 1.282832076152944367e+01 4.450974147524736395e+02 8.565330227692996345e+01
6.028972076157471747e+03 1.139289802548545261e+01 3.510554468254738936e+00 1.371979046816992742e+01 4.184807247190917110e+02 8.143485021141991353e+01
6.463743704959292700e+03 1.139921333512308088e+01 3.651201298397961814e+00 1.277628427769540664e+01 4.498519795886036832e+02 8.330791294412718173e+01
6.424286403810624506e+03 1.110067017151478908e+01 3.772490237898547427e+00 1.274591690302741043e+01 4.243574150345297085e+02 8.107443631824915542e+01
6.652510614718613397e+03 1.084564069651352369e+01 3.694878171173480830e+00 1.315604690069694804e+01 4.451556920532577806e+02 8.785134103319477106e+01
