-4.211055764541857815e-01 5.712690588401686753e+00 3.248279308624741013e+00 2.837278540191027432e+00 1.370611761230303500e+03 5.702938702405615459e+02
3.119251571406133650e+01 5.913188193637951784e+00 3.499962935431498501e+00 2.914905721223384649e+00 1.393270846678874022e+03 5.766324432089073753e+02
3.380810606291060338e+01 8.040651699267787222e+00 4.398629406698422173e+00 3.343093879130232260e+00 1.461003760547728916e+03 6.150710594662896256e+02
4.874448919452750317e+01 8.161698139186654544e+00 4.310042934605402110e+00 3.487471605697930244e+00 1.361369811760360335e+03 6.171147702319192376e+02
9.467340806101944395e+01 7.611876026234726034e+00 4.600762792174166727e+00 3.541280424348342670e+00 1.971403140220382966e+02 7.688954331389926722e+01
1.444276382370876206e+02 8.221637697164419833e+00 4.553950053808180520e+00 3.380161506619952405e+00 2.054481486249328270e+02 7.821681413615095835e+01
2.098014852758149402e+02 8.095970031956886359e+00 4.549707691302062429e+00 3.484483858716555638e+00 3.551579832284607505e+02 7.622558432720724397e+01
2.438733018469465890e+02 8.566403039202354464e+00 4.609331765071540410e+00 3.648159310690766599e+00 3.483198863086005872e+02 1.364370576929464676e+02
3.007429780290902386e+02 8.826335740036256539e+00 4.859605862887600658e+00 3.598897814463138722e+00 3.671662345995078454e+02 1.395525868441686157e+02
3.566809947817636726e+02 8.742519586093106199e+00 4.961585457525722553e+00 3.446420212203677114e+00 3.626277149980719514e+02 1.364200099207383516e+02
4.180511912221574562e+02 8.857889970355978804e+00 4.889394509113423659e+00 3.701355996115339053e+00 3.442059746257518782e+02 1.443836978368196924e+02
4.823906289553167426e+02 9.614186935867678585e+00 5.126821966485423765e+00 3.718809664074431698e+00 3.585260368119299415e+02 1.364988904433522521e+02
6.061470189047706754e+02 1.020030912500306641e+01 5.560952652984844313e+00 4.023255776617645552e+00 3.433759173267007441e+02 1.440183215436351247e+02
6.936714876349582255e+02 1.052496553269778445e+01 5.744773834465667584e+00 4.454593662116000274e+00 7.474722596838083746e+02 2.993028341259963554e+02
8.126856466201891180e+02 1.117833288131046388e+01 6.182065137022640933e+00 4.331948344144536556e+00 7.134739591874238158e+02 3.047463918760673209e+02
8.870723755155835306e+02 1.142746632214396385e+01 5.963862452452109331e+00 4.700399992750488920e+00 7.643405774211270227e+02 3.135523788190508867e+02
9.829934764417331508e+02 1.151194424345454870e+01 6.476748871101303706e+00 4.590311036074683493e+00 7.346352226259228928e+02 3.008088626198890552e+02
1.087049033599987297e+03 1.185135893382428485e+01 6.288958258224070619e+00 4.841487216605906418e+00 7.514008117800766513e+02 2.988436138950133341e+02
1.256172119519830630e+03 1.200421248102995087e+01 6.744236049703117075e+00 4.686510998127081606e+00 7.600574844741130391e+02 3.166718381496506822e+02
1.364492578541649664e+03 1.189694791543723085e+01 6.358408027239356386e+00 4.866114298819908868e+00 7.260496005564458528e+02 3.078873297900631201e+02
1.464204115362815401e+03 1.195550754829553242e+01 6.787044660458085410e+00 5.107809486201925431e+00 7.140674605858282575e+02 3.174236848476166415e+02
1.558266447422817691e+03 1.243255693518212901e+01 6.656867983619177309e+00 4.947345360888689036e+00 7.192150486827387112e+02 3.261055267367297006e+02
1.766880945799196070e+03 1.250037810052765863e+01 7.129361124067035149e+00 5.172997002172874836e+00 7.874977578110867853e+02 2.981663870434550176e+02
1.901355156374891294e+03 1.237887210519067338e+01 7.254987850232015312e+00 4.993088662247773257e+00 7.984471289208449889e+02 3.058499091885366283e+02
2.278409672499398766e+03 1.303373809417233886e+01 7.229058638055872343e+00 5.419633318070069095e+00 7.688685259997248522e+02 3.006734941143806168e+02
2.232716120475663502e+03 1.317681530744593132e+01 6.866151468790400614e+00 5.498335108473986210e+00 7.913719713389527897e+02 2.976495140592639359e+02
2.551175252525194992e+03 1.269007639737301218e+01 7.269854588024434960e+00 5.573391364665560843e+00 8.007229958113887278e+02 3.016146935130665270e+02
2.623678861404931922e+03 1.392624576062142872e+01 7.003203022668020417e+00 5.431155703252274591e+00 8.332680323466427126e+02 3.148701361405698549e+02
2.837440671970715812e+03 1.400269661900202145e+01 7.219968040547723120e+00 5.470416004192972359e+00 8.332082299264496896e+02 3.000499862609555635e+02
2.934424498897705234e+03 8.036046041819171037e+00 0.000000000000000000e+00 9.632813447783391325e+00 7.783780120101635021e+02 2.977459421496444634e+02
3.112561881138778972e+03 8.603424987359453269e+00 0.000000000000000000e+00 1.048370055830526049e+01 5.549952556834404095e+04 0.000000000000000000e+00
3.135717217787641857e+03 8.153936343141111820e+00 0.000000000000000000e+00 1.014546688977824296e+01 6.052292723329048022e+04 0.000000000000000000e+00
3.053430949901523036e+03 8.432705289012977445e+00 0.000000000000000000e+00 1.001653237852828227e+01 5.905567264379413973e+04 0.000000000000000000e+00
3.245394939506340506e+03 8.731031822715655366e+00 0.000000000000000000e+00 1.023057313859301765e+01 5.605945637106373033e+04 0.000000000000000000e+00
3.335537283797137206e+03 8.791767016140457969e+00 0.000000000000000000e+00 1.085782423060483737e+01 5.988996018183982960e+04 0.000000000000000000e+00
3.372137432887383511e+03 9.077911973284384928e+00 0.000000000000000000e+00 1.095165904661559608e+01 5.653581675396393257e+04 0.000000000000000000e+00
3.544193429510362421e+03 9.000349182762278133e+00 0.000000000000000000e+00 1.113858797920768673e+01 5.960853001922123804e+04 0.000000000000000000e+00
3.821391430607259281e+03 9.084501674172354768e+00 0.000000000000000000e+00 1.077653986953384191e+01 5.842880442171950563e+04 0.000000000000000000e+00
3.882980591047617054e+03 8.886064283828019938e+00 0.000000000000000000e+00 1.098846756138213010e+01 5.889328692025658529e+04 0.000000000000000000e+00
3.920913344004978171e+03 9.363754554185982570e+00 0.000000000000000000e+00 1.075952893438897284e+01 5.973854591896418424e+04 0.000000000000000000e+00
3.866996681782309679e+03 9.734311813708956151e+00 0.000000000000000000e+00 1.179595784165040406e+01 5.790546393045703007e+04 0.000000000000000000e+00
4.228691846965077275e+03 1.001368812466018454e+01 0.000000000000000000e+00 1.189205060421285154e+01 5.514214403408425278e+04 0.000000000000000000e+00
4.299470462703246994e+03 9.914417267910179632e+00 0.000000000000000000e+00 1.100657268096786545e+01 6.055978741289164464e+04 0.000000000000000000e+00
4.201287294563955584e+03 1.006134891822265942e+01 0.000000000000000000e+00 1.174076629793840887e+01 5.593301906642550603e+04 0.000000000000000000e+00
4.198934508376675694e+03 1.023797440440357498e+01 0.000000000000000000e+00 1.183540061903708285e+01 5.721991459365424816e+04 0.000000000000000000e+00
4.644750326454616697e+03 9.544998658114781875e+00 0.000000000000000000e+00 1.190687022139486473e+01 5.612886372302097152e+04 0.000000000000000000e+00
4.796538061418600591e+03 9.865997470890468080e+00 0.000000000000000000e+00 1.234118175162321229e+01 5.974128706421153038e+04 0.000000000000000000e+00
4.902542710891703791e+03 1.021972016128717087e+01 0.000000000000000000e+00 1.234872753086633068e+01 5.853894620321140974e+04 0.000000000000000000e+00
4.576485529458471319e+03 1.023927493718021964e+01 0.000000000000000000e+00 1.235049737904212286e+01 5.970354805591593322e+04 0.000000000000000000e+00
4.747423311134649339e+03 1.045010429721610734e+01 0.000000000000000000e+00 1.243569994379264365e+01 5.682859421015119005e+04 0.000000000000000000e+00
4.729150838955442850e+03 9.812707028164352252e+00 0.000000000000000000e+00 1.241505866616466847e+01 6.055566519470761705e+04 0.000000000000000000e+00
5.299750050545463637e+03 1.011225913444170743e+01 0.000000000000000000e+00 1.248514597688476968e+01 5.590362961968487798e+04 0.000000000000000000e+00
5.070160586979392974e+03 1.011484711256573021e+01 0.000000000000000000e+00 1.179818685624852748e+01 5.662681951777179347e+04 0.000000000000000000e+00
5.160982938355447914e+03 1.125731979794224635e+01 3.568990607901116885e+00 1.251315773159893929e+01 4.424165628713563478e+02 8.354947280447592561e+01
5.188216650210420084e+03 1.062893239170260884e+01 3.394677420852155070e+00 1.242160817318955957e+01 4.289496153528945115e+02 8.799199555021506569e+01
5.468555508147322143e+03 1.134727008114632874e+01 3.491312571724923597e+00 1.247371272658989660e+01 4.414677753759295911e+02 8.262123359319450344e+01
5.352837666627709041e+03 1.126931801807821287e+01 3.383453279805952452e+00 1.350517692125843183e+01 4.520027145869756851e+02 8.373221046682348856e+01
5.511148452015236217e+03 1.090881380431772918e+01 3.569752593604310853e+00 1.308869438654399175e+01 4.337963903992246060e+02 8.531695076242928621e+01
5.672121106088577108e+03 1.130791032859446332e+01 3.746647083272489631e+00 1.258319415380666406e+01 4.330194846855432047e+02 8.256496255888875169e+01
5.591446792966438807e+03 1.101005863199717183e+01 3.672335495561156460e+00 1.244239033315496634e+01 4.221107512338759307e+02 8.602800748759175065e+01
6.033774150224474397e+03 1.145383693177677564e+01 3.747887273897634763e+00 1.277529721657073658e+01 4.133424737432946472e+02 8.780911084605313022e+01
5.962789648728163229e+03 1.136396712632400963e+01 3.548383069704319048e+00 1.253415307990947092e+01 4.380198320437287407e+02 8.109250765153778673e+01
6.244065975945596620e+03 1.088230434564046689e+01 3.818315365811163709e+00 1.302277486961963149e+01 4.375941249620243525e+02 8.767662090100488115e+01
5.825064121791277103e+03 1.134614291264066743e+01 3.773765591946369291e+00 1.306558471578951597e+01 4.471842562587868883e+02 8.635077482771832535e+01
6.417849155423762568e+03 1.074068413198983762e+01 3.577542956918970507e+00 1.371885350167817386e+01 4.341994453937787171e+02 8.281760971350836087e+01
6.091326237246989876e+03 1.176745101019437634e+01 3.667139997071804824e+00 1.291804242946507486e+01 4.151016763797586009e+02 8.106819021233651767e+01
6.202816111750048549e+03 1.076991389085447715e+01 3.542099364601551947e+00 1.260858598443043377e+01 4.274012848374828764e+02 8.162869277897148379e+01
