-5.353506879488489911e-02 5.970963300178517841e+00 3.307519286423672877e+00 2.919280956429920693e+00 1.427620737357822918e+03 6.152740041577492320e+02
3.324809972772239064e+01 5.519217908749118884e+00 3.424415476084935239e+00 2.920565355899732651e+00 1.330530634251054380e+03 6.282578951495403317e+02
3.255547383066326006e+01 7.725933490363802392e+00 4.383059231268780387e+00 3.300605934351644954e+00 1.403048308707408523e+03 6.092586786048838121e+02
4.876909304951645652e+01 7.737137732571891746e+00 4.357991329573187578e+00 3.464160623899054769e+00 1.363552112783321718e+03 6.192881211139654170e+02
1.024472098777406046e+02 7.617996530965359447e+00 4.464395821532825437e+00 3.388030474568072048e+00 1.928040780512274921e+02 8.232082451048120220e+01
1.484032678308708171e+02 8.149849461279398355e+00 4.744003082998300869e+00 3.483942226433971445e+00 1.978277452902636924e+02 7.643971605110665735e+01
2.013983392985464320e+02 8.257652144214729262e+00 4.460969814788779964e+00 3.537540940753846730e+00 3.666645232424456253e+02 7.676046771030154048e+01
2.450790566299548914e+02 8.487568906740891705e+00 4.679659721164917130e+00 3.418359524110635483e+00 3.447046283520755878e+02 1.456521631968330723e+02
2.864608915017126378e+02 8.295979360235195443e+00 4.916611359352031307e+00 3.557581943157119397e+00 3.576023921790047098e+02 1.431191982469667323e+02
3.563788838812599238e+02 8.853644814284184150e+00 5.011208842946031972e+00 3.728081681077230147e+00 3.766126329574937586e+02 1.432659443381713800e+02
4.314241000738011280e+02 9.002110998858062985e+00 5.016002701738032421e+00 3.601877331302805185e+00 3.549331224449106799e+02 1.495929956895201371e+02
4.836312980468009073e+02 9.255504193744673813e+00 5.277476292777164346e+00 3.712012441487377412e+00 3.453945686609104087e+02 1.464971611003627459e+02
5.760943041410839669e+02 1.073421049504178626e+01 5.506409986103609100e+00 4.038631473470688960e+00 3.673427464810919787e+02 1.421316750843608077e+02
6.702653310610660355e+02 1.071259259417850984e+01 5.959364116286557156e+00 4.555911903251251616e+00 7.711261574274170698e+02 3.116760525987021992e+02
8.053148036888555907e+02 1.132450945144638332e+01 5.912668997830914819e+00 4.622492467995978238e+00 7.334881171820190957e+02 3.259543362068600914e+02
8.894444008209429740e+02 1.097346655936555671e+01 6.195892918588310039e+00 4.412243868576538830e+00 7.757427212950575495e+02 3.128663743356787563e+02
1.006705567897918172e+03 1.197661331027392073e+01 6.216267889151339432e+00 4.835528634996204111e+00 7.696194563893222949e+02 3.166448726645598413e+02
1.146781692932889428e+03 1.158592438654093471e+01 6.281198407892084390e+00 4.666151398081621160e+00 7.308357717780621670e+02 3.249801295524747502e+02
1.181322650217747423e+03 1.184358620725521583e+01 6.815803924031523131e+00 4.667384156691469776e+00 7.210189370762715271e+02 3.028634849509715536e+02
1.361622141791891181e+03 1.199964592172663558e+01 6.345437010811759038e+00 4.991481143470656079e+00 7.388500325188786064e+02 3.131722655008214815e+02
1.365894852051276075e+03 1.241733099740456581e+01 6.805566421721672477e+00 5.077825034179789476e+00 7.169770342299630101e+02 3.051863309214579090e+02
1.555982746471446035e+03 1.285776801304507622e+01 6.690197087527181452e+00 5.012982357182660387e+00 7.382847846382488797e+02 3.233351353298711501e+02
1.862982935387793987e+03 1.289214608226846082e+01 6.738611284300937143e+00 5.285847574216694156e+00 7.804128798127260325e+02 3.132794674833772319e+02
1.916763334771306972e+03 1.325718941648115923e+01 7.231037069847880971e+00 4.970168491756864704e+00 7.805431610681521306e+02 3.061753266790237262e+02
2.258998218450029071e+03 1.267063267351106681e+01 6.785483516087526645e+00 5.282735335281341982e+00 7.953756113615869481e+02 3.016544398191569485e+02
2.371714028922722264e+03 1.313226962196485204e+01 7.045206658426408808e+00 5.147776595136090094e+00 8.094564075076874587e+02 3.115678303688453639e+02
2.570311871307360434e+03 1.384880935164435201e+01 6.881814679153988479e+00 5.436482490821732405e+00 7.771318898763839798e+02 3.116571636717597471e+02
2.573637221824463722e+03 1.327003075013308120e+01 7.303493812539875840e+00 5.459245067239796079e+00 8.354073825667709343e+02 3.057221131495178383e+02
2.888709094308140720e+03 1.426099750479404626e+01 7.167357953454344788e+00 5.658371847724158243e+00 7.713010764928218350e+02 3.208480538062385108e+02
2.832655459896138382e+03 8.443367566681224901e+00 0.000000000000000000e+00 9.299691814960169722e+00 8.346729399616483533e+02 3.173579456736232487e+02
3.021830026638033360e+03 8.458425329187447161e+00 0.000000000000000000e+00 1.030574711921688902e+01 5.522551871286647656e+04 0.000000000000000000e+00
3.219420439146635999e+03 8.262612607993618852e+00 0.000000000000000000e+00 1.042696492696207677e+01 5.529831567934149643e+04 0.000000000000000000e+00
3.112465128567703687e+03 8.169658428637390557e+00 0.000000000000000000e+00 1.069300824987717036e+01 5.954070938325343013e+04 0.000000000000000000e+00
3.215516042368385115e+03 8.925471458339620412e+00 0.000000000000000000e+00 1.068605679684974241e+01 6.036922387356451509e+04 0.000000000000000000e+00
3.273374236632629618e+03 9.160729834536940785e+00 0.000000000000000000e+00 1.036443538649650442e+01 5.945199822343885171e+04 0.000000000000000000e+00
3.299281488876017647e+03 8.605249657284533171e+00 0.000000000000000000e+00 1.061315406989644039e+01 5.668960261551212898e+04 0.000000000000000000e+00
3.633518779228323638e+03 8.626171092786337979e+00 0.000000000000000000e+00 1.052223116674474035e+01 5.995289599394474499e+04 0.000000000000000000e+00
3.663693450043001576e+03 9.379613867521516823e+00 0.000000000000000000e+00 1.107579493000077342e+01 5.879375120956550381e+04 0.000000000000000000e+00
3.780739678541835019e+03 9.103863038552258757e+00 0.000000000000000000e+00 1.130990470011410132e+01 5.564750167646988120e+04 0.000000000000000000e+00
3.871760654136320682e+03 8.981510074863649606e+00 0.000000000000000000e+00 1.166050226467482709e+01 5.865510636193896062e+04 0.000000000000000000e+00
3.810221998849310694e+03 9.617329527188303473e+00 0.000000000000000000e+00 1.167683429745163792e+01 5.700779744453874446e+04 0.000000000000000000e+00
4.049537696433518704e+03 9.411825984531651201e+00 0.000000000000000000e+00 1.119740859190796201e+01 5.807155251542737096e+04 0.000000000000000000e+00
4.272435688933293932e+03 9.472342178682419345e+00 0.000000000000000000e+00 1.129031485276063584e+01 5.996125901744097791e+04 0.000000000000000000e+00
4.153834036481339353e+03 9.864684911048666294e+00 0.000000000000000000e+00 1.172519014274471338e+01 5.989062819722809945e+04 0.000000000000000000e+00
4.312784132042611418e+03 9.755300807105063754e+00 0.000000000000000000e+00 1.120998527262947775e+01 5.786983122913756233e+04 0.000000000000000000e+00
4.625671510749150912e+03 1.032750885490406390e+01 0.000000000000000000e+00 1.145953267738293846e+01 5.583671686084253452e+04 0.000000000000000000e+00
4.615740689330085843e+03 1.028191224842547946e+01 0.000000000000000000e+00 1.160931515847716966e+01 5.543879781922217808e+04 0.000000000000000000e+00
4.488218066292656658e+03 1.037706556744411301e+01 0.000000000000000000e+00 1.151936843974136870e+01 5.849247281609306083e+04 0.000000000000000000e+00
4.972326183177893654e+03 9.688597181842244055e+00 0.000000000000000000e+00 1.246041426374491046e+01 5.569957849340766552e+04 0.000000000000000000e+00
4.952892600848290385e+03 1.047466944521559995e+01 0.000000000000000000e+00 1.168335567660991892e+01 5.929583313766448555e+04 0.000000000000000000e+00
5.013234391721820430e+03 1.042222202858196134e+01 0.000000000000000000e+00 1.157145654022117398e+01 5.885100330167994980e+04 0.000000000000000000e+00
5.115714454508394738e+03 1.080484916575158216e+01 0.000000000000000000e+00 1.229037963900461605e+01 5.923837628308821149e+04 0.000000000000000000e+00
5.256196780330882575e+03 1.044424846037197163e+01 0.000000000000000000e+00 1.181780201950416043e+01 5.790205995006601734e+04 0.000000000000000000e+00
4.950072457657198356e+03 1.072419122805442804e+01 3.366454587340142801e+00 1.233696804262175384e+01 4.637390390152683608e+02 8.603854517444054295e+01
5.165239344426001480e+03 1.140161460081752232e+01 3.418401459734258907e+00 1.337176460122102561e+01 4.330080182748075117e+02 8.396747838668831321e+01
5.295241459650950674e+03 1.117020478821966734e+01 3.485173992564277068e+00 1.261644720758200933e+01 4.247316389818491302e+02 8.918694501234162431e+01
5.171152524276881195e+03 1.141415818619585210e+01 3.669490070418972127e+00 1.254559648265271932e+01 4.614524804265813600e+02 8.800355612346791645e+01
5.373230218885761133e+03 1.072267016575451493e+01 3.741646501388652624e+00 1.302566692025609996e+01 4.190421204656054215e+02 8.828191116560350338e+01
5.553426111111077262e+03 1.170918758070174270e+01 3.475401094951067194e+00 1.278592253785026145e+01 4.504230610536263839e+02 8.471834524085370788e+01
5.734127026974738328e+03 1.163810017896408056e+01 3.649081450922195824e+00 1.324230119087914836e+01 4.240726330968065554e+02 8.843726284295109963e+01
5.572284751463978864e+03 1.067564233860010425e+01 3.758102882227061237e+00 1.359233132125278765e+01 4.167007063514713536e+02 8.811862383934179377e+01
5.603361814783490445e+03 1.094138857862411029e+01 3.606521219054112937e+00 1.275611403127075327e+01 4.364237648810466794e+02 8.458841839551035946e+01
6.016822451934523997e+03 1.110569906683210917e+01 3.707903612594460885e+00 1.311867129327134407e+01 4.162866185556503638e+02 8.867235679226989475e+01
6.300275469358135524e+03 1.101702330022949461e+01 3.556527953006411558e+00 1.357012345070821446e+01 4.120946504098102423e+02 8.723882704743839156e+01
6.109746484540542951e+03 1.106202482113915231e+01 3.694048773490900217e+00 1.289234058980478004e+01 4.411504900517552983e+02 8.408450501434430180e+01
6.417102827373964828e+03 1.173045393346417420e+01 3.845035798649236281e+00 1.354248182611294737e+01 4.306068781720819629e+02 8.873128222264575982e+01
6.294726568653697541e+03 1.078529979549746187e+01 3.654654012159735288e+00 1.364351932872683371e+01 4.169681304644309989e+02 8.855376611289119637e+01
