-2.528317753432801629e-01 5.577326645335971556e+00 3.447539386169931497e+00 2.832198421858885151e+00 1.409362245644558470e+03 6.199747371609372522e+02
3.281864268516878980e+01 5.838953165606968199e+00 3.322534151119568957e+00 2.805325526298274141e+00 1.450060824131294339e+03 5.914059434351280515e+02
3.225355579976496756e+01 8.054255507695081917e+00 4.428097161750852884e+00 3.458493861022560178e+00 1.400309889110787253e+03 5.816874395924464807e+02
5.073023634691639927e+01 8.170838486950673385e+00 4.513893294057059968e+00 3.388636331598116502e+00 1.437304959283356993e+03 6.170012118148279114e+02
1.011908664782304328e+02 7.700149540507536194e+00 4.327437185701329625e+00 3.383481935907164839e+00 1.964021171615328285e+02 8.147575559543554391e+01
1.468552942389806333e+02 8.015929821925249499e+00 4.503217100590522826e+00 3.476446095552290672e+00 2.001582485214052838e+02 7.700681050922608506e+01
1.982681194037132855e+02 8.102721653692562143e+00 4.686319473178725659e+00 3.513928162958056323e+00 3.569317541774443612e+02 7.950946627831258695e+01
2.449301240745467112e+02 8.255121859758371983e+00 4.586791454228583476e+00 3.386400976372410998e+00 3.684364081576198942e+02 1.436369305129842644e+02
2.979403030638598580e+02 8.292284999788446243e+00 4.809382149722220667e+00 3.476438408027075599e+00 3.437458792797165188e+02 1.411257879314726438e+02
3.477315583022706846e+02 9.077507878308907152e+00 4.751270873560607733e+00 3.748604159968584870e+00 3.651600009518514867e+02 1.471223066364133842e+02
4.260706971146657907e+02 8.765407628833379761e+00 4.796461856241244881e+00 3.599454518284432414e+00 3.592691330737727640e+02 1.428431627350273061e+02
5.109505920652894133e+02 9.763409179169316943e+00 5.471694713794433618e+00 3.994942155253779159e+00 3.760041890602871604e+02 1.429333677774437774e+02
5.716054138803139040e+02 1.068259714521737180e+01 5.457019503191157028e+00 4.035394166588801568e+00 3.757833028203507411e+02 1.367393640388104075e+02
6.708333871218438844e+02 1.075575537806117232e+01 5.813924194646072685e+00 4.218702771829232923e+00 7.310876517032714901e+02 3.022685904702112794e+02
8.182091328098928216e+02 1.066872074553500482e+01 6.256491812041518941e+00 4.239547819604903900e+00 7.489445629629393579e+02 3.028279385636229222e+02
8.893037722554364564e+02 1.175211505989279104e+01 6.443440375501127804e+00 4.606381309665029455e+00 7.035210799519946931e+02 3.046698211835225720e+02
1.006601919335725711e+03 1.113742869867506613e+01 6.504831725670113585e+00 4.447608338782218951e+00 7.680795778728645473e+02 3.011818400954787194e+02
1.056513595331661236e+03 1.199371151168815608e+01 6.349958926010953242e+00 4.939954091587862806e+00 7.620339433029627116e+02 3.006795340163193373e+02
1.187725207076568722e+03 1.135276094915200851e+01 6.613576032168259289e+00 4.944172578660127826e+00 7.339528918665820356e+02 3.185593324242849462e+02
1.291273685310784685e+03 1.212349031366214192e+01 6.714127812925293703e+00 4.586956198541039420e+00 7.251633871824607240e+02 3.121506538254711813e+02
1.458480143041817882e+03 1.249409312508227288e+01 6.904910407966911912e+00 4.852548163639059275e+00 7.261625613824828633e+02 3.260656841137280253e+02
1.622473984454365109e+03 1.264792001750001127e+01 6.525591281473572813e+00 4.821172871659461734e+00 7.427948842292495328e+02 3.189867397758179095e+02
1.730098898544664053e+03 1.263330799297240326e+01 6.887430928107776573e+00 5.082411457352288942e+00 7.885424506981396462e+02 3.113097565820343107e+02
2.037626034975181938e+03 1.291851051461052791e+01 6.929976249371587294e+00 5.232012596490869250e+00 7.843618377442129486e+02 3.193273148503949983e+02
2.169230655367708550e+03 1.312765774378860151e+01 6.682899459511315143e+00 5.312681667733856195e+00 8.316721952707770242e+02 3.092200055121284095e+02
2.302252800960587138e+03 1.249431929062728663e+01 6.891412588584111987e+00 5.195298693266265033e+00 7.795623396698916849e+02 3.232611167099188378e+02
2.502146962660240206e+03 1.360800700631008020e+01 7.380541693071165810e+00 5.206455767741077878e+00 8.311087395750237192e+02 3.043800097456189064e+02
2.630281277039659471e+03 1.371257195274967700e+01 7.125075233882423476e+00 5.545116975159087858e+00 8.351686919489496859e+02 3.031090530085645582e+02
3.038957362347764956e+03 1.302460068010479688e+01 7.359168733703718601e+00 5.555787988504047981e+00 8.122202865451170055e+02 3.117737941475561456e+02
2.973833971972088875e+03 8.077049036521104952e+00 0.000000000000000000e+00 9.379539417325245765e+00 8.060884570666864875e+02 3.060506083140384135e+02
3.027118527899325727e+03 8.291356773377936307e+00 0.000000000000000000e+00 9.589823840474274164e+00 5.779408723140857910e+04 0.000000000000000000e+00
3.152870803361185608e+03 8.170877092782864892e+00 0.000000000000000000e+00 1.024599347201083965e+01 5.622961946595056361e+04 0.000000000000000000e+00
3.024466439606364474e+03 8.828889624076651899e+00 0.000000000000000000e+00 1.035759625399099804e+01 5.661980073393404746e+04 0.000000000000000000e+00
3.242487332158779282e+03 8.538515942190390007e+00 0.000000000000000000e+00 1.081294264350546719e+01 5.560554518772682059e+04 0.000000000000000000e+00
3.478384342928651677e+03 8.646978995365310894e+00 0.000000000000000000e+00 1.093664685885728893e+01 5.745812634113362583e+04 0.000000000000000000e+00
3.375165438010419166e+03 9.318604287971254507e+00 0.000000000000000000e+00 1.062823787314889756e+01 5.957639895451133634e+04 0.000000000000000000e+00
3.575986518378135770e+03 9.408137976122048940e+00 0.000000000000000000e+00 1.138578997420093053e+01 5.823501145464069850e+04 0.000000000000000000e+00
3.840816621558180032e+03 9.154823298570908818e+00 0.000000000000000000e+00 1.075934362916949283e+01 5.507752065201438381e+04 0.000000000000000000e+00
3.773454192643720489e+03 8.990061453470618247e+00 0.000000000000000000e+00 1.074364465689462556e+01 5.669366402085693699e+04 0.000000000000000000e+00
3.844851065384387766e+03 8.915102014842791078e+00 0.000000000000000000e+00 1.155352081154262756e+01 5.623313020991833037e+04 0.000000000000000000e+00
3.946269964175780387e+03 9.667846140455164772e+00 0.000000000000000000e+00 1.159223276632601340e+01 5.632357985294028913e+04 0.000000000000000000e+00
3.979898220859734465e+03 9.303659427585103003e+00 0.000000000000000000e+00 1.154112587250138411e+01 6.055367574489503022e+04 0.000000000000000000e+00
4.252504270786511370e+03 9.387494154790905654e+00 0.000000000000000000e+00 1.090975654121792715e+01 5.655450454657809314e+04 0.000000000000000000e+00
4.157470824185610581e+03 9.641600118909590122e+00 0.000000000000000000e+00 1.148558830306438949e+01 5.792837277082519722e+04 0.000000000000000000e+00
4.570615316694069406e+03 9.844101798355390898e+00 0.000000000000000000e+00 1.117402702602417719e+01 5.790888253396032087e+04 0.000000000000000000e+00
4.657270478907756114e+03 1.039540073096753581e+01 0.000000000000000000e+00 1.147244283479570015e+01 5.881693724787875544e+04 0.000000000000000000e+00
4.748426326419885299e+03 9.557610289148836813e+00 0.000000000000000000e+00 1.215238201786154271e+01 5.664347666188903531e+04 0.000000000000000000e+00
4.882601596469786273e+03 1.041193611048100820e+01 0.000000000000000000e+00 1.235577889506684457e+01 5.620362152001036156e+04 0.000000000000000000e+00
4.794011011107920240e+03 9.969209621653918774e+00 0.000000000000000000e+00 1.218675049302755653e+01 5.867820138852387754e+04 0.000000000000000000e+00
4.872900956496981053e+03 9.717699877787621787e+00 0.000000000000000000e+00 1.194726946326032646e+01 5.925471366793457128e+04 0.000000000000000000e+00
4.992780690512757246e+03 1.020110320398349124e+01 0.000000000000000000e+00 1.244892881641193583e+01 5.809793873429603991e+04 0.000000000000000000e+00
5.102156851709829425e+03 1.075358922153941776e+01 0.000000000000000000e+00 1.226583231307068012e+01 5.924817290014196624e+04 0.000000000000000000e+00
5.282075731560087661e+03 1.036980446635556419e+01 0.000000000000000000e+00 1.251627956694080623e+01 5.567281627755989757e+04 0.000000000000000000e+00
5.021823355156687285e+03 1.136941806658292009e+01 3.385182252918307544e+00 1.324243479636413667e+01 4.447893648537550462e+02 8.121196372374348016e+01
5.403283385808724233e+03 1.105351499981621899e+01 3.353383175876360589e+00 1.287836559639679734e+01 4.515470797352809882e+02 8.299460897963044204e+01
5.250067322024226996e+03 1.143250866509414010e+01 3.510077730443721400e+00 1.228532867688989327e+01 4.424439678444890660e+02 8.622194990328613073e+01
5.166260149909135180e+03 1.140850788586015696e+01 3.490330751957689603e+00 1.272669084156963137e+01 4.411910718360558690e+02 8.678315241981276529e+01
5.661127393211037997e+03 1.148498900558497837e+01 3.558624509219567855e+00 1.275843586427561860e+01 4.355927554700920155e+02 8.511577714488420554e+01
5.757133146181911798e+03 1.065750430527718962e+01 3.468428712251776513e+00 1.307181665098719670e+01 4.442827048839783970e+02 8.684694832616293070e+01
5.506257122472547053e+03 1.088950494688736903e+01 3.610188111624476726e+00 1.300875756470577116e+01 4.542491357438350974e+02 8.694431967818253781e+01
5.825266993735931464e+03 1.162647166378165231e+01 3.768862066368128261e+00 1.306064351624085340e+01 4.351656450979330089e+02 8.166694461598140720e+01
5.851479280161753195e+03 1.078295046165216675e+01 3.761391652060893875e+00 1.327588654259541912e+01 4.505024298174114392e+02 8.204164915746650877e+01
6.016951297918045384e+03 1.091904120672790057e+01 3.564365609501140231e+00 1.348877627891667252e+01 4.424858329898607963e+02 8.221200115747174664e+01
6.185013425724328044e+03 1.141477515373722973e+01 3.672630692615200143e+00 1.265860942741615602e+01 4.241853214210259466e+02 8.273270583506877074e+01
6.090042623145612197e+03 1.175853510568958882e+01 3.694743354831619975e+00 1.362214843792561858e+01 4.122149718867904085e+02 8.409110501831582951e+01
6.451017673829034720e+03 1.108817571632402554e+01 3.603721369869226088e+00 1.305996746172304768e+01 4.462402468277371099e+02 8.775697291381393939e+01
6.643800487360168518e+03 1.167652747037140060e+01 3.745265870560852139e+00 1.255009053096702765e+01 4.266077816900971129e+02 8.302925411982124615e+01
