-1.021015787665897623e-01 5.611657351652122649e+00 3.229693415067272255e+00 2.724957702641181534e+00 1.393865777628371916e+03 6.269054474114545883e+02
3.088383683801098911e+01 5.794816845769781288e+00 3.433805167435866501e+00 2.689743586406816878e+00 1.348857336257693305e+03 5.702697557651365514e+02
3.306750315021538000e+01 7.859729724014713703e+00 4.218988655934343690e+00 3.380349126184149178e+00 1.364121596694609707e+03 6.253255468555975085e+02
5.101854991470823109e+01 7.875233693247388089e+00 4.434689924208219836e+00 3.266037652092689036e+00 1.340074191306815237e+03 5.894033181799015892e+02
1.026997007066113241e+02 8.320137180600815086e+00 4.494123537894489928e+00 3.451327013792883314e+00 2.078543900133992111e+02 7.939694073570235844e+01
1.559850781805140514e+02 8.270978668653482302e+00 4.398766338485411431e+00 3.534632836035540127e+00 2.036444628426764325e+02 7.604325761368502867e+01
2.016405387612978473e+02 7.916789548114033792e+00 4.487491689565424657e+00 3.582735029132501747e+00 3.656551062177656490e+02 8.069660559824031054e+01
2.421922745425784171e+02 8.057134125255233315e+00 4.872843153433795038e+00 3.492943912015633146e+00 3.762344905166668241e+02 1.499385471477841065e+02
2.845616332103269315e+02 8.395090394741091089e+00 4.656780762419023389e+00 3.403332310101814695e+00 3.607363629428828062e+02 1.365347765348475093e+02
3.479670106334088473e+02 8.841262697256624392e+00 4.998177034185820489e+00 3.537434127049416510e+00 3.548798229164875124e+02 1.408475609559183965e+02
3.939388824246598233e+02 8.886180832063118373e+00 5.162009148200105813e+00 3.461947714045430669e+00 3.676763915077913225e+02 1.426560543930833092e+02
4.896451505762569241e+02 1.002922714183492836e+01 5.100799348897753660e+00 3.942880839869467025e+00 3.649128845465672271e+02 1.484514378491878972e+02
6.268148517282583043e+02 1.044246007873667992e+01 5.580253685730076185e+00 4.209263174399052510e+00 3.613426914231131377e+02 1.387564773721917675e+02
6.863226167062601917e+02 1.112773637125087589e+01 6.285314710449195985e+00 4.292115606451887722e+00 7.437864289857025142e+02 3.111329932979205068e+02
7.626485195275968181e+02 1.121374768430431246e+01 6.328046882364231962e+00 4.664372788285070293e+00 7.435849159816726797e+02 3.176371514012220132e+02
9.204915227438218608e+02 1.130249747505881786e+01 6.014687680579715590e+00 4.352582834487343177e+00 7.282387629957697754e+02 3.006241092542492197e+02
1.042299016676926612e+03 1.164598185356477700e+01 6.657780580235328927e+00 4.479777436003105073e+00 7.064886488487779843e+02 3.094215176566970058e+02
1.105466574880332246e+03 1.106901569327497015e+01 6.696550882122088488e+00 4.799481190035824518e+00 7.387117079754457336e+02 3.044035933016031663e+02
1.158352521886103887e+03 1.168339942822916555e+01 6.642981485708340017e+00 4.553606203586205936e+00 7.230344005634170799e+02 3.103398706678200938e+02
1.308777772260227266e+03 1.184272629493806583e+01 6.522696613321502745e+00 4.610780013141696720e+00 7.643266200645700792e+02 3.241416888429744176e+02
1.347112638014175900e+03 1.206811237183690899e+01 6.656713982696086163e+00 4.678037379729563128e+00 7.230323992034550429e+02 3.256664704802773826e+02
1.527057445462718988e+03 1.277067502455402526e+01 7.058562006602365990e+00 4.824777237832192256e+00 7.182460243009810483e+02 3.130719749739531039e+02
1.758115045893557181e+03 1.296358299272429981e+01 6.592143998078203282e+00 4.978376911013115524e+00 8.077427804406246423e+02 3.153137610656406196e+02
1.950909945644357094e+03 1.267560863347344835e+01 7.224466168002720678e+00 5.140033171142301072e+00 7.902305504606176783e+02 3.165207016714851420e+02
2.220402560986693970e+03 1.319472744276482779e+01 6.965403765848764195e+00 5.218083975516347728e+00 7.883566426205406970e+02 3.213680285213994239e+02
2.278063916888290805e+03 1.258713710004718855e+01 7.133517907003771086e+00 5.244169105193206448e+00 7.639531167893971997e+02 3.011370461715957276e+02
2.475396457893304159e+03 1.304565989477000620e+01 7.363926990025772668e+00 5.214673533207776934e+00 7.831321135699107572e+02 2.990869951227801948e+02
2.533769290521476705e+03 1.376756059707172852e+01 7.334763928801313781e+00 5.694490164182750114e+00 8.218722078673636133e+02 2.974600630030771526e+02
2.834082308476442904e+03 1.334915478599837080e+01 7.379707037956035443e+00 5.511691774126601828e+00 7.848183284654633098e+02 3.159388656771940305e+02
2.967032750513059000e+03 8.253645781498256895e+00 0.000000000000000000e+00 9.254256912723068496e+00 8.289980075022526762e+02 3.023606833160753240e+02
2.971093271456206821e+03 7.857603849629002823e+00 0.000000000000000000e+00 1.026121626838298262e+01 5.741515199121156184e+04 0.000000000000000000e+00
2.927869446067845274e+03 8.702180778626164681e+00 0.000000000000000000e+00 1.052480676943491034e+01 5.765041191786387208e+04 0.000000000000000000e+00
3.140803346918504303e+03 8.784882166016812377e+00 0.000000000000000000e+00 1.004348330161078273e+01 5.879703764896357461e+04 0.000000000000000000e+00
3.158520405100565767e+03 9.013751152366195285e+00 0.000000000000000000e+00 1.057325544498565684e+01 5.900555274632672081e+04 0.000000000000000000e+00
3.474213497949378052e+03 8.954853818525123188e+00 0.000000000000000000e+00 1.007588706523362632e+01 5.929646529702783300e+04 0.000000000000000000e+00
3.338376340558307675e+03 9.230372265499999784e+00 0.000000000000000000e+00 1.072531941001182432e+01 5.804819728504485101e+04 0.000000000000000000e+00
3.637257635708132057e+03 9.280274475297787262e+00 0.000000000000000000e+00 1.057129255978264837e+01 5.940708117920302902e+04 0.000000000000000000e+00
3.487159733063720523e+03 9.375683620077380098e+00 0.000000000000000000e+00 1.075232936343286028e+01 6.027673176874541241e+04 0.000000000000000000e+00
3.739113553080554084e+03 9.717337666831847187e+00 0.000000000000000000e+00 1.152357896889858679e+01 5.778756001863221172e+04 0.000000000000000000e+00
3.892472822424499100e+03 9.411102478208274391e+00 0.000000000000000000e+00 1.110127174394267335e+01 5.787625846702505078e+04 0.000000000000000000e+00
4.160890615387022081e+03 9.607820282352996344e+00 0.000000000000000000e+00 1.114329634845543993e+01 5.513894878854151466e+04 0.000000000000000000e+00
3.913290358485524393e+03 9.270533888720226656e+00 0.000000000000000000e+00 1.186950975193975566e+01 5.687352232797457691e+04 0.000000000000000000e+00
4.227912081958205818e+03 9.541030822832922809e+00 0.000000000000000000e+00 1.179129343543715081e+01 5.730965395286312560e+04 0.000000000000000000e+00
4.218492116887326119e+03 9.396951004431038257e+00 0.000000000000000000e+00 1.147395995622924936e+01 5.634264319867390441e+04 0.000000000000000000e+00
4.486232246381986442e+03 9.955952717482160708e+00 0.000000000000000000e+00 1.171591008669630796e+01 5.752348392715871887e+04 0.000000000000000000e+00
4.586601519060129249e+03 9.982723766880111427e+00 0.000000000000000000e+00 1.164315564505886869e+01 5.702228666640751908e+04 0.000000000000000000e+00
4.447891944298639828e+03 1.033314023756230426e+01 0.000000000000000000e+00 1.153611448396564931e+01 5.792767433727048774e+04 0.000000000000000000e+00
4.568718354909846312e+03 1.017232184725757982e+01 0.000000000000000000e+00 1.208497277599862230e+01 5.609351518332502746e+04 0.000000000000000000e+00
4.652320240302529783e+03 1.019750619116081403e+01 0.000000000000000000e+00 1.144942706000720989e+01 5.937989396514812688e+04 0.000000000000000000e+00
4.768529310563261788e+03 9.822102188210001472e+00 0.000000000000000000e+00 1.141355497813238173e+01 6.027098084421079693e+04 0.000000000000000000e+00
5.096114921518224037e+03 1.041578564732828305e+01 0.000000000000000000e+00 1.231477263184277859e+01 5.662580888519123255e+04 0.000000000000000000e+00
5.238406800110208678e+03 9.945516614995417726e+00 0.000000000000000000e+00 1.204852655379212401e+01 5.665279969790829637e+04 0.000000000000000000e+00
5.082335765583527063e+03 9.854446530674211502e+00 0.000000000000000000e+00 1.247249417851864095e+01 5.674596231057333353e+04 0.000000000000000000e+00
5.145268056493892800e+03 1.074281578045514074e+01 3.573316368958621148e+00 1.246937811253041239e+01 4.290387631380365860e+02 8.776708103341208300e+01
5.247312138383346792e+03 1.112667618000151926e+01 3.451063083067953841e+00 1.304601150926072251e+01 4.303829381176689139e+02 8.218346206518187103e+01
5.418252185000866120e+03 1.068029882947239884e+01 3.450311627153133109e+00 1.253711693317923093e+01 4.303068927178456420e+02 8.847312060123535105e+01
5.538823141219959325e+03 1.122211252575025497e+01 3.508887114008480523e+00 1.290004768932263701e+01 4.218105148840230072e+02 8.320258833383864783e+01
5.741948659571243297e+03 1.159814474778610638e+01 3.599428835616727884e+00 1.294960268302488693e+01 4.559037757645849638e+02 8.685213856183015935e+01
5.613279265661410136e+03 1.083352148776823931e+01 3.632072966696517469e+00 1.287957735289840144e+01 4.325569144252560250e+02 8.755318654988417393e+01
5.621340224046864932e+03 1.170745895019291716e+01 3.726968480266784400e+00 1.246908362756126998e+01 4.319238458121837994e+02 8.226009606135197316e+01
5.840881647883769801e+03 1.113705134226590943e+01 3.474630431716998480e+00 1.282103533360471914e+01 4.476578542821491169e+02 8.468757147801377982e+01
6.034348499749064104e+03 1.101514147857839099e+01 3.742296913992062546e+00 1.262161833999435068e+01 4.540484140037668794e+02 8.732893560654292742e+01
5.678940121960306897e+03 1.169832955760461957e+01 3.469976102300039500e+00 1.290715404806904409e+01 4.373290715864184222e+02 8.845893163906471557e+01
6.014259103959033382e+03 1.173061072072139233e+01 3.832994505865675361e+00 1.280478936486153074e+01 4.450475113666371954e+02 8.162226348810104071e+01
6.460531444707326955e+03 1.150680718659961066e+01 3.507130177970409157e+00 1.354157499579745050e+01 4.418600745170905384e+02 8.309978229280370954e+01
6.026257518321199314e+03 1.090075262241069431e+01 3.626239152716256076e+00 1.365839530890697162e+01 4.355485953323427566e+02 8.650878823087904834e+01
6.161881791520401748e+03 1.099681708712370387e+01 3.616259007947355109e+00 1.291498008656308372e+01 4.095716603974561849e+02 8.350556983000349476e+01
