-3.806636448497413561e-02 6.024462366716301531e+00 3.456638747632272413e+00 2.764246392956966503e+00 1.450555338794825275e+03 5.840172049498205524e+02
3.415348265526809968e+01 5.989234662384276042e+00 3.333258876776097779e+00 2.719111219962106141e+00 1.334430303295393742e+03 5.826218916845798503e+02
3.428746514670054069e+01 7.946670292458150264e+00 4.455804086275247933e+00 3.333632467053955217e+00 1.446708829069786589e+03 5.889002273826677083e+02
5.279142531441358699e+01 8.070104280583480616e+00 4.480305473304734498e+00 3.203794747670215770e+00 1.457492343379527028e+03 6.090927828702444913e+02
9.852796592379962703e+01 7.727830153493962406e+00 4.628346962241067786e+00 3.291576835715931626e+00 1.942730799051498707e+02 7.967945691622168169e+01
1.460987787910011946e+02 8.400474648778759601e+00 4.537975854607649850e+00 3.442028929298104334e+00 2.095343158796401042e+02 8.095021176878748292e+01
1.978689534697382157e+02 7.979840723139269620e+00 4.517666049231436887e+00 3.472437946825770005e+00 3.475147692712240541e+02 7.941660215414282220e+01
2.394088473417532725e+02 8.602264090895005211e+00 4.554129128256950487e+00 3.405282677087885901e+00 3.762007436424015623e+02 1.444035624059787040e+02
2.934284867204925149e+02 8.548556580726181409e+00 4.979316656105483574e+00 3.634346039579599896e+00 3.588457284059813901e+02 1.422916566690990976e+02
3.383526446864398167e+02 8.663717483347005199e+00 4.777897023189405346e+00 3.643312224540778299e+00 3.511964040651580490e+02 1.499206289079725707e+02
4.088321217843968043e+02 8.777799389667931607e+00 5.126853350212982718e+00 3.659041880443027139e+00 3.692094408858135921e+02 1.473354805314564828e+02
5.156531313122242182e+02 9.266933797053308552e+00 5.427052944504463738e+00 3.732520038930771555e+00 3.427299781596049115e+02 1.494369368150223352e+02
5.960195512039629193e+02 1.000955359270672318e+01 5.651231452734656102e+00 4.117889148841350710e+00 3.722931549084134986e+02 1.405620353841214580e+02
6.615021232370982034e+02 1.080279142451973584e+01 5.941013064968257318e+00 4.186440432884857010e+00 7.640391745761686479e+02 3.044860999113330422e+02
7.667145344816764236e+02 1.071362455455352070e+01 5.896228937683439142e+00 4.318865925064671707e+00 7.170266705602651882e+02 3.082294536976825157e+02
8.787750643010369913e+02 1.155621432849684815e+01 6.223738333240976139e+00 4.565633094555497706e+00 7.614016940023514053e+02 3.088281436719466910e+02
1.024561634111568992e+03 1.168308183356397478e+01 6.059258718179241221e+00 4.491786279786444069e+00 7.739220779172322864e+02 2.991091876349644849e+02
1.116431884707289100e+03 1.139948935362970595e+01 6.261928545635081278e+00 4.730782168430165413e+00 7.536807417743843871e+02 3.156129647717698390e+02
1.237421275608462111e+03 1.124312432615969648e+01 6.694850409696853077e+00 4.865928952545339747e+00 7.406958934434545654e+02 2.986466423095133109e+02
1.330399081507453275e+03 1.216820214909169273e+01 6.855726122517157073e+00 4.903446624840412937e+00 7.148221858413517111e+02 2.984907516260251441e+02
1.356288697312669910e+03 1.255303699079020774e+01 6.614595778284052763e+00 4.767640206032219830e+00 7.654931178268057010e+02 3.092817997122909901e+02
1.654280240619918231e+03 1.260248149275154894e+01 6.968042993319706113e+00 4.947065565146193222e+00 7.074591101814128251e+02 2.993372355477287670e+02
1.788364817091810437e+03 1.207472075417816271e+01 7.115800286367602645e+00 5.147999626679891527e+00 7.760921407422847551e+02 3.008931574491865035e+02
2.068960653610301051e+03 1.240540314252467446e+01 7.214761109085095825e+00 5.449629440130902225e+00 8.086609288147568577e+02 3.222292982221431998e+02
2.166891687984299551e+03 1.335199469710594755e+01 6.937255448277481307e+00 5.237336335770302220e+00 7.925948912721654551e+02 3.144063211247814706e+02
2.373490186054917558e+03 1.338863740639341415e+01 7.094166122614835146e+00 5.166411476402303471e+00 7.661534072481772455e+02 3.036115873510791516e+02
2.649427129942550891e+03 1.342288541179662786e+01 6.982137252254746684e+00 5.531212611816642699e+00 7.856521325344341449e+02 3.249081135209768831e+02
2.636653182813596231e+03 1.374913098786791998e+01 7.584161911845906268e+00 5.391170158758438191e+00 7.872088006024683864e+02 3.264404858748716265e+02
2.938340026714801752e+03 1.344858010828420269e+01 7.180507837675612848e+00 5.614273193753225755e+00 8.375601416523763874e+02 3.256483176466447276e+02
2.901350180376425669e+03 8.113209348756166506e+00 0.000000000000000000e+00 1.005864728133528452e+01 8.190086056395607557e+02 3.123078378650866398e+02
3.009161997608303864e+03 7.871426689990935976e+00 0.000000000000000000e+00 1.006065197824415769e+01 5.822908759242024098e+04 0.000000000000000000e+00
3.072836057759052437e+03 8.278052647499713146e+00 0.000000000000000000e+00 1.038427093643446497e+01 5.651268868398494669e+04 0.000000000000000000e+00
3.142475684954431017e+03 8.552331275168073788e+00 0.000000000000000000e+00 1.082873225797358430e+01 5.846174234181521024e+04 0.000000000000000000e+00
3.287401832424269287e+03 8.613214819946206191e+00 0.000000000000000000e+00 1.059817098040313432e+01 5.855085361628185638e+04 0.000000000000000000e+00
3.261984678078795241e+03 9.026187202075181659e+00 0.000000000000000000e+00 1.083537206641431716e+01 5.511972893158893567e+04 0.000000000000000000e+00
3.641631851366437331e+03 8.695377904347783016e+00 0.000000000000000000e+00 1.062142134298311902e+01 6.012371517091320129e+04 0.000000000000000000e+00
3.587415955494659556e+03 8.602573046424211611e+00 0.000000000000000000e+00 1.058725609371442644e+01 5.938957240304054721e+04 0.000000000000000000e+00
3.657887869983799192e+03 8.822513698714196551e+00 0.000000000000000000e+00 1.098079510619079002e+01 5.721547184417386597e+04 0.000000000000000000e+00
3.877567885311008013e+03 8.860554662828771910e+00 0.000000000000000000e+00 1.155478769818907914e+01 5.946877144174376008e+04 0.000000000000000000e+00
4.057035683520972270e+03 9.295322032742609153e+00 0.000000000000000000e+00 1.147969278067110999e+01 5.963770403961816919e+04 0.000000000000000000e+00
3.983581488987952525e+03 9.943078095492360546e+00 0.000000000000000000e+00 1.078906814461356944e+01 5.635251944568267209e+04 0.000000000000000000e+00
4.212462604898227255e+03 9.269690305548680342e+00 0.000000000000000000e+00 1.128684313553529961e+01 5.748496066116216389e+04 0.000000000000000000e+00
3.993671279727738238e+03 9.632465977458998907e+00 0.000000000000000000e+00 1.151171647150057709e+01 5.977739395039428928e+04 0.000000000000000000e+00
4.438123261350323446e+03 9.282892111530157919e+00 0.000000000000000000e+00 1.119219954841977227e+01 5.551904723076491064e+04 0.000000000000000000e+00
4.467069930774279783e+03 1.003654324453354896e+01 0.000000000000000000e+00 1.176581472502405035e+01 5.595602128108990291e+04 0.000000000000000000e+00
4.666055572010023752e+03 9.732404605226875560e+00 0.000000000000000000e+00 1.231334973043436065e+01 6.019995773901025677e+04 0.000000000000000000e+00
4.618299502368749927e+03 1.036427814521066892e+01 0.000000000000000000e+00 1.184408214325918784e+01 5.662331466067552537e+04 0.000000000000000000e+00
4.693949685277772005e+03 1.036968600714573618e+01 0.000000000000000000e+00 1.156503064803953684e+01 5.796588932411951100e+04 0.000000000000000000e+00
4.533242200339121155e+03 9.631609640200469613e+00 0.000000000000000000e+00 1.196647177161399078e+01 5.716896640720551659e+04 0.000000000000000000e+00
4.694868112632449083e+03 9.700309630133117977e+00 0.000000000000000000e+00 1.228606544995519023e+01 5.855430654727809451e+04 0.000000000000000000e+00
4.940376074489615348e+03 1.064227704014209408e+01 0.000000000000000000e+00 1.147433897763604271e+01 5.809221714695155242e+04 0.000000000000000000e+00
4.872770596548781214e+03 1.072152932638125655e+01 0.000000000000000000e+00 1.206724410778629419e+01 5.534255731813864986e+04 0.000000000000000000e+00
5.174900354012785101e+03 9.904495838885045700e+00 0.000000000000000000e+00 1.220340711407079759e+01 5.638139078958681785e+04 0.000000000000000000e+00
5.285093343855356579e+03 1.132760399955807173e+01 3.603302362647532675e+00 1.298155835510467426e+01 4.271377439499444222e+02 8.892059299577685749e+01
5.074617244060120356e+03 1.130832200117505160e+01 3.508885698673905207e+00 1.273182900407563700e+01 4.433188180303604895e+02 8.585417684652099979e+01
5.282522356534693245e+03 1.086824204887732215e+01 3.639072142789169018e+00 1.308339545209998711e+01 4.277012485404151789e+02 8.704775326315314032e+01
5.194892684511921289e+03 1.126363666519536189e+01 3.627817760532987545e+00 1.279630942714318564e+01 4.416893666916026291e+02 8.808865150389193843e+01
5.520436830774474402e+03 1.062077185320777772e+01 3.456332006349495778e+00 1.311233615519931739e+01 4.231939596300466633e+02 8.122246812599163945e+01
5.325097452796697326e+03 1.098032490323152643e+01 3.484188798236789175e+00 1.272052007984089883e+01 4.548142569555104728e+02 8.275601602185875549e+01
5.851842694649029909e+03 1.114521761299607938e+01 3.758406327338956743e+00 1.335345589628620999e+01 4.423624068121030746e+02 8.466635381132670091e+01
5.599189943119235977e+03 1.163323231269669478e+01 3.479654730007521124e+00 1.239604774494373629e+01 4.310693673220757773e+02 8.885473609064216305e+01
6.013160670453758939e+03 1.137453491617987211e+01 3.788263131338476697e+00 1.287914210131942028e+01 4.248076286784767603e+02 8.800145248771418949e+01
5.723748650376415753e+03 1.118486327462005292e+01 3.591164442025918557e+00 1.312193183779336358e+01 4.404368934666380824e+02 8.395653786152995224e+01
6.319604573347979567e+03 1.147889448070717222e+01 3.523089356459762733e+00 1.284465267119930765e+01 4.398437003193810142e+02 8.875416593402088949e+01
6.358004384056806884e+03 1.115202796990001666e+01 3.774255608478237267e+00 1.244801701110544023e+01 4.350025309045749395e+02 8.538735579635259398e+01
6.192079237389802984e+03 1.070378433920559580e+01 3.643459849029044850e+00 1.269858644022783700e+01 4.443306174961061288e+02 8.296442120234137008e+01
6.601222964394064547e+03 1.096095053843656508e+01 3.739211498908421305e+00 1.250332981923091680e+01 4.372284907625110009e+02 8.724850200434867986e+01
