-2.598053107997762012e-01 6.131715752850303680e+00 3.277442655786134473e+00 2.753649341069222434e+00 1.321412377938242344e+03 6.587866030995601250e+02
3.957234089055259574e+01 5.565775958534914025e+00 3.181956872782676804e+00 2.782763617510342957e+00 1.342587455097968814e+03 5.689764777719765334e+02
3.720494079569981949e+01 8.012604957561505259e+00 4.634758052175055987e+00 3.254149082221127642e+00 1.323712061927716604e+03 5.707485227881759329e+02
4.098583544463986073e+01 8.199681769454800317e+00 4.315027390325494316e+00 3.342942110108102494e+00 1.440494266651033286e+03 5.958967596398225623e+02
8.437600318847380265e+01 7.988072058079726645e+00 4.272772711031139536e+00 3.332833108719444937e+00 2.030910392318077129e+02 7.626318374605817496e+01
1.213022586569385766e+02 7.697599787044864250e+00 4.112373209520370665e+00 3.186016604851141132e+00 2.157846645057568367e+02 8.522663701397536329e+01
2.245168735007815428e+02 8.796868898129583059e+00 4.611302013375548015e+00 3.466676513939773940e+00 3.665089140103183354e+02 8.139614626064738445e+01
2.814825901574660634e+02 7.915843892073977095e+00 5.061875666250014838e+00 3.344224156979223483e+00 3.897607903551962636e+02 1.382994625568408367e+02
3.460733044873801987e+02 8.504506998437408427e+00 4.787865444331091958e+00 3.870257947037332613e+00 3.241054012113692124e+02 1.363230483311286036e+02
4.188895276936273149e+02 9.497597170078872608e+00 5.207453360997180702e+00 3.769094012298128682e+00 3.870521123931982856e+02 1.288667382284579332e+02
4.030320752915595222e+02 9.420722660809284221e+00 4.747959165295883466e+00 3.781514032261036107e+00 3.454623974978438810e+02 1.303282404883575509e+02
4.991524681942917141e+02 1.033275696399829435e+01 5.730209370489798282e+00 3.481586003848082367e+00 3.890758742610601075e+02 1.550387008329117862e+02
4.797119977475392716e+02 1.046696670273613172e+01 6.011076108604799906e+00 4.320362824046651617e+00 3.948405041139356513e+02 1.364433043316704186e+02
7.464499985326533533e+02 1.136069083605125840e+01 6.041499728861720264e+00 4.653925183761594475e+00 7.607536651011083677e+02 3.036884834303118623e+02
8.893398926887870175e+02 1.204170978200627218e+01 6.390340909094162747e+00 4.838205214265866694e+00 6.954370664898918903e+02 2.911679079345720424e+02
9.278070723365950698e+02 1.152338453662624040e+01 5.640268893695460584e+00 4.478166383906469150e+00 7.347267726154445882e+02 3.112441445660824115e+02
1.119905963100272174e+03 1.064801117774337591e+01 5.877992085797908217e+00 4.381680220547337967e+00 7.408537412166965623e+02 3.278235930505956617e+02
1.290933846360711641e+03 1.059376506989944922e+01 6.726471473530940770e+00 4.603488783997931932e+00 7.551151116281802160e+02 2.898081530156941312e+02
1.238067943745147431e+03 1.164061999678464154e+01 6.646653258144175958e+00 4.837187181004468428e+00 7.022730243141884330e+02 2.987153936159324417e+02
1.102272319460632843e+03 1.284342979006569685e+01 7.058236236731972646e+00 4.978975115827662279e+00 6.893604275950630154e+02 3.344612836750065412e+02
1.578425197927796944e+03 1.123449827101833165e+01 7.103922893264479121e+00 4.939668224153885845e+00 8.015033298565888344e+02 3.217501600588301471e+02
1.468299340588002451e+03 1.181574668885699531e+01 6.727081488804678600e+00 4.751017590784181621e+00 7.221336955264051767e+02 2.998871309224531956e+02
2.074040904506112838e+03 1.174926800006473471e+01 7.239831382466385357e+00 4.724874005295754742e+00 7.416903508502520026e+02 2.854237193328593207e+02
2.123463005383493510e+03 1.240896903841604981e+01 7.224505316800802213e+00 5.200681497027746403e+00 8.358712897402735962e+02 3.316993369534383760e+02
1.870936176577915830e+03 1.413043999996501121e+01 7.502289086599919443e+00 5.480955579511795683e+00 7.334972373720751193e+02 3.230569972884102867e+02
2.621850463714401940e+03 1.336192564724526655e+01 6.401856478912504755e+00 5.199951530179696135e+00 8.688739471620024233e+02 3.265366951307423733e+02
2.800472100703978867e+03 1.350711575353497906e+01 7.337698430628822877e+00 5.380354910457394446e+00 8.252516372762430592e+02 2.944724100108346079e+02
2.471353172544363588e+03 1.496261986920434595e+01 7.836120286133231971e+00 6.108028287796084754e+00 7.419271615990942337e+02 3.383809009095051010e+02
3.340518718011076999e+03 1.355678627456879681e+01 6.740247228910792643e+00 6.191926884375646090e+00 7.440785022062013923e+02 3.268165777929560818e+02
3.434920601228507167e+03 7.915482231327162665e+00 0.000000000000000000e+00 9.305528244554489348e+00 7.336715898865135159e+02 3.152393484413611873e+02
2.619781959314604137e+03 7.468923785707341167e+00 0.000000000000000000e+00 1.026431689167194072e+01 6.353487823046812991e+04 0.000000000000000000e+00
3.149928301466872654e+03 9.046257765397333728e+00 0.000000000000000000e+00 1.003291289160601707e+01 5.294031386284346809e+04 0.000000000000000000e+00
2.918635562666189799e+03 8.170703607099806476e+00 0.000000000000000000e+00 9.417951164723339375e+00 5.864498083292380034e+04 0.000000000000000000e+00
3.111366784326057768e+03 9.149533783939851617e+00 0.000000000000000000e+00 1.105010674451248320e+01 5.339861165430573601e+04 0.000000000000000000e+00
3.787179349923647351e+03 9.277759259111213908e+00 0.000000000000000000e+00 1.165684731020126463e+01 6.147700475844721950e+04 0.000000000000000000e+00
3.564486131853470397e+03 8.106752875664099633e+00 0.000000000000000000e+00 1.127951407617676161e+01 6.051864117121826712e+04 0.000000000000000000e+00
4.115123830250271567e+03 9.024081763432141301e+00 0.000000000000000000e+00 1.093811470427700172e+01 5.632025315145886270e+04 0.000000000000000000e+00
3.956526535193617292e+03 8.726621512696167926e+00 0.000000000000000000e+00 1.192113366287104803e+01 5.867150031600791408e+04 0.000000000000000000e+00
3.902819136460802383e+03 8.557476929196896620e+00 0.000000000000000000e+00 1.081279377124035790e+01 6.205588823154239071e+04 0.000000000000000000e+00
3.271740063577654382e+03 1.012710341583720108e+01 0.000000000000000000e+00 1.106896774649005089e+01 5.222312914482510678e+04 0.000000000000000000e+00
4.089281026001692226e+03 9.533692428726842749e+00 0.000000000000000000e+00 1.232293044651738434e+01 5.270255313369283249e+04 0.000000000000000000e+00
4.362744457295892062e+03 1.046419528310099700e+01 0.000000000000000000e+00 1.225156942266138138e+01 5.704362727565713431e+04 0.000000000000000000e+00
4.625299277461032034e+03 9.795325138703834256e+00 0.000000000000000000e+00 1.258781435866258569e+01 6.069680637339773239e+04 0.000000000000000000e+00
4.948997749068337725e+03 9.938217382887716056e+00 0.000000000000000000e+00 1.267406784325939384e+01 5.885926399805369147e+04 0.000000000000000000e+00
3.674298624178393766e+03 1.043147015657836185e+01 0.000000000000000000e+00 1.077838356193571734e+01 5.721865305928869202e+04 0.000000000000000000e+00
4.780397288078429483e+03 9.754266026638461540e+00 0.000000000000000000e+00 1.174255819276017831e+01 5.572231273679952574e+04 0.000000000000000000e+00
5.359247111735874569e+03 9.405142899469263185e+00 0.000000000000000000e+00 1.186105239662918365e+01 6.120320951852729195e+04 0.000000000000000000e+00
5.400175012254225294e+03 9.620009914681844521e+00 0.000000000000000000e+00 1.097614536702423571e+01 5.338524918818812876e+04 0.000000000000000000e+00
4.819645519868718111e+03 1.097921141582373039e+01 0.000000000000000000e+00 1.227100289694250179e+01 5.320554280457196000e+04 0.000000000000000000e+00
4.213506659228327408e+03 1.070127788490203002e+01 0.000000000000000000e+00 1.274203951860136463e+01 5.680630196346798039e+04 0.000000000000000000e+00
5.630292356359484074e+03 1.058881662962252967e+01 0.000000000000000000e+00 1.314002702618448026e+01 5.370832233454255766e+04 0.000000000000000000e+00
5.286905424645809035e+03 9.642457759784623050e+00 0.000000000000000000e+00 1.245498645428369500e+01 5.445047306541595026e+04 0.000000000000000000e+00
5.741777599030800957e+03 9.995137469931471230e+00 0.000000000000000000e+00 1.101320377662275973e+01 5.263648265916435776e+04 0.000000000000000000e+00
4.586282412237274002e+03 1.188880740803634062e+01 3.783530232945142124e+00 1.182541286231181488e+01 4.149230942127542789e+02 8.556720867883767312e+01
5.891263969820420243e+03 1.141662650925658262e+01 3.223758991814116293e+00 1.171387318917093445e+01 4.513747857468699181e+02 8.710055076361172155e+01
5.146312997078093758e+03 1.009821150031559966e+01 3.549878235425837580e+00 1.400795622639394367e+01 4.341472134424433875e+02 8.086601381456819126e+01
4.791827366384410197e+03 1.166008249778432315e+01 3.612463952541473233e+00 1.168580547610239329e+01 4.508166687217309345e+02 9.018762392268077122e+01
6.358840783839923461e+03 1.195549157375331895e+01 3.411932482344884221e+00 1.173785560173020137e+01 4.373435363588645259e+02 8.202662774715106764e+01
6.674294096845058448e+03 1.220540337200152159e+01 3.580157623704723235e+00 1.266362353798679408e+01 4.707593196622825076e+02 8.430268008149516845e+01
4.834140468507565856e+03 1.052458398137075513e+01 3.790434599703762064e+00 1.385182110243844100e+01 4.041406165858589361e+02 8.500437893682030221e+01
6.382356444083319730e+03 1.181540430953561227e+01 3.373821194712704141e+00 1.369511733794987229e+01 4.381129373086956775e+02 8.992483028323003680e+01
5.413773695230996964e+03 1.226154045391736780e+01 3.973752455835648068e+00 1.295584990741450682e+01 4.023556473094474768e+02 8.250568637005746098e+01
5.190504170857855570e+03 1.202601349310325318e+01 3.416694404262980989e+00 1.379531739776554566e+01 3.967779692361399952e+02 7.664719449966256093e+01
5.958248821953210609e+03 1.144404622289716933e+01 3.501529870827659430e+00 1.299358561998559836e+01 4.458240525499978162e+02 8.279771597473066436e+01
6.044877491490395187e+03 1.116009345926679686e+01 3.553367985928695294e+00 1.182974526331997822e+01 3.883568800209263827e+02 8.347797646599254051e+01
5.649490373411685141e+03 1.097652570760031132e+01 3.813519542515196648e+00 1.252240468309767607e+01 4.346706439451868960e+02 7.654229691440082206e+01
6.758118290409867768e+03 1.084842962030762514e+01 3.797527783257562017e+00 1.305900250048371447e+01 4.689966057436379288e+02 8.639256895873792530e+01
