3.666163973812883725e-01 5.543639156451774852e+00 3.486728410919517795e+00 2.689983493446187701e+00 1.457788040213363956e+03 6.281732206833293048e+02
3.440554664688773556e+01 5.984567897013752358e+00 3.368037448554427549e+00 2.687393501268344753e+00 1.369283724453715649e+03 5.961913708381257493e+02
3.405185302770287592e+01 7.747857947385952571e+00 4.286363745333988895e+00 3.462831367046449227e+00 1.469395185019899145e+03 6.089697119148906950e+02
4.975676540366602296e+01 7.428244561642665111e+00 4.233078296175950328e+00 3.234265299298995977e+00 1.395392990775287217e+03 5.749436437523168024e+02
1.036210060410440832e+02 7.939582161556426598e+00 4.583967294825316507e+00 3.248108563630939916e+00 2.005447315781181885e+02 7.638760495206122414e+01
1.423138972668538429e+02 8.487331809755874090e+00 4.357347720520227341e+00 3.288270535685442919e+00 2.022326040722139453e+02 8.263280751164850813e+01
2.052824466039031108e+02 8.185786057905518831e+00 4.645520948126530492e+00 3.323029968298166104e+00 3.713859614275815488e+02 7.779398901397033228e+01
2.553354335802179378e+02 8.108953880515834101e+00 4.757698200541512712e+00 3.673093633411817827e+00 3.648893697976637327e+02 1.495592464826261221e+02
2.895299801836972051e+02 8.941775359139757740e+00 4.841999949165256112e+00 3.640494075948364383e+00 3.753534794347745560e+02 1.419472527723751796e+02
3.340540814743147848e+02 8.509626696127920553e+00 5.029287793476240331e+00 3.606607445273581014e+00 3.487820714825449500e+02 1.456683015738611857e+02
4.258657501372669003e+02 9.073891807595778403e+00 5.184158840375120647e+00 3.664529562407834895e+00 3.652396764516615804e+02 1.441915607676808690e+02
4.817269294035306189e+02 9.716017793028502325e+00 5.133978674060099223e+00 3.808932717679217372e+00 3.630527646147091332e+02 1.443771478587367767e+02
5.698688189779464892e+02 1.061879049605557235e+01 5.871682862316150775e+00 4.273515854087387211e+00 3.752917193525206017e+02 1.409186383693228493e+02
6.722704939432726405e+02 1.055880650489303996e+01 6.200079632865619139e+00 4.572020914330968466e+00 7.342551251442961302e+02 3.127948522608966755e+02
7.671494194410764749e+02 1.057504004048128543e+01 5.826699709305952268e+00 4.458218216667063416e+00 7.433700714525350577e+02 3.051743245538682459e+02
8.662074169693771637e+02 1.130499362042807654e+01 6.186409790502023220e+00 4.370945523998510218e+00 7.330371511105076934e+02 3.165123146672370353e+02
9.902029711158477312e+02 1.101882748649592081e+01 6.182677013537990263e+00 4.625954702853177558e+00 7.219532728251914477e+02 3.009102450964310833e+02
1.145387620248353642e+03 1.172161402299859390e+01 6.391567694844722425e+00 4.875881542941391089e+00 7.578385424539760606e+02 2.986602599472986981e+02
1.158098676073261231e+03 1.162946690532145055e+01 6.658197359542672444e+00 4.955032643006650694e+00 7.483379755242302735e+02 3.189655589823340733e+02
1.304878950140918278e+03 1.234091362733207653e+01 6.712909981021285333e+00 4.800633012820028966e+00 7.576997726010122278e+02 2.975385744978550520e+02
1.416207461352352084e+03 1.164596973465992313e+01 6.486810812555517280e+00 4.801216423439139014e+00 7.615747662820217556e+02 3.255152172474229246e+02
1.680385609773536771e+03 1.266444146792048642e+01 6.728100698846373184e+00 5.228858894988089645e+00 7.585125779266325026e+02 3.200469431938975617e+02
1.787657424951281200e+03 1.224370854920180207e+01 6.635686187843498729e+00 4.943918313432304146e+00 7.912912286441230663e+02 2.980938037542244388e+02
2.091675583732613177e+03 1.256519454371126798e+01 7.030878130005589810e+00 4.946774945011726210e+00 7.770605106411260294e+02 3.035993179715540577e+02
2.275313213966861440e+03 1.355263676125226446e+01 6.840505341377295601e+00 5.543463917657208917e+00 7.920682306868653768e+02 3.174335691776154249e+02
2.279901087639182151e+03 1.299362709702925578e+01 7.188439284197274404e+00 5.370250509636030678e+00 7.933157047791173682e+02 3.241484039682487719e+02
2.554869292617414430e+03 1.364867066325864187e+01 7.339084067682116519e+00 5.299130695390464219e+00 8.339259430288601607e+02 3.275078758592545114e+02
2.722075101372395693e+03 1.400517962696365792e+01 7.140429341850311751e+00 5.457100438919362695e+00 7.805084576171316257e+02 3.048384981789765789e+02
2.921576571034479912e+03 1.359031702493970961e+01 7.442831288905336962e+00 5.912139018696150217e+00 8.164827464178125638e+02 3.044736555141046779e+02
2.822951174814971637e+03 7.938663118276151565e+00 0.000000000000000000e+00 9.570781272309643484e+00 8.258770092099505291e+02 3.163456096671068281e+02
3.111275762924189621e+03 7.826445473892558624e+00 0.000000000000000000e+00 1.046717992494637528e+01 5.815915708425131743e+04 0.000000000000000000e+00
2.950521950147372081e+03 8.257644395713603203e+00 0.000000000000000000e+00 1.065754563792559750e+01 6.055418683159063949e+04 0.000000000000000000e+00
3.243472232602230633e+03 8.106302337971184713e+00 0.000000000000000000e+00 9.892493209791737740e+00 5.570447710082910635e+04 0.000000000000000000e+00
3.236693025834289529e+03 8.493078122820406861e+00 0.000000000000000000e+00 1.078165693308361384e+01 5.841237962107166823e+04 0.000000000000000000e+00
3.254237742349425844e+03 8.465432458923315195e+00 0.000000000000000000e+00 1.011139925333835166e+01 5.773834377730412234e+04 0.000000000000000000e+00
3.502872347515713045e+03 8.789377407730899705e+00 0.000000000000000000e+00 1.116217880338050605e+01 5.842892411055877892e+04 0.000000000000000000e+00
3.690182221383959131e+03 8.872360698304307292e+00 0.000000000000000000e+00 1.046945119182030659e+01 5.570146306338451541e+04 0.000000000000000000e+00
3.768517818089836055e+03 8.964088999372831879e+00 0.000000000000000000e+00 1.092009475265208884e+01 5.868415913905276102e+04 0.000000000000000000e+00
3.705125472153751616e+03 8.840941957213544811e+00 0.000000000000000000e+00 1.094540589837122546e+01 5.734856873499672656e+04 0.000000000000000000e+00
4.038263877429252261e+03 9.796713800818356077e+00 0.000000000000000000e+00 1.133751587947681116e+01 5.626572096271307237e+04 0.000000000000000000e+00
4.079042451406604869e+03 9.113444065532487315e+00 0.000000000000000000e+00 1.125514088830132664e+01 6.035870301897570607e+04 0.000000000000000000e+00
4.070546963206920282e+03 9.990805431764346878e+00 0.000000000000000000e+00 1.089288264481536039e+01 5.655232242382406548e+04 0.000000000000000000e+00
4.310935508001814924e+03 1.011761127629685753e+01 0.000000000000000000e+00 1.184329562049129336e+01 5.608728720794079709e+04 0.000000000000000000e+00
4.217171563762943151e+03 1.001861719015147756e+01 0.000000000000000000e+00 1.119404353907316896e+01 5.785469375035069243e+04 0.000000000000000000e+00
4.195257057704998260e+03 1.000043290713865218e+01 0.000000000000000000e+00 1.188193487492398681e+01 5.929302011880509963e+04 0.000000000000000000e+00
4.265515972658161445e+03 9.851974175984398840e+00 0.000000000000000000e+00 1.211951019948240749e+01 5.993361534965477767e+04 0.000000000000000000e+00
4.637459413736477472e+03 9.589299633746620088e+00 0.000000000000000000e+00 1.146145529059613466e+01 6.062828866964685585e+04 0.000000000000000000e+00
4.687348200108442143e+03 9.693225580499492011e+00 0.000000000000000000e+00 1.189136895333669131e+01 5.698072834228126158e+04 0.000000000000000000e+00
4.776004236918099195e+03 1.037480384709732206e+01 0.000000000000000000e+00 1.190238782595602096e+01 5.775915562810751726e+04 0.000000000000000000e+00
4.727374598678152324e+03 9.816118176089608127e+00 0.000000000000000000e+00 1.162121813594446529e+01 5.889721697407970350e+04 0.000000000000000000e+00
4.891477069145074893e+03 1.053276049431008410e+01 0.000000000000000000e+00 1.154460955165819946e+01 6.019029575441469933e+04 0.000000000000000000e+00
5.128560654541359327e+03 9.884920845523041066e+00 0.000000000000000000e+00 1.165349785373605584e+01 5.715784798816798138e+04 0.000000000000000000e+00
4.978738043699950140e+03 1.061562008016972669e+01 0.000000000000000000e+00 1.173393836629098885e+01 5.823878935444491071e+04 0.000000000000000000e+00
5.117684154305829907e+03 1.134583639537793331e+01 3.374388047022215620e+00 1.317290814153112599e+01 4.450576442956806318e+02 8.182161476230095332e+01
5.329173871263877118e+03 1.153971450589940950e+01 3.559018889892059612e+00 1.280976809313376030e+01 4.593242570155515523e+02 8.882723535460662845e+01
5.137831373408535001e+03 1.103799368543657344e+01 3.653643707755823922e+00 1.306093333755148755e+01 4.627454486540065091e+02 8.891845132058037393e+01
5.150534566551354146e+03 1.070780703646049226e+01 3.532480816762546993e+00 1.223875796392811921e+01 4.257099951631070667e+02 8.802082750617955753e+01
5.376654355083431255e+03 1.169040203083285157e+01 3.596741111778479549e+00 1.342666445320076107e+01 4.248761974585286225e+02 8.182747377682517254e+01
5.387615149236655270e+03 1.170732488269741900e+01 3.669685118903031729e+00 1.240621446530173522e+01 4.421295208030733761e+02 8.817842840562062179e+01
5.499146119105536854e+03 1.102517190524416080e+01 3.544457135755570309e+00 1.262720308033348360e+01 4.489278756005381297e+02 8.125167064953960505e+01
6.055649610226656478e+03 1.114242781671383753e+01 3.665313988102065768e+00 1.284981692557707156e+01 4.320128407868321574e+02 8.844862745721357555e+01
5.719687003014428228e+03 1.167357749846156878e+01 3.808720002578237729e+00 1.293694214071066639e+01 4.259149845379000112e+02 8.866788529694244403e+01
6.047625564193468563e+03 1.147550718895131361e+01 3.491655217677896328e+00 1.293716411047843451e+01 4.177137350679831229e+02 8.463909966821987041e+01
5.958730808600276760e+03 1.099433316965085439e+01 3.803362972051995250e+00 1.356493689293046501e+01 4.181409909401854179e+02 8.218753361546905012e+01
5.930687248155513771e+03 1.082523062353897636e+01 3.543268781031446935e+00 1.339367797174697294e+01 4.430686079103266479e+02 8.502866645321057604e+01
5.969358791587222186e+03 1.161723356848724009e+01 3.576083147657071581e+00 1.257902791790471220e+01 4.363371258371288945e+02 8.837836690487668534e+01
6.580209190798927011e+03 1.132159901585687223e+01 3.763751501726174453e+00 1.254062602064986720e+01 4.365204460709273349e+02 8.849688485497999579e+01
