1.077901149714716178e-01 5.681092190592451630e+00 3.238913966080500639e+00 2.791019705582575394e+00 1.464056758676837717e+03 5.733280198715432334e+02
3.237393403088716326e+01 5.991121878651929578e+00 3.421810081392873570e+00 2.688520929315468155e+00 1.358148790451340574e+03 6.284156624437043774e+02
3.268368669876581123e+01 7.844006515923179990e+00 4.477410328437401610e+00 3.315355676628682691e+00 1.443924496827031362e+03 5.842271419072062599e+02
4.782954565403096581e+01 7.495721768424936649e+00 4.303023656920611728e+00 3.200836928094320299e+00 1.441619010826215344e+03 5.951490560836415398e+02
1.020564386420398932e+02 8.226733035836552688e+00 4.415244446418308044e+00 3.252972664157287142e+00 2.013429141580355690e+02 8.322697547332994361e+01
1.511057201945440909e+02 8.186805916764670954e+00 4.727026119549896599e+00 3.328065892879544574e+00 1.930568561650642607e+02 8.196222504958770116e+01
2.076950100033446063e+02 8.633564027693466869e+00 4.725997055252397772e+00 3.416106029803960720e+00 3.460348355493693475e+02 7.642814453987529077e+01
2.510090875771522576e+02 8.270488311515402202e+00 4.454025573792753434e+00 3.338637028051062217e+00 3.490932227247169521e+02 1.436254914081123388e+02
2.881668776149394944e+02 8.490809501203271381e+00 4.959716590651482626e+00 3.637453285168402939e+00 3.486940698421906859e+02 1.407871888343458409e+02
3.634648898377583350e+02 8.570577908985704596e+00 4.703578672839029196e+00 3.448294545767895958e+00 3.493644027297612524e+02 1.377430863280938809e+02
4.191860283296937837e+02 9.386483215179325157e+00 4.796417879057108813e+00 3.806693452663443278e+00 3.426566761124741447e+02 1.490794704020276527e+02
4.752244799824310917e+02 9.894365991271754979e+00 5.495654564561438526e+00 3.803599937476686232e+00 3.618630677268573663e+02 1.486808655604960165e+02
6.140219797461083999e+02 9.740015317255100058e+00 5.922702668505047008e+00 3.995427223066716049e+00 3.601139839448352404e+02 1.500765409934149091e+02
6.543243020232226854e+02 1.085750786685422753e+01 5.754910978452585368e+00 4.372047498708029778e+00 7.198297092519040916e+02 3.216104027204040108e+02
8.392699255682701960e+02 1.082452847594342060e+01 6.278689656914734130e+00 4.354172307915708195e+00 7.415454308063597182e+02 2.982967486344152235e+02
9.445392320311759704e+02 1.139303759837544305e+01 6.165878261707552710e+00 4.568155667288571919e+00 7.554341267788614687e+02 3.148722123002555691e+02
9.945648519661934870e+02 1.190529396392273043e+01 6.423392534438447932e+00 4.648467524630483183e+00 7.719983262178873247e+02 3.099287350202400830e+02
1.082358949987684809e+03 1.104896466861048410e+01 6.236243889156364517e+00 4.760814216690675948e+00 7.463278960303709937e+02 3.135815165053640499e+02
1.218891391202518435e+03 1.175642276881627346e+01 6.460495663923938814e+00 4.539078355593790803e+00 7.697012364101410640e+02 3.182573233718459278e+02
1.309777183962486788e+03 1.241080473651840776e+01 6.353144594205547335e+00 5.055812754068204740e+00 7.139205678048446089e+02 3.226152274358678369e+02
1.367342238829769485e+03 1.229484698297181211e+01 6.447660767076714095e+00 4.895534165413609529e+00 7.289605850383738925e+02 3.175797991007480050e+02
1.570851714776012386e+03 1.268115592901200017e+01 6.876882801099054809e+00 4.832991644818251054e+00 7.611934517105353279e+02 3.004560693069133777e+02
1.800193562809303330e+03 1.199023672061377255e+01 7.095267873089644795e+00 5.201779666225520238e+00 8.134131767871101601e+02 3.245838795575231757e+02
1.938937073194803588e+03 1.247425193990934389e+01 7.235303931253679544e+00 5.370445769159531757e+00 8.030491496312395157e+02 3.131921147974186397e+02
2.232576665882399539e+03 1.302252344303961173e+01 6.975528618576699813e+00 5.547089893283770223e+00 7.950225712701729890e+02 3.033325572749819798e+02
2.324160321738420862e+03 1.260683677987415940e+01 6.967647916711830369e+00 5.411874007479671178e+00 8.105891387757130815e+02 3.132567205950034577e+02
2.688742543139058853e+03 1.298823540011461830e+01 7.322673665342969151e+00 5.662923276696804287e+00 7.937366502129270884e+02 2.969858157390578981e+02
2.621745791346975238e+03 1.315705691946011946e+01 7.030701626690093242e+00 5.791278015851673011e+00 8.093830359168173345e+02 3.041024634480170903e+02
2.808608420947748982e+03 1.401741067839610544e+01 7.208180378236916042e+00 5.644344679578505719e+00 7.825446431128890481e+02 3.162193142245483841e+02
2.955593463792602961e+03 8.313027552579786317e+00 0.000000000000000000e+00 9.218091306346256175e+00 8.120069405653703143e+02 3.195369402253070916e+02
2.987647206914919934e+03 7.914010123859046786e+00 0.000000000000000000e+00 1.043627086246844904e+01 5.505436131394703989e+04 0.000000000000000000e+00
3.200474299441724725e+03 8.411951174033823975e+00 0.000000000000000000e+00 9.694716881749627646e+00 5.683036782620285521e+04 0.000000000000000000e+00
3.120673029134172793e+03 8.370964331039870032e+00 0.000000000000000000e+00 1.063723571830890435e+01 6.044797573797450605e+04 0.000000000000000000e+00
3.307595289589652111e+03 8.697470063430204235e+00 0.000000000000000000e+00 1.002373344970901137e+01 5.907569218611731048e+04 0.000000000000000000e+00
3.371391675231375757e+03 9.138218125216386767e+00 0.000000000000000000e+00 1.032828199999737961e+01 6.040774865836285608e+04 0.000000000000000000e+00
3.453352130783851862e+03 8.941488696438941730e+00 0.000000000000000000e+00 1.102025890558780397e+01 5.626007001079319889e+04 0.000000000000000000e+00
3.539441333233994555e+03 8.909601975291330689e+00 0.000000000000000000e+00 1.056561596959570970e+01 5.772873144014556601e+04 0.000000000000000000e+00
3.535631945974115752e+03 9.472404807555427908e+00 0.000000000000000000e+00 1.059239314813972577e+01 5.951828693573705823e+04 0.000000000000000000e+00
3.836850461992967666e+03 9.115574350340459375e+00 0.000000000000000000e+00 1.135282695673545206e+01 5.773684885391229909e+04 0.000000000000000000e+00
3.988833256747673204e+03 9.720646930771085437e+00 0.000000000000000000e+00 1.169151309906213143e+01 5.708019542775551236e+04 0.000000000000000000e+00
4.026324116745143328e+03 9.304609841442461615e+00 0.000000000000000000e+00 1.114481603745195315e+01 6.039565829752207355e+04 0.000000000000000000e+00
3.870844890952844253e+03 9.532205710274981314e+00 0.000000000000000000e+00 1.154453198259816737e+01 5.964332342306350620e+04 0.000000000000000000e+00
4.118242849671767544e+03 1.008439255627305009e+01 0.000000000000000000e+00 1.112187207907429887e+01 5.650565205787705781e+04 0.000000000000000000e+00
4.254188431250652684e+03 9.287051484077986530e+00 0.000000000000000000e+00 1.149226765600898759e+01 5.950039871684657555e+04 0.000000000000000000e+00
4.188619264175809803e+03 9.531215259172403975e+00 0.000000000000000000e+00 1.181776992357569789e+01 5.776211748974634247e+04 0.000000000000000000e+00
4.412023238243627020e+03 1.004314646728722948e+01 0.000000000000000000e+00 1.164177116748743046e+01 5.888470533179196354e+04 0.000000000000000000e+00
4.728706114966387759e+03 9.965927678567114256e+00 0.000000000000000000e+00 1.238094083917875921e+01 5.543366956595498777e+04 0.000000000000000000e+00
4.464974665369491049e+03 9.797878807932693945e+00 0.000000000000000000e+00 1.177333430276684823e+01 6.006307619844216970e+04 0.000000000000000000e+00
4.730776408412550154e+03 1.007395854964046045e+01 0.000000000000000000e+00 1.147221165199141879e+01 5.921676523436208663e+04 0.000000000000000000e+00
4.780269021318642444e+03 9.923509648663779714e+00 0.000000000000000000e+00 1.212978982759050339e+01 5.573349920283169195e+04 0.000000000000000000e+00
5.095913489177112751e+03 9.851278872930782526e+00 0.000000000000000000e+00 1.252223538446618711e+01 5.785807298819783318e+04 0.000000000000000000e+00
5.015926315793638423e+03 1.067897628002889299e+01 0.000000000000000000e+00 1.237276551016884163e+01 5.880683637642278336e+04 0.000000000000000000e+00
5.283977575046561469e+03 1.081452691232565932e+01 0.000000000000000000e+00 1.191120846167847702e+01 5.654962642666177999e+04 0.000000000000000000e+00
5.322974448995030798e+03 1.071817979836050228e+01 3.562773096458878186e+00 1.301015037769923666e+01 4.397197316995169558e+02 8.582246175043448488e+01
4.995097603358341075e+03 1.059201635823343679e+01 3.592863738442421351e+00 1.242485089089246308e+01 4.315651578494471323e+02 8.910347529445878934e+01
5.427564527072118835e+03 1.161732745560237667e+01 3.462709444661617120e+00 1.233172336128115987e+01 4.366205665212368103e+02 8.879831761438184401e+01
5.282778841620307503e+03 1.155873465661723998e+01 3.405936649309414310e+00 1.227401729215790027e+01 4.195822361177549737e+02 8.712007205479785910e+01
5.627857886644931568e+03 1.153854104963774851e+01 3.509660446694351510e+00 1.231842516774139717e+01 4.340387129722382156e+02 8.801007106413332792e+01
5.458524147915292815e+03 1.111745287000845117e+01 3.604318183189985092e+00 1.274858153222001533e+01 4.430582850019299030e+02 8.627290439791433130e+01
5.924017677719542917e+03 1.102865862100494709e+01 3.763055797254550416e+00 1.292409311049144982e+01 4.506261118643926693e+02 8.220661992326982670e+01
5.784422051357377313e+03 1.077628940415390169e+01 3.731040699342444089e+00 1.307358468527475814e+01 4.360943329740564423e+02 8.256225366496876461e+01
5.793829254384462729e+03 1.143664707598097685e+01 3.773944475777263552e+00 1.266307297305635871e+01 4.244856552376421632e+02 8.634057329966481120e+01
6.264218246810740311e+03 1.124600239953254821e+01 3.544190515519015428e+00 1.304712101632263455e+01 4.515514790827953107e+02 8.291431446455618470e+01
5.806213465384934352e+03 1.134757729271209925e+01 3.780394077429062083e+00 1.317441587560008109e+01 4.155146315329199638e+02 8.437944010020370911e+01
6.123580873977505689e+03 1.168998393016244641e+01 3.839922223421207370e+00 1.302911146749647564e+01 4.425890772059853475e+02 8.561527956288736618e+01
6.517795282964797480e+03 1.145994265812226942e+01 3.726940220215877453e+00 1.271897399655187400e+01 4.373460504209629107e+02 8.715725872475793778e+01
6.375565848032912982e+03 1.093248437782637872e+01 3.720687534084183401e+00 1.339373414737594459e+01 4.371184557970345281e+02 8.403190594024162863e+01
