2.285636787928375657e-01 5.552921754864713400e+00 3.373916744086952413e+00 2.909022777087150402e+00 1.358563855745636147e+03 5.839071461138972836e+02
3.412572046884059063e+01 5.727065434779914810e+00 3.351241430298966595e+00 2.939975249103658594e+00 1.422393323887508814e+03 5.724943165260012847e+02
3.271250392848814670e+01 8.145375567290288998e+00 4.263142817339889312e+00 3.175424749121902757e+00 1.413042443196899512e+03 6.071868136969313809e+02
5.219318488556019275e+01 8.074927519103082929e+00 4.230182514628677559e+00 3.489472082452497403e+00 1.395478682790231915e+03 6.083920467380643231e+02
9.843633567662708117e+01 7.687119045828082697e+00 4.255668020369143711e+00 3.485772276941952352e+00 1.991954862025718285e+02 8.045942905013436075e+01
1.421107787743897575e+02 7.930161325325039812e+00 4.395347357311758962e+00 3.589597873074807044e+00 2.064265190938178307e+02 8.175619272728764031e+01
2.007159442198472163e+02 8.117209657727405769e+00 4.609779181769660283e+00 3.337201790624525710e+00 3.752017639036794776e+02 8.275690248779153535e+01
2.487216431646797901e+02 8.464772811496070304e+00 4.449011562234591821e+00 3.428692327759753855e+00 3.771306945119248439e+02 1.412138025401739299e+02
3.086057032784711964e+02 8.371715011141784402e+00 4.762937952683411247e+00 3.426784942793000166e+00 3.444424895835734333e+02 1.499828838482871447e+02
3.679466060042374806e+02 8.574336190411282033e+00 4.933442434385590047e+00 3.685573110513218342e+00 3.689102707419738749e+02 1.493465211107824189e+02
4.249298222896614448e+02 8.573731370222779091e+00 4.713396048704401764e+00 3.751354078520154012e+00 3.698467926410575615e+02 1.445549781968027787e+02
5.155184865762849995e+02 9.221494567233159856e+00 5.193925548323218955e+00 3.718437299179620847e+00 3.580194943069339502e+02 1.372576349064213161e+02
5.698910731491594106e+02 1.021526983345231443e+01 5.590291762229380623e+00 4.005271233696916511e+00 3.551560228604038230e+02 1.493171292179567899e+02
6.632525007437012619e+02 1.082444033918191550e+01 6.054610752077872249e+00 4.290111418504150897e+00 7.178017910448165821e+02 3.173888648006102358e+02
8.323359999089738039e+02 1.082443866121290199e+01 5.922481333783662372e+00 4.577588377287432841e+00 7.560800754656320350e+02 3.121354036822278317e+02
8.934745899863293062e+02 1.156122207166096061e+01 6.369337001690455580e+00 4.771745187358525264e+00 7.350948363302173902e+02 3.270984124945596818e+02
1.030704839471053674e+03 1.183203713246509459e+01 6.357143627690715171e+00 4.587891855872555880e+00 7.196990509775747569e+02 3.098157684627215076e+02
1.099521419985401053e+03 1.190103179497461561e+01 6.352928036067765127e+00 4.701986073748596340e+00 7.716750730416707711e+02 3.168277439532471362e+02
1.186433445595869443e+03 1.181315042501588231e+01 6.394596322893653983e+00 4.705736511536678712e+00 7.514390087312516471e+02 3.215243685231109794e+02
1.261836743548307368e+03 1.192257547813508545e+01 6.598407652379111532e+00 5.055497818255234144e+00 7.318885038948328656e+02 3.191900803963521867e+02
1.469832803361572360e+03 1.155961864688599938e+01 6.826228992101581738e+00 4.929388040492600709e+00 7.657857425079898803e+02 3.044698736796278240e+02
1.610014130244521766e+03 1.231268240142045833e+01 6.612242147852843033e+00 4.791821818825729551e+00 7.333130176876383075e+02 3.255778594979659601e+02
1.849638088406117504e+03 1.309613876822371914e+01 6.769644748787523092e+00 5.237809374482942815e+00 8.319641815537838738e+02 2.988928433443982726e+02
1.974561081155502507e+03 1.239912710238527005e+01 6.592700427655583617e+00 5.097734023402024306e+00 7.977885307472400882e+02 3.232948999773071819e+02
2.112081258771455850e+03 1.344904568653224430e+01 7.066742108038259751e+00 5.342827606848013389e+00 7.649682162854753642e+02 3.171114133277197311e+02
2.333285530403345547e+03 1.266730695732469769e+01 7.307741021154162020e+00 5.138699913259326735e+00 8.105272696777079773e+02 3.254947737116395956e+02
2.519866734785503468e+03 1.267253337981129313e+01 7.207033025799777448e+00 5.637855609333860762e+00 8.179472511095598293e+02 3.099628424457358165e+02
2.713239458122530777e+03 1.403561544267745731e+01 7.115617834706662315e+00 5.425169183282902097e+00 7.823540575904261232e+02 2.969170025537844140e+02
3.038329107856281553e+03 1.330081325553430993e+01 7.244967890132099519e+00 5.627530655627944967e+00 7.881678980722165306e+02 3.042175543200638685e+02
2.933643080035421917e+03 8.298664827644758546e+00 0.000000000000000000e+00 9.441598382407645929e+00 8.084481229789424788e+02 3.209710196545665326e+02
2.856959968855571788e+03 8.407326836084987320e+00 0.000000000000000000e+00 1.001603041596304067e+01 5.814009296437946614e+04 0.000000000000000000e+00
3.007005655897823544e+03 8.158161187604706654e+00 0.000000000000000000e+00 9.768881283273996630e+00 6.055532394835700688e+04 0.000000000000000000e+00
3.067372786894063211e+03 8.898165521482578555e+00 0.000000000000000000e+00 1.044779952537253109e+01 5.915594379865300289e+04 0.000000000000000000e+00
3.355394882049558419e+03 8.947374095613177758e+00 0.000000000000000000e+00 1.027762597277929402e+01 5.551334803225845098e+04 0.000000000000000000e+00
3.239449159682938898e+03 8.757427369951995999e+00 0.000000000000000000e+00 1.016778996162159920e+01 5.831666108104350860e+04 0.000000000000000000e+00
3.370097699206759899e+03 8.906377857827994404e+00 0.000000000000000000e+00 1.031667445580484532e+01 5.513185258886449446e+04 0.000000000000000000e+00
3.612187904518837968e+03 9.500619501832003877e+00 0.000000000000000000e+00 1.038848397725299222e+01 5.702926587532634585e+04 0.000000000000000000e+00
3.503962178104875420e+03 8.967001704326348133e+00 0.000000000000000000e+00 1.049512840552555026e+01 5.707543896638046135e+04 0.000000000000000000e+00
3.917267551897015892e+03 8.843265126001448095e+00 0.000000000000000000e+00 1.115301388225949886e+01 5.694526672099029383e+04 0.000000000000000000e+00
4.038702357114835195e+03 9.558274855567827188e+00 0.000000000000000000e+00 1.145710463116305000e+01 6.028250695811330661e+04 0.000000000000000000e+00
3.969054538007948395e+03 9.827952785192605845e+00 0.000000000000000000e+00 1.095675711372190442e+01 6.024776410323016898e+04 0.000000000000000000e+00
3.997387876594970749e+03 9.600010987323074119e+00 0.000000000000000000e+00 1.097720814969331293e+01 5.881181795086685452e+04 0.000000000000000000e+00
4.018785229709824762e+03 1.003030058626497123e+01 0.000000000000000000e+00 1.178821822997088908e+01 6.036690803936340671e+04 0.000000000000000000e+00
4.198408935638038201e+03 1.018930180804283125e+01 0.000000000000000000e+00 1.212540930759901592e+01 5.972045071460355393e+04 0.000000000000000000e+00
4.508502394407887550e+03 9.900508652832847645e+00 0.000000000000000000e+00 1.178865040615042226e+01 5.704022329539182101e+04 0.000000000000000000e+00
4.279001689576937679e+03 9.648923853836972597e+00 0.000000000000000000e+00 1.218913625010091906e+01 5.504458273454649316e+04 0.000000000000000000e+00
4.785810787371396145e+03 9.941616893198755633e+00 0.000000000000000000e+00 1.139370285081447598e+01 5.640684444222142338e+04 0.000000000000000000e+00
4.694867322865688038e+03 1.030096129567921004e+01 0.000000000000000000e+00 1.176749116338515400e+01 6.013448665415179130e+04 0.000000000000000000e+00
4.921154124010262422e+03 9.652998781922624616e+00 0.000000000000000000e+00 1.234855831387932312e+01 5.552262953341737011e+04 0.000000000000000000e+00
5.099224905102404591e+03 9.779159318289373459e+00 0.000000000000000000e+00 1.209751585095316528e+01 5.798467442835822294e+04 0.000000000000000000e+00
4.949851059478717616e+03 1.009392385045001284e+01 0.000000000000000000e+00 1.255939193318099534e+01 5.955320505780038366e+04 0.000000000000000000e+00
5.026172110882660490e+03 1.000590487411124663e+01 0.000000000000000000e+00 1.185563641259042100e+01 6.013211361576156924e+04 0.000000000000000000e+00
4.986629265080488040e+03 9.911393135664763321e+00 0.000000000000000000e+00 1.180820246748139724e+01 5.655852173306156328e+04 0.000000000000000000e+00
5.120879450111728147e+03 1.071561790333531228e+01 3.357935612641999690e+00 1.312901403446383419e+01 4.605747466239945993e+02 8.314379934433458175e+01
5.063941584053374754e+03 1.122831251099046668e+01 3.414825466351309124e+00 1.334382196579782409e+01 4.622860433368510940e+02 8.465375375345547582e+01
5.076424894193696673e+03 1.148985801206972823e+01 3.509641781731022814e+00 1.319745120414877348e+01 4.584233458672737243e+02 8.808036143860874745e+01
5.266380568320166276e+03 1.144857763970806985e+01 3.659299715028953237e+00 1.326586328809166027e+01 4.238576673504376231e+02 8.813964587787872063e+01
5.469415337828145312e+03 1.112721949832949164e+01 3.715491104614314644e+00 1.341563783593668902e+01 4.256406304283390227e+02 8.333525477432432638e+01
5.735657978906606331e+03 1.066971959018618499e+01 3.531030771201463914e+00 1.235701633330501004e+01 4.513856726891635844e+02 8.530441469416240352e+01
5.875814418622841913e+03 1.082619410081519540e+01 3.568076201895684196e+00 1.300375566585656806e+01 4.226792145593724968e+02 8.193095334727067325e+01
5.799425065807912688e+03 1.099931443877819248e+01 3.619805477470350308e+00 1.312184912783808421e+01 4.506957973100223853e+02 8.209798925216318821e+01
6.012359728082155925e+03 1.105790202879856032e+01 3.719965291364988325e+00 1.340364986702006078e+01 4.125756543716549345e+02 8.864006577293167766e+01
6.169464864754520022e+03 1.097622294440879998e+01 3.589602126572557061e+00 1.282022134079885234e+01 4.163786568495673350e+02 8.448134929361707179e+01
6.051209312957290422e+03 1.140583128704362181e+01 3.683872364842423419e+00 1.279596336794863198e+01 4.270697610236788933e+02 8.204940172275250632e+01
6.078471197598535582e+03 1.080118990417963332e+01 3.667729437610905752e+00 1.280895129320306047e+01 4.258666483839012358e+02 8.179097792851298721e+01
6.278097776612426969e+03 1.161138735331673288e+01 3.770274652775901458e+00 1.297567183050948181e+01 4.230715210850764834e+02 8.761013345528832019e+01
6.485298517645840548e+03 1.143148917037866141e+01 3.654923897808855404e+00 1.280018528942771816e+01 4.125214462926235228e+02 8.491560957632621864e+01
