-3.837217319503191115e-01 5.880393257997655887e+00 3.339501241325599334e+00 2.722209354805637194e+00 1.359725489107763451e+03 6.020247641733617456e+02
3.224877855932832205e+01 5.939862181862886281e+00 3.486184924113831851e+00 2.836429814996476839e+00 1.350103494690749130e+03 5.856075250225518403e+02
3.140213508268193365e+01 7.766478434765128114e+00 4.532706532628290041e+00 3.366875540007125078e+00 1.350871004861014399e+03 5.832502328302331307e+02
4.721662343542997320e+01 7.742973254240937742e+00 4.545334060538374743e+00 3.260843507696912003e+00 1.405019452926484973e+03 6.061720079360445652e+02
9.786111765643801164e+01 7.770249596998010766e+00 4.313353947089837881e+00 3.327298844200582639e+00 2.073031035877450563e+02 7.957643397382312855e+01
1.541468581721786393e+02 8.242034012963655343e+00 4.526807402488760346e+00 3.430832802197918863e+00 1.981085191524390439e+02 8.380150900174899675e+01
2.056743250087643844e+02 8.596199709049672677e+00 4.422135947719777249e+00 3.364092291097276810e+00 3.639911177688719590e+02 7.842936319866484496e+01
2.562666738531632973e+02 8.687709371289557225e+00 4.733103414743768944e+00 3.684571051717172363e+00 3.510718471689006037e+02 1.419912674462775612e+02
3.072131313263463994e+02 8.536338476200178604e+00 4.642108724084407889e+00 3.478874714466408502e+00 3.443473960698435121e+02 1.467110462471076744e+02
3.395043896095107243e+02 8.933973521311955324e+00 4.807454607008670777e+00 3.698738577734016708e+00 3.514395418741216304e+02 1.385517515692733923e+02
4.115779520303167942e+02 9.185813570410905626e+00 5.003316877371140947e+00 3.488309766664118516e+00 3.697051088958043010e+02 1.466118664741129578e+02
4.947933505098629894e+02 1.004285361295035983e+01 5.154965085229446409e+00 3.932805304295516891e+00 3.446158928672229536e+02 1.415878560492938050e+02
5.977489617819829846e+02 9.902428580002887060e+00 5.931144303918563843e+00 4.157401513990627961e+00 3.705854368003423929e+02 1.444150311812169889e+02
6.701166126313966060e+02 1.058119936006418804e+01 6.076274368947093940e+00 4.507779097071481722e+00 7.496466381913095347e+02 2.989848042936138768e+02
8.021466371219229359e+02 1.131923940673318008e+01 5.835841172756025763e+00 4.355178978943220258e+00 7.182795466811628557e+02 3.214683538495235666e+02
9.147040994600354225e+02 1.111386913775542595e+01 6.238496559683316178e+00 4.706664943293538350e+00 7.063833250417150111e+02 3.199074463860329729e+02
1.011320534320462684e+03 1.089950144694017808e+01 6.063940554364386948e+00 4.707551584348443008e+00 7.187861913717006246e+02 3.120341880186389858e+02
1.148737293973950727e+03 1.175299972387801439e+01 6.393222918683138190e+00 4.521457022155972005e+00 7.651131862931352998e+02 3.119352933442150402e+02
1.234061608631580611e+03 1.145441017859049815e+01 6.771286442351894586e+00 4.663664192537851250e+00 7.611721413618513452e+02 3.019453806825895299e+02
1.307358878547961922e+03 1.161448924241200942e+01 6.314961738810183078e+00 4.997287821516651185e+00 7.430774620104624546e+02 3.223516170075292280e+02
1.456511338167243593e+03 1.200233053709197684e+01 6.408367644234312266e+00 4.822197174539452291e+00 7.254475178424928572e+02 3.147975089555524164e+02
1.573809135525071270e+03 1.276069567912753477e+01 6.863259215605181929e+00 4.857876987138537217e+00 7.067886467480940382e+02 3.034803899880601534e+02
1.809162854332054621e+03 1.289123326674622128e+01 6.642978356252584149e+00 5.321527636779715742e+00 8.309442628746568289e+02 3.083152665083815691e+02
1.910853848083465209e+03 1.274923880142718424e+01 6.634272962957997066e+00 5.207508538151743416e+00 8.343574718235879573e+02 3.031190061619442417e+02
2.101199092304494570e+03 1.269608294996213438e+01 6.877436588459419298e+00 5.388502785812772089e+00 8.261628127181769514e+02 3.068523865088989737e+02
2.190260455489808919e+03 1.302577989351873633e+01 7.125516492090529397e+00 5.571297092983777510e+00 7.760583677605895900e+02 3.134067285836534893e+02
2.680268008575781550e+03 1.334806643310435703e+01 6.987957773066050038e+00 5.283910928342835156e+00 8.385444502546811236e+02 3.155351728330616652e+02
2.687981436090220086e+03 1.386800921719517277e+01 7.209140557819476491e+00 5.300695057528669984e+00 8.191857932567661464e+02 3.272132307326330647e+02
2.883498659604897966e+03 1.358508744612598740e+01 7.169688209033616921e+00 5.942109161158334096e+00 7.866463635772846601e+02 3.220045281126152190e+02
3.040931797199194534e+03 8.029280891481860749e+00 0.000000000000000000e+00 9.476188094437871356e+00 7.907525922239093461e+02 3.209345146984924213e+02
3.113428873187477620e+03 8.498682007612403666e+00 0.000000000000000000e+00 1.012594080021052712e+01 5.802825565848771657e+04 0.000000000000000000e+00
3.037350007270918923e+03 8.323486283845765499e+00 0.000000000000000000e+00 1.026899314374673367e+01 5.809411937651503104e+04 0.000000000000000000e+00
3.146216900754666312e+03 8.902288598334163083e+00 0.000000000000000000e+00 1.040135387446400728e+01 5.873851889458816731e+04 0.000000000000000000e+00
3.259017216982634181e+03 8.581952429116018521e+00 0.000000000000000000e+00 1.082799728503928804e+01 6.016638092232378403e+04 0.000000000000000000e+00
3.451670638915381005e+03 8.580436734314332625e+00 0.000000000000000000e+00 1.091956548093384605e+01 5.987853087023765693e+04 0.000000000000000000e+00
3.415058776448994195e+03 8.543585428740179566e+00 0.000000000000000000e+00 1.099533683257489791e+01 5.956610473622696736e+04 0.000000000000000000e+00
3.663165758802111668e+03 8.851917064526741541e+00 0.000000000000000000e+00 1.064679356340130667e+01 6.050630457730847411e+04 0.000000000000000000e+00
3.565135798252626046e+03 8.930550752799360836e+00 0.000000000000000000e+00 1.147013500747381975e+01 5.754033373956165451e+04 0.000000000000000000e+00
3.744257331788626288e+03 9.705688257301563482e+00 0.000000000000000000e+00 1.138392866813953752e+01 6.063509567075815721e+04 0.000000000000000000e+00
3.864661073835952720e+03 8.931501597062551312e+00 0.000000000000000000e+00 1.140801007539936585e+01 5.989216631245589815e+04 0.000000000000000000e+00
4.165407140804036317e+03 9.528586585673457066e+00 0.000000000000000000e+00 1.127610290949375482e+01 5.706949064091638138e+04 0.000000000000000000e+00
4.212247525215489986e+03 9.423185989742842494e+00 0.000000000000000000e+00 1.104813926639767274e+01 5.517921431409596698e+04 0.000000000000000000e+00
4.155277017993421396e+03 9.700651745812978177e+00 0.000000000000000000e+00 1.192703708828215703e+01 5.654455723132388812e+04 0.000000000000000000e+00
4.483859831105962257e+03 9.603717289000805124e+00 0.000000000000000000e+00 1.128506879291204967e+01 5.880116740717416542e+04 0.000000000000000000e+00
4.401896478172970092e+03 9.527493182273543582e+00 0.000000000000000000e+00 1.210155005869886402e+01 6.055208752711085253e+04 0.000000000000000000e+00
4.625546835756920700e+03 1.029179182001295167e+01 0.000000000000000000e+00 1.215498633593412592e+01 5.964525335847714450e+04 0.000000000000000000e+00
4.510939796787248270e+03 9.986445890960146343e+00 0.000000000000000000e+00 1.173307440536685320e+01 5.503957290396350436e+04 0.000000000000000000e+00
4.532987272779788327e+03 1.041830342674243681e+01 0.000000000000000000e+00 1.174464502977887292e+01 5.494249075352297223e+04 0.000000000000000000e+00
4.680787043721090413e+03 1.005305967038806436e+01 0.000000000000000000e+00 1.160766673329539067e+01 5.801981597959862847e+04 0.000000000000000000e+00
4.959251498193213592e+03 9.831644832638110287e+00 0.000000000000000000e+00 1.142998824984220718e+01 5.966390562478745414e+04 0.000000000000000000e+00
4.959156966789108083e+03 1.003168846880392095e+01 0.000000000000000000e+00 1.250009667275164205e+01 6.048740600704860844e+04 0.000000000000000000e+00
5.251889831009146292e+03 1.007806166892202882e+01 0.000000000000000000e+00 1.200759102994208760e+01 6.043230825232800998e+04 0.000000000000000000e+00
5.292189125430764761e+03 1.027435471901031327e+01 0.000000000000000000e+00 1.174982865359080719e+01 5.659886450772667013e+04 0.000000000000000000e+00
5.323342665152549671e+03 1.053751385924499573e+01 3.466503404917323117e+00 1.299609407931666105e+01 4.575278877190863227e+02 8.191288212665789104e+01
4.944506078247401092e+03 1.141506972739050418e+01 3.472556116349685418e+00 1.276139375865933090e+01 4.385064032646465080e+02 8.258806193861295242e+01
5.346967410272429333e+03 1.058568489242118105e+01 3.476258883004700984e+00 1.303771295672956221e+01 4.565409585696502290e+02 8.521215998173855155e+01
5.343399809068033392e+03 1.086904122294565411e+01 3.422999824663416124e+00 1.351325642615524281e+01 4.566160231269061569e+02 8.253298598899780814e+01
5.232497683719860106e+03 1.122795211878502286e+01 3.420857224409215025e+00 1.354365424725124001e+01 4.239273174293035709e+02 8.630266661915078430e+01
5.621890737524561700e+03 1.083836545162538378e+01 3.653326067713984493e+00 1.279944003873893443e+01 4.154310859350688361e+02 8.706874153854552389e+01
5.890589868224477868e+03 1.118787268560335235e+01 3.773182861662450094e+00 1.350638440531463758e+01 4.285382027625877868e+02 8.586121423046479606e+01
5.764068838062097711e+03 1.126346880558906172e+01 3.687409569770571327e+00 1.344549222107137787e+01 4.409302419423988226e+02 8.464813815996224378e+01
6.161712817476442979e+03 1.114986112973304877e+01 3.715684657305270644e+00 1.341039763555564690e+01 4.492010660045701798e+02 8.164401183929108186e+01
5.799267274326124607e+03 1.075427668836788975e+01 3.681162609003425068e+00 1.337479075900641945e+01 4.504675259663184761e+02 8.680627180360455952e+01
6.037245802437692873e+03 1.074614020632618328e+01 3.733591204794122209e+00 1.280036293101314193e+01 4.425451726197979383e+02 8.292415536678059595e+01
6.123594347955970989e+03 1.152070430359896847e+01 3.722071638957174855e+00 1.293646706823828829e+01 4.279390408531082812e+02 8.189230904978244041e+01
6.118589186254738706e+03 1.149078447617783816e+01 3.704862629253479422e+00 1.293381084656716062e+01 4.410702600518401368e+02 8.638601540790591571e+01
6.671011402865911805e+03 1.141643854633485589e+01 3.822675205764507478e+00 1.310356498214536813e+01 4.207035198921949473e+02 8.488940765510962194e+01
