2.000000000000000111e-01 3.557185931046737526e+00
1.000000000000000056e-01 3.747185931046737473e+00
5.000000000000000278e-02 3.965185931046737444e+00
3.333333333333333287e-02 4.009185931046737927e+00
2.000000000000000042e-02 4.065185931046737977e+00
1.250000000000000069e-02 4.197185931046737650e+00
1.000000000000000021e-02 4.285185931046737728e+00
6.666666666666667095e-03 4.441185931046737423e+00
5.000000000000000104e-03 4.571185931046737316e+00
4.000000000000000083e-03 4.713185931046737664e+00
3.333333333333333547e-03 4.859185931046737572e+00
