2.544489314964499815e-01 5.745859237201482728e+00 3.360871764843587517e+00 2.671580993640778168e+00 1.447750093457412731e+03 6.267573181542574048e+02
3.206659998397107358e+01 5.725277508313907582e+00 3.412574115989017720e+00 2.818563948839020838e+00 1.398887742550591383e+03 6.090035120163161082e+02
3.419912665737012958e+01 7.930942548599862363e+00 4.418291809110471036e+00 3.419281272334894872e+00 1.426344799023292808e+03 6.104844193132536248e+02
5.235488290815298740e+01 7.884049471014396460e+00 4.421055237106394920e+00 3.170260349337865158e+00 1.357822978206219204e+03 6.229273153995330858e+02
1.031879872102594078e+02 7.955726563188123102e+00 4.659015360748963275e+00 3.218263431059452895e+00 1.954470858211111022e+02 7.708368888905101812e+01
1.443848278631109281e+02 7.804054766319763026e+00 4.334815821249704548e+00 3.347337867324517102e+00 1.993994265831310031e+02 8.280836415901660530e+01
1.966767530952617165e+02 7.872993484430674371e+00 4.410250374199437218e+00 3.346252161351636278e+00 3.635292076758287863e+02 7.642305701597055645e+01
2.466046840267591165e+02 8.241811240577064268e+00 4.793085465336871742e+00 3.359312443239002910e+00 3.620793077890941731e+02 1.422176849093803810e+02
3.050144391589691395e+02 8.973274922068405601e+00 4.712697888772341415e+00 3.649055613765461725e+00 3.708572437732777871e+02 1.412435785527854080e+02
3.361055415336307988e+02 8.457877553650138935e+00 4.825578807517401536e+00 3.742472554098831949e+00 3.590953300118501943e+02 1.451561946559268677e+02
4.101371850865105557e+02 8.776056844049373140e+00 4.725787863779817854e+00 3.716917742882417830e+00 3.693583172641363035e+02 1.464615458969722397e+02
5.074730194958664242e+02 9.558058678659879348e+00 5.251000810152946841e+00 3.668905659155463184e+00 3.487793223932575870e+02 1.473707521069422341e+02
6.078889537737416049e+02 9.963879478241132404e+00 5.921683637184691484e+00 4.009222911919441579e+00 3.519114430390376924e+02 1.445390001229810935e+02
6.700694421880751861e+02 1.035409273585158552e+01 5.852048573956743382e+00 4.315283145059122916e+00 7.183577940590673734e+02 2.978679911556502589e+02
7.907320157432518499e+02 1.110409708863065603e+01 6.242989138923648262e+00 4.297490003243562562e+00 7.189354743216240422e+02 3.177054587054049080e+02
9.004524888094874768e+02 1.070395948506758188e+01 6.504692292081632132e+00 4.574856327501914066e+00 7.160962989946240214e+02 3.153825206769698184e+02
9.618303540526728739e+02 1.180884533569967942e+01 6.517505012251645802e+00 4.630857911309310460e+00 7.410228258023871604e+02 3.159312058892127197e+02
1.048332642759439750e+03 1.157723645871167584e+01 6.340448357096529541e+00 4.626345404425591390e+00 7.394821659674421426e+02 3.123266731103174720e+02
1.258513305078701478e+03 1.156505086087322631e+01 6.780298352679555052e+00 4.800770080180233101e+00 7.691090343828857385e+02 3.245359033539646134e+02
1.270310945762056008e+03 1.213102750455541390e+01 6.792072985642967353e+00 5.037856753499193374e+00 7.740857121129324696e+02 3.180136061840871662e+02
1.399838677591385476e+03 1.143936020780405904e+01 6.929653785831124679e+00 4.963743196278655567e+00 7.709264262896708715e+02 3.040117649403149471e+02
1.664856930475429635e+03 1.250633568910200744e+01 7.005571127548658517e+00 4.793917692910538264e+00 7.761510179185503375e+02 2.986262977880388689e+02
1.820765430854165288e+03 1.276298991743085764e+01 6.881529078884438988e+00 5.141882797110987724e+00 7.793888541356136557e+02 2.978641893157623031e+02
2.057449211237278178e+03 1.248757049573684696e+01 6.881393470500045240e+00 5.379323534180882049e+00 8.045885464963899949e+02 3.167382756514412563e+02
2.133434234060212475e+03 1.288395671257802455e+01 7.314381913148241487e+00 5.349569519381737415e+00 8.384174036253581335e+02 3.015230879230017536e+02
2.304911610311475670e+03 1.340199672765000294e+01 7.072324750131915749e+00 5.322216695020954624e+00 8.123529680784938591e+02 3.132821465552186737e+02
2.496173939422914827e+03 1.282877828269869802e+01 7.190222558920202900e+00 5.540692258337473142e+00 8.101965027053015547e+02 2.998918670019396018e+02
2.550915220964426680e+03 1.322859154784718783e+01 6.992056882656249250e+00 5.370855195230960888e+00 7.912061449810335034e+02 3.143674132611715777e+02
2.952779551419241216e+03 1.338220437030111221e+01 7.260188582215823416e+00 5.595520402596984688e+00 7.978260036571576848e+02 3.089373276665851336e+02
2.903091701888380612e+03 7.997678563036382471e+00 0.000000000000000000e+00 9.929932835445969275e+00 7.659571200382198413e+02 3.161567502380618180e+02
2.920981293213586923e+03 8.330663896428310622e+00 0.000000000000000000e+00 1.045148143616980718e+01 5.946115501198198035e+04 0.000000000000000000e+00
3.035780542243029231e+03 7.945514830339549306e+00 0.000000000000000000e+00 1.045475301741103991e+01 5.632641132298024604e+04 0.000000000000000000e+00
3.254481622338532816e+03 8.227854434559851882e+00 0.000000000000000000e+00 1.044098523124764277e+01 5.684062806004075537e+04 0.000000000000000000e+00
3.386111402902398822e+03 8.549247596130362226e+00 0.000000000000000000e+00 1.092212949211360495e+01 5.883117832079139771e+04 0.000000000000000000e+00
3.386286629208203522e+03 8.458913225514381296e+00 0.000000000000000000e+00 1.106940631647065665e+01 5.946128788278461434e+04 0.000000000000000000e+00
3.444852313552207761e+03 9.150533915509104332e+00 0.000000000000000000e+00 1.081253191270241309e+01 5.936103981720240699e+04 0.000000000000000000e+00
3.560332694846142658e+03 9.068825478559235265e+00 0.000000000000000000e+00 1.060350318762043287e+01 5.974096630189096322e+04 0.000000000000000000e+00
3.591229434152775411e+03 9.367534807282421383e+00 0.000000000000000000e+00 1.136044215933089774e+01 5.553810223041343124e+04 0.000000000000000000e+00
3.950443636175513348e+03 8.963990407468543253e+00 0.000000000000000000e+00 1.062940094888182863e+01 5.564389567905294098e+04 0.000000000000000000e+00
3.764741046435768112e+03 9.476986953389147317e+00 0.000000000000000000e+00 1.108582518034553566e+01 5.511322256667741021e+04 0.000000000000000000e+00
3.861031682614975125e+03 9.591717372904643213e+00 0.000000000000000000e+00 1.184857222284177070e+01 5.829283214131123532e+04 0.000000000000000000e+00
3.977441002689775814e+03 9.361420876445849970e+00 0.000000000000000000e+00 1.150687838946940467e+01 5.830049652782099292e+04 0.000000000000000000e+00
4.344157031189753070e+03 9.939596303033809477e+00 0.000000000000000000e+00 1.146323257583107491e+01 5.831767541447861731e+04 0.000000000000000000e+00
4.377846893101230307e+03 1.017379114534711171e+01 0.000000000000000000e+00 1.205560841679483453e+01 5.812971022821532824e+04 0.000000000000000000e+00
4.487130624291801723e+03 1.012807603374170107e+01 0.000000000000000000e+00 1.136758113165698703e+01 6.021506211701932625e+04 0.000000000000000000e+00
4.302537014147179434e+03 9.597207273834799324e+00 0.000000000000000000e+00 1.225888099593932878e+01 6.051995764962846442e+04 0.000000000000000000e+00
4.716635613252015901e+03 9.598519919112330712e+00 0.000000000000000000e+00 1.130217759567215730e+01 5.753001230533227499e+04 0.000000000000000000e+00
4.666022366972480086e+03 1.011936836679675622e+01 0.000000000000000000e+00 1.191584628208503283e+01 5.624829791294426104e+04 0.000000000000000000e+00
4.541045492681633732e+03 1.009726927059402612e+01 0.000000000000000000e+00 1.167978968729971712e+01 5.751701504015931278e+04 0.000000000000000000e+00
4.651275263087150051e+03 1.011678320517216356e+01 0.000000000000000000e+00 1.154004221402673558e+01 5.727081913810168044e+04 0.000000000000000000e+00
4.787497208137488087e+03 1.003560323859098879e+01 0.000000000000000000e+00 1.199282773594867102e+01 5.788803323133941740e+04 0.000000000000000000e+00
5.222858588759474515e+03 1.015422032538582009e+01 0.000000000000000000e+00 1.229025069953749494e+01 5.585271968227513571e+04 0.000000000000000000e+00
4.993842279063796923e+03 1.013166010804219574e+01 0.000000000000000000e+00 1.191765950245588357e+01 6.000953529009092745e+04 0.000000000000000000e+00
4.984268315849047212e+03 1.078024449469462098e+01 3.338127662984220478e+00 1.230062549011142892e+01 4.508384885971982499e+02 8.568600445733551396e+01
5.084648193474784421e+03 1.094141021281125070e+01 3.484181446919690117e+00 1.246571882952813404e+01 4.305847426856084326e+02 8.226307660602617489e+01
5.218790305092899871e+03 1.128489716113312902e+01 3.634060845003696638e+00 1.222926379937943508e+01 4.355076256907778429e+02 8.477982535680521892e+01
5.134819371172001411e+03 1.102554150117700438e+01 3.656596081607089044e+00 1.260211896112889640e+01 4.543085057083249012e+02 8.339353766468852314e+01
5.330386202766869246e+03 1.109019222432808327e+01 3.643046401701441006e+00 1.293630483059238401e+01 4.193949119844456845e+02 8.408730777575560467e+01
5.299696078616972954e+03 1.106925035629106979e+01 3.752607591852675561e+00 1.343552249251099262e+01 4.211996021035292870e+02 8.713226612476493926e+01
5.806460404751036549e+03 1.142854046281350300e+01 3.782572814654903581e+00 1.317000693954617319e+01 4.205550073023836717e+02 8.431030239497842160e+01
6.012633666057437949e+03 1.086635789454745016e+01 3.769025655689343779e+00 1.255861368891896923e+01 4.186049765750072424e+02 8.094673990834516530e+01
5.837156408396385814e+03 1.151406215365698671e+01 3.471754722789648362e+00 1.287878010900096371e+01 4.446212069095072934e+02 8.405437156834446455e+01
6.002060448165927482e+03 1.126988636872267513e+01 3.618941550760978565e+00 1.357231159114243901e+01 4.420911564628141832e+02 8.229403125669894337e+01
6.005364294072716802e+03 1.158143794426992734e+01 3.694295512275131976e+00 1.249663941110835808e+01 4.513575882761572871e+02 8.381766958714732141e+01
6.338652883785962331e+03 1.133202276735789127e+01 3.518574251600765201e+00 1.342364929973875398e+01 4.448707783056271978e+02 8.732993300650261403e+01
6.144020396603674271e+03 1.074275230240516343e+01 3.730466391446568331e+00 1.314655768871374519e+01 4.118845950659369350e+02 8.100596923081256762e+01
6.476980830135994438e+03 1.120780272306533831e+01 3.503699204980960324e+00 1.313302508202546193e+01 4.111128838916571340e+02 8.150585658709469783e+01
