4.036549956253117077e-01 5.837768097310936710e+00 3.247771898842525484e+00 2.674650535947310726e+00 1.409236654880936612e+03 5.972198057055011304e+02
3.294986893707148568e+01 5.996660586428681938e+00 3.297069336604573131e+00 2.776763300174579285e+00 1.394491027669410869e+03 6.172738047024317893e+02
3.196887287247917797e+01 7.391916648261850575e+00 4.166386350269494443e+00 3.341989190612827620e+00 1.389998328336495888e+03 6.006428548301603314e+02
4.884919440996623052e+01 8.097258552405534715e+00 4.209109642305758570e+00 3.223165325528120295e+00 1.388811232068426989e+03 6.156697348110895973e+02
9.783870951848048492e+01 7.709915772823956459e+00 4.327414094634719710e+00 3.290366794011156060e+00 1.917781396990812368e+02 7.872132764741783717e+01
1.496170015940901976e+02 8.154868421007714474e+00 4.578686533358299116e+00 3.571154148464330991e+00 2.030551852839235210e+02 8.382006423481746538e+01
1.909627219864485994e+02 8.366377796304806935e+00 4.673381168686332465e+00 3.603820074595948331e+00 3.554508834287340733e+02 7.737981470816647800e+01
2.379610792837621602e+02 8.724189582036350643e+00 4.461434843744784828e+00 3.437937742539041608e+00 3.522403502456484716e+02 1.436419654516227808e+02
2.876778191791460699e+02 8.223726599729491937e+00 4.947441142951488402e+00 3.719257710659563898e+00 3.558003518458053804e+02 1.496807267454912278e+02
3.427219857922451069e+02 8.493123802788936416e+00 4.930004515069054349e+00 3.472011383460743783e+00 3.468224282652592478e+02 1.433822958193539989e+02
3.983963417600816683e+02 8.779622574011288094e+00 5.063501321570390346e+00 3.641241821295533754e+00 3.681216121171205486e+02 1.424872502153842504e+02
5.214236551138211553e+02 1.000147979471687520e+01 5.068780771510171590e+00 3.970523828959930057e+00 3.448406057787305485e+02 1.422595438756914916e+02
6.281803082485690766e+02 1.031793811197506550e+01 5.629939323812992669e+00 3.965939498580254075e+00 3.654170032657391403e+02 1.455470203257640378e+02
7.007218663404514700e+02 1.084668593244013479e+01 5.893223805018738659e+00 4.217476343548653084e+00 7.166942066411634187e+02 3.237761340589304950e+02
8.327125141076548971e+02 1.081757650588827957e+01 5.824432235696883176e+00 4.615600593957946529e+00 7.030360507586642598e+02 3.248380156232303193e+02
8.734756057618810701e+02 1.105461005875302405e+01 6.060589978681524492e+00 4.753471931282573948e+00 7.126405197883058236e+02 3.240730446562548082e+02
9.781893784771498304e+02 1.170438713963031852e+01 6.535731424083229157e+00 4.881525073011281357e+00 7.268341455436400338e+02 2.997870293269997433e+02
1.095525691604775375e+03 1.198305950248597362e+01 6.538660143888951559e+00 4.506661434619592121e+00 7.258458537747151240e+02 3.155095381874742202e+02
1.201867670053131405e+03 1.158739645588850387e+01 6.649854482700495062e+00 4.982963432192438091e+00 7.458002263661247753e+02 3.207994826024672648e+02
1.316006167531919118e+03 1.193023672946068636e+01 6.565365673124698098e+00 5.020448422695904966e+00 7.642457011155177042e+02 3.084960127972083797e+02
1.383211054794408483e+03 1.255299916451675024e+01 6.317988662464491867e+00 4.884674489274084763e+00 7.431981179730599933e+02 3.179668603194865568e+02
1.537075780087210887e+03 1.229074844401156241e+01 6.438435017697584861e+00 4.774826434718378643e+00 7.234792264621138429e+02 3.076080476840304527e+02
1.737722830617951104e+03 1.307093469661507967e+01 6.764292909545764232e+00 5.275981581404084686e+00 8.354452594059690682e+02 3.001151086230536293e+02
2.061382674434977162e+03 1.300429346577777778e+01 6.899553992130945446e+00 5.375190115423375659e+00 7.733399712251488154e+02 3.220474130720936614e+02
2.130548746405735983e+03 1.285451576540859087e+01 6.737496642122417612e+00 5.220453070225618220e+00 7.886710968047104870e+02 3.126763544209882184e+02
2.401962379056767531e+03 1.376882859942884529e+01 7.114174410230654999e+00 5.237919824117839518e+00 8.378030669655357769e+02 3.163253899400399405e+02
2.592526241692350141e+03 1.262491916129813063e+01 6.844381490127638301e+00 5.181170745387651877e+00 7.662900797226176337e+02 3.246873730352104417e+02
2.721460819839819578e+03 1.428526502911088514e+01 7.590336561391435310e+00 5.491225003133101801e+00 8.246704857075533255e+02 3.065929896870944731e+02
2.893151959038852965e+03 1.348068389694831026e+01 6.978811560883227294e+00 5.849729786540625476e+00 7.725927668425332513e+02 2.997908551696854147e+02
2.963393058831668441e+03 7.845455211488475911e+00 0.000000000000000000e+00 9.567914997598260030e+00 8.354947776232460228e+02 3.038457128651188555e+02
2.957676291368386956e+03 8.202754565090740968e+00 0.000000000000000000e+00 1.004228788370043723e+01 6.070865178616515186e+04 0.000000000000000000e+00
3.012464942505665022e+03 8.672968062118377119e+00 0.000000000000000000e+00 9.932448195018125148e+00 5.827804242625051847e+04 0.000000000000000000e+00
3.185396250539042285e+03 8.556917322013976701e+00 0.000000000000000000e+00 1.071656374908202380e+01 6.016218123485561227e+04 0.000000000000000000e+00
3.230514152500782529e+03 8.491595996195590246e+00 0.000000000000000000e+00 1.028315193539988037e+01 5.703825172932906571e+04 0.000000000000000000e+00
3.495088195306887883e+03 8.483967326736436831e+00 0.000000000000000000e+00 1.089431101384279010e+01 5.988879971739851317e+04 0.000000000000000000e+00
3.476551320180316452e+03 8.670716983736761918e+00 0.000000000000000000e+00 1.092866769486984602e+01 5.915371344306145329e+04 0.000000000000000000e+00
3.423785942859530223e+03 8.859737868143389150e+00 0.000000000000000000e+00 1.060912896157455876e+01 5.741554304156663420e+04 0.000000000000000000e+00
3.566374077902448334e+03 9.180580664825946258e+00 0.000000000000000000e+00 1.128956079007219060e+01 5.813873790490249667e+04 0.000000000000000000e+00
3.891849981346715595e+03 9.159183201784857786e+00 0.000000000000000000e+00 1.160227718686571130e+01 5.984061887828908948e+04 0.000000000000000000e+00
3.713245616447115481e+03 9.788401295432443305e+00 0.000000000000000000e+00 1.113001654978996058e+01 5.716395901179823704e+04 0.000000000000000000e+00
4.133614799713242064e+03 9.018851683091046567e+00 0.000000000000000000e+00 1.132149325354937019e+01 5.559351788325199595e+04 0.000000000000000000e+00
4.271489058067567385e+03 9.345888748891837849e+00 0.000000000000000000e+00 1.084450714757981693e+01 5.743343502589421405e+04 0.000000000000000000e+00
4.040689041288472254e+03 9.484793146935141195e+00 0.000000000000000000e+00 1.156362810327585855e+01 5.826073146918823477e+04 0.000000000000000000e+00
4.087324772033924546e+03 9.394424025995471439e+00 0.000000000000000000e+00 1.209785334888721131e+01 5.986219164107655524e+04 0.000000000000000000e+00
4.562599751726393151e+03 9.847400578210551814e+00 0.000000000000000000e+00 1.222545656297255334e+01 5.588478252683088795e+04 0.000000000000000000e+00
4.427378557647158232e+03 1.008747204005195286e+01 0.000000000000000000e+00 1.174968268047843445e+01 5.632611893868441257e+04 0.000000000000000000e+00
4.746569991587544791e+03 1.039364447827672144e+01 0.000000000000000000e+00 1.185909039824457700e+01 5.815523469642109558e+04 0.000000000000000000e+00
4.489940213168120863e+03 9.588185496088737381e+00 0.000000000000000000e+00 1.190383930961916548e+01 5.543906608668017725e+04 0.000000000000000000e+00
4.905736194784215513e+03 1.043798790987461445e+01 0.000000000000000000e+00 1.162111169021790502e+01 5.676637057380403712e+04 0.000000000000000000e+00
5.019405340651821462e+03 1.000959425550546200e+01 0.000000000000000000e+00 1.237973105876830715e+01 5.851855505144505878e+04 0.000000000000000000e+00
4.895059460526978910e+03 1.034799355786542918e+01 0.000000000000000000e+00 1.207527169590872695e+01 6.070515771954575757e+04 0.000000000000000000e+00
4.935269168332844856e+03 1.014955869886510520e+01 0.000000000000000000e+00 1.256611168183227001e+01 6.035985135731004266e+04 0.000000000000000000e+00
5.246149367097984396e+03 1.065689124470426918e+01 0.000000000000000000e+00 1.248679580753887031e+01 5.724189715268195869e+04 0.000000000000000000e+00
5.153476673731091978e+03 1.139452575255304012e+01 3.651113183455681810e+00 1.315727549113241679e+01 4.594828427731856664e+02 8.888890697637181404e+01
5.207724713211276139e+03 1.076775010415616585e+01 3.513659095361714169e+00 1.284028828878784978e+01 4.540940986928220013e+02 8.230982995924559020e+01
5.531036679369954072e+03 1.147112442288107559e+01 3.626153857878683162e+00 1.335098063362047505e+01 4.240092943037609530e+02 8.274837864707252777e+01
5.500939323354714361e+03 1.068076120497324233e+01 3.417456709898177181e+00 1.329089407835092906e+01 4.429642264131674665e+02 8.168757982683358421e+01
5.538703317763802261e+03 1.134630460761008663e+01 3.580260848010861086e+00 1.346926662554686871e+01 4.189291442777591783e+02 8.267328457653167106e+01
5.438246107615913388e+03 1.112665461122493049e+01 3.475753955229754943e+00 1.299696723298098533e+01 4.548551529491886072e+02 8.108911860285054729e+01
5.897997065463171566e+03 1.073774862801864671e+01 3.713969546898856500e+00 1.331489410187166023e+01 4.341678139613499638e+02 8.251758063599811521e+01
5.753481301309467199e+03 1.138458189549526267e+01 3.784860582248505079e+00 1.344733583558318912e+01 4.422407163175598157e+02 8.730165936490885770e+01
5.621199352158418151e+03 1.102691133376294630e+01 3.475665730675066900e+00 1.362011913914941807e+01 4.471829705086941544e+02 8.113644125971555354e+01
6.109009658522079917e+03 1.168250291083119663e+01 3.508384821344403992e+00 1.343363622936569080e+01 4.166589482436664866e+02 8.496414580549063089e+01
5.878817244791920530e+03 1.167943802154324828e+01 3.753250021053678775e+00 1.371082512837962497e+01 4.261581773717177839e+02 8.677400633772479921e+01
6.176851997609418504e+03 1.172863031519968224e+01 3.514603593964369388e+00 1.339595360282422298e+01 4.112698335148879778e+02 8.684374046512289169e+01
6.123741630671555868e+03 1.082628805870809785e+01 3.738238110354784816e+00 1.245780760885843108e+01 4.254555361225190495e+02 8.520535726550201616e+01
6.604589299583009961e+03 1.110342749854743438e+01 3.742571684259305087e+00 1.302331540134117738e+01 4.390280573234516055e+02 8.833301024673387758e+01
