-1.271996011570799556e-01 5.695907492173495790e+00 3.475498597992714434e+00 2.933827116827269599e+00 1.455593267468429985e+03 5.928817434131279924e+02
3.434418587425629710e+01 5.630878253061488259e+00 3.449758580214165260e+00 2.785963300442210411e+00 1.382815865427013478e+03 6.145634522717765549e+02
3.393467773607724070e+01 7.497557202026954748e+00 4.266430353304388134e+00 3.204586760873967766e+00 1.369327229908672052e+03 6.185197143284841559e+02
4.808773257486085129e+01 7.451291177490333872e+00 4.468741686019263248e+00 3.470085668830054093e+00 1.460389527790347529e+03 5.773374181438931600e+02
9.826904495233853254e+01 8.282072041918702610e+00 4.431597643000869446e+00 3.341790285658160720e+00 1.973177433299805443e+02 7.701748513435838106e+01
1.430755902013099785e+02 8.023712111123437296e+00 4.349618995471505656e+00 3.437544811118538934e+00 2.016984114641679184e+02 8.040429479829339243e+01
2.090378048787123646e+02 7.941749122931442528e+00 4.414273139185102224e+00 3.593569999672945325e+00 3.563867383380069782e+02 8.237984253913066368e+01
2.576471615667125548e+02 8.262109709029077820e+00 4.575623751412276619e+00 3.631143139665095276e+00 3.757918022951709531e+02 1.380024893520382818e+02
3.093975089843098090e+02 8.901112799956894861e+00 4.614220763323707786e+00 3.535636458075753996e+00 3.586977903091587905e+02 1.413863043980594796e+02
3.629327793057242957e+02 8.319300070719293672e+00 4.827947665551747924e+00 3.591388463353049953e+00 3.649431501387967387e+02 1.395791260928518795e+02
4.044396411721853610e+02 8.538831364207615238e+00 4.796680879703192346e+00 3.551760355467419306e+00 3.535530012528486168e+02 1.479546658065893041e+02
5.093349943238437163e+02 9.976548136004124601e+00 5.088762280363862800e+00 3.779682411565056466e+00 3.485601361473875954e+02 1.375884040453886712e+02
6.173539853818757592e+02 1.002592659780930973e+01 5.906764522736487777e+00 4.045478558317573636e+00 3.477624996369981432e+02 1.369327709273299831e+02
7.033178535522382617e+02 1.075713946484002470e+01 6.086703427921210441e+00 4.330067460261633805e+00 7.514411202766041242e+02 3.033039339884871310e+02
8.307317952863155597e+02 1.060504535039699903e+01 5.847686759494885145e+00 4.289792370781549735e+00 7.030906950649330156e+02 3.068841724810438905e+02
9.356038078051806224e+02 1.092456002835801243e+01 6.163877543387274116e+00 4.348846191368627601e+00 7.443189623192830595e+02 3.068715751054638190e+02
9.678801673180549869e+02 1.182341361557873327e+01 6.541572503439587294e+00 4.652628174497176694e+00 7.317177352491443116e+02 3.225902121231063688e+02
1.091759259249723527e+03 1.123531308363535075e+01 6.533674451401823902e+00 4.740909737787379008e+00 7.575353259130779406e+02 3.265965500416467648e+02
1.192529968054261190e+03 1.186625035012257712e+01 6.669789272306346106e+00 4.556240558199512236e+00 7.100849619231236147e+02 3.113105617262042415e+02
1.326576697459312300e+03 1.212776400040114488e+01 6.291589769206156646e+00 4.986477228472541157e+00 7.047522546507067318e+02 3.026189017314814578e+02
1.386254003764845493e+03 1.229955520452153905e+01 6.577418425485621611e+00 4.819689084587810868e+00 7.178265508466151914e+02 3.046512114278988292e+02
1.647093703147955466e+03 1.200263618539927890e+01 6.855499247137086805e+00 5.005253797073830668e+00 7.116652063097481005e+02 3.204985915384025361e+02
1.758444027165498028e+03 1.214600772989260236e+01 7.158743511379515034e+00 5.189594610774915573e+00 8.379605066921236585e+02 3.060574784438176721e+02
1.925460305575293887e+03 1.251961052105482786e+01 7.204047253618985458e+00 5.324833612336684396e+00 7.869488590471505631e+02 3.154503896154194535e+02
2.284305477271761902e+03 1.329665509293156411e+01 6.856526666325257757e+00 5.105446261746879877e+00 7.629950322830744653e+02 3.104141570854566226e+02
2.209360496146863170e+03 1.276548064110228786e+01 7.137901611044702221e+00 5.409253429378972911e+00 7.813830093414568410e+02 3.219839572526686311e+02
2.715003945628988731e+03 1.345276726528646449e+01 7.296940384403012736e+00 5.494129088609760458e+00 7.768652456423754984e+02 3.140467979733221568e+02
2.630742220067153539e+03 1.422593722143749595e+01 7.369665170566823242e+00 5.791993134333373483e+00 8.046468483862611265e+02 3.052596531893127576e+02
2.999186090999373846e+03 1.324214524151301653e+01 7.167501379241816295e+00 5.847871824707182142e+00 7.932271204384686598e+02 3.231450002972944731e+02
2.818508891350571048e+03 7.943640258208130689e+00 0.000000000000000000e+00 9.588316848081733568e+00 7.609046155003674130e+02 3.218369522777215934e+02
2.980869171273826851e+03 8.426156628295460749e+00 0.000000000000000000e+00 1.010149299117251864e+01 6.067619935961630836e+04 0.000000000000000000e+00
2.999834563013215757e+03 8.406706932850580571e+00 0.000000000000000000e+00 9.922540561199410192e+00 5.553550300400047126e+04 0.000000000000000000e+00
3.242997248769522230e+03 8.137526416892210790e+00 0.000000000000000000e+00 1.006016656794075992e+01 5.493946868553700915e+04 0.000000000000000000e+00
3.374973965372369548e+03 8.456474673105418560e+00 0.000000000000000000e+00 1.006677108428153744e+01 5.516074371207493823e+04 0.000000000000000000e+00
3.447350955644851183e+03 8.368732130598045771e+00 0.000000000000000000e+00 1.108189250986793617e+01 5.892627882867452718e+04 0.000000000000000000e+00
3.619675980160914150e+03 9.370682441678749086e+00 0.000000000000000000e+00 1.029767295491768486e+01 5.600837777957988146e+04 0.000000000000000000e+00
3.654599570440847401e+03 8.845730770681027977e+00 0.000000000000000000e+00 1.117851692874412883e+01 5.798171593008329364e+04 0.000000000000000000e+00
3.537394141434153426e+03 9.473565629857029435e+00 0.000000000000000000e+00 1.060424502960468196e+01 5.792289107522096310e+04 0.000000000000000000e+00
3.850934661889543804e+03 9.047069664099405273e+00 0.000000000000000000e+00 1.135189194566851612e+01 5.575614699587192445e+04 0.000000000000000000e+00
3.968971358893194065e+03 8.941948574689661200e+00 0.000000000000000000e+00 1.068985868497300729e+01 5.984923985569690558e+04 0.000000000000000000e+00
3.911767769245388990e+03 9.593504460991020721e+00 0.000000000000000000e+00 1.130824394924413490e+01 5.652493459735689976e+04 0.000000000000000000e+00
4.049433055099343619e+03 9.344276465323517300e+00 0.000000000000000000e+00 1.117938728913927982e+01 5.945826224762847414e+04 0.000000000000000000e+00
4.206910819078066197e+03 9.518441616306970943e+00 0.000000000000000000e+00 1.191076195831205453e+01 6.051520890549425530e+04 0.000000000000000000e+00
4.360592811522733427e+03 9.657412898403611834e+00 0.000000000000000000e+00 1.211394597961469977e+01 5.750603837966905121e+04 0.000000000000000000e+00
4.538548572657023215e+03 9.499128230281909779e+00 0.000000000000000000e+00 1.179091382127219489e+01 5.965244586552291730e+04 0.000000000000000000e+00
4.556449747695255610e+03 1.013301478265282540e+01 0.000000000000000000e+00 1.205043990246057817e+01 5.566752796542988654e+04 0.000000000000000000e+00
4.509355910267035142e+03 9.879842309045550053e+00 0.000000000000000000e+00 1.164852708377399715e+01 5.654264795268230228e+04 0.000000000000000000e+00
4.654537007659050687e+03 1.030723263446259175e+01 0.000000000000000000e+00 1.153449470704285496e+01 5.971998310546931316e+04 0.000000000000000000e+00
4.590356562142283110e+03 1.047793311050272180e+01 0.000000000000000000e+00 1.148086447035595548e+01 5.599699712223984534e+04 0.000000000000000000e+00
4.641383984456339022e+03 9.764085655272067399e+00 0.000000000000000000e+00 1.195022851833907573e+01 5.947457814867488196e+04 0.000000000000000000e+00
5.092709716242467039e+03 1.038502652841096463e+01 0.000000000000000000e+00 1.215027795427782564e+01 5.626411448345728422e+04 0.000000000000000000e+00
5.240653749110620993e+03 1.061851281783610368e+01 0.000000000000000000e+00 1.207083434539776512e+01 5.971651704601204256e+04 0.000000000000000000e+00
5.008991694937811189e+03 9.927314345897304548e+00 0.000000000000000000e+00 1.271254821815197644e+01 5.960490249803610641e+04 0.000000000000000000e+00
4.920515126023060475e+03 1.059547043407378197e+01 3.511517442307078962e+00 1.314138365152173904e+01 4.339916870034761018e+02 8.120557426524112543e+01
4.956326418136265602e+03 1.134894872410125011e+01 3.667491246028821372e+00 1.306919652815761879e+01 4.336997736750398644e+02 8.799499064424536243e+01
5.037378778645006605e+03 1.160719182064963384e+01 3.699835455156540220e+00 1.316471823635084348e+01 4.271425129251708199e+02 8.551505920987062837e+01
5.522510965566440063e+03 1.091791492832717836e+01 3.381120673707445068e+00 1.343364243656611556e+01 4.537824509018938102e+02 8.708171761204222605e+01
5.687611319184779859e+03 1.090186705330977368e+01 3.518706424761883333e+00 1.242208222829293973e+01 4.289800108421310938e+02 8.827043228110333928e+01
5.302132529004964454e+03 1.153002820806409723e+01 3.481811263264163792e+00 1.255082943162831022e+01 4.356798341935419216e+02 8.408032007393661900e+01
5.613747073398752036e+03 1.069714235498705257e+01 3.554352259529560687e+00 1.338251480498291457e+01 4.435290356923838431e+02 8.621066261452759250e+01
5.918143724139541519e+03 1.068128680029760780e+01 3.752342489245199975e+00 1.328008639058715445e+01 4.160049348263538604e+02 8.342091712583722085e+01
5.973730737041231805e+03 1.083819791981449043e+01 3.725888367922430167e+00 1.344939323467376013e+01 4.450669502097056238e+02 8.248727397643664005e+01
5.911088146964119005e+03 1.148124632660211120e+01 3.541709785939712862e+00 1.316294360223731630e+01 4.478358682683364123e+02 8.635483853323873404e+01
6.308655945858705309e+03 1.113808622379972491e+01 3.676111129769565444e+00 1.323509286638063998e+01 4.163834438873042245e+02 8.641232546483846022e+01
6.038107385296807479e+03 1.147065556364241345e+01 3.646004861788189721e+00 1.304611160051249108e+01 4.446434414475178869e+02 8.442549465055004987e+01
6.187709115439665766e+03 1.181504865857097819e+01 3.539529940248088646e+00 1.244453742075731029e+01 4.453508406103717334e+02 8.117009434429942871e+01
6.402668558517314523e+03 1.123011449766632452e+01 3.683837708068922190e+00 1.359180419392579431e+01 4.384669167369881961e+02 8.337842286073873765e+01
