-3.706619508521702411e-01 6.023205446443678390e+00 3.387872686723219839e+00 2.882042540544889953e+00 1.340127386332077549e+03 5.843198368504380369e+02
3.366553183435090091e+01 5.899107250800951441e+00 3.269853444006421306e+00 2.812814003934322571e+00 1.354716093133897175e+03 6.035099616097853641e+02
3.329479242488827850e+01 7.707241003680662672e+00 4.530037638356217755e+00 3.409507337681962458e+00 1.344517157806990554e+03 6.212916375294942100e+02
4.922437624955058766e+01 7.890634384531115764e+00 4.196858019933139339e+00 3.291285415754541255e+00 1.358816930057434547e+03 5.764124012011532159e+02
1.054879301538793896e+02 7.954126714587058444e+00 4.277834717593440139e+00 3.392647337996899548e+00 1.930250690161139460e+02 7.980448730048289008e+01
1.554121812655174608e+02 8.049913132574998187e+00 4.544293926369408432e+00 3.509571528745322855e+00 2.007316926796119390e+02 7.958889057112125442e+01
1.917099573775051056e+02 7.864497710105953665e+00 4.415990836534409603e+00 3.319540988434795725e+00 3.612418187140671648e+02 7.764491172368656180e+01
2.416262221186266856e+02 8.462346029019130356e+00 4.838832512943383790e+00 3.470553545145313556e+00 3.698169783791432792e+02 1.432032008015484053e+02
2.923394361026866477e+02 8.961775855344686903e+00 4.753618235064657860e+00 3.635714265591377004e+00 3.649813542828041477e+02 1.375809592482822836e+02
3.346937734285854731e+02 8.878177874602222630e+00 4.674596564726829051e+00 3.686365639977613018e+00 3.432284664035084916e+02 1.468917590223686318e+02
4.104567650453967076e+02 8.918060949167426088e+00 4.905698257435749277e+00 3.630718992449156968e+00 3.582027410893281285e+02 1.422683528851597714e+02
4.957101593798824410e+02 9.614476960637345471e+00 5.390815654940107393e+00 3.798700928862809523e+00 3.447702121931565671e+02 1.457309995468776833e+02
5.918508933933234175e+02 1.046809614406458522e+01 5.573793612460393732e+00 4.195761952731249522e+00 3.616748798738497044e+02 1.404976341499072419e+02
6.859005388886281480e+02 1.102589182807621349e+01 5.872768970092884011e+00 4.564261118292862740e+00 7.688430563589365647e+02 3.142747127861665035e+02
8.168140546997418596e+02 1.058350150767645914e+01 6.398281675783841216e+00 4.537664186878053840e+00 7.428304967054566532e+02 3.007983876801148426e+02
9.349541621687112638e+02 1.144901628816707095e+01 6.041972337955805017e+00 4.735390799369898041e+00 7.219577479194122134e+02 3.082286362613797337e+02
1.046055162858490121e+03 1.194397021647285584e+01 6.316468853202475309e+00 4.675878696290273417e+00 7.619438465202747466e+02 3.234847539184114567e+02
1.078797938339690972e+03 1.144166728832047752e+01 6.222492730650258430e+00 4.745731886748526307e+00 7.173941595668596847e+02 3.045853678324413067e+02
1.183452024308431874e+03 1.123392814067485368e+01 6.587883657317307851e+00 4.541137185603192350e+00 7.697481155791539322e+02 3.058265425493605107e+02
1.238105970152754935e+03 1.243437385067161216e+01 6.546273018305831748e+00 4.899302047335122978e+00 7.226299809609681688e+02 3.063490990726132281e+02
1.411354257420382282e+03 1.193977479258335883e+01 6.296041443642776514e+00 5.086671925620234624e+00 7.065255494038610777e+02 3.044379199633035000e+02
1.594029047560472236e+03 1.283113768358259676e+01 7.059896548297916574e+00 5.131849423687064871e+00 7.196966228439080169e+02 2.993116960886080733e+02
1.827467664922042786e+03 1.217966470438114257e+01 6.644058728283620319e+00 5.241640365216392539e+00 7.915161553717076686e+02 3.119716210696199141e+02
1.965193887006812247e+03 1.287252051480943038e+01 6.999042105589549756e+00 5.141510790513862617e+00 8.167211911288887904e+02 3.005580601539726899e+02
2.095428794761857716e+03 1.363786559837901891e+01 6.925400825121254655e+00 5.342084035394879749e+00 8.152509412257592203e+02 3.111910277407633316e+02
2.338417115364646179e+03 1.337624280295796275e+01 6.893598273305452828e+00 5.583901929342676596e+00 8.314884792238757427e+02 3.000778595666744764e+02
2.584894858523397033e+03 1.382685199116784958e+01 6.841548647788481041e+00 5.452038113139440867e+00 8.093506019643705258e+02 3.131609115977936426e+02
2.673563056579526346e+03 1.313144442837975490e+01 7.314951213941063735e+00 5.815510325910803857e+00 8.157017611828107420e+02 3.067904523950277280e+02
2.886891201156893658e+03 1.404946948445482491e+01 7.566959975596114774e+00 5.770600322041248731e+00 7.698451304219886424e+02 3.027767706663727267e+02
2.864176537770909363e+03 8.451322036748633693e+00 0.000000000000000000e+00 9.305148779032455408e+00 7.827378167127833422e+02 3.140636462850634416e+02
3.019711798379461015e+03 8.524819479713867665e+00 0.000000000000000000e+00 9.957136572379422290e+00 5.841696310704389180e+04 0.000000000000000000e+00
3.069106992268953036e+03 8.487342679932384115e+00 0.000000000000000000e+00 1.044869668966370924e+01 5.558677277836347639e+04 0.000000000000000000e+00
3.242919862438061045e+03 8.834643901061479454e+00 0.000000000000000000e+00 1.004047183929242415e+01 5.614526765513038117e+04 0.000000000000000000e+00
3.179893973137222929e+03 8.645147709185897256e+00 0.000000000000000000e+00 1.064974322700181020e+01 6.046690035795044241e+04 0.000000000000000000e+00
3.467060882689016125e+03 8.478100177617681865e+00 0.000000000000000000e+00 1.010157849503005600e+01 5.536639074780837836e+04 0.000000000000000000e+00
3.546088135464116476e+03 8.649855325639224546e+00 0.000000000000000000e+00 1.106346679351756812e+01 5.761206189097840979e+04 0.000000000000000000e+00
3.590977723342446097e+03 8.980448026971471265e+00 0.000000000000000000e+00 1.096170693343190727e+01 5.656917367899193778e+04 0.000000000000000000e+00
3.527617026050947970e+03 9.613162963090644553e+00 0.000000000000000000e+00 1.110054908640794302e+01 6.015631622949158191e+04 0.000000000000000000e+00
3.607344264197623033e+03 9.314177900907299801e+00 0.000000000000000000e+00 1.155713973739612221e+01 5.905466872852898814e+04 0.000000000000000000e+00
3.836955227886109697e+03 9.189761809881286325e+00 0.000000000000000000e+00 1.114316598886073884e+01 5.902294990228565439e+04 0.000000000000000000e+00
4.076334907606421893e+03 9.611887994263575763e+00 0.000000000000000000e+00 1.145365142823434468e+01 6.043169438309636462e+04 0.000000000000000000e+00
4.022693880328748492e+03 9.913333497492132551e+00 0.000000000000000000e+00 1.108907067462638629e+01 6.042854811793065164e+04 0.000000000000000000e+00
4.228944019627621856e+03 1.014055455568636255e+01 0.000000000000000000e+00 1.172347132602263464e+01 5.686327505678639864e+04 0.000000000000000000e+00
4.463136912898494302e+03 1.003928239165746739e+01 0.000000000000000000e+00 1.106781649369852083e+01 5.502988669680298335e+04 0.000000000000000000e+00
4.354901500503815441e+03 1.001934637449395105e+01 0.000000000000000000e+00 1.163128875920748406e+01 5.867884098953520152e+04 0.000000000000000000e+00
4.566245962307351874e+03 1.010734527398931526e+01 0.000000000000000000e+00 1.129425062227120335e+01 5.741935404740545346e+04 0.000000000000000000e+00
4.740137795062568330e+03 1.013835092289416728e+01 0.000000000000000000e+00 1.180865679872005281e+01 5.987811187310716923e+04 0.000000000000000000e+00
4.539767507009921246e+03 1.026981598860823475e+01 0.000000000000000000e+00 1.217143199937171438e+01 5.885701323395355575e+04 0.000000000000000000e+00
4.835099723080245894e+03 1.007274503314275016e+01 0.000000000000000000e+00 1.219981494359466190e+01 5.539984830298671295e+04 0.000000000000000000e+00
5.076647634169084085e+03 1.014277144751921789e+01 0.000000000000000000e+00 1.258091498130848862e+01 5.736674244121061929e+04 0.000000000000000000e+00
5.151268754445776722e+03 1.057776803218005490e+01 0.000000000000000000e+00 1.252052530620957782e+01 5.617829104073499911e+04 0.000000000000000000e+00
5.186370512454919663e+03 1.014108346796287030e+01 0.000000000000000000e+00 1.159986073953369790e+01 5.723827271414013376e+04 0.000000000000000000e+00
5.166454126365267257e+03 9.869774100934339600e+00 0.000000000000000000e+00 1.203226314895693072e+01 5.973584288884666603e+04 0.000000000000000000e+00
5.258125261971013970e+03 1.100687243800802229e+01 3.656295190147538232e+00 1.279615688353780989e+01 4.489009685152174143e+02 8.494737412198777804e+01
5.018718180499642585e+03 1.101016276773433766e+01 3.378287262290052606e+00 1.284185862897241392e+01 4.625094106725280767e+02 8.253995203577710527e+01
5.199620946216925404e+03 1.140831347884775049e+01 3.398188282292487816e+00 1.327674425926385204e+01 4.357504435324800056e+02 8.665402333367100596e+01
5.611550326716816926e+03 1.085439095069723514e+01 3.611601123685709513e+00 1.291103115645229948e+01 4.380967921455857095e+02 8.645808963213045217e+01
5.351476647941613919e+03 1.065537256101949026e+01 3.490487014796335163e+00 1.227299595395456322e+01 4.217396416442783789e+02 8.506468850819649674e+01
5.398101046803757527e+03 1.116201697694532946e+01 3.473331020598204866e+00 1.343293432839441692e+01 4.219602811378532010e+02 8.762984578647824208e+01
5.433551945185140539e+03 1.083536903720128919e+01 3.721589821762401051e+00 1.266986480151720862e+01 4.445435319716816593e+02 8.559516413152596215e+01
5.770242429346077188e+03 1.158080076290160498e+01 3.736275579047907858e+00 1.274955636331031883e+01 4.372362310708723498e+02 8.251216016501501826e+01
6.110380205679427490e+03 1.171271579632693793e+01 3.579501645846094426e+00 1.329392877958008334e+01 4.287755831194776306e+02 8.669876713947489577e+01
5.932773941271164404e+03 1.080584714483597786e+01 3.719185825577085769e+00 1.294558194240685189e+01 4.352784219883091623e+02 8.764126619662084750e+01
5.998092332007176992e+03 1.100711940039905024e+01 3.761581991946017833e+00 1.248529154698141852e+01 4.517430797502174187e+02 8.240499164236692309e+01
6.040211645390797457e+03 1.155631550057734458e+01 3.652004735479474018e+00 1.245203036652127970e+01 4.398139874275288435e+02 8.310128552092770349e+01
6.311385919954142082e+03 1.168260602229516820e+01 3.787977002365862322e+00 1.288622229334941416e+01 4.360876262121634568e+02 8.209957503957539870e+01
6.335278901492435580e+03 1.139836892987260164e+01 3.641042617594158148e+00 1.352530500503356770e+01 4.471420599734571510e+02 8.332211709306575642e+01
