1.933736308375468838e-01 5.631836076262983326e+00 3.443943965177848288e+00 2.869802319766374676e+00 1.387946975788660666e+03 6.052769783755624076e+02
3.269997912908306148e+01 5.559553918783620929e+00 3.450100077464715920e+00 2.833599268388141468e+00 1.468140815125133258e+03 6.276805081756363052e+02
3.296346873951871004e+01 7.917421980127309133e+00 4.518331643874345716e+00 3.186759088013641161e+00 1.432109870816816965e+03 6.204228644097701135e+02
5.206099755034720999e+01 8.014624718185194396e+00 4.444775987758967872e+00 3.348115498334329754e+00 1.349165131206074648e+03 5.801502709851102964e+02
9.720578787209743155e+01 8.130978162252807451e+00 4.258693727528570783e+00 3.367792293716556973e+00 2.014981955522399062e+02 7.820941333223851188e+01
1.537104820279011790e+02 7.770893579699865938e+00 4.456886477799898216e+00 3.273507416355717403e+00 1.903906288550418253e+02 8.089124945324194016e+01
2.029194007847981993e+02 8.008783035461384259e+00 4.642385106848927023e+00 3.442055164363928110e+00 3.536700565617723555e+02 7.880478869685860843e+01
2.623048452263072932e+02 8.839832084734283058e+00 4.667642344166395674e+00 3.620027322181996077e+00 3.640012168006297770e+02 1.413397064043345779e+02
2.873239424407344131e+02 8.540829524500646031e+00 4.543550539809926292e+00 3.694953482166115410e+00 3.533215614546429606e+02 1.406897410429888566e+02
3.460332004812714217e+02 8.913973092505129259e+00 5.002532862070959041e+00 3.743817600689893332e+00 3.625204578511085174e+02 1.376106547416709134e+02
3.999887873354593353e+02 9.397424701847953088e+00 5.000863600098512940e+00 3.469153709248884443e+00 3.625466632147466157e+02 1.389853838919740099e+02
5.047209110990183376e+02 9.663764348328282239e+00 5.434270653868590983e+00 4.035332175538194122e+00 3.541820806329442917e+02 1.482378151605666119e+02
5.853584894396275331e+02 1.025971942044893304e+01 5.921295941358424741e+00 4.225355059791980672e+00 3.647794076057653001e+02 1.449197349087634734e+02
6.471115824478036984e+02 1.113034807600054954e+01 6.225677781211508055e+00 4.340440436325256890e+00 7.503622835091388197e+02 3.016275677988274424e+02
8.225032367552853430e+02 1.071556604235288113e+01 6.295803716017666751e+00 4.278561976631005237e+00 7.388956547630436944e+02 3.152045026506635281e+02
9.152114276300924303e+02 1.131900905110557076e+01 5.939291142675488189e+00 4.560099159862468277e+00 7.200839227193492889e+02 3.241625003839245664e+02
1.000769485035800471e+03 1.188863080949147566e+01 6.123505480140694068e+00 4.591094684979601936e+00 7.105267043196469103e+02 3.105274046366220091e+02
1.127633885593156720e+03 1.192350361776575696e+01 6.677339353866533322e+00 4.578486873775377219e+00 7.764179366109462990e+02 3.056771996763454808e+02
1.216615826541244360e+03 1.227398989342590596e+01 6.626617343248133452e+00 4.645173714487550676e+00 7.447308801744073889e+02 3.062698758650898867e+02
1.288011357967507593e+03 1.212930741920007804e+01 6.415129428805303569e+00 4.995451655145624947e+00 7.203316925809149325e+02 3.073146155372109547e+02
1.418840234368226675e+03 1.220452909203679859e+01 6.353208058330616304e+00 4.892698300461906236e+00 7.744320630191492683e+02 3.015917851570777088e+02
1.590589776202789153e+03 1.278344649965055879e+01 6.792526118059583062e+00 5.207060955511010114e+00 7.692435741128633708e+02 3.020777660529423656e+02
1.881341879914273704e+03 1.305602506407800334e+01 6.933518715234802343e+00 4.955076864939508496e+00 8.119970139925280819e+02 3.213185483518631145e+02
2.086081283873919347e+03 1.239192810082946750e+01 6.584783625456424261e+00 4.946290709692488186e+00 8.080879359558331316e+02 2.987311185743410533e+02
2.282599580357144987e+03 1.266877963121916828e+01 6.816174661103228338e+00 5.503400383929278661e+00 7.901206895927203959e+02 2.969440030584523811e+02
2.400475059725489245e+03 1.349744502370817933e+01 7.324874040610696468e+00 5.303748309070379641e+00 8.045698129337627051e+02 3.224740848271397340e+02
2.546800207511496865e+03 1.349723063608022144e+01 6.770104898141767080e+00 5.316089366737550392e+00 7.974018386592257457e+02 3.002896387498232116e+02
2.615269848120558436e+03 1.335014197542416170e+01 7.385363132935723662e+00 5.745881855629490609e+00 7.928359072625954695e+02 2.978405902996277064e+02
2.844761768428722007e+03 1.409261377076578370e+01 7.268182333960505837e+00 5.788268834609427316e+00 8.127041550235717295e+02 3.218188718627077378e+02
2.990980753991486836e+03 7.948269692284388732e+00 0.000000000000000000e+00 9.631096616843606739e+00 8.074309209458839405e+02 3.002395690759988156e+02
3.017614392846410738e+03 8.290545683939752664e+00 0.000000000000000000e+00 9.533695372532253742e+00 5.771243951176312839e+04 0.000000000000000000e+00
3.089084830962999149e+03 8.172031843492693071e+00 0.000000000000000000e+00 1.064355839082832844e+01 5.594970656264432910e+04 0.000000000000000000e+00
3.064546243692076587e+03 8.201358212817694948e+00 0.000000000000000000e+00 1.010005296487339166e+01 5.536560874704451271e+04 0.000000000000000000e+00
3.292247953460087501e+03 8.822881667841349085e+00 0.000000000000000000e+00 1.002256729784114597e+01 5.813679289991579572e+04 0.000000000000000000e+00
3.331185677272082103e+03 8.440493426722220249e+00 0.000000000000000000e+00 1.098665644201400404e+01 5.692004790824814700e+04 0.000000000000000000e+00
3.381754881397553618e+03 8.704971461792636589e+00 0.000000000000000000e+00 1.090314046149743810e+01 5.666971494459320820e+04 0.000000000000000000e+00
3.486102380001722850e+03 8.605753307304928157e+00 0.000000000000000000e+00 1.041575640727174168e+01 5.624080472921658657e+04 0.000000000000000000e+00
3.803782617120759824e+03 9.619190272327653446e+00 0.000000000000000000e+00 1.084772221139093595e+01 5.655220643053310050e+04 0.000000000000000000e+00
3.939913616873851424e+03 8.991488293218225181e+00 0.000000000000000000e+00 1.054062340511861784e+01 5.553449459156744706e+04 0.000000000000000000e+00
3.880953246960122669e+03 9.616860376354939177e+00 0.000000000000000000e+00 1.112117623937028910e+01 5.919124542592749640e+04 0.000000000000000000e+00
3.919264447638370257e+03 9.911597587683292687e+00 0.000000000000000000e+00 1.165351592978577422e+01 6.021928512752739334e+04 0.000000000000000000e+00
4.238556114829615581e+03 9.754723792986931485e+00 0.000000000000000000e+00 1.118516182986919816e+01 5.506575142910625436e+04 0.000000000000000000e+00
3.990569030416691930e+03 9.303593594201082340e+00 0.000000000000000000e+00 1.114196976165988673e+01 5.870056190158163372e+04 0.000000000000000000e+00
4.145801100112949825e+03 9.495194283298280524e+00 0.000000000000000000e+00 1.161191355386486102e+01 5.892794302147610142e+04 0.000000000000000000e+00
4.227285167336289305e+03 9.904317489403544172e+00 0.000000000000000000e+00 1.189803182070515319e+01 5.930405469023275509e+04 0.000000000000000000e+00
4.542489074445755250e+03 1.002696563915810302e+01 0.000000000000000000e+00 1.186495923557139420e+01 5.959997499993432575e+04 0.000000000000000000e+00
4.600696222345151000e+03 1.035708157236674332e+01 0.000000000000000000e+00 1.206629016784726183e+01 6.042180958786995325e+04 0.000000000000000000e+00
4.697395452806405956e+03 9.942670569142954662e+00 0.000000000000000000e+00 1.200957278166895925e+01 5.602450501499601523e+04 0.000000000000000000e+00
4.857729452763634072e+03 9.845182818589865548e+00 0.000000000000000000e+00 1.192253813944349794e+01 5.774436550020371214e+04 0.000000000000000000e+00
5.078431285620773451e+03 1.042414639565390289e+01 0.000000000000000000e+00 1.177256443431217292e+01 6.017770137259446346e+04 0.000000000000000000e+00
5.075807310715756103e+03 1.056700564989894353e+01 0.000000000000000000e+00 1.236241973117502546e+01 5.653318160677814012e+04 0.000000000000000000e+00
5.129645083853941287e+03 1.070589077550831192e+01 0.000000000000000000e+00 1.236264498725996575e+01 5.636523585856574209e+04 0.000000000000000000e+00
5.116215987199022493e+03 1.019891342894542952e+01 0.000000000000000000e+00 1.180852279073516975e+01 5.718612423659863998e+04 0.000000000000000000e+00
5.226128107820022706e+03 1.156231029156899481e+01 3.542513834359521940e+00 1.238929630496503087e+01 4.437593845146109288e+02 8.132983759110271649e+01
5.122615639721408115e+03 1.087181252179980540e+01 3.459389809785823555e+00 1.245540376403602423e+01 4.240004582359980532e+02 8.147691067950599120e+01
5.354136235662641411e+03 1.099708174554346130e+01 3.434777275310787026e+00 1.292225470930033282e+01 4.395926626645134547e+02 8.614391867036685824e+01
5.435702429590346583e+03 1.064997973210629567e+01 3.542628883793920380e+00 1.317678918603246352e+01 4.440775519282458390e+02 8.317924664013766289e+01
5.566005125683312144e+03 1.116100475025326944e+01 3.639331597322704503e+00 1.296290566340036321e+01 4.499293075441168526e+02 8.396966074237414546e+01
5.607011537848494299e+03 1.136555719672315590e+01 3.625688895594826544e+00 1.259267423077821135e+01 4.222970137096658050e+02 8.549838408830991909e+01
5.791879172867318630e+03 1.173277256977032401e+01 3.535767678419178495e+00 1.247854040176421542e+01 4.370164034641325088e+02 8.504774563931522380e+01
5.654296925866507991e+03 1.143681948483302335e+01 3.655912756776892536e+00 1.342487294293312772e+01 4.198286096430587691e+02 8.117002227663856218e+01
5.902202347680236926e+03 1.137355162978476564e+01 3.478818759059860266e+00 1.357400505045176686e+01 4.315419686423390431e+02 8.622216752865587353e+01
6.063270199172041430e+03 1.081514362607979152e+01 3.689761664341813407e+00 1.340520345888270981e+01 4.534244352151021076e+02 8.650306567410312653e+01
6.071879866364652116e+03 1.078433361689452674e+01 3.575452142509959685e+00 1.356619462971534240e+01 4.314173636015273701e+02 8.293100791627489343e+01
6.345107787956961147e+03 1.071896724078275120e+01 3.764997672477807811e+00 1.265009581488120816e+01 4.139456267770286786e+02 8.521397938557686302e+01
6.293474864640473243e+03 1.090809670402476783e+01 3.707938430559478249e+00 1.255174508761488283e+01 4.312521012376774934e+02 8.284725315326065243e+01
6.602097000662732171e+03 1.156821442430896596e+01 3.571639664312963536e+00 1.343845301946014636e+01 4.385536036041139027e+02 8.832725233920092478e+01
