3.927715636708989377e-01 5.646418784250220924e+00 3.244201691765914219e+00 2.830936508704709365e+00 1.446611559626208418e+03 5.733877323351545101e+02
3.374546033622009844e+01 5.815654091504317336e+00 3.353322435096524945e+00 2.781586973553608289e+00 1.344744535852498984e+03 6.103742327837483117e+02
3.404530186010943993e+01 7.476109135670704120e+00 4.540614063542679268e+00 3.162170491643567338e+00 1.340595569773407760e+03 5.914855720581847436e+02
4.730619204343253159e+01 7.962432491533778744e+00 4.547565805710823916e+00 3.269026238079685065e+00 1.404966407968972135e+03 5.752148437416988145e+02
9.795844120315295811e+01 7.679156414521777663e+00 4.410562694041639809e+00 3.445198199441412257e+00 1.948441575440975271e+02 8.073339465770780521e+01
1.436161657521898007e+02 7.858331513371293653e+00 4.548964080517234443e+00 3.566779312389775303e+00 1.907165496719929365e+02 8.328222860540221006e+01
2.012057876035242714e+02 8.572251438863082385e+00 4.807313101886556694e+00 3.410365916539530140e+00 3.526739905765328444e+02 7.928899552764491432e+01
2.562869412462097785e+02 8.263135293961356709e+00 4.452760897088907655e+00 3.341988998617118511e+00 3.479899358633624615e+02 1.471049128746666099e+02
2.866111950210222403e+02 8.934523384742577790e+00 4.845365477140304300e+00 3.407813205957935132e+00 3.548840666854200663e+02 1.439827619002429060e+02
3.321065636224647051e+02 8.944589821326900392e+00 5.047934660680924779e+00 3.513206642184447226e+00 3.764562347797736948e+02 1.489973703692415654e+02
4.274428722971797470e+02 9.081511919025953006e+00 4.982069373513865251e+00 3.688022987834657318e+00 3.485024763298539483e+02 1.399921190773937383e+02
4.774849530005342899e+02 9.709127265176121568e+00 5.043588909714305402e+00 4.008366849096406170e+00 3.452123921507281921e+02 1.373527890525436419e+02
5.982271465605485901e+02 9.953938383875422957e+00 5.940926060816779319e+00 4.069375430017054818e+00 3.683569518745493951e+02 1.472124845712468186e+02
6.833446958222396006e+02 1.079108343853433283e+01 6.131049883470615747e+00 4.524228568033661801e+00 7.629623757665070798e+02 3.118061418964858831e+02
7.945329492278164025e+02 1.073340677660897136e+01 6.030728549111331382e+00 4.527653358194121402e+00 7.475236943396507741e+02 3.090362278117873984e+02
8.955974669237448325e+02 1.143625003932015360e+01 6.287924971230475002e+00 4.616356782935792324e+00 7.539579806342921984e+02 3.206317914418369810e+02
1.045012962429724894e+03 1.122554151312377435e+01 6.398853699420359753e+00 4.458599362513721687e+00 7.726565587789444862e+02 3.230726097346142183e+02
1.147406372795339621e+03 1.185505170379663298e+01 6.716232501080045658e+00 4.607043707004897293e+00 7.489370473349349595e+02 3.235096722752865617e+02
1.172354887952807758e+03 1.115850180943526482e+01 6.386050319829615241e+00 4.558917870542329887e+00 7.414141877186769989e+02 3.217965174261105972e+02
1.240491680194859327e+03 1.130804133504745224e+01 6.424247860399448840e+00 4.692781577157426831e+00 7.320818419836184603e+02 3.113079179650773085e+02
1.374883473714233332e+03 1.251013222129973812e+01 6.417395900429144540e+00 4.967387849571634817e+00 7.040637794369029052e+02 3.275684435491362478e+02
1.580137023969059783e+03 1.207372115889274156e+01 6.449494158323139104e+00 4.744814938054622289e+00 7.069471165207617105e+02 3.013852914991121565e+02
1.878659519044683748e+03 1.290801987363573389e+01 6.979453302508896506e+00 5.089723282056203502e+00 7.993197631004783261e+02 3.076958502602868180e+02
2.053925814766490930e+03 1.330471028090598651e+01 6.628140879829908627e+00 5.356183146277301965e+00 7.761893282214581404e+02 3.145973217327654083e+02
2.198441431239736630e+03 1.251076581650481145e+01 6.813378406056471270e+00 5.312484778722168066e+00 8.233185958520235772e+02 3.260129574344600769e+02
2.226109685935392008e+03 1.318816068380777295e+01 6.821072903158245104e+00 5.449223731235790957e+00 7.984264502586311210e+02 2.978506670025737435e+02
2.690725101069022458e+03 1.318809419410193229e+01 6.876728266944079238e+00 5.410581323525017083e+00 7.705842023941910384e+02 3.057609874622768302e+02
2.720254349336051291e+03 1.398277718963491978e+01 7.529598633645811390e+00 5.407321335102342807e+00 8.054238658117905061e+02 3.184362866301249255e+02
2.823694608214606887e+03 1.327480956362555098e+01 7.313925457176590150e+00 5.783765812006314455e+00 7.640688037027887276e+02 3.218313695121047431e+02
2.955176346568761801e+03 8.413533967403735048e+00 0.000000000000000000e+00 9.457641988079823037e+00 8.286632541527676494e+02 3.107159280799028807e+02
3.047258963171119376e+03 8.519746554794725313e+00 0.000000000000000000e+00 1.042559853602098840e+01 5.604098311262585048e+04 0.000000000000000000e+00
3.025850524756205687e+03 8.353103801362484759e+00 0.000000000000000000e+00 1.032108322291957769e+01 5.684354229685702012e+04 0.000000000000000000e+00
3.118843789087704863e+03 8.749973051804587953e+00 0.000000000000000000e+00 1.060757915284210640e+01 5.512343767047421716e+04 0.000000000000000000e+00
3.108002943554718058e+03 8.264960730838927461e+00 0.000000000000000000e+00 1.074351304460320300e+01 6.033222336211833317e+04 0.000000000000000000e+00
3.405290085982238452e+03 8.616015237152195638e+00 0.000000000000000000e+00 1.107634980144655401e+01 5.896213823796785437e+04 0.000000000000000000e+00
3.583786727178640831e+03 9.284947675560198732e+00 0.000000000000000000e+00 1.103649003529426409e+01 5.542215512544348894e+04 0.000000000000000000e+00
3.671955596942662396e+03 9.053348588553168597e+00 0.000000000000000000e+00 1.116743022279124986e+01 5.990505168558061268e+04 0.000000000000000000e+00
3.618311740754732909e+03 9.520315360252663339e+00 0.000000000000000000e+00 1.100609781463621495e+01 5.681980435945687350e+04 0.000000000000000000e+00
3.626224122676468141e+03 9.611600507276921945e+00 0.000000000000000000e+00 1.119988548100088188e+01 5.817358707706304995e+04 0.000000000000000000e+00
3.760551640568415223e+03 9.772234206671903678e+00 0.000000000000000000e+00 1.086719317382224759e+01 5.971288727386609389e+04 0.000000000000000000e+00
4.060634858139897005e+03 9.602507876538624032e+00 0.000000000000000000e+00 1.123633561962450500e+01 5.598096309168948210e+04 0.000000000000000000e+00
4.212152852796640218e+03 9.276252244296468774e+00 0.000000000000000000e+00 1.124663410736984659e+01 5.833530608232136728e+04 0.000000000000000000e+00
4.105595570180636059e+03 1.011849148104115770e+01 0.000000000000000000e+00 1.162593124150107649e+01 5.744665041957999347e+04 0.000000000000000000e+00
4.084118873284757683e+03 9.959337845462918892e+00 0.000000000000000000e+00 1.201592581100077162e+01 5.861599662282822828e+04 0.000000000000000000e+00
4.389414340704495771e+03 9.713678507644026183e+00 0.000000000000000000e+00 1.118587212424979249e+01 5.677286694141713815e+04 0.000000000000000000e+00
4.654369787755155812e+03 1.038546189928327657e+01 0.000000000000000000e+00 1.129856272702620856e+01 5.856675327966272744e+04 0.000000000000000000e+00
4.553880411562627160e+03 9.549991551301857839e+00 0.000000000000000000e+00 1.217318993288688667e+01 5.914306212389434950e+04 0.000000000000000000e+00
4.848661788507428355e+03 9.808743828675032361e+00 0.000000000000000000e+00 1.216960213218190567e+01 5.931118428481375304e+04 0.000000000000000000e+00
4.891611381566500313e+03 1.015359596192923597e+01 0.000000000000000000e+00 1.196173077655377170e+01 5.593168416496361897e+04 0.000000000000000000e+00
4.846304098004095977e+03 9.761826542638646131e+00 0.000000000000000000e+00 1.145166219049174217e+01 5.534063346232679032e+04 0.000000000000000000e+00
5.208476820884245171e+03 1.070802485150980843e+01 0.000000000000000000e+00 1.188587047024781285e+01 6.020185688234095142e+04 0.000000000000000000e+00
5.315321208820784705e+03 1.072747778045969902e+01 0.000000000000000000e+00 1.257107662836226503e+01 6.020859239541100396e+04 0.000000000000000000e+00
5.117971314105224337e+03 1.052574124173973935e+01 0.000000000000000000e+00 1.221380289956303322e+01 5.964846553215668246e+04 0.000000000000000000e+00
5.270447805941206752e+03 1.074224036302058138e+01 3.644830910574480498e+00 1.254194465673641190e+01 4.565817729447047668e+02 8.552090305640189172e+01
5.011402340642291165e+03 1.096995003125293344e+01 3.362421528278618954e+00 1.220251989911211510e+01 4.518889543891021958e+02 8.676829732918501747e+01
5.397524641130982673e+03 1.148314655817366159e+01 3.667650918060048504e+00 1.232429425948994073e+01 4.398254674741874055e+02 8.866119746309993843e+01
5.534425928977066178e+03 1.126500966759842726e+01 3.386686594453794719e+00 1.237017754015671578e+01 4.395590972638872813e+02 8.872558464330997197e+01
5.408256440890894737e+03 1.144489296400476519e+01 3.586406650800829876e+00 1.311886868134426543e+01 4.368868442421608620e+02 8.187813988940285981e+01
5.331261159855734149e+03 1.074758596615590100e+01 3.539061937539851321e+00 1.253933879416211106e+01 4.567611187249107729e+02 8.214172892871232534e+01
5.877872328780918906e+03 1.102513892148920505e+01 3.772836389787591838e+00 1.294317104165196497e+01 4.314439903210820830e+02 8.196446396187511141e+01
5.638307820457661364e+03 1.078274867742415744e+01 3.591991684261877982e+00 1.333995321200647588e+01 4.454186325746314878e+02 8.251291990875614601e+01
5.771624129705441192e+03 1.070827632135922336e+01 3.682864053843887042e+00 1.351201165057901932e+01 4.495369992018571565e+02 8.126972179815032860e+01
5.932504456583600586e+03 1.069922469060597336e+01 3.579081185775448315e+00 1.352802047124505513e+01 4.409119686181028896e+02 8.857255559984382387e+01
5.819308208612970702e+03 1.160165636092002472e+01 3.559078840728329141e+00 1.314415807324966323e+01 4.217796695491346668e+02 8.262358417294207413e+01
6.004625584532280300e+03 1.166561135422512407e+01 3.519946122080303663e+00 1.296260658980299141e+01 4.176416329272625489e+02 8.317551751160451090e+01
6.122998213884523466e+03 1.097075825211933697e+01 3.779096816534104342e+00 1.334033877955872427e+01 4.407392900548365446e+02 8.277413923867956669e+01
6.187815226385523601e+03 1.099930927933770164e+01 3.502009594983077179e+00 1.366940171607474142e+01 4.347294898311286602e+02 8.449069080581446656e+01
