-3.400155627426195704e-01 5.965277973818190027e+00 3.218841498461622486e+00 2.817648864163305511e+00 1.431619256723679655e+03 5.902624863461632003e+02
3.370079938661196195e+01 5.629281347454371698e+00 3.237185073418422654e+00 2.785988344788039139e+00 1.444154434417828725e+03 6.296648260351624913e+02
3.435888360376371509e+01 8.127013539564284628e+00 4.161018323502071681e+00 3.243289552607871329e+00 1.341328525835579057e+03 5.888644807099782383e+02
5.151772083789813195e+01 7.464066555286414051e+00 4.254809473123710717e+00 3.233042110845800288e+00 1.336310815977733455e+03 6.239428964973741358e+02
9.657414098121999757e+01 7.599688702108871041e+00 4.427677117526223505e+00 3.258338697951169927e+00 2.043620127785825389e+02 7.630259099613242313e+01
1.425988907353922741e+02 8.022891899865737031e+00 4.601429353343291062e+00 3.550087706541741550e+00 2.082538165719198844e+02 7.930975400047282164e+01
1.992852269424538747e+02 8.580174039736006009e+00 4.684250657317842403e+00 3.377970758904361048e+00 3.582626085117593675e+02 8.392534330780314633e+01
2.551117203655987851e+02 8.173313010466443984e+00 4.615733936267156778e+00 3.457630217447204668e+00 3.441413003106220572e+02 1.483892964002140502e+02
3.010411179984509999e+02 8.601250231491025744e+00 4.749203598417016892e+00 3.629916083912325231e+00 3.506845318462183059e+02 1.474098522248358165e+02
3.427425550893491959e+02 8.571828628293687302e+00 4.942103428250161912e+00 3.757662989968915124e+00 3.676102102880952884e+02 1.452598113473969477e+02
3.988587484476006466e+02 9.311583538929626869e+00 5.012034967444511047e+00 3.781913325616905297e+00 3.575484224028548397e+02 1.476320631981337783e+02
5.095919650077028678e+02 9.877317169882250170e+00 5.451467857893329771e+00 3.967742664528642216e+00 3.573558595055484375e+02 1.422637268218612689e+02
6.017758590707005624e+02 1.072330753515329960e+01 5.939070029812262064e+00 3.977096099370145410e+00 3.573348501298930273e+02 1.453285818327555035e+02
6.948208082173712228e+02 1.104575142153979250e+01 5.897289730106945349e+00 4.167759309100107501e+00 7.225840328815288558e+02 3.127676939846546134e+02
7.754433880064815412e+02 1.064926665995030675e+01 6.337132131834738225e+00 4.325530423461528606e+00 7.527797895612367256e+02 3.141108766375151617e+02
8.968362268007251714e+02 1.082104435903107387e+01 6.165056484102553469e+00 4.341368425152207777e+00 7.235363652511647388e+02 3.255735641982442417e+02
9.589102626398182565e+02 1.099766631730474309e+01 6.107237328677366683e+00 4.498318389757061553e+00 7.330001195749028966e+02 3.214618046115577954e+02
1.051413836084099557e+03 1.183448036418326943e+01 6.196790156906502034e+00 4.600829690075260103e+00 7.700120466806581589e+02 3.097106629607920922e+02
1.227688691780019099e+03 1.172200734657720744e+01 6.680799368835902641e+00 4.753083829662161364e+00 7.190468360569933566e+02 3.258446738821406825e+02
1.347047467616476297e+03 1.196976366745322018e+01 6.254440475498556751e+00 4.851836783165381917e+00 7.310700243852204494e+02 2.980058294592266179e+02
1.451827647396390830e+03 1.184803306222561936e+01 6.727889566168928859e+00 4.671115232591252386e+00 7.478857532052369379e+02 3.050685940534739871e+02
1.669604944848438890e+03 1.235043329161182868e+01 6.845967701881535028e+00 4.957575231245747283e+00 7.335753707091819251e+02 3.106364293518616932e+02
1.843700058689876869e+03 1.288894114321808182e+01 7.144995419251365831e+00 4.973719692652324831e+00 8.363228861563103465e+02 3.056337322734885902e+02
1.919163741571125001e+03 1.255810328622532168e+01 6.601630730682388482e+00 5.141460401574867944e+00 8.080883816295789757e+02 3.092516187401818684e+02
2.192858109976450123e+03 1.289176170522485521e+01 6.901339453686963665e+00 5.180936566110978525e+00 7.682107411496955365e+02 3.103793723765703021e+02
2.208011240312353493e+03 1.285458217580005424e+01 7.247200468800376605e+00 5.487531068865854067e+00 8.299076595915557846e+02 3.155383785935811716e+02
2.645451823400610920e+03 1.307062816719698972e+01 6.861752998933155823e+00 5.190934043752487348e+00 8.096604511786675857e+02 3.201240766775342195e+02
2.677429392658034430e+03 1.357559472474914664e+01 7.356270899736840008e+00 5.726512710421132191e+00 8.023252888213571623e+02 3.006933661713101742e+02
2.804056013296422407e+03 1.409613696189122756e+01 7.204631331334887534e+00 5.609652705088652880e+00 7.795594551421677352e+02 3.115678902456091919e+02
2.994275733509630754e+03 7.993199474684266725e+00 0.000000000000000000e+00 9.972421219886310695e+00 8.139723300718334258e+02 3.183326075533501012e+02
3.036973059531691433e+03 8.148548613061270984e+00 0.000000000000000000e+00 9.964846631501741214e+00 5.718422560394435277e+04 0.000000000000000000e+00
2.959192477127669008e+03 8.424950578344125418e+00 0.000000000000000000e+00 9.743621021805827453e+00 5.640942318266970688e+04 0.000000000000000000e+00
3.122225340542677714e+03 8.622123824216766153e+00 0.000000000000000000e+00 9.841525092213439407e+00 5.930927571803302999e+04 0.000000000000000000e+00
3.406382791003696639e+03 8.671802526318082016e+00 0.000000000000000000e+00 1.011096013145580308e+01 5.605876411351480056e+04 0.000000000000000000e+00
3.415457802483907926e+03 8.627034338814707937e+00 0.000000000000000000e+00 1.035735053044857779e+01 5.614270819392608973e+04 0.000000000000000000e+00
3.572603610233345989e+03 9.045489111281685979e+00 0.000000000000000000e+00 1.033840262448637404e+01 5.719132618535940856e+04 0.000000000000000000e+00
3.454650057158432901e+03 9.141890048611569952e+00 0.000000000000000000e+00 1.109406316638183121e+01 6.070619138030336035e+04 0.000000000000000000e+00
3.492769908915830001e+03 9.418177142923822132e+00 0.000000000000000000e+00 1.044274039859858227e+01 6.056642362868050259e+04 0.000000000000000000e+00
3.609858467392313742e+03 9.254975622698665916e+00 0.000000000000000000e+00 1.157507663870817183e+01 5.538062359696599015e+04 0.000000000000000000e+00
3.964648856119949414e+03 9.377824640012640600e+00 0.000000000000000000e+00 1.106766930891746270e+01 5.801719686141982675e+04 0.000000000000000000e+00
4.108699940007277291e+03 9.260807993842204766e+00 0.000000000000000000e+00 1.178043330441653147e+01 5.783253866325570561e+04 0.000000000000000000e+00
4.163502248498087283e+03 9.324160982548576726e+00 0.000000000000000000e+00 1.131861258875947485e+01 5.928073546043319220e+04 0.000000000000000000e+00
4.221205771045875736e+03 1.011019182057484755e+01 0.000000000000000000e+00 1.101720125693233499e+01 5.605996244123385259e+04 0.000000000000000000e+00
4.230019420475265179e+03 1.016114595061279857e+01 0.000000000000000000e+00 1.146327317174181459e+01 5.744733700969160418e+04 0.000000000000000000e+00
4.344604954742221707e+03 9.412051388034019084e+00 0.000000000000000000e+00 1.219622258260451453e+01 6.024150892460216710e+04 0.000000000000000000e+00
4.529019231243068134e+03 1.007752645807147296e+01 0.000000000000000000e+00 1.169522353054267150e+01 5.970239914702338865e+04 0.000000000000000000e+00
4.501191346919647913e+03 1.025958288018834175e+01 0.000000000000000000e+00 1.200875857895326071e+01 5.910667431154294900e+04 0.000000000000000000e+00
4.532882217496956400e+03 1.007245214044868753e+01 0.000000000000000000e+00 1.230373088712249441e+01 5.847007069511467853e+04 0.000000000000000000e+00
4.909827420739093213e+03 1.059991270099875393e+01 0.000000000000000000e+00 1.244278279528218434e+01 6.029506176548206713e+04 0.000000000000000000e+00
4.655739857354178639e+03 1.028718363486902909e+01 0.000000000000000000e+00 1.210291345226553261e+01 5.544479998708303174e+04 0.000000000000000000e+00
5.196075764238232296e+03 1.068863547701600503e+01 0.000000000000000000e+00 1.263902973873643631e+01 6.021729665334138554e+04 0.000000000000000000e+00
4.956920697765258410e+03 1.012265707923788405e+01 0.000000000000000000e+00 1.229657452885255964e+01 5.843117739972940035e+04 0.000000000000000000e+00
5.404848916387391000e+03 1.016784299018890891e+01 0.000000000000000000e+00 1.256230202367020787e+01 5.727633290192922868e+04 0.000000000000000000e+00
5.267370685010205307e+03 1.138931358126465199e+01 3.485532941969299081e+00 1.280570067388122091e+01 4.656823266400366492e+02 8.664659015578639867e+01
5.413343243053023798e+03 1.158140473437816809e+01 3.572134150030264799e+00 1.311030107795888355e+01 4.554919107488296959e+02 8.255609129626706988e+01
5.280681142666036976e+03 1.072282994904955800e+01 3.587879461969373907e+00 1.312324643155539938e+01 4.243423387693460995e+02 8.760970115326851726e+01
5.333311480061555812e+03 1.125600420222871989e+01 3.567516502616172147e+00 1.280175862404521858e+01 4.424440921486017260e+02 8.266771775599558225e+01
5.655474137279572460e+03 1.110927060819126488e+01 3.537878555605519892e+00 1.301399583652447589e+01 4.533861362055769177e+02 8.169951531847323167e+01
5.367095876598701579e+03 1.152010426318688374e+01 3.531977962766857715e+00 1.230490063686487723e+01 4.522094380495213386e+02 8.907917799440596696e+01
5.893704766901066250e+03 1.130629807698030298e+01 3.663447911247158739e+00 1.274099267290474202e+01 4.414887837286926811e+02 8.924535770128015599e+01
5.869509957624039998e+03 1.100070978694839852e+01 3.730721817128651363e+00 1.329361580446519220e+01 4.441407327984420590e+02 8.202149972374182596e+01
5.774852305203369724e+03 1.158308329309173068e+01 3.686740983716385145e+00 1.339058747032586361e+01 4.530753168993157374e+02 8.718156323939564345e+01
6.081971461361265028e+03 1.142250763352859977e+01 3.680581074814740727e+00 1.267036461778965162e+01 4.439378309652824441e+02 8.453196777345695523e+01
6.021069561115829856e+03 1.072815757334883102e+01 3.625145928501504855e+00 1.358962145927428722e+01 4.148942334687740185e+02 8.624180087435470909e+01
6.103383777743880273e+03 1.169056055058910104e+01 3.708247802990187747e+00 1.264644913228490708e+01 4.241535572011294448e+02 8.417489930803473897e+01
6.141386743511441637e+03 1.124028915006436158e+01 3.758467550244234623e+00 1.313913252394029740e+01 4.400649805208624912e+02 8.330887584319847861e+01
6.605883993125195957e+03 1.160982974158009107e+01 3.739893863568322541e+00 1.301069724333315136e+01 4.295680169635470520e+02 8.639458072240053355e+01
