1.771887633725697686e+00 6.158417125498872657e+00 3.341222194936868561e+00 2.854275997704572632e+00 1.348115209359865503e+03 6.495866995673064821e+02
4.094689160822692742e+01 6.264894521827634399e+00 3.484316212147292813e+00 2.668107566342226455e+00 1.418283207406283736e+03 6.221808733034376928e+02
3.656081813308911421e+01 7.419977103679610941e+00 4.013743535734526802e+00 3.553856442665654036e+00 1.292762860431874060e+03 5.536104426608102358e+02
5.573913490747946042e+01 7.357200967316680718e+00 4.460989130455511820e+00 3.135212428202764023e+00 1.422547803637984543e+03 6.195414816946728251e+02
9.617423222609572520e+01 8.204261735441878756e+00 4.281391140766970693e+00 3.199076764111913551e+00 2.093882300764099966e+02 7.216490358575596531e+01
1.319362236078807769e+02 8.350808210214687222e+00 4.507392425214227671e+00 3.370727759360522935e+00 1.876562821393045510e+02 7.599673577099315480e+01
1.941831254740351085e+02 8.106431505317781117e+00 4.686465447352087033e+00 3.134297822774526399e+00 3.627084908705692214e+02 8.113698980334871180e+01
2.166853479871155344e+02 7.615226237030109147e+00 5.022777835590214401e+00 3.527210927374676785e+00 3.423571603406155646e+02 1.429644936971658922e+02
3.382141188399932616e+02 9.336826712939135575e+00 5.113530299119958045e+00 3.552297176512417831e+00 3.858226225407951233e+02 1.496304524015574202e+02
3.734044424224639442e+02 9.277796545824333663e+00 5.130913494132759212e+00 3.879976378577520535e+00 3.545505020782064207e+02 1.561759333509111798e+02
4.380622431069095342e+02 8.258387007387172574e+00 5.143068339491244423e+00 3.594096231108249828e+00 3.842428195078645672e+02 1.301651616431282719e+02
5.356188915033997091e+02 1.042415654211530374e+01 5.157797253077899491e+00 4.059720011842066434e+00 3.823833476670781124e+02 1.349181882470579694e+02
6.339589678433438849e+02 1.045605053932417405e+01 6.119376332482663550e+00 4.476015055880837146e+00 3.482705959523765955e+02 1.439164313446128745e+02
6.651553406525002856e+02 1.031191126093175292e+01 5.625632995170602335e+00 4.638717208720687601e+00 7.557676280536504692e+02 3.093711839528801875e+02
6.784319639663692669e+02 1.191856131685846876e+01 6.417829764475192711e+00 4.904347621126958323e+00 7.594726532611182392e+02 3.180857051005053222e+02
9.190605120763301557e+02 1.170009187784065041e+01 6.813111490172718554e+00 4.851390411143588821e+00 8.138627145991599718e+02 3.027036322045822772e+02
1.109177723205016036e+03 1.067696889185634213e+01 6.570084701338074318e+00 4.930691366984512491e+00 6.804200308336824037e+02 3.037524861136892014e+02
1.220636867255428797e+03 1.226904746395043233e+01 6.114465043684826462e+00 4.545835864288632067e+00 7.793790453292092479e+02 3.312511458129989705e+02
1.122328550281064281e+03 1.105719083944860870e+01 6.135913808528887792e+00 4.850586513223984042e+00 7.796168549416607902e+02 2.814149353182867799e+02
1.194184149389609502e+03 1.237596348850266992e+01 6.437565039237740372e+00 5.068176136397259057e+00 7.959797129765164527e+02 2.896572478892673530e+02
1.591201985472854631e+03 1.121573205328972733e+01 6.205936405537710421e+00 4.923022666333336517e+00 7.960275253929377186e+02 3.305309903962635190e+02
1.546278101219434120e+03 1.314694026616664324e+01 7.235765760452489204e+00 5.343210701555205944e+00 7.164209747159085282e+02 3.296541311966761896e+02
1.868894244722754593e+03 1.200165172197606012e+01 7.496508340142277405e+00 5.529929340340588695e+00 7.267149251871190927e+02 3.263530172526333786e+02
1.943336490250346287e+03 1.291404334130830733e+01 6.949926064533617165e+00 5.593494682173864696e+00 8.295658632513312796e+02 2.991268203353088211e+02
2.026726859785454053e+03 1.400211420840243903e+01 6.898570155584670793e+00 5.429987091568534652e+00 7.627366124882785243e+02 3.073933428469946421e+02
2.107612297077117091e+03 1.240416282523056068e+01 7.745387761003864391e+00 5.404307159742649525e+00 7.335699744722051037e+02 3.066961813503031635e+02
2.197347154772599424e+03 1.353333797106451541e+01 7.474127278497761040e+00 5.832529110348429136e+00 8.056426297734160471e+02 2.996015111431676701e+02
2.397105791285920986e+03 1.357464710709499833e+01 7.287478533921309953e+00 5.799980303959011430e+00 7.303936375435240507e+02 3.385159455194795441e+02
2.834771025188089425e+03 1.322157084429630736e+01 7.771664438658546281e+00 6.184246638418623654e+00 7.984572846220120255e+02 3.103725854288470032e+02
2.966338513003940989e+03 8.307317704909909395e+00 0.000000000000000000e+00 9.220102689706482835e+00 8.187689068029644659e+02 3.123373411487419276e+02
3.276950512240153330e+03 7.528238672836843115e+00 0.000000000000000000e+00 1.057196703802357973e+01 6.040921097012652172e+04 0.000000000000000000e+00
2.783769315340293360e+03 8.039407168160831674e+00 0.000000000000000000e+00 1.026905139389371868e+01 5.411342232193747623e+04 0.000000000000000000e+00
3.278687138998435330e+03 9.058764178376529586e+00 0.000000000000000000e+00 9.428706972343004367e+00 6.233677752381937171e+04 0.000000000000000000e+00
2.808855272049051564e+03 8.893212504012051767e+00 0.000000000000000000e+00 1.034271341842226910e+01 5.624238343252395862e+04 0.000000000000000000e+00
3.750545609642058025e+03 9.248670166530624570e+00 0.000000000000000000e+00 1.058129336584941527e+01 5.463745963472605217e+04 0.000000000000000000e+00
3.570494794197829833e+03 9.628198386007440490e+00 0.000000000000000000e+00 1.091382713759937317e+01 5.610578221301782469e+04 0.000000000000000000e+00
3.714925340208867055e+03 8.926931244593442116e+00 0.000000000000000000e+00 1.137252191404956392e+01 5.924163085093002155e+04 0.000000000000000000e+00
3.319915754624785677e+03 8.714203660979446653e+00 0.000000000000000000e+00 1.103174621762585161e+01 5.434581607057592919e+04 0.000000000000000000e+00
4.232690494450728693e+03 9.063671483274514884e+00 0.000000000000000000e+00 1.199190203839959601e+01 6.173086302950983372e+04 0.000000000000000000e+00
3.356430466877465733e+03 1.019041187995342490e+01 0.000000000000000000e+00 1.148855682118497157e+01 5.305726826312734192e+04 0.000000000000000000e+00
3.600558131626199611e+03 9.591936929354309527e+00 0.000000000000000000e+00 1.179170739153579284e+01 6.059294402819909737e+04 0.000000000000000000e+00
3.714288540158453088e+03 9.789223262893655075e+00 0.000000000000000000e+00 1.193655785959411908e+01 5.316761303091242735e+04 0.000000000000000000e+00
4.086994981029028168e+03 9.667972490667251506e+00 0.000000000000000000e+00 1.195556961610610891e+01 5.749768775846414064e+04 0.000000000000000000e+00
3.885366882484719099e+03 1.063086598645686109e+01 0.000000000000000000e+00 1.070321364942653730e+01 6.147013302615030989e+04 0.000000000000000000e+00
4.469594245212755595e+03 9.025019631556874700e+00 0.000000000000000000e+00 1.130262680118399565e+01 5.999782276211524004e+04 0.000000000000000000e+00
4.377909955239944793e+03 1.004679769737116146e+01 0.000000000000000000e+00 1.210464271521690804e+01 5.775627224156843295e+04 0.000000000000000000e+00
4.549320162461154723e+03 9.588607990666686121e+00 0.000000000000000000e+00 1.234706969246261465e+01 5.492621898832618172e+04 0.000000000000000000e+00
4.049345504532638643e+03 9.792315811296427697e+00 0.000000000000000000e+00 1.300930499402784690e+01 6.110859565069179371e+04 0.000000000000000000e+00
4.763540266375275678e+03 1.024429318554421009e+01 0.000000000000000000e+00 1.302185060706253061e+01 5.766477529893345491e+04 0.000000000000000000e+00
4.565465348347764120e+03 9.411841029297383088e+00 0.000000000000000000e+00 1.182371375672878777e+01 6.063595959625070827e+04 0.000000000000000000e+00
5.497513783287488877e+03 1.079270715114237333e+01 0.000000000000000000e+00 1.142310636625454912e+01 5.597611148550321377e+04 0.000000000000000000e+00
4.169188280972118264e+03 1.019982807058380736e+01 0.000000000000000000e+00 1.330947605554566238e+01 5.449377108908193622e+04 0.000000000000000000e+00
5.339528016895837936e+03 1.068066534255495981e+01 0.000000000000000000e+00 1.181465389570205637e+01 6.282441761918929842e+04 0.000000000000000000e+00
5.789661912703246344e+03 1.093576192793315727e+01 3.172635072235461706e+00 1.168236338847656341e+01 4.706509252400270498e+02 7.764549131847083174e+01
5.481000271246102784e+03 1.042893750590507196e+01 3.573433683432578611e+00 1.283653951195992882e+01 4.531872972371917854e+02 8.663527440153455927e+01
4.404542237158126227e+03 1.066827897460808749e+01 3.762714772572454347e+00 1.259641078057570951e+01 4.202636017495775036e+02 7.714841964219702675e+01
5.015426224384575107e+03 1.028278938765170558e+01 3.372498216826484541e+00 1.381450782383538112e+01 4.755311938716857298e+02 8.078403253199512335e+01
5.683051373977124058e+03 1.099591400207036429e+01 3.621909966412432347e+00 1.402480514734183359e+01 4.718760796370281696e+02 9.041814634309389476e+01
5.055604761446960765e+03 1.040491859438653677e+01 3.238817632323806706e+00 1.208109209545870044e+01 4.705888175638356756e+02 8.096122787917883556e+01
6.405408525955887853e+03 1.088972520469821781e+01 3.481686401124834962e+00 1.267571780667925374e+01 4.052777758547918552e+02 9.051492225837216665e+01
6.300432042499970521e+03 1.179356155443202425e+01 3.786330007674227005e+00 1.267420876528050577e+01 4.701162389885996049e+02 8.540506358185378133e+01
5.987361776073930741e+03 1.141578383611370562e+01 3.932585939270286435e+00 1.279662827942640391e+01 4.060318621713774405e+02 7.953899748809212156e+01
4.832953514494016417e+03 1.100691407092287655e+01 3.646982884413450865e+00 1.200620971562754491e+01 4.318342895956350276e+02 8.033061909583342697e+01
4.860428418034488459e+03 1.172971154023201912e+01 3.492791615646135828e+00 1.295494442755768105e+01 4.087275345131851623e+02 7.799267882674931229e+01
6.319074839889684881e+03 1.221768290788817168e+01 3.595611540203810907e+00 1.299963329804541168e+01 4.641051272665396823e+02 8.089382150772586044e+01
5.693608634284772052e+03 1.038284054509784227e+01 3.547781260093777256e+00 1.272243670381473102e+01 4.556574636658967279e+02 7.754689070304104348e+01
6.927005910225527259e+03 1.055213970089225306e+01 3.519271149954000588e+00 1.331872549037926312e+01 3.916275461770067636e+02 9.105390964169110646e+01
