-4.187881639325272687e-01 5.936384398778593585e+00 3.467871458448959388e+00 2.888740159313777145e+00 1.461370993252698781e+03 6.095191503205293202e+02
3.219714548464244785e+01 5.770359742971598926e+00 3.480066599193793575e+00 2.871312570449998880e+00 1.430144959146152587e+03 5.730816301019752927e+02
3.296286741277847199e+01 7.594864674911368851e+00 4.270835279232580994e+00 3.443676604006758346e+00 1.431668746268766881e+03 6.281986068722603704e+02
4.701483729700069603e+01 7.630318502557341453e+00 4.195145574198861027e+00 3.213327764083873106e+00 1.366539177150668138e+03 5.839912759578776331e+02
1.048768141038962654e+02 8.174728999394510254e+00 4.407640689715753624e+00 3.453351897348056809e+00 2.071101006478129705e+02 7.634513300277681935e+01
1.558543490677767522e+02 7.998255082802415927e+00 4.668045276248007802e+00 3.412456786983260937e+00 2.079795380596138443e+02 8.115479083349539735e+01
2.045481409974862004e+02 8.665338208211968762e+00 4.798925236679568052e+00 3.516699851396368981e+00 3.720903708729655364e+02 8.044555307448804626e+01
2.438284189045571395e+02 8.030731889124371747e+00 4.554372988756166585e+00 3.506698190459850650e+00 3.763379973198533435e+02 1.481966748671991922e+02
3.031292192456390353e+02 8.250702951949824282e+00 4.888102771766818400e+00 3.417565279415011759e+00 3.488008289337417978e+02 1.430594601230255591e+02
3.334234633601949440e+02 8.743368098074755679e+00 5.049939710268271931e+00 3.427891148916112130e+00 3.642803723224621990e+02 1.466107031789146617e+02
3.940978139057895078e+02 9.302295417614452333e+00 4.988094065861711890e+00 3.814418150813167152e+00 3.525288650276918929e+02 1.391966856670949539e+02
4.896638784428627105e+02 9.441817642482698503e+00 5.042005932093765352e+00 3.862684318624272084e+00 3.605790975636274425e+02 1.406187008118907045e+02
5.998988465279932143e+02 1.031531276543980979e+01 5.466397641613900404e+00 4.015328345294475021e+00 3.726626601395649914e+02 1.480739025347081110e+02
6.911522074913763163e+02 1.122403301881466753e+01 5.921226092273269792e+00 4.493998568827427320e+00 7.344711386677707878e+02 3.040380711966623721e+02
7.710273036604178287e+02 1.087324655884036595e+01 6.139842088398838271e+00 4.546101172679917646e+00 7.051615265908732226e+02 3.092193144508597129e+02
9.305350468292385813e+02 1.172038398298903239e+01 6.499436358848394768e+00 4.385263665822951573e+00 7.599419290383671068e+02 3.042869141705432412e+02
1.037094038656953671e+03 1.143161880450119483e+01 6.511559506630851146e+00 4.753679911597417096e+00 7.741110202751603993e+02 3.220472144541203647e+02
1.138602367392004908e+03 1.187588176582720223e+01 6.209120322927023317e+00 4.505329460598867186e+00 7.488947210246419672e+02 3.226078285648037536e+02
1.154202232618393055e+03 1.175538665646993763e+01 6.528385494229804742e+00 4.745440254352385701e+00 7.376290515453550825e+02 3.114649318423303725e+02
1.284960420921450577e+03 1.137926896035559921e+01 6.434226553430480777e+00 4.690078836275121787e+00 7.164257510562102880e+02 3.063275993807117175e+02
1.427350529190636507e+03 1.220342912138393388e+01 6.457271157415791052e+00 4.701344474159435904e+00 7.081963985815816613e+02 3.160779528638996112e+02
1.632952209180625914e+03 1.167297288966478774e+01 6.437842447389575007e+00 4.877055645581251930e+00 7.500281559830467586e+02 3.223142539471122063e+02
1.741248634611303942e+03 1.284393853498047910e+01 6.592630897704768067e+00 5.345323070468173121e+00 8.044073627011737244e+02 3.268585112710012481e+02
1.901437645727014569e+03 1.295957231830601586e+01 6.653804303628078287e+00 5.458631306550778994e+00 8.257085283585506659e+02 2.990485337454605883e+02
2.245165610891716369e+03 1.317493845133526165e+01 7.289883206965826368e+00 5.320017110666397819e+00 7.628226912575337337e+02 3.077877952918287860e+02
2.235681411900883177e+03 1.287989257647724806e+01 7.307496710792018568e+00 5.530671768255156273e+00 8.095654272093083819e+02 3.174424262324512824e+02
2.627342720675944292e+03 1.348451114090508263e+01 7.145021132884880721e+00 5.598689770360763873e+00 7.660710584116768587e+02 3.122007097435821947e+02
2.702868451383586034e+03 1.380294071465507066e+01 7.087439464537967915e+00 5.548201316311323517e+00 7.822468250600689998e+02 3.159575806403386764e+02
2.783690959578236743e+03 1.366561821568324930e+01 7.240437072429720011e+00 5.710308638636586664e+00 8.171763473421469826e+02 3.014046236372714702e+02
2.859652228345508320e+03 8.060776879614747870e+00 0.000000000000000000e+00 9.215949152869120198e+00 8.217881184168458049e+02 3.048549920715637427e+02
3.022191700085008051e+03 8.449389452491057995e+00 0.000000000000000000e+00 9.785202052280649099e+00 5.728296589312675496e+04 0.000000000000000000e+00
3.054073868506594408e+03 8.477537787985237827e+00 0.000000000000000000e+00 9.912741002599432250e+00 5.903689246144081699e+04 0.000000000000000000e+00
3.113480276912219779e+03 8.441733342084386749e+00 0.000000000000000000e+00 9.923665950110036604e+00 5.987026236252959643e+04 0.000000000000000000e+00
3.255422179903715914e+03 8.672835024911291768e+00 0.000000000000000000e+00 1.044903884538720540e+01 5.915735835593603406e+04 0.000000000000000000e+00
3.407980995356547282e+03 8.594798344990303818e+00 0.000000000000000000e+00 1.086467271372164589e+01 5.704581576087467693e+04 0.000000000000000000e+00
3.303481775007621764e+03 9.246820283812020591e+00 0.000000000000000000e+00 1.038613169815096171e+01 5.610999659459971008e+04 0.000000000000000000e+00
3.566863693486453940e+03 8.999728305818434748e+00 0.000000000000000000e+00 1.054745586858419593e+01 5.590555321976875712e+04 0.000000000000000000e+00
3.663648655347273689e+03 9.116152985221482652e+00 0.000000000000000000e+00 1.078468893350148328e+01 5.945538022418450419e+04 0.000000000000000000e+00
3.802939105615479548e+03 9.177043827946896215e+00 0.000000000000000000e+00 1.058876939095132386e+01 5.780577945450656262e+04 0.000000000000000000e+00
3.833776695815716266e+03 9.042181433534885571e+00 0.000000000000000000e+00 1.140531903749515585e+01 5.587190306988968223e+04 0.000000000000000000e+00
4.087767784089475299e+03 9.850165255940042996e+00 0.000000000000000000e+00 1.181782103622841262e+01 5.624540328726061853e+04 0.000000000000000000e+00
4.014608891710765874e+03 9.488615969779157666e+00 0.000000000000000000e+00 1.095193014733339432e+01 5.840036547012535448e+04 0.000000000000000000e+00
4.318381195041532919e+03 9.529465281720309378e+00 0.000000000000000000e+00 1.157658921890754833e+01 5.501662291766934504e+04 0.000000000000000000e+00
4.155686443876885278e+03 1.015274270385102362e+01 0.000000000000000000e+00 1.199071110093954751e+01 5.843749815173121897e+04 0.000000000000000000e+00
4.529691247778034267e+03 9.667142796868306576e+00 0.000000000000000000e+00 1.164563897520826430e+01 5.843200456207334355e+04 0.000000000000000000e+00
4.443663793206554146e+03 1.028951051362940206e+01 0.000000000000000000e+00 1.231965475676722122e+01 5.508969267693916481e+04 0.000000000000000000e+00
4.676127404253057648e+03 9.575383682076170189e+00 0.000000000000000000e+00 1.135538635979469291e+01 5.586032807904332003e+04 0.000000000000000000e+00
4.594634243139032151e+03 1.037257062156469445e+01 0.000000000000000000e+00 1.230713736521363977e+01 5.973504217593326757e+04 0.000000000000000000e+00
4.775367133995718177e+03 1.040454384519496678e+01 0.000000000000000000e+00 1.149150020564074204e+01 5.773627461861589836e+04 0.000000000000000000e+00
4.860618183560249236e+03 1.066535381470555066e+01 0.000000000000000000e+00 1.149469925728281439e+01 5.952294961682064604e+04 0.000000000000000000e+00
5.111490587537716237e+03 1.034161270645458686e+01 0.000000000000000000e+00 1.256673089352839590e+01 5.611973235903960449e+04 0.000000000000000000e+00
4.975628806412486483e+03 9.831015376767632929e+00 0.000000000000000000e+00 1.161986488574256526e+01 5.544323481506417738e+04 0.000000000000000000e+00
5.223946646845393843e+03 1.002714668392562025e+01 0.000000000000000000e+00 1.265669094425650165e+01 6.062316654496248520e+04 0.000000000000000000e+00
4.988008964309638941e+03 1.050628121526668579e+01 3.593978301304508349e+00 1.257603566801913253e+01 4.294912705810709781e+02 8.800743802745438416e+01
5.019337280051997368e+03 1.085638928411631632e+01 3.421690383650104028e+00 1.320875696910686692e+01 4.362850413379948122e+02 8.158708100495989868e+01
5.492056442071977472e+03 1.097718642721044802e+01 3.464214668911567152e+00 1.305842963825637959e+01 4.412333664223934875e+02 8.747905367197793680e+01
5.425106894024405847e+03 1.066618789655892563e+01 3.665923537222117279e+00 1.336806449589943036e+01 4.505106624059403657e+02 8.502710144536230530e+01
5.719333383617547042e+03 1.169001613143904628e+01 3.461150376320691890e+00 1.283790490630194014e+01 4.595997356200328454e+02 8.472288969846455586e+01
5.317132890559826592e+03 1.124877823571008584e+01 3.432834213584176730e+00 1.272545912304779314e+01 4.277824072707823007e+02 8.736154449893429330e+01
5.938985375626783934e+03 1.134808670788672025e+01 3.524692621071654930e+00 1.241594392268302194e+01 4.427678340571617923e+02 8.831671805370648087e+01
5.970265063371525684e+03 1.091059827951869643e+01 3.751875248283741637e+00 1.331794585779226558e+01 4.336320422225600169e+02 8.338795761662342443e+01
5.752137198547119624e+03 1.124523034566749935e+01 3.760925627274917638e+00 1.294199009514514742e+01 4.488499617020989945e+02 8.570164177624671709e+01
5.779437154326966265e+03 1.072902218338089853e+01 3.487288473969137659e+00 1.300308668890319375e+01 4.157050218757112248e+02 8.370368925503743185e+01
6.250145554603650453e+03 1.180905447834613753e+01 3.602434415558496639e+00 1.350856897261589395e+01 4.217110578459852945e+02 8.253960775119315940e+01
6.468093447476113397e+03 1.087939644884846047e+01 3.550809628481660596e+00 1.294868471527726683e+01 4.169266937970738240e+02 8.877657974925141104e+01
6.052546787354141088e+03 1.154694909290257954e+01 3.681868995675347644e+00 1.297183946481871253e+01 4.096838382997271992e+02 8.188340443299313165e+01
6.258450255191892211e+03 1.171777844049778672e+01 3.792174954948239307e+00 1.288238128459194165e+01 4.242136308926397987e+02 8.858967728190987145e+01
