2.586456686952031125e-01 5.620507196627779756e+00 3.419103071976143049e+00 2.935564324178180584e+00 1.376618899547521551e+03 5.862689656849715902e+02
3.451555414157019896e+01 6.049022833939303290e+00 3.447735468928538438e+00 2.724284463006308332e+00 1.451543440009158303e+03 5.854951498674190589e+02
3.133962037485514429e+01 8.077730899858497793e+00 4.256783915942239815e+00 3.423926847867867274e+00 1.392074041720716423e+03 5.972499537905816851e+02
5.055639434565075874e+01 8.191833160700664251e+00 4.264082375803081248e+00 3.252136250304073606e+00 1.409331545939725629e+03 5.729320703973443187e+02
1.016911804197555398e+02 7.673554368771199563e+00 4.339474591136843529e+00 3.213404181978655849e+00 2.053035599079708788e+02 8.301899211412360557e+01
1.532385213864356786e+02 8.454026305532893915e+00 4.336936760126294033e+00 3.313838582644981212e+00 1.981104057869163739e+02 7.666834243632396806e+01
1.896851551496199590e+02 7.858910016401416954e+00 4.555000711634860977e+00 3.553097721371139883e+00 3.747207154331825905e+02 7.841938511215582253e+01
2.401535655428205871e+02 8.188063217986776721e+00 4.802796606397148338e+00 3.485179196641494670e+00 3.448347126079366376e+02 1.368681533956001601e+02
2.955531351981979924e+02 8.350218245830589581e+00 4.971486579458567867e+00 3.406376522701048515e+00 3.467868126348482747e+02 1.426348087462137642e+02
3.408049161908621727e+02 9.105010690107400606e+00 4.763033087837171387e+00 3.457570916729781452e+00 3.704001705456459490e+02 1.442984710619619477e+02
4.282576346560989577e+02 8.832648474834524421e+00 4.966558317691213809e+00 3.470020218886266772e+00 3.473459429773432134e+02 1.489106052175189063e+02
5.118740894440445004e+02 9.718446999041630008e+00 5.140964926586158334e+00 4.015629108236764999e+00 3.428493735065964074e+02 1.494416327815678471e+02
5.862710288823939209e+02 1.018853304803839599e+01 5.563522243981676496e+00 4.296098634668341631e+00 3.539983855823942349e+02 1.430117057950261881e+02
6.540713993413975231e+02 1.050048908854749641e+01 6.088478105269937934e+00 4.335938327344907250e+00 7.491236836775505026e+02 3.243552102198131024e+02
8.292219570035937295e+02 1.107935565071805151e+01 6.230285988035842770e+00 4.308265047501829592e+00 7.604892389993073039e+02 3.141059050148920733e+02
8.822776823295574786e+02 1.142484086766736340e+01 6.487595107661076277e+00 4.448926653997950176e+00 7.315901146287671963e+02 2.990991290113260561e+02
9.952900417651750331e+02 1.138850566077674920e+01 6.090046536564396540e+00 4.510140138275766652e+00 7.196001957929760238e+02 3.120611914634295090e+02
1.149293998175909337e+03 1.210295897336264304e+01 6.136769764394586879e+00 4.747807148896832530e+00 7.349147151708095862e+02 3.047057358393975619e+02
1.179919698459736765e+03 1.131076264910105778e+01 6.301158935369171488e+00 4.957408523991206017e+00 7.226914195094465185e+02 3.003129235281683691e+02
1.257345693966545923e+03 1.196732812262917811e+01 6.601085869129211581e+00 4.804449443510900863e+00 7.197558301222035197e+02 3.026721000320492294e+02
1.454478637878964946e+03 1.256440479204477967e+01 6.535623675536071708e+00 4.796844852200350395e+00 7.471894979583097438e+02 3.001720877294958427e+02
1.664425717639132245e+03 1.186522934013185981e+01 6.610659822223245108e+00 4.875831526945997751e+00 7.156860082663118874e+02 3.175348933551928781e+02
1.856627277212771105e+03 1.238664743928062784e+01 6.860988912590167743e+00 5.128123741296682248e+00 7.908127349733226765e+02 3.239129658280302806e+02
1.969185721592668870e+03 1.305955528484440187e+01 6.642829645447731579e+00 5.110882179106748247e+00 8.099167746123395091e+02 3.080588203387343356e+02
2.264662961487536450e+03 1.310501494004712875e+01 7.036494038458745770e+00 5.483813841804113132e+00 8.009013434048026738e+02 2.996106060505187543e+02
2.412226785088253564e+03 1.319559934106204580e+01 7.177390966658203197e+00 5.515423555484920470e+00 8.356409091496814199e+02 3.227723534840319530e+02
2.541869395234507465e+03 1.352779727126621445e+01 6.727462819863423427e+00 5.419107245707944109e+00 7.678311330000470889e+02 2.999433586953419990e+02
2.675662588534651150e+03 1.379172322998238975e+01 7.350471293082692092e+00 5.472845238994673345e+00 7.739664067149046787e+02 3.249094949909297156e+02
2.819308926331808379e+03 1.351506059269660476e+01 7.469014614078815839e+00 5.603380846065639354e+00 8.256030604243536573e+02 3.123926732349720510e+02
3.010983649888793934e+03 8.050715582306924745e+00 0.000000000000000000e+00 9.511106878968826450e+00 8.228051463355932356e+02 3.007577696058942252e+02
2.929604530072183479e+03 8.350144586460951146e+00 0.000000000000000000e+00 1.003066809291833650e+01 6.016681881632826116e+04 0.000000000000000000e+00
3.018961954998702822e+03 8.506454533736610202e+00 0.000000000000000000e+00 1.004530112972518729e+01 5.813877937654220295e+04 0.000000000000000000e+00
3.165949518708638607e+03 8.262198883692649432e+00 0.000000000000000000e+00 1.078977458868917516e+01 5.668282864550733211e+04 0.000000000000000000e+00
3.164446217453744339e+03 8.640516656735004020e+00 0.000000000000000000e+00 1.055202374794133036e+01 5.856270039517717669e+04 0.000000000000000000e+00
3.425033009717868936e+03 9.228179926243100795e+00 0.000000000000000000e+00 1.017127586356702373e+01 5.626179143670959456e+04 0.000000000000000000e+00
3.325725152761703157e+03 8.651663355970047320e+00 0.000000000000000000e+00 1.077669901028962229e+01 5.986280524824815802e+04 0.000000000000000000e+00
3.450339103397833696e+03 8.925893343553076065e+00 0.000000000000000000e+00 1.120916169721199651e+01 5.631745903698886104e+04 0.000000000000000000e+00
3.602808890246854844e+03 9.561554009369334750e+00 0.000000000000000000e+00 1.084119577204191565e+01 5.618076238930643012e+04 0.000000000000000000e+00
3.744448329830419425e+03 9.235115133481341942e+00 0.000000000000000000e+00 1.075505861611899938e+01 5.579177373230213561e+04 0.000000000000000000e+00
3.933905693389283897e+03 9.479521795059293154e+00 0.000000000000000000e+00 1.112513820067453807e+01 5.814300036542258022e+04 0.000000000000000000e+00
3.903521734510994065e+03 9.943153646574163673e+00 0.000000000000000000e+00 1.082357618537240995e+01 6.069283333289927396e+04 0.000000000000000000e+00
4.044380737643708926e+03 9.922307299223527721e+00 0.000000000000000000e+00 1.188566598428208643e+01 5.554882433573486196e+04 0.000000000000000000e+00
4.154558220036382409e+03 1.012363071449424368e+01 0.000000000000000000e+00 1.187061259652567458e+01 5.702533468462822930e+04 0.000000000000000000e+00
4.089268263008699705e+03 9.502166456842202180e+00 0.000000000000000000e+00 1.137437329597232782e+01 5.939383021343372820e+04 0.000000000000000000e+00
4.532775856208822916e+03 9.864417247345153683e+00 0.000000000000000000e+00 1.183880495854929116e+01 5.766547656620292400e+04 0.000000000000000000e+00
4.683687181694389437e+03 1.007470420986286541e+01 0.000000000000000000e+00 1.196800178463884379e+01 5.995185110812462517e+04 0.000000000000000000e+00
4.717954411089217501e+03 9.621870511218332922e+00 0.000000000000000000e+00 1.222420211270527801e+01 5.795081206667187507e+04 0.000000000000000000e+00
4.716250265095263785e+03 9.664608935854239746e+00 0.000000000000000000e+00 1.166375951866437077e+01 5.891311572054142016e+04 0.000000000000000000e+00
4.558371990920460121e+03 1.032978758554463639e+01 0.000000000000000000e+00 1.248862067561773515e+01 6.068904925967912277e+04 0.000000000000000000e+00
4.699318065550651227e+03 1.027353494482890994e+01 0.000000000000000000e+00 1.208070019468627443e+01 5.971995786228846555e+04 0.000000000000000000e+00
4.738505147131207195e+03 1.071348928158110780e+01 0.000000000000000000e+00 1.241812620338633621e+01 5.777503519380246871e+04 0.000000000000000000e+00
5.236036131281034613e+03 1.068960365112693189e+01 0.000000000000000000e+00 1.165597008543325686e+01 5.639119179273549526e+04 0.000000000000000000e+00
5.088491915335001977e+03 1.042480593275380940e+01 0.000000000000000000e+00 1.265322875110938838e+01 5.997473072241226328e+04 0.000000000000000000e+00
5.152090828371106909e+03 1.138347633598389130e+01 3.366580945038938122e+00 1.300998229420057051e+01 4.407441981093938921e+02 8.690762851391633603e+01
5.399884983381090024e+03 1.089498282275386032e+01 3.428708847760710388e+00 1.337955846890181988e+01 4.321375790951350382e+02 8.142719593622415175e+01
5.495519692891985869e+03 1.151293530644131557e+01 3.456427077730236608e+00 1.221538525981584122e+01 4.646778334184162986e+02 8.873724682517141105e+01
5.239160149297637872e+03 1.154438900997638839e+01 3.677463432166195201e+00 1.241275611144031821e+01 4.580361094771055264e+02 8.143607960638097154e+01
5.591604830296041655e+03 1.131073680404563753e+01 3.597143181091206898e+00 1.348505493710366920e+01 4.182824746787704839e+02 8.452400300234749864e+01
5.377465564202898349e+03 1.142227355303974612e+01 3.476810754441853391e+00 1.303985918187492032e+01 4.503378963914030919e+02 8.676178571648627269e+01
5.524738148453828217e+03 1.115691785667725178e+01 3.447163121364498650e+00 1.251424878394566420e+01 4.555485429576887668e+02 8.504322781165907941e+01
5.992909748175136883e+03 1.078158817399146230e+01 3.617549760988080454e+00 1.340907981222211021e+01 4.201649985802061451e+02 8.270467159107680288e+01
5.727964221048263425e+03 1.148124436409093896e+01 3.820821050310090339e+00 1.260867855750559308e+01 4.166799451742866722e+02 8.489060129858381742e+01
6.094633034905839850e+03 1.105212796706463330e+01 3.634215501737978915e+00 1.243321644236239365e+01 4.281883401887835703e+02 8.890181497402502941e+01
6.300904844472310288e+03 1.162604755808824919e+01 3.675561488867933768e+00 1.309942908540492645e+01 4.280224156124789943e+02 8.279891441584848621e+01
6.240214885291756218e+03 1.143217144386053441e+01 3.827124708940540465e+00 1.322956833673539201e+01 4.223159733149072395e+02 8.739212725782232383e+01
6.249715934895564715e+03 1.128619034251864051e+01 3.687574184312175429e+00 1.261658012326405220e+01 4.354644682871618784e+02 8.580954406622004171e+01
6.143574829937565482e+03 1.079598417787814846e+01 3.771951958617841161e+00 1.284405539876290447e+01 4.248399415608978416e+02 8.808529154214713230e+01
