2.152054340554208078e-01 6.014895918239350436e+00 3.422124192967784140e+00 2.822604793903425779e+00 1.352500654409380331e+03 6.221162888994036848e+02
3.447337774819938971e+01 5.555455880264609902e+00 3.352314772768339779e+00 2.817256162632449268e+00 1.347923527076982964e+03 5.923053120336785469e+02
3.103984346709331987e+01 7.810789995518069517e+00 4.439981642121610506e+00 3.235348249243375829e+00 1.458342198829119297e+03 5.788986761939615917e+02
4.765918479295506671e+01 7.429368686740819960e+00 4.468448382031732891e+00 3.168684670947619963e+00 1.358229512202152591e+03 5.880513973090220361e+02
1.033231730296205342e+02 8.118852782867357121e+00 4.484579387475364776e+00 3.254853221153342968e+00 2.012248899149254271e+02 7.617305219396261862e+01
1.447810994166124487e+02 8.051248142792168494e+00 4.731552223231285659e+00 3.446455421046718648e+00 2.040888015312258403e+02 7.703049861055004044e+01
2.016251379855660844e+02 8.317794194338063107e+00 4.471855675737784530e+00 3.566329699192615443e+00 3.617448203876930393e+02 8.292598699737487777e+01
2.379287095031588990e+02 8.219351862551818044e+00 4.525267221250194538e+00 3.402319535468318001e+00 3.463244012509717322e+02 1.388682446981234477e+02
2.909649921197300273e+02 8.172630059159134319e+00 4.932479398112667113e+00 3.460920873962382238e+00 3.429447919751103768e+02 1.458410414783457725e+02
3.597723245162734997e+02 8.478706822440624791e+00 4.932047918006596809e+00 3.668799809878156015e+00 3.510888614716276948e+02 1.500440281680239423e+02
4.003109010626155282e+02 9.134122303373125362e+00 4.914906476155687542e+00 3.593733750671238347e+00 3.743907922648126601e+02 1.456942490978241835e+02
4.980441396423205447e+02 9.493746601294162701e+00 5.486880927844775435e+00 3.872428372858296886e+00 3.457551091333858722e+02 1.466245351285068637e+02
5.731124850949163374e+02 1.064439352812941841e+01 5.734139442477525606e+00 3.969892610089247320e+00 3.504903422054385942e+02 1.411120708088202491e+02
6.678853784610936373e+02 1.094925847043570499e+01 5.978551406120375056e+00 4.571158174067909918e+00 7.581554060878061136e+02 3.049638452651766443e+02
7.932385438158923989e+02 1.046837734474342518e+01 6.400590131679228634e+00 4.337739145357507375e+00 7.341407777022201344e+02 3.138334653899536875e+02
8.614077634832060539e+02 1.095343846622034434e+01 5.935774231773556231e+00 4.560592425796325067e+00 7.479291310214318855e+02 3.135549398964383272e+02
9.817211286148034333e+02 1.142653866842497834e+01 6.170614148759812068e+00 4.690912530666912161e+00 7.505252414557751308e+02 3.086858320888862295e+02
1.122475630364561539e+03 1.106561256116808956e+01 6.252967766577117281e+00 4.629838045204397012e+00 7.278683206752289152e+02 3.225909411235261928e+02
1.239331225543182654e+03 1.118060296748279825e+01 6.485971874404673265e+00 4.924026284448322244e+00 7.659207010526669137e+02 3.174543133713213479e+02
1.321869285197345334e+03 1.224180489734840727e+01 6.322861420954045464e+00 4.664639548926452939e+00 7.076737177414036069e+02 3.138482526430199187e+02
1.437081183478909225e+03 1.158809435838393931e+01 6.408104514416474551e+00 4.920581114235545783e+00 7.381706484700501960e+02 3.247263785525690878e+02
1.560661669916459459e+03 1.235008948107187088e+01 6.465137931383484471e+00 5.194423928551917591e+00 7.070602268718870391e+02 3.176323028955487757e+02
1.875892904842580947e+03 1.294293135900594649e+01 7.080592023378351030e+00 5.035166071624731288e+00 7.889389318998303224e+02 2.976284184576512644e+02
2.066628250798928093e+03 1.251245915498566852e+01 7.146148859502972073e+00 5.343940595834910212e+00 7.704246923739087833e+02 3.081212377943573415e+02
2.213433372059585963e+03 1.239665527111652565e+01 7.053239831505698554e+00 5.459382276159082892e+00 7.925551947823695400e+02 3.180773494986716514e+02
2.405088269214018055e+03 1.352578415503219844e+01 6.721534719637270783e+00 5.252980217250828865e+00 7.771547474482241569e+02 3.210496895796661647e+02
2.593928969486146798e+03 1.348679191878821015e+01 6.917119825529605137e+00 5.633060188097405607e+00 8.006908392049948588e+02 3.095962759255352239e+02
2.674873679868067484e+03 1.395342559195153065e+01 6.995808569743147132e+00 5.686149494626801193e+00 7.796167815643573249e+02 3.257540277407262579e+02
2.966357029316596709e+03 1.370429041213114019e+01 7.060712045955361837e+00 5.683816315555994869e+00 8.032393896729034850e+02 3.052719518358615574e+02
2.976815109568949083e+03 8.260349771130631069e+00 0.000000000000000000e+00 1.017088892930002864e+01 8.231611586330520822e+02 3.142151365403405521e+02
3.028980866729273657e+03 8.321002208614418194e+00 0.000000000000000000e+00 1.037419155523432934e+01 6.018391503894704510e+04 0.000000000000000000e+00
3.194088105769580579e+03 8.660603778956007304e+00 0.000000000000000000e+00 1.034009281196755836e+01 5.582700570539299952e+04 0.000000000000000000e+00
3.236497762329077432e+03 8.899557087665153077e+00 0.000000000000000000e+00 1.017473942189780267e+01 5.953130490150993137e+04 0.000000000000000000e+00
3.320604217060266365e+03 8.531475602421359383e+00 0.000000000000000000e+00 1.029662939060775528e+01 5.594438398865405179e+04 0.000000000000000000e+00
3.431913065970915795e+03 9.084582796916020442e+00 0.000000000000000000e+00 1.050513118359713260e+01 6.026237941766413132e+04 0.000000000000000000e+00
3.578377721358083363e+03 8.605842459778815012e+00 0.000000000000000000e+00 1.074645240649603473e+01 5.495594568335173244e+04 0.000000000000000000e+00
3.507231960258399795e+03 8.715339137044537665e+00 0.000000000000000000e+00 1.079953392349331409e+01 6.022576154597359709e+04 0.000000000000000000e+00
3.848521561361578279e+03 8.965666160051378952e+00 0.000000000000000000e+00 1.133521200641660975e+01 5.581097448280825483e+04 0.000000000000000000e+00
3.692496522514736625e+03 9.715848658789150605e+00 0.000000000000000000e+00 1.141613895353984454e+01 6.044818661735818023e+04 0.000000000000000000e+00
3.887039686146875283e+03 9.459335959753879308e+00 0.000000000000000000e+00 1.165071869507043445e+01 5.623915668573194125e+04 0.000000000000000000e+00
3.907058869133139069e+03 9.293218221853690508e+00 0.000000000000000000e+00 1.169718903753197026e+01 5.899456616926834977e+04 0.000000000000000000e+00
4.139413940467819884e+03 9.889339273766516669e+00 0.000000000000000000e+00 1.146143807325902841e+01 6.003839552786843706e+04 0.000000000000000000e+00
4.237148097075427359e+03 1.014283592083058849e+01 0.000000000000000000e+00 1.178251361078764781e+01 5.680677868016637512e+04 0.000000000000000000e+00
4.275286670138329100e+03 9.559613774705425726e+00 0.000000000000000000e+00 1.114450404115075166e+01 5.697810881517882808e+04 0.000000000000000000e+00
4.219091316074448514e+03 1.009245082443022845e+01 0.000000000000000000e+00 1.121538682164398892e+01 5.795576719384588796e+04 0.000000000000000000e+00
4.652702179926276585e+03 9.867371084151368876e+00 0.000000000000000000e+00 1.127333009765536964e+01 6.057026780144879012e+04 0.000000000000000000e+00
4.486174425668737967e+03 9.619761583097442781e+00 0.000000000000000000e+00 1.185213009903507597e+01 5.842624027372372802e+04 0.000000000000000000e+00
4.513705088522486221e+03 1.002083341871426647e+01 0.000000000000000000e+00 1.146937665369598491e+01 5.740061280692728906e+04 0.000000000000000000e+00
4.896690683969653037e+03 1.014621810586195494e+01 0.000000000000000000e+00 1.222487132971788704e+01 5.635028724722492188e+04 0.000000000000000000e+00
4.760084248666460553e+03 1.001307745197038734e+01 0.000000000000000000e+00 1.248634648248471279e+01 5.903305159645406820e+04 0.000000000000000000e+00
4.844767817168140937e+03 1.067162569027906294e+01 0.000000000000000000e+00 1.257054639681467201e+01 5.581035393604348792e+04 0.000000000000000000e+00
5.034429512100817192e+03 1.069587183263520203e+01 0.000000000000000000e+00 1.258675237762073529e+01 5.498943369600039296e+04 0.000000000000000000e+00
5.189924948652777857e+03 1.010272181895219212e+01 0.000000000000000000e+00 1.236739021092044588e+01 5.999188982574717375e+04 0.000000000000000000e+00
5.403128544996992787e+03 1.067109246603614814e+01 3.448500344572831278e+00 1.241074456262453118e+01 4.427754930883982070e+02 8.540484583305365618e+01
4.938268887437998274e+03 1.133025284826095280e+01 3.357939790969890481e+00 1.270631555036088045e+01 4.343022781714053622e+02 8.225387426431539950e+01
5.118863268064234035e+03 1.137854438877422503e+01 3.641168651808434742e+00 1.280994970091678020e+01 4.500024476418077484e+02 8.428187592873709377e+01
5.211879423717745340e+03 1.081338041751378931e+01 3.432966560679353130e+00 1.275643085209109984e+01 4.337296678599645929e+02 8.516490900963712818e+01
5.380409603925694682e+03 1.084730686926364740e+01 3.551514727977544972e+00 1.329020476278206075e+01 4.412449758643757605e+02 8.702450026367574765e+01
5.824920166643287303e+03 1.075934886875852037e+01 3.478379650202057416e+00 1.348691056271387012e+01 4.274664093156242757e+02 8.165823989402937855e+01
5.778845265309700153e+03 1.096259925240969402e+01 3.777188636183332004e+00 1.276244669912047058e+01 4.516845644190343023e+02 8.681466511382870976e+01
5.939240465470062190e+03 1.080654036763404591e+01 3.775666272075290042e+00 1.350737797064561008e+01 4.417879966620820937e+02 8.390492911611904958e+01
5.867010483123385711e+03 1.105820416191240696e+01 3.772935591956219081e+00 1.246766317007870128e+01 4.462711490750800181e+02 8.575432872523279570e+01
5.739316081184442737e+03 1.085855284820837774e+01 3.481999783509090118e+00 1.284749924598490622e+01 4.524037665889763957e+02 8.726941644848950830e+01
5.796904415152051115e+03 1.152417792054560586e+01 3.789050844692507081e+00 1.242668802222764057e+01 4.150265113374003363e+02 8.098097674539116042e+01
6.170790412818647383e+03 1.178283256688009573e+01 3.594535977029345464e+00 1.281930235862989598e+01 4.430790385305745076e+02 8.076847263148573575e+01
6.451687240456012660e+03 1.130687078728522899e+01 3.601465682616043829e+00 1.248743795617573760e+01 4.110267577189673034e+02 8.575369082841017132e+01
6.638882619654750670e+03 1.104994756716896198e+01 3.577813666986779051e+00 1.297983520190639162e+01 4.523317382410189680e+02 8.235664416032574309e+01
