-1.402002630016471185e-01 5.998397339103446413e+00 3.325658674184810870e+00 2.742350428347156477e+00 1.372831143915932216e+03 5.976687013255786951e+02
3.347695788040477538e+01 5.984541587054095224e+00 3.492962822808041157e+00 2.700020825871867647e+00 1.439960249253894972e+03 5.881670956129406704e+02
3.256811869206642740e+01 7.507855197388367152e+00 4.439243734208958791e+00 3.427689891010535561e+00 1.453831418925034313e+03 6.160250025783159344e+02
5.157441381121287094e+01 7.627547743581238215e+00 4.365935389554472579e+00 3.379989167545968343e+00 1.391460311781456767e+03 6.217598973772633144e+02
1.022221500690291407e+02 7.951401594891150282e+00 4.240481915009945979e+00 3.468854443149563593e+00 2.012097459516217270e+02 7.976800183088310803e+01
1.429495831961783665e+02 8.215255699104242026e+00 4.400252581759453996e+00 3.524330209863185903e+00 1.948699344697704703e+02 8.224487908082060983e+01
2.095209898128767350e+02 8.161860324812034051e+00 4.419006161417232903e+00 3.639322657773192748e+00 3.540287843694318326e+02 7.907976735980244598e+01
2.429461117918096988e+02 8.106736016180068560e+00 4.537189746037584293e+00 3.661050615209942460e+00 3.637118673267740405e+02 1.388184926311047889e+02
3.015617302461501481e+02 8.881669055279207470e+00 4.803475721852398017e+00 3.514769481970621445e+00 3.707475706939522979e+02 1.378420304342218117e+02
3.331596595537394592e+02 8.503391507408174732e+00 4.697530050746960839e+00 3.665124966474914814e+00 3.583234169925714809e+02 1.478677769331196714e+02
4.289517373382318510e+02 9.069405352456785252e+00 4.798659637237460807e+00 3.787182267654453760e+00 3.706580335999952354e+02 1.426002883808680508e+02
5.254001840900483558e+02 9.691291059095165750e+00 5.021199671122040797e+00 3.880335361988890064e+00 3.630539790272575260e+02 1.405615056450616862e+02
6.225844401226360105e+02 1.003004733134964255e+01 5.643360770022929351e+00 4.109329660584238653e+00 3.504771728992441240e+02 1.472652249239701803e+02
6.974259994704549399e+02 1.052088900239093228e+01 5.869695135206689507e+00 4.220950958603329362e+00 7.490402619399441164e+02 3.063668982769851823e+02
7.854561835431325107e+02 1.055829919172987452e+01 6.331897960718440466e+00 4.488148613685504884e+00 7.214717924584036837e+02 3.270773192540966647e+02
9.222672077673778404e+02 1.098709946518125413e+01 6.069534443297300186e+00 4.398293352065111961e+00 7.331957232849703132e+02 3.188061664096605909e+02
9.689089704627277797e+02 1.159073244241166911e+01 6.095988820305443312e+00 4.467700607871148755e+00 7.296082775320172686e+02 3.210531088621620484e+02
1.061223165725679792e+03 1.204375809367411065e+01 6.133961374001284383e+00 4.793609885317420272e+00 7.433466401780431170e+02 3.255882279033183409e+02
1.251494695715151465e+03 1.159603658950871186e+01 6.287292255519616013e+00 4.584954769133958941e+00 7.560059844622912806e+02 3.122688369068822567e+02
1.259841213698146930e+03 1.198294042184718045e+01 6.321629382759344828e+00 4.685333118262709817e+00 7.604878884378260864e+02 3.107989592774926564e+02
1.395679461687984485e+03 1.153970740407892670e+01 6.291900030951589784e+00 5.049834264706545284e+00 7.727383624223373317e+02 3.206725771504795830e+02
1.570709960947474428e+03 1.248756521040493972e+01 6.581723095199104812e+00 5.029192320527468674e+00 7.221276520872930860e+02 3.107384733280546243e+02
1.727066596804778328e+03 1.298374018682893904e+01 6.643004286090347321e+00 4.885067496923344521e+00 7.899311871500411826e+02 3.237585558945820594e+02
2.044913599184139684e+03 1.323976989859232845e+01 6.890746591164902846e+00 5.356557422536368129e+00 8.004183082874409365e+02 3.111664780550014484e+02
2.218411460130045270e+03 1.305282247048729438e+01 7.366828617548102365e+00 5.194478896559734160e+00 7.732016522189255738e+02 3.221473843848796150e+02
2.367670351311352988e+03 1.377089353051966114e+01 7.393636532905144776e+00 5.193597230726476610e+00 7.912309882801134790e+02 3.106249665730663878e+02
2.717747968791225048e+03 1.303212909984790713e+01 6.742014667262087535e+00 5.483284131052596599e+00 7.778701159321697105e+02 3.167062079267993795e+02
2.612046268290071112e+03 1.358663796162091053e+01 7.652224891416507191e+00 5.702880047070592262e+00 8.188978446197889980e+02 3.133913431726635395e+02
2.996387480126473292e+03 1.302374358171485014e+01 7.694614846121940133e+00 5.567147720188816429e+00 8.315997398443901147e+02 3.010299997347955809e+02
2.758612280819533680e+03 8.116553782703952891e+00 0.000000000000000000e+00 9.873085486021647483e+00 8.205998219699741867e+02 3.088541050751954913e+02
3.024447286135877675e+03 8.029847837175267955e+00 0.000000000000000000e+00 9.731346506589439116e+00 5.931471359484370623e+04 0.000000000000000000e+00
3.039535844822125000e+03 8.517892203450157851e+00 0.000000000000000000e+00 9.843484623115129395e+00 5.495340006905094924e+04 0.000000000000000000e+00
3.215037926551497094e+03 8.447890019791241656e+00 0.000000000000000000e+00 1.022932008211291688e+01 5.952579801086174848e+04 0.000000000000000000e+00
3.366142027047047122e+03 8.977036708587554870e+00 0.000000000000000000e+00 1.079085091670151186e+01 5.995177455749190995e+04 0.000000000000000000e+00
3.324755766941505499e+03 9.087393469166871185e+00 0.000000000000000000e+00 1.041204793045154275e+01 5.758670070710414439e+04 0.000000000000000000e+00
3.465117645514861579e+03 9.171419074421395479e+00 0.000000000000000000e+00 1.024441027810837035e+01 5.804528892626677407e+04 0.000000000000000000e+00
3.490968938225154943e+03 8.692250277734331121e+00 0.000000000000000000e+00 1.035048951814937546e+01 5.820839506947194604e+04 0.000000000000000000e+00
3.607459815310312479e+03 8.931360110584039447e+00 0.000000000000000000e+00 1.065802981185645137e+01 5.535232217269684770e+04 0.000000000000000000e+00
3.956573342958499779e+03 9.506693754306024147e+00 0.000000000000000000e+00 1.134663596244777395e+01 5.536692153887156746e+04 0.000000000000000000e+00
3.767288283250472887e+03 9.130630343892297773e+00 0.000000000000000000e+00 1.130266563710557115e+01 5.716068091484875185e+04 0.000000000000000000e+00
3.859315861979606780e+03 9.685425355359068789e+00 0.000000000000000000e+00 1.163150668256546894e+01 6.027299657667588326e+04 0.000000000000000000e+00
4.093331800388511510e+03 1.004754071521075609e+01 0.000000000000000000e+00 1.165681312601257602e+01 5.887012156501425488e+04 0.000000000000000000e+00
4.140302943688492633e+03 1.005442473544207793e+01 0.000000000000000000e+00 1.204451191079678374e+01 5.715433717962555238e+04 0.000000000000000000e+00
4.301788242284634180e+03 9.276047404326735801e+00 0.000000000000000000e+00 1.163144288512993363e+01 5.914971418897186231e+04 0.000000000000000000e+00
4.213725131541548762e+03 1.013269717869694908e+01 0.000000000000000000e+00 1.187524902481350608e+01 5.588997972558924084e+04 0.000000000000000000e+00
4.307016419950850832e+03 1.004609926642782902e+01 0.000000000000000000e+00 1.139710029665299906e+01 5.995330206554823963e+04 0.000000000000000000e+00
4.552751815723961045e+03 9.630448522447501603e+00 0.000000000000000000e+00 1.126076992176676050e+01 5.601748864475537994e+04 0.000000000000000000e+00
4.648589366253023400e+03 1.046626771327855820e+01 0.000000000000000000e+00 1.160739760535215304e+01 6.064995696275991941e+04 0.000000000000000000e+00
4.705565712330955648e+03 1.021769773976589235e+01 0.000000000000000000e+00 1.210285296400003219e+01 5.542137225672420755e+04 0.000000000000000000e+00
4.900978055961421887e+03 1.051622248219505984e+01 0.000000000000000000e+00 1.160303967947516846e+01 6.024645384694271343e+04 0.000000000000000000e+00
4.827898280049763343e+03 1.035743483869060810e+01 0.000000000000000000e+00 1.157463767360117579e+01 5.645995181662526011e+04 0.000000000000000000e+00
5.210534221801757667e+03 1.055930451706154471e+01 0.000000000000000000e+00 1.192260132895454028e+01 5.877726996912154573e+04 0.000000000000000000e+00
5.133045782115506881e+03 1.025128753068506171e+01 0.000000000000000000e+00 1.173282322913342313e+01 6.018145299113633519e+04 0.000000000000000000e+00
4.959400741266281329e+03 1.053544573760285807e+01 3.548445463919756460e+00 1.296565636046889836e+01 4.415095142625343669e+02 8.252137329689921330e+01
5.354287456611781636e+03 1.082949014946711230e+01 3.367017669003543379e+00 1.308816333501541074e+01 4.531603974065964735e+02 8.091110691297630808e+01
5.222057871402404999e+03 1.160535645827268425e+01 3.569658001725291019e+00 1.322836278589407755e+01 4.472036687459154791e+02 8.344779695596858460e+01
5.627404755363322693e+03 1.091634709959552474e+01 3.614603742041294421e+00 1.306969810270219057e+01 4.268607664336392986e+02 8.343039481415300429e+01
5.256695982705286951e+03 1.155848158675858706e+01 3.599121941876875841e+00 1.353815383869037525e+01 4.563369230019597467e+02 8.472333728121513730e+01
5.437611585850590927e+03 1.060823826321243857e+01 3.538934842079924703e+00 1.332296360311968186e+01 4.530699271826599670e+02 8.653516761514453037e+01
5.839169032308567694e+03 1.169088938042285086e+01 3.501563629944824729e+00 1.303945257138434854e+01 4.229920761335706629e+02 8.859493306359593134e+01
5.527653869641166239e+03 1.075466353230719463e+01 3.800818647547311357e+00 1.336569795500572866e+01 4.276688770335049981e+02 8.583339729547228103e+01
5.646495686828452563e+03 1.102169852889992363e+01 3.740012712389414240e+00 1.341719592777638148e+01 4.490439133670047909e+02 8.711743010730960179e+01
5.891201099522314507e+03 1.159480574933289354e+01 3.719324115978826395e+00 1.359225027608108149e+01 4.242705688378721334e+02 8.267065703865891635e+01
6.061288840511234412e+03 1.177903087694146400e+01 3.662018184404582044e+00 1.258389740275761781e+01 4.283503602968886526e+02 8.705156557766184733e+01
6.403824543305986481e+03 1.109798839567105588e+01 3.590794004604937584e+00 1.313722365026492156e+01 4.430172323713820219e+02 8.915101043059142683e+01
6.204898903078045805e+03 1.177101434480227304e+01 3.737632444959275269e+00 1.269691269747685602e+01 4.258797217812056033e+02 8.707338647160729295e+01
6.249798735220907474e+03 1.151781876382630898e+01 3.758492592820922962e+00 1.362158696224856591e+01 4.153641536225264872e+02 8.365486613556264217e+01
