-7.124918635184713800e-01 5.511971703103999864e+00 3.370090379550349180e+00 3.063184609994412888e+00 1.517293968100421580e+03 6.067462081534949903e+02
2.660630997592896207e+01 6.361726412208094317e+00 3.422544466024810994e+00 2.983958177335289452e+00 1.270259897775220225e+03 6.468954904143691920e+02
3.750609062833828489e+01 8.035755088636374666e+00 4.659945800693494178e+00 3.278025198099031368e+00 1.308086934525992319e+03 6.292974572555915529e+02
4.598035514918724687e+01 7.709676958563361993e+00 4.033412944096382624e+00 3.129094922173563109e+00 1.528311421722945624e+03 6.540807623318387414e+02
1.109145288288944471e+02 8.022195110279939811e+00 4.434320353784389823e+00 3.080727835606458687e+00 1.897215409980558718e+02 7.369403745465990596e+01
1.645034250381685297e+02 8.037167244467081417e+00 4.684588073374776229e+00 3.720581956141853386e+00 2.177965027513510847e+02 7.666728472312108522e+01
1.580133969444922286e+02 7.820426290705586148e+00 4.160293371084802239e+00 3.361258718524448241e+00 3.783200773550587996e+02 7.913089180820975344e+01
2.028296152825416812e+02 7.719908277354781134e+00 4.381017897357028623e+00 3.298941262326294588e+00 3.440634287035367151e+02 1.415831290295994052e+02
2.883842371194025418e+02 8.622404812308317901e+00 4.895161849480818006e+00 3.438499353899518773e+00 3.574874006566781759e+02 1.367077197947570824e+02
3.034707955926744489e+02 8.405997199285035748e+00 5.333067916736446534e+00 3.438782602103140018e+00 3.666884984591485477e+02 1.536260151998441188e+02
3.490566351083107293e+02 8.144382625001780340e+00 5.181806724112412610e+00 3.537203004638012960e+00 3.574768588088522279e+02 1.292878639604842874e+02
5.947375628939862509e+02 8.674586576101518176e+00 5.028580935632641413e+00 3.715014079390201118e+00 3.624831760109908032e+02 1.397021102048130672e+02
6.018261916301487418e+02 1.051362501533344407e+01 5.234287492147468690e+00 4.470811603833769077e+00 3.376071679066801607e+02 1.454115703004379725e+02
7.111899941288629634e+02 1.145587237354553167e+01 6.063712141784807663e+00 4.493925622454826296e+00 7.319829140454281742e+02 3.321022942843235342e+02
8.954467829106429235e+02 1.204455426413530539e+01 6.284760596888116169e+00 4.868266295009619604e+00 8.083923816355721783e+02 3.359453588693729671e+02
8.058582285346685694e+02 1.023529890501856165e+01 5.803252997876295005e+00 4.692061336166433172e+00 7.999237489317955578e+02 3.005861646020910598e+02
8.498031327660925172e+02 1.080176674449280405e+01 6.684432050237990808e+00 4.212097774587782339e+00 7.444182755576621275e+02 2.814913141713869322e+02
1.155505892285820210e+03 1.167632610255347281e+01 6.653931393314363341e+00 4.853913982004241845e+00 6.738458929362934668e+02 2.874739761675933778e+02
1.351693620294450966e+03 1.170344992311838084e+01 6.153974628048738182e+00 4.951766079435753198e+00 7.897318458242613133e+02 3.233143109703544269e+02
1.318866940883076495e+03 1.250163812260104024e+01 6.030124148716578425e+00 5.119599411611804207e+00 7.449452743755451820e+02 3.033360479813387087e+02
1.161730841333135459e+03 1.115560118820795843e+01 6.801375364966317782e+00 4.593475703917912156e+00 7.749438517532569222e+02 2.931664310526196005e+02
1.310336710362872054e+03 1.284003061592201078e+01 6.482795254198784995e+00 5.350472717531558509e+00 6.689315531556236465e+02 3.100808526294102876e+02
1.716101650387101927e+03 1.304009016490926598e+01 6.274289250666999607e+00 4.728212485594104564e+00 7.723184459641047397e+02 2.924009880248157742e+02
2.005928840942555553e+03 1.258593879354163292e+01 6.340436199249331217e+00 5.530100578505733999e+00 7.992922096337756557e+02 3.065869685744415278e+02
2.633110349433968167e+03 1.305673912647725743e+01 6.579220720500445374e+00 4.928801842722251969e+00 8.595364029564428847e+02 3.016698522174375512e+02
2.432142846768469099e+03 1.270261854440568250e+01 7.707136602862650676e+00 5.172681493874588199e+00 7.502143248696645514e+02 3.347773611028409846e+02
2.605029385709610324e+03 1.433748844721128535e+01 7.356024911966624558e+00 5.738847790591234066e+00 7.430138358177298414e+02 3.042096482767470320e+02
2.457957056751877190e+03 1.443420421314698920e+01 7.009726695579318267e+00 5.884581221096474302e+00 7.645950896263891536e+02 3.245550319104942218e+02
2.479703745231808171e+03 1.244723216249102471e+01 6.781109993108323408e+00 5.374915634260244879e+00 8.105264441414595922e+02 3.132442834570782111e+02
3.461562945423504971e+03 8.598565030485966432e+00 0.000000000000000000e+00 9.354536304242522249e+00 8.656789268468820637e+02 2.880066946754709534e+02
3.406885858043730423e+03 7.449335879973476793e+00 0.000000000000000000e+00 9.739170195240605565e+00 6.181314818164216558e+04 0.000000000000000000e+00
3.414426270731463774e+03 8.935715197499991547e+00 0.000000000000000000e+00 9.741841734685333876e+00 5.812294320450950181e+04 0.000000000000000000e+00
3.665848831930667529e+03 8.507834716498640759e+00 0.000000000000000000e+00 9.505281875615242626e+00 5.960606657738887588e+04 0.000000000000000000e+00
2.615424122664738206e+03 7.902455384119982718e+00 0.000000000000000000e+00 1.112506413207155198e+01 5.219116576271141093e+04 0.000000000000000000e+00
3.043859972743151047e+03 8.954670505134375347e+00 0.000000000000000000e+00 1.164687662052826411e+01 6.293925777862952964e+04 0.000000000000000000e+00
4.018314193320572485e+03 8.882790279120021282e+00 0.000000000000000000e+00 1.088759231197529509e+01 5.482188767743738572e+04 0.000000000000000000e+00
3.285101523930426083e+03 8.717086626758572265e+00 0.000000000000000000e+00 1.037014055610032059e+01 6.220078566701445379e+04 0.000000000000000000e+00
3.660401364930801265e+03 8.816292462287671938e+00 0.000000000000000000e+00 1.165777435338709367e+01 6.013539371558288258e+04 0.000000000000000000e+00
4.079518028279787359e+03 9.103116689814264362e+00 0.000000000000000000e+00 1.025567998957901850e+01 5.655979846211110271e+04 0.000000000000000000e+00
4.344837636254016616e+03 8.464931963111700597e+00 0.000000000000000000e+00 1.195306338692878434e+01 5.689698358258650842e+04 0.000000000000000000e+00
3.973877873832040677e+03 9.121884503709127401e+00 0.000000000000000000e+00 1.183141397544705598e+01 5.384804403778685810e+04 0.000000000000000000e+00
4.754703134436347682e+03 9.736679594534397353e+00 0.000000000000000000e+00 1.086513025807675170e+01 6.276014028948269697e+04 0.000000000000000000e+00
3.676898776283949701e+03 1.012252448085036960e+01 0.000000000000000000e+00 1.060234208695659852e+01 5.787328075166477356e+04 0.000000000000000000e+00
4.249568558318910618e+03 1.031477402948977229e+01 0.000000000000000000e+00 1.219833370904942882e+01 5.890466364854630956e+04 0.000000000000000000e+00
3.949182586993430050e+03 1.037705365482891118e+01 0.000000000000000000e+00 1.059857539028515028e+01 5.848762191255811922e+04 0.000000000000000000e+00
4.654047108418530115e+03 9.057661506941814267e+00 0.000000000000000000e+00 1.265706242936417780e+01 5.594699935699415801e+04 0.000000000000000000e+00
5.078649707879626476e+03 1.071173705769503570e+01 0.000000000000000000e+00 1.076246867791646444e+01 5.852411737228406128e+04 0.000000000000000000e+00
5.144409149818166952e+03 1.093992204068261742e+01 0.000000000000000000e+00 1.214883899729785099e+01 6.334919989469628490e+04 0.000000000000000000e+00
4.236164026451006066e+03 9.439254407103927491e+00 0.000000000000000000e+00 1.135068495012726153e+01 5.294931727925594896e+04 0.000000000000000000e+00
4.225861402889870988e+03 1.075300331396054254e+01 0.000000000000000000e+00 1.320503993002051324e+01 5.873119637060124660e+04 0.000000000000000000e+00
4.880127689951509637e+03 1.110942953518256893e+01 0.000000000000000000e+00 1.253391325733669959e+01 5.532727332109474810e+04 0.000000000000000000e+00
4.691367816352009868e+03 1.131635488583510529e+01 0.000000000000000000e+00 1.210197110016968303e+01 5.252729426869149756e+04 0.000000000000000000e+00
4.757067251850166940e+03 9.948742041988733575e+00 0.000000000000000000e+00 1.248371259953909984e+01 6.324260270385495824e+04 0.000000000000000000e+00
4.434733996789994308e+03 1.090133824067679669e+01 3.777266876361476733e+00 1.363210893380056277e+01 4.344385555092140407e+02 9.016108735952528264e+01
5.473405382209648451e+03 1.071144045930354061e+01 3.173152271527902357e+00 1.161834419406428331e+01 4.660327640473703354e+02 8.961541145435968758e+01
4.901490312362560871e+03 1.069006242056709510e+01 3.516997170787649285e+00 1.379939618560010395e+01 4.825148658131469688e+02 7.920330001025880051e+01
6.150598939732636609e+03 1.191245793853150303e+01 3.646391230873867073e+00 1.384177606509044267e+01 4.636453894430588889e+02 8.679789952945384357e+01
5.062002759114176115e+03 1.065612386865163153e+01 3.721703028997034313e+00 1.208935892657075506e+01 4.328368579113870283e+02 8.066742215699328256e+01
6.438105559100336905e+03 1.081635629144773425e+01 3.866631244818428570e+00 1.222685534062272339e+01 4.313667739549250086e+02 8.368002923642163182e+01
6.401310441882182204e+03 1.165510139439077797e+01 3.477671699834012031e+00 1.179124043469777483e+01 4.791693541393547662e+02 7.698247046506006086e+01
5.237537242212922138e+03 1.030148505717185259e+01 3.290615099376224872e+00 1.310071818431905299e+01 4.181449861984480663e+02 8.220083979121869788e+01
6.942666808937042333e+03 1.024554400905360652e+01 3.630116117164090550e+00 1.414094480172250634e+01 4.331923262115064404e+02 8.313310982424947326e+01
6.772271204485128692e+03 1.158780359728402942e+01 4.012197661202311139e+00 1.397816206124724125e+01 4.398915023643184554e+02 8.404833953797133006e+01
6.283615590773542863e+03 1.095777719803872330e+01 3.480570261664975185e+00 1.237869492551397599e+01 4.574989602543303135e+02 8.546095161540948482e+01
5.606374700303153986e+03 1.222300735981135134e+01 3.939264892246669536e+00 1.416692800086040016e+01 3.968321710344696385e+02 9.081572319488914502e+01
5.360327999403239119e+03 1.107879997069689537e+01 3.639819114360972829e+00 1.255782335737933231e+01 4.524147209911405412e+02 8.297305377126868109e+01
7.359457957740265556e+03 1.065012158176184265e+01 3.375514996001373724e+00 1.264295696068004027e+01 4.298637324691043773e+02 8.219582400838714875e+01
