1.089524002456313534e-01 5.970428358418488735e+00 3.471893387893167038e+00 2.849730423109412047e+00 1.363752112312673262e+03 6.145579277841255816e+02
3.415466717327450397e+01 5.690683229142370791e+00 3.260821930412072689e+00 2.780588374668069296e+00 1.444411060705318960e+03 5.977381838932886922e+02
3.092403846198559947e+01 7.505557576816976884e+00 4.505676870497144826e+00 3.328370979317542666e+00 1.365129426927147506e+03 5.976668272651361349e+02
4.939246922520110417e+01 7.851198804189875702e+00 4.474903804217013281e+00 3.323327971137209680e+00 1.357580866621692621e+03 6.175905233639680318e+02
1.026984407241175035e+02 8.237330229070499499e+00 4.535452438289976129e+00 3.285396496354861195e+00 2.076320780034776305e+02 8.172583975848267812e+01
1.449614861525392655e+02 8.392520597633431834e+00 4.544882918057963295e+00 3.385814875340366292e+00 2.037345448641928556e+02 8.207983559893148140e+01
2.085356164670877490e+02 7.862891840089888618e+00 4.541540149436248619e+00 3.516712594919634505e+00 3.451940893635915018e+02 8.312807015654733789e+01
2.415071588149982063e+02 8.009081362088100065e+00 4.507837063201631800e+00 3.565797282507459531e+00 3.503703527362441719e+02 1.369687639650740323e+02
3.023299476622814268e+02 8.732845922973806907e+00 4.846681883658941814e+00 3.424038971064258696e+00 3.567738894278064095e+02 1.486454471155658155e+02
3.509710306265135387e+02 8.442449506572438978e+00 4.979370451444320445e+00 3.522365430995307189e+00 3.724600944004006919e+02 1.432297676750469009e+02
4.173992547245054539e+02 8.608787272313520589e+00 4.763145736133716390e+00 3.806801199712325445e+00 3.645920305993486181e+02 1.494851012988162324e+02
4.887106975079179279e+02 9.178997570408029105e+00 5.301069402214229953e+00 3.741671143027746727e+00 3.672742962221509515e+02 1.451159367355733423e+02
5.988293954532299495e+02 9.772479399969162372e+00 5.701682138344892792e+00 4.276631897630922552e+00 3.655668794595382565e+02 1.460909660565995978e+02
6.658665375888250537e+02 1.088525820850783532e+01 6.279881015213072182e+00 4.241301820609815643e+00 7.482810531211285934e+02 3.233881162813659671e+02
7.922635211970091405e+02 1.082208433459266672e+01 5.832655943261415565e+00 4.255149668680228814e+00 7.702391348325963918e+02 3.138661883864293713e+02
8.790323289669125870e+02 1.165480662738620410e+01 6.418097404598883671e+00 4.456847352640099125e+00 7.136324199829211921e+02 2.984148011446718556e+02
1.024772631660188381e+03 1.108286519648402013e+01 6.288356847935898664e+00 4.420996466861339513e+00 7.274720673113254179e+02 3.255897187034595959e+02
1.083110173048022943e+03 1.203439745889784795e+01 6.163805900684891093e+00 4.738825366076700796e+00 7.659115713442110973e+02 3.047946640117712036e+02
1.142555292270857763e+03 1.176547699891754739e+01 6.306572279475031628e+00 4.791149329748781049e+00 7.147068912075537810e+02 3.174052807255704920e+02
1.293130598970857363e+03 1.155307141225958922e+01 6.872673879148454290e+00 4.711099181113249657e+00 7.572055713879756240e+02 3.273642616488291424e+02
1.466160524686297549e+03 1.149330068751174139e+01 6.940151302395164201e+00 5.085852583481862865e+00 7.196683196842518555e+02 3.198794695849375103e+02
1.523443069604629727e+03 1.204705937420683881e+01 6.674498319218550080e+00 4.972697853816755220e+00 7.122369122157833772e+02 2.971659058394944282e+02
1.883057492429501053e+03 1.190440277978785133e+01 6.707716705674302560e+00 5.184312981248748287e+00 7.808909640406504877e+02 3.047925066527468516e+02
2.081666413105564061e+03 1.335597725374994305e+01 6.591787269191678789e+00 5.391833399832426821e+00 7.954914400027181500e+02 3.175557680579946691e+02
2.254771128937833055e+03 1.271912924187266825e+01 6.896381281121081841e+00 5.528325531768524037e+00 8.334062691494033288e+02 3.014137974809293610e+02
2.280597576750912594e+03 1.358176474653699550e+01 6.801811498783171039e+00 5.215893255034810494e+00 7.645868889001335447e+02 3.166327394347987934e+02
2.493095775149769452e+03 1.377359539208281447e+01 6.776160087767665097e+00 5.192451789464432643e+00 7.817630507564588243e+02 3.049382846557119251e+02
2.705352470434564566e+03 1.301631012970515400e+01 7.481870477740045544e+00 5.383269413362357092e+00 7.803294738014253653e+02 3.062246990200933965e+02
2.995722106920543411e+03 1.309723652828905038e+01 7.563566505835994214e+00 5.405139980528065102e+00 8.231872617305249378e+02 2.989019559277506346e+02
2.912170839806305139e+03 8.149873006745536941e+00 0.000000000000000000e+00 9.822865908203803897e+00 8.289011365529926252e+02 3.254583369718945391e+02
2.864617881612065503e+03 8.251548917652737458e+00 0.000000000000000000e+00 9.985819064573252746e+00 5.806883274571752554e+04 0.000000000000000000e+00
2.962125634280116174e+03 8.025202023748816416e+00 0.000000000000000000e+00 1.062239239006580505e+01 5.702810933894690243e+04 0.000000000000000000e+00
3.046918912926101257e+03 8.434765681372608626e+00 0.000000000000000000e+00 1.055530088119114929e+01 5.678281232644448028e+04 0.000000000000000000e+00
3.286942419328882806e+03 8.420094148617263130e+00 0.000000000000000000e+00 1.054722280476925533e+01 5.568184720538852707e+04 0.000000000000000000e+00
3.440619078478034226e+03 9.156122471790730799e+00 0.000000000000000000e+00 1.042197278370299962e+01 5.762993673383217538e+04 0.000000000000000000e+00
3.544688742072208242e+03 9.362612506072720109e+00 0.000000000000000000e+00 1.059266280386010806e+01 5.907715005473482597e+04 0.000000000000000000e+00
3.658103540618125407e+03 8.787056573804216342e+00 0.000000000000000000e+00 1.128234637114312555e+01 5.963790101900998707e+04 0.000000000000000000e+00
3.646523721768665837e+03 9.605254731989047556e+00 0.000000000000000000e+00 1.080534581234519464e+01 5.955595856577034283e+04 0.000000000000000000e+00
3.732817367436355198e+03 9.391373634377551127e+00 0.000000000000000000e+00 1.074319956861919323e+01 5.563139595697037294e+04 0.000000000000000000e+00
3.989133510573605236e+03 9.643385587728195318e+00 0.000000000000000000e+00 1.091790901377899203e+01 5.495656934446625382e+04 0.000000000000000000e+00
3.831357944628558016e+03 9.921892666477521772e+00 0.000000000000000000e+00 1.104939226138625230e+01 5.529364526326733903e+04 0.000000000000000000e+00
4.014816728750487073e+03 9.402594889109771259e+00 0.000000000000000000e+00 1.122323755978475823e+01 5.947049728795619012e+04 0.000000000000000000e+00
4.052081414461470558e+03 9.770028507392414241e+00 0.000000000000000000e+00 1.172778886821116551e+01 5.659671259641839424e+04 0.000000000000000000e+00
4.081822812038344637e+03 9.341830535766483479e+00 0.000000000000000000e+00 1.168434143224823352e+01 5.844593453059244348e+04 0.000000000000000000e+00
4.284850902404198678e+03 9.682119417616490864e+00 0.000000000000000000e+00 1.115460258149190764e+01 5.967512131958106329e+04 0.000000000000000000e+00
4.373514128009513115e+03 1.011125166340148418e+01 0.000000000000000000e+00 1.117312222345112893e+01 5.718266108730011911e+04 0.000000000000000000e+00
4.351919653909911176e+03 9.979490186672217433e+00 0.000000000000000000e+00 1.223001109874667591e+01 5.865845922143818461e+04 0.000000000000000000e+00
4.671723930360469240e+03 1.013261671209794557e+01 0.000000000000000000e+00 1.202318712491554820e+01 5.748732305961065140e+04 0.000000000000000000e+00
4.785190901000912163e+03 1.001022329564390922e+01 0.000000000000000000e+00 1.172336225856254721e+01 5.956616051764296571e+04 0.000000000000000000e+00
5.015401743695710138e+03 9.946562252165989548e+00 0.000000000000000000e+00 1.248437472807278148e+01 6.001196825935484958e+04 0.000000000000000000e+00
5.171609045530945878e+03 1.055162381472013600e+01 0.000000000000000000e+00 1.195139769746625547e+01 5.773723078516090027e+04 0.000000000000000000e+00
5.063726737682532985e+03 1.012384238976647843e+01 0.000000000000000000e+00 1.192272739915308222e+01 5.954819258186212392e+04 0.000000000000000000e+00
5.232761821279056676e+03 1.008748250714230110e+01 0.000000000000000000e+00 1.233942642345347274e+01 5.620554403947575338e+04 0.000000000000000000e+00
5.017072093838251931e+03 1.156341209210549081e+01 3.652389489824849012e+00 1.220379130542477064e+01 4.481325505759310772e+02 8.728836935968546129e+01
5.401860602089093845e+03 1.104903889238300252e+01 3.610656975745738517e+00 1.284911937216183553e+01 4.259228442233620058e+02 8.881647889191974343e+01
5.271604099240947107e+03 1.115365032777345178e+01 3.411280204688980078e+00 1.320627312927464381e+01 4.477719634061211309e+02 8.360524527416127682e+01
5.210252572279567175e+03 1.095211379782220185e+01 3.647624138239533131e+00 1.266377920068617158e+01 4.457259682668717460e+02 8.626247625330918822e+01
5.320999106584163201e+03 1.101626679497442751e+01 3.471413276226529732e+00 1.262051569124306205e+01 4.289624841502889012e+02 8.627286038272207236e+01
5.547695316522377652e+03 1.137849625930628150e+01 3.689262009484362004e+00 1.232639389252188700e+01 4.281061229236786971e+02 8.077001777784133196e+01
5.498209952859445366e+03 1.099155661789401073e+01 3.693028674655791654e+00 1.237353475264795399e+01 4.317555841793202376e+02 8.845091379206873228e+01
5.981632978295590874e+03 1.141705168959957639e+01 3.481827899452331287e+00 1.365327825638365411e+01 4.534359467255554819e+02 8.427624422516623781e+01
5.759487151199034997e+03 1.090279409844544745e+01 3.757077059859410095e+00 1.310587975907926861e+01 4.266621032065859822e+02 8.097894302245705944e+01
5.985767444341578994e+03 1.112388032702235563e+01 3.708733523442618640e+00 1.303017968016404815e+01 4.467754901607319198e+02 8.270774649851813365e+01
6.042593163245607684e+03 1.132059591076370531e+01 3.648549533561211700e+00 1.297737377267567993e+01 4.281733467072307917e+02 8.823616415326638673e+01
6.227822418875213771e+03 1.106575702768130398e+01 3.524249608238092080e+00 1.321168210284977462e+01 4.522201545833678438e+02 8.838732436893189970e+01
6.543612624664578107e+03 1.171197116844003894e+01 3.752691142859189366e+00 1.345453618949408714e+01 4.509265399547662128e+02 8.504742893356376499e+01
6.314210625246376367e+03 1.094486248231480197e+01 3.526422890690546375e+00 1.260217256918070206e+01 4.109637526571436865e+02 8.822276905335112929e+01
