-2.383261497949511476e-01 5.585024748404861406e+00 3.461556369888967755e+00 2.714075330673095809e+00 1.397401411805651378e+03 6.271119129025616985e+02
3.351187145940407675e+01 6.040766648948119766e+00 3.321526159267357059e+00 2.691330606705324868e+00 1.464361217724847393e+03 6.278743900013754455e+02
3.324965187305533476e+01 7.866780250809931374e+00 4.506594489830087369e+00 3.298805557422214374e+00 1.465669210016430043e+03 5.802660301638927649e+02
4.792841907617626163e+01 7.627516624256532651e+00 4.373105710239772570e+00 3.173491415653999503e+00 1.399723048499119386e+03 6.232751403678054203e+02
9.667140485402030947e+01 7.760346973430193529e+00 4.663846323992762777e+00 3.321436959551932411e+00 2.077374424631028944e+02 8.267171368661250597e+01
1.536813485797040926e+02 8.425085013698994985e+00 4.678736118950014067e+00 3.587845572368726366e+00 2.061349067661430468e+02 7.737818661499782991e+01
2.069352729093364758e+02 8.594003378029475115e+00 4.662562663434899335e+00 3.376994315910434530e+00 3.453920741997758910e+02 7.690171615599835775e+01
2.476890501470433037e+02 8.611651631984001298e+00 4.781131136220705180e+00 3.368700615787723951e+00 3.537393003725123322e+02 1.387401657778547985e+02
3.024839657911082895e+02 8.695809693546060259e+00 4.595764919070140841e+00 3.712233114418352464e+00 3.486804040744494273e+02 1.410023168098614974e+02
3.517627956580108730e+02 8.335024440733089790e+00 4.740961022174672301e+00 3.580161358713165320e+00 3.573205608800285518e+02 1.403987585668014049e+02
4.038440428554879418e+02 8.766621974487160074e+00 4.814990868401880064e+00 3.690933568845035762e+00 3.757413140848063904e+02 1.451809049084390040e+02
4.785493560274582592e+02 9.681202661325741587e+00 5.373805075921080032e+00 3.846230721702090793e+00 3.691289663533396492e+02 1.415435094142839887e+02
5.818604559435638066e+02 1.048864469137831890e+01 5.800617669689843936e+00 4.037410407191914352e+00 3.498185204142037605e+02 1.444287882975645800e+02
6.540062299607097884e+02 1.125241100700885077e+01 6.042006854578914066e+00 4.307159007761783620e+00 7.376586393035510127e+02 3.171033754092453592e+02
8.222762497360969292e+02 1.075667392847910797e+01 5.944490803400649170e+00 4.504978731345089749e+00 7.482129452805922938e+02 3.217750162208581060e+02
8.884372117198182650e+02 1.143377769409035771e+01 6.303443801195067309e+00 4.505700113081612557e+00 7.335094624691329273e+02 3.112055101047616290e+02
9.506848734387066315e+02 1.119816721599621800e+01 6.600060293248040999e+00 4.691907650626532700e+00 7.035992741880338599e+02 3.007918219859370197e+02
1.143893927403725229e+03 1.115260171882254348e+01 6.440937960063812362e+00 4.753026303747793335e+00 7.397398575740734259e+02 3.090386679652868338e+02
1.186327606833884374e+03 1.132226191620562084e+01 6.758480256668079278e+00 4.902202693995367788e+00 7.624420839656837643e+02 3.240499134340508931e+02
1.246757911683469729e+03 1.142831147842993467e+01 6.883009944754664211e+00 4.842262428709319444e+00 7.530810908676239706e+02 3.104340737158159413e+02
1.340709804519332010e+03 1.230239074706696378e+01 6.514048238548016734e+00 4.660762857280947635e+00 7.333716494106017763e+02 3.066587563267825089e+02
1.664462448507063755e+03 1.228651231694903068e+01 7.050475036947760898e+00 4.930093780572731177e+00 7.756143411406818586e+02 3.016927186500137736e+02
1.857763705531933965e+03 1.273215760332519686e+01 6.727503347594597116e+00 4.983255396612212174e+00 7.820739806003796275e+02 3.044263007337891054e+02
1.983161316212030215e+03 1.333981608749247272e+01 6.768395725132745788e+00 5.069409734822903246e+00 8.365191711766117351e+02 3.268320062062704778e+02
2.187011334570026065e+03 1.244249584360571781e+01 7.106243632494362750e+00 5.103392487226622087e+00 8.023467923469174821e+02 3.061836443877222678e+02
2.358508677012757744e+03 1.303852669355427629e+01 6.896354808173242645e+00 5.519914026084671299e+00 7.618255790231286255e+02 2.987633323010514346e+02
2.682291477402416149e+03 1.340416615178257942e+01 6.957217528131955042e+00 5.158042101508878652e+00 7.895789460356182872e+02 3.121088333494325298e+02
2.729715373547672243e+03 1.378483918824039556e+01 7.290556777920885523e+00 5.780881426246928356e+00 7.957721750486604151e+02 2.979899099455258238e+02
2.804769088772833584e+03 1.368799098112160095e+01 7.289947255029110451e+00 5.511646227714984470e+00 8.126316556443409809e+02 3.210737450362375398e+02
2.841023647799937862e+03 7.938758764417434222e+00 0.000000000000000000e+00 9.893391046835771974e+00 7.647529671470639414e+02 3.123849077226980739e+02
3.108938467078476151e+03 8.433156153677039413e+00 0.000000000000000000e+00 9.947396965020514514e+00 5.838479655802503839e+04 0.000000000000000000e+00
2.964498519260359444e+03 8.277910339461785227e+00 0.000000000000000000e+00 9.755157874634146964e+00 5.936521035006645980e+04 0.000000000000000000e+00
3.236810910650162441e+03 8.445860785926768699e+00 0.000000000000000000e+00 1.012904950673490667e+01 5.564316625933845353e+04 0.000000000000000000e+00
3.120157350928633605e+03 8.532154863026887526e+00 0.000000000000000000e+00 1.014110138990776555e+01 5.703190868502252124e+04 0.000000000000000000e+00
3.444544115407376466e+03 8.392408095327386519e+00 0.000000000000000000e+00 1.113124163208381212e+01 5.630415541496090736e+04 0.000000000000000000e+00
3.299084508968562659e+03 9.285954189159163263e+00 0.000000000000000000e+00 1.121763326914286907e+01 5.860542117773213249e+04 0.000000000000000000e+00
3.737923915663000116e+03 8.623936450123100173e+00 0.000000000000000000e+00 1.090365082907029937e+01 6.035516177993312886e+04 0.000000000000000000e+00
3.796928083164909822e+03 8.998264804009707518e+00 0.000000000000000000e+00 1.084413954237175126e+01 5.534055561750964262e+04 0.000000000000000000e+00
3.923370095515645517e+03 9.281273590980790189e+00 0.000000000000000000e+00 1.058079396721697307e+01 5.997928397752143064e+04 0.000000000000000000e+00
3.970405332294701111e+03 9.250897531110314986e+00 0.000000000000000000e+00 1.137674441618083243e+01 5.944487311507255072e+04 0.000000000000000000e+00
4.007982704964996628e+03 9.938599500089040362e+00 0.000000000000000000e+00 1.181760989031387155e+01 5.502656031733342388e+04 0.000000000000000000e+00
4.111502019976152042e+03 9.958238848805411436e+00 0.000000000000000000e+00 1.154900595841748157e+01 5.546733445353383286e+04 0.000000000000000000e+00
4.145036078046268813e+03 9.895515641316549704e+00 0.000000000000000000e+00 1.119561964170614843e+01 5.574203140624511434e+04 0.000000000000000000e+00
4.321420015267466624e+03 9.647529170306970769e+00 0.000000000000000000e+00 1.210538009901780221e+01 5.931607555186383252e+04 0.000000000000000000e+00
4.244043522646406018e+03 1.011353526597156893e+01 0.000000000000000000e+00 1.199738130462687380e+01 5.888639250047983660e+04 0.000000000000000000e+00
4.535248474153632742e+03 1.018942790796886122e+01 0.000000000000000000e+00 1.195854588155722453e+01 5.809655721758088475e+04 0.000000000000000000e+00
4.667630432186088001e+03 1.037843171258723451e+01 0.000000000000000000e+00 1.226835001089696142e+01 5.697514446198059159e+04 0.000000000000000000e+00
4.653064293503385670e+03 9.860873514424024933e+00 0.000000000000000000e+00 1.158272289603266003e+01 5.703910306996654253e+04 0.000000000000000000e+00
4.772866179494786593e+03 9.909740097161980898e+00 0.000000000000000000e+00 1.217568850343502973e+01 5.884130652663208457e+04 0.000000000000000000e+00
4.895288159972178619e+03 1.048201833840944630e+01 0.000000000000000000e+00 1.244540194071079320e+01 5.659602343294060120e+04 0.000000000000000000e+00
5.133411619859065468e+03 1.008404589716604072e+01 0.000000000000000000e+00 1.193894485698597308e+01 5.801150674068466469e+04 0.000000000000000000e+00
4.858574819010342253e+03 1.067734194104240331e+01 0.000000000000000000e+00 1.212601128313866994e+01 5.730087289279628749e+04 0.000000000000000000e+00
5.023620215266637388e+03 1.053852504191846684e+01 0.000000000000000000e+00 1.204768365585691647e+01 5.658839913245260686e+04 0.000000000000000000e+00
5.235658916517946636e+03 1.137205288081786136e+01 3.394430354807442818e+00 1.314447104864682814e+01 4.340424113797719201e+02 8.402045466926131212e+01
5.052464827501748914e+03 1.158277504509463718e+01 3.645629374452957538e+00 1.259962590980949848e+01 4.230423668406093611e+02 8.834523956175283388e+01
5.178329861621967211e+03 1.054438058500223008e+01 3.672157444843884733e+00 1.252598127519667415e+01 4.329466938753494105e+02 8.256106987338453962e+01
5.451401014865305115e+03 1.091168070951771618e+01 3.421566266879557894e+00 1.297435649241770150e+01 4.602959249466306915e+02 8.361378856955404615e+01
5.289969472580892216e+03 1.095462087080319513e+01 3.499570700817991487e+00 1.237792744507158815e+01 4.352263708822633248e+02 8.813061996107305163e+01
5.550054708134774046e+03 1.167652273384716466e+01 3.747014751302239155e+00 1.306121606147904046e+01 4.523250838875618456e+02 8.491833375079042412e+01
5.822237876884399157e+03 1.091763260390679768e+01 3.785289005835879905e+00 1.348410876578764572e+01 4.472996467817051212e+02 8.712516748216077644e+01
5.789613890768793681e+03 1.135863677602913491e+01 3.608630753482524156e+00 1.296308816415378296e+01 4.131739507754611509e+02 8.684785279332487562e+01
5.906064864989293710e+03 1.101272588832849486e+01 3.798839738686880185e+00 1.283502054828210071e+01 4.521335778252996533e+02 8.894607618344826960e+01
5.881421301194857733e+03 1.073241432858571187e+01 3.819244030321176098e+00 1.291921404387024097e+01 4.104539244200761914e+02 8.204429153577683564e+01
6.045631998176911111e+03 1.079739795263872359e+01 3.676313866194751423e+00 1.327901607698462172e+01 4.515815686822406292e+02 8.508988207003731929e+01
6.469115639317712521e+03 1.078927630115637193e+01 3.576885188472680888e+00 1.330817530143991512e+01 4.167222654467701091e+02 8.312377354864359802e+01
6.171165157990214539e+03 1.176271600141839180e+01 3.819472243978609516e+00 1.331710174559499116e+01 4.171855243617777660e+02 8.281495881627699873e+01
6.289441640760255723e+03 1.104040478839057826e+01 3.841847599672952196e+00 1.271066250745359305e+01 4.519256766331082531e+02 8.657973399961370831e+01
