-2.501542115037340697e-01 5.816881448663094645e+00 3.389237834794666782e+00 2.909036660418449216e+00 1.339663836280024270e+03 5.842773532820179980e+02
3.096492817998509040e+01 5.864731600536666534e+00 3.204034441233982289e+00 2.878571523593248749e+00 1.432434043334204944e+03 6.249546260032119562e+02
3.216650156183172271e+01 7.998225344628120403e+00 4.304531351168229492e+00 3.405493986653234106e+00 1.425151414983974064e+03 5.827938512862074276e+02
5.219446612756667037e+01 8.164840112150237417e+00 4.426777786930584213e+00 3.269143746551889773e+00 1.335516613160122233e+03 5.923908282476048726e+02
9.672257926869292533e+01 8.208443053297182601e+00 4.414153228478689073e+00 3.514679215242006993e+00 1.994910291284864456e+02 7.981942568086707013e+01
1.431271386487423740e+02 8.409189894922089792e+00 4.349083881347816316e+00 3.445206905296771982e+00 1.971250364688079628e+02 8.324169001643709009e+01
1.987563573247268494e+02 8.033746846343337467e+00 4.526945575775084052e+00 3.400096401550166014e+00 3.746088617437267203e+02 8.083348189415295337e+01
2.378335842284194257e+02 8.657460034028959583e+00 4.757418776383603998e+00 3.562242509203026763e+00 3.453575098143085711e+02 1.500656869371040614e+02
2.895922961225852532e+02 8.661099285478467635e+00 4.706591241711387319e+00 3.638778539876839080e+00 3.673863401926598158e+02 1.380741432111620952e+02
3.499747713392508786e+02 8.743942114630439022e+00 4.833901367376632230e+00 3.652841280362649545e+00 3.648907799753422410e+02 1.434638988669420598e+02
4.322533273932104976e+02 9.246860396281300964e+00 4.775215795002910824e+00 3.794529924960475586e+00 3.616219576029246241e+02 1.456536456498303949e+02
5.162930831435951404e+02 1.003888278689828617e+01 5.085286777023365623e+00 3.960645656134075931e+00 3.552318407057877039e+02 1.464701508836060668e+02
6.000711190711466543e+02 1.004464956023746147e+01 5.816990503503518539e+00 3.912647748391429925e+00 3.708870128178655818e+02 1.465468794890437607e+02
6.605940774299791656e+02 1.053942367997276719e+01 5.862071708721713570e+00 4.482148752001464231e+00 7.325167337874202076e+02 3.193186827696106320e+02
7.644590682852789314e+02 1.120810110814733918e+01 6.035576730273212398e+00 4.544283543269946435e+00 7.103020029393690038e+02 3.163487638205148755e+02
8.726399493447470377e+02 1.160625025854139736e+01 6.309619817888343363e+00 4.432428201739046614e+00 7.036420215762584576e+02 2.983855998174148567e+02
9.760835273206511147e+02 1.164498125130211825e+01 6.558510054530508171e+00 4.854357657351093813e+00 7.295374788688087619e+02 3.052710545555117960e+02
1.126670339017522792e+03 1.162445248156127242e+01 6.303304774187620474e+00 4.551109301003907426e+00 7.483749431868808415e+02 3.052271646573542512e+02
1.179942251336912022e+03 1.226171173699798267e+01 6.240204759865678241e+00 4.927510519097679342e+00 7.116133242568290598e+02 3.119062501448030957e+02
1.361719353277572509e+03 1.165795030311640268e+01 6.408957158805929311e+00 4.787750318388174442e+00 7.401655150653797364e+02 3.029167004646893702e+02
1.415687764404276322e+03 1.248308804318818055e+01 6.319445084386218880e+00 4.636431896911012984e+00 7.441725364483147587e+02 3.255570335484038651e+02
1.528822137080536777e+03 1.272875134726042745e+01 6.523879040356709957e+00 4.801847886828415568e+00 7.541700623259359872e+02 3.124718659271727574e+02
1.852507803543512637e+03 1.270476410125711020e+01 6.540305343802486071e+00 5.227357567083313228e+00 7.690606578451761379e+02 3.034812006348432760e+02
2.017248689690030687e+03 1.329833795772731087e+01 6.671347773870040854e+00 5.241824518196966487e+00 7.644732403173205739e+02 3.199772390407881062e+02
2.152604794397308524e+03 1.246467449294869390e+01 6.689010585842156686e+00 5.096798171582591408e+00 8.022807608181216210e+02 3.237383570498896006e+02
2.371721531937709642e+03 1.281134651006097869e+01 7.305746757488408072e+00 5.146248706953479690e+00 8.310795343170680098e+02 3.045976427790393473e+02
2.702485720466692328e+03 1.291650275134949588e+01 6.958402173128057200e+00 5.180632088585691797e+00 7.624688068064908748e+02 3.070532286451340269e+02
2.709350876771914955e+03 1.409323579603453425e+01 6.968713493908274437e+00 5.756184316647835253e+00 8.282556588381538631e+02 3.149640181161978489e+02
2.810508059626874910e+03 1.396113029966715224e+01 7.660778388903962899e+00 5.886863131802301474e+00 7.932385146564972729e+02 3.069408187263083505e+02
2.869663826137197248e+03 8.468012313494591936e+00 0.000000000000000000e+00 9.905180531225713736e+00 7.990105714925027769e+02 3.148887262191187233e+02
2.851971114255379689e+03 7.831557337650779438e+00 0.000000000000000000e+00 1.004283873517267267e+01 5.789795390082890663e+04 0.000000000000000000e+00
3.094421233367282639e+03 8.239633148064962498e+00 0.000000000000000000e+00 9.729842533160736551e+00 5.493742750726866507e+04 0.000000000000000000e+00
3.063901382320967969e+03 8.322139457593824119e+00 0.000000000000000000e+00 9.946691639673288066e+00 5.626393455285707023e+04 0.000000000000000000e+00
3.250480993485628915e+03 8.960327622526635949e+00 0.000000000000000000e+00 1.094286840254398818e+01 5.512447331524396577e+04 0.000000000000000000e+00
3.218166946209720209e+03 9.204825930249777244e+00 0.000000000000000000e+00 1.021886275020327162e+01 5.663425219638565613e+04 0.000000000000000000e+00
3.453436672467852986e+03 8.963184930160830177e+00 0.000000000000000000e+00 1.050912511371332059e+01 6.040500890218577115e+04 0.000000000000000000e+00
3.514891883476289877e+03 9.322068006487050695e+00 0.000000000000000000e+00 1.048227288680163838e+01 5.770120331463986076e+04 0.000000000000000000e+00
3.574063186350264004e+03 9.171172233912541216e+00 0.000000000000000000e+00 1.144956940568229697e+01 5.965572240291110211e+04 0.000000000000000000e+00
3.736007689808016494e+03 9.489587437012509952e+00 0.000000000000000000e+00 1.122666897703034472e+01 5.500898551647116983e+04 0.000000000000000000e+00
3.937737230608970549e+03 9.423460529484964709e+00 0.000000000000000000e+00 1.091267581492120797e+01 5.734490101398932165e+04 0.000000000000000000e+00
4.018830249397829448e+03 9.363963731456744100e+00 0.000000000000000000e+00 1.145992351175783064e+01 5.689330705638551444e+04 0.000000000000000000e+00
4.173573515030810086e+03 9.836928104320636024e+00 0.000000000000000000e+00 1.118790032536428569e+01 6.011842768808738765e+04 0.000000000000000000e+00
4.198970239838642556e+03 9.920874963513593769e+00 0.000000000000000000e+00 1.107837660416527825e+01 5.891182887877342000e+04 0.000000000000000000e+00
4.063133811308825443e+03 9.284630806950172399e+00 0.000000000000000000e+00 1.153588022520946765e+01 6.002845447686258558e+04 0.000000000000000000e+00
4.159896901374779191e+03 9.942560246296784143e+00 0.000000000000000000e+00 1.133397968299549241e+01 5.647570213222134043e+04 0.000000000000000000e+00
4.679881059675145480e+03 1.001345514923343849e+01 0.000000000000000000e+00 1.123183448769572479e+01 5.828912514562386059e+04 0.000000000000000000e+00
4.624795483879071071e+03 1.036837068167788800e+01 0.000000000000000000e+00 1.178587207256069114e+01 5.996602730227645225e+04 0.000000000000000000e+00
4.672424664266992295e+03 1.009726772234270165e+01 0.000000000000000000e+00 1.132464043282706712e+01 5.675413805920228333e+04 0.000000000000000000e+00
4.958552088332051426e+03 1.045426800393832245e+01 0.000000000000000000e+00 1.224017279383466672e+01 5.836799178744789970e+04 0.000000000000000000e+00
4.732741117198550455e+03 1.065904029349214177e+01 0.000000000000000000e+00 1.200394185373259148e+01 5.603602173415930156e+04 0.000000000000000000e+00
4.945722411908978756e+03 9.741386767321630558e+00 0.000000000000000000e+00 1.238071962470803200e+01 5.633520075064698176e+04 0.000000000000000000e+00
5.226708611560226927e+03 1.021428790707068934e+01 0.000000000000000000e+00 1.266351591870254900e+01 6.025807183378322952e+04 0.000000000000000000e+00
5.130789227805989867e+03 1.015648267165191676e+01 0.000000000000000000e+00 1.176043288355983130e+01 5.704623596164373885e+04 0.000000000000000000e+00
5.249131536604245412e+03 1.077027824166773939e+01 3.625788293352375735e+00 1.270992087946777716e+01 4.472625941533257787e+02 8.093599337541370176e+01
4.948518801348342095e+03 1.059417088368439863e+01 3.657036888369250338e+00 1.306410548479226996e+01 4.258041399029359013e+02 8.164390173280575880e+01
5.024929381486122111e+03 1.056278947001297475e+01 3.496326159235486397e+00 1.316242917774104448e+01 4.286543167171493565e+02 8.083569212664677650e+01
5.486079647473146906e+03 1.062946882640932067e+01 3.511616238552211833e+00 1.316420230169585004e+01 4.589233854981953300e+02 8.124806111235469075e+01
5.632177901919334545e+03 1.166500986767724157e+01 3.618622648636040662e+00 1.307533928470279960e+01 4.495774323810210831e+02 8.589523118748944341e+01
5.648341971631504748e+03 1.105007699598635007e+01 3.750675099690127468e+00 1.277548578953895664e+01 4.510801135731749696e+02 8.221524751170771594e+01
5.617020202015109135e+03 1.083078599761841332e+01 3.642121210712942148e+00 1.356554406641566324e+01 4.221008940051056015e+02 8.240835246761103861e+01
6.013429128196121383e+03 1.124778317769846048e+01 3.768299830635958969e+00 1.358811602724047241e+01 4.411723140644585328e+02 8.215254978155519439e+01
5.928004259989094862e+03 1.072940497124590387e+01 3.684064408543998415e+00 1.281951471208242843e+01 4.257845046656897807e+02 8.258256198078902344e+01
6.259597195071848546e+03 1.084180926736906514e+01 3.561420798273009058e+00 1.293815136167939173e+01 4.513449690582493190e+02 8.626987779353618180e+01
6.295181915001818197e+03 1.095810765162890732e+01 3.714674415040911004e+00 1.307973914569524787e+01 4.132224673813645381e+02 8.080713177246178702e+01
6.023213827650502935e+03 1.132170023729739761e+01 3.782068036111382536e+00 1.369603966411438023e+01 4.100704845919017885e+02 8.370131774575730788e+01
6.093854007856645694e+03 1.096177645239397869e+01 3.629977014529444546e+00 1.372099118740666235e+01 4.453485565660604379e+02 8.856777748367301228e+01
6.091716958557035468e+03 1.070438323083420507e+01 3.769583210695595099e+00 1.310048673742529957e+01 4.118632460903691594e+02 8.234801614216556231e+01
