1.604538496883266552e-01 5.593347260060686388e+00 3.344280723919491383e+00 2.810696322554841142e+00 1.432507348875572916e+03 5.969671606231041778e+02
3.377152619177282133e+01 5.636399851836412012e+00 3.191693412250023787e+00 2.764346497086263454e+00 1.436187629645768993e+03 6.008643990918459394e+02
3.398975535386476565e+01 7.701457108889255387e+00 4.422324344208115932e+00 3.401276075105453600e+00 1.348816608251364187e+03 5.986280965168284638e+02
5.127988944586363118e+01 8.072292430042082856e+00 4.478749320569495929e+00 3.236334958300410847e+00 1.343290969265261310e+03 6.034320816462092125e+02
9.998637869294653058e+01 7.845603661472551060e+00 4.665640010975029561e+00 3.298528879771559286e+00 2.058261618188968782e+02 8.354440949267925021e+01
1.533324459986048964e+02 7.970016187569599175e+00 4.668011133162218940e+00 3.406468865136713653e+00 2.027834136092220660e+02 8.102190561784533429e+01
1.951226218508938075e+02 8.552140832980196450e+00 4.556379544131182513e+00 3.400671573665867253e+00 3.651977779560427848e+02 7.784048149021894858e+01
2.539468402890908010e+02 8.635802662464694635e+00 4.626235809181546088e+00 3.517051428814736092e+00 3.628824679713599153e+02 1.424090008451356084e+02
2.865381063552136993e+02 8.961446868015906730e+00 4.684559389258372342e+00 3.485841019827086829e+00 3.635971936406364762e+02 1.466505800044148771e+02
3.533141342815681014e+02 8.864066056944748695e+00 4.906572406759844185e+00 3.762922689896466277e+00 3.435206799142865179e+02 1.377574633028996800e+02
4.061342600165205567e+02 9.407896124853307285e+00 4.917217585049733053e+00 3.817336524043860368e+00 3.715577969562201588e+02 1.388303649287937844e+02
5.138799973130912804e+02 9.848976873114176911e+00 5.291868045289704447e+00 4.000608790897241640e+00 3.641666390535961568e+02 1.403753815592505418e+02
5.740419101808229243e+02 1.012476562805658276e+01 5.558210708919740561e+00 4.166790848083324228e+00 3.719559858652976345e+02 1.361875860080675693e+02
6.970488178719466532e+02 1.096740863139503475e+01 5.760117812325090902e+00 4.374125160778548072e+00 7.268912804130189897e+02 3.026730245147837195e+02
7.703214831816272863e+02 1.131300441867282558e+01 6.261410098591567497e+00 4.318619462151493060e+00 7.051971756585052162e+02 3.035703563601002770e+02
9.252585721948926221e+02 1.136025583887723833e+01 6.360937660824697026e+00 4.523460769941642923e+00 7.134330613695371994e+02 3.263843552253128451e+02
9.840938900720003630e+02 1.109174136804587185e+01 6.455511023226607747e+00 4.454077717915553514e+00 7.659143234688871189e+02 3.200269661223829871e+02
1.094583926174980661e+03 1.182053729885451432e+01 6.348575905744348269e+00 4.491115942686467299e+00 7.541390393982964042e+02 3.173605421037963197e+02
1.220733531622488272e+03 1.148674145559979287e+01 6.242757244720197995e+00 4.778848860760587236e+00 7.738558206435376405e+02 3.207700582714950315e+02
1.277392992317056041e+03 1.156918490487358930e+01 6.578178834556373644e+00 4.922241652347502772e+00 7.463501131938872959e+02 3.270991744085774258e+02
1.467037076155186696e+03 1.250732392301832441e+01 6.618328607732286706e+00 5.015467067416229163e+00 7.547303083319822008e+02 2.983180027850046940e+02
1.647178651528263572e+03 1.249159232660264784e+01 7.060113376722521039e+00 5.036536575024456397e+00 7.706821704255148688e+02 3.007543891319787690e+02
1.865426282655649629e+03 1.236220171231561338e+01 6.960649905736557841e+00 5.233766603945577245e+00 7.788731190232346080e+02 3.047359175585987714e+02
2.096265275176176146e+03 1.260645705526468241e+01 6.827968091719171184e+00 5.361960191478679860e+00 7.897386916773969006e+02 3.150800504301287219e+02
2.198598795231683653e+03 1.316439490076270857e+01 6.684486845660728704e+00 5.176322276610776818e+00 7.987386077573096372e+02 3.182550567166663882e+02
2.362215860366233755e+03 1.311130311039885576e+01 7.267928620910792503e+00 5.495864928391336335e+00 7.749429415416623215e+02 3.106912799346444558e+02
2.640219264024703989e+03 1.259417560752872411e+01 6.996083389143374021e+00 5.528703538990973776e+00 8.116547758026921429e+02 3.154910266453708232e+02
2.538875303836453895e+03 1.431815103223276076e+01 7.556116943051268464e+00 5.620292491724741879e+00 8.286752409314194665e+02 3.124671711906750602e+02
3.040655347847618941e+03 1.355955931102106859e+01 7.607784628972445340e+00 5.893559079181188487e+00 8.004309826441445921e+02 3.197728930337142401e+02
2.855433136340182955e+03 8.045070368740947941e+00 0.000000000000000000e+00 9.752986443814076978e+00 8.003724639166126735e+02 3.136068597953898802e+02
3.014907158008930310e+03 7.802736706301716119e+00 0.000000000000000000e+00 1.012872317576773717e+01 5.765210478707771836e+04 0.000000000000000000e+00
3.124812254089620183e+03 8.428226522829644907e+00 0.000000000000000000e+00 1.034061274454434098e+01 5.704313139937824599e+04 0.000000000000000000e+00
3.101952873236959476e+03 8.184263718564787737e+00 0.000000000000000000e+00 1.023256284296531327e+01 5.771614735358446342e+04 0.000000000000000000e+00
3.139955089661792954e+03 8.984919867843190744e+00 0.000000000000000000e+00 1.036812395802887821e+01 5.538244724359024985e+04 0.000000000000000000e+00
3.301221050182531599e+03 8.956228055638568719e+00 0.000000000000000000e+00 1.034831145464613478e+01 5.631684500937040866e+04 0.000000000000000000e+00
3.528940669187621097e+03 8.558651238263548677e+00 0.000000000000000000e+00 1.041819092048166695e+01 5.814847263197155553e+04 0.000000000000000000e+00
3.397987592509285605e+03 9.085654051573087031e+00 0.000000000000000000e+00 1.081934287190313526e+01 5.656420728170739312e+04 0.000000000000000000e+00
3.605758127769223847e+03 9.112436542267134953e+00 0.000000000000000000e+00 1.094521607973008592e+01 5.544572845638819126e+04 0.000000000000000000e+00
3.675716271323562523e+03 9.583281925586538463e+00 0.000000000000000000e+00 1.120957201666383973e+01 5.541642681876607094e+04 0.000000000000000000e+00
3.973060911595884590e+03 9.678700612197838282e+00 0.000000000000000000e+00 1.141665843379502832e+01 5.499675172718803515e+04 0.000000000000000000e+00
3.965864567641685881e+03 9.410077663981553542e+00 0.000000000000000000e+00 1.130418412675544459e+01 5.962070023371667776e+04 0.000000000000000000e+00
3.933498920436654316e+03 9.229027552045311111e+00 0.000000000000000000e+00 1.160385110971050437e+01 6.024413492442660936e+04 0.000000000000000000e+00
4.205071985827516073e+03 9.271458071833780679e+00 0.000000000000000000e+00 1.158187381782581582e+01 5.754838901644301950e+04 0.000000000000000000e+00
4.196427230969158700e+03 9.611425792067642249e+00 0.000000000000000000e+00 1.138320133770799281e+01 5.725887576161938341e+04 0.000000000000000000e+00
4.382926209429083428e+03 1.007782959745423312e+01 0.000000000000000000e+00 1.213013590263722463e+01 5.559274655647500185e+04 0.000000000000000000e+00
4.450554145827628417e+03 9.523215981968762733e+00 0.000000000000000000e+00 1.200476088692243160e+01 5.758010897971830127e+04 0.000000000000000000e+00
4.726725529539522540e+03 9.963125500325809014e+00 0.000000000000000000e+00 1.202950320878559154e+01 5.496884416078924551e+04 0.000000000000000000e+00
4.548184429979040942e+03 9.673796478984970193e+00 0.000000000000000000e+00 1.206254868021978766e+01 5.573634740175920888e+04 0.000000000000000000e+00
4.683953304603581273e+03 1.010910607790102311e+01 0.000000000000000000e+00 1.136886270002717936e+01 6.010164437436771550e+04 0.000000000000000000e+00
4.730066689317075543e+03 1.058529938111807311e+01 0.000000000000000000e+00 1.152660015403050942e+01 5.722139582986983442e+04 0.000000000000000000e+00
5.151068445476903435e+03 9.756901348691991771e+00 0.000000000000000000e+00 1.167196796568032369e+01 5.804330941424565390e+04 0.000000000000000000e+00
5.322207114611674115e+03 1.061627737121060733e+01 0.000000000000000000e+00 1.195281461874069606e+01 5.960943394707216066e+04 0.000000000000000000e+00
5.395412230211582028e+03 1.002825680781343820e+01 0.000000000000000000e+00 1.175032128841091605e+01 5.700758557384581945e+04 0.000000000000000000e+00
5.198368913202824842e+03 1.084071719044825599e+01 3.649289389745803192e+00 1.218896812745827418e+01 4.489082653660801157e+02 8.504021688563602765e+01
5.075740886953123663e+03 1.117263838074799409e+01 3.551372348619625807e+00 1.321402965215625969e+01 4.255116232421544282e+02 8.237643461239596832e+01
5.426555566891414855e+03 1.085611927721524772e+01 3.481922990471449264e+00 1.248596061107500432e+01 4.252334579493200408e+02 8.474947615723337435e+01
5.468326672708154547e+03 1.132757115357315136e+01 3.713529203250771182e+00 1.285289602376665741e+01 4.582825588279002886e+02 8.631124046446340969e+01
5.578237182320802276e+03 1.094904145591467071e+01 3.532918318889893161e+00 1.239161088070675198e+01 4.465112288780536005e+02 8.290047443093050106e+01
5.391772263257107625e+03 1.086692117259709356e+01 3.471511825813357266e+00 1.312138384690265447e+01 4.514127025060121809e+02 8.738338150821593331e+01
5.593174821612423329e+03 1.091199260130097315e+01 3.609903406154990169e+00 1.354863293728911344e+01 4.394154983533860559e+02 8.533841068171238931e+01
5.836403872899357339e+03 1.128721170317822065e+01 3.639794979525280194e+00 1.285246247342028347e+01 4.440669659549035941e+02 8.763714436798683494e+01
6.106221666029053267e+03 1.110709547447367385e+01 3.684701371464999209e+00 1.312993053735658933e+01 4.127948828480706993e+02 8.347421699263426831e+01
6.181299362131763701e+03 1.089044885726228351e+01 3.738451538397219220e+00 1.343395507898938845e+01 4.208092552170104454e+02 8.624958807727098531e+01
6.085918390351599555e+03 1.166257123040816523e+01 3.718426030570897822e+00 1.357174866675950931e+01 4.217457364558842414e+02 8.238227371697898604e+01
6.474901903629885965e+03 1.178599792928097933e+01 3.556486508363552623e+00 1.347637877675374618e+01 4.223983372874825477e+02 8.461464048746238120e+01
6.274087636726906567e+03 1.070926801960554720e+01 3.619239899015275430e+00 1.317432369067242526e+01 4.347594046146684832e+02 8.446776472690528692e+01
6.151570449944359098e+03 1.126745080749028816e+01 3.645389739867812118e+00 1.293662101253221408e+01 4.275076906282453137e+02 8.602389149975630289e+01
