1.072205743275600476e-01 5.855104478891389519e+00 3.245060695484277780e+00 2.825301802446472443e+00 1.457735002774683835e+03 6.285565921041633146e+02
3.262482735121726307e+01 5.794807163210331069e+00 3.239339259546054173e+00 2.720893498521301357e+00 1.443969867979311630e+03 5.944731995536598106e+02
3.424184615540615084e+01 8.131344587601660123e+00 4.403255681822824563e+00 3.343812963837629493e+00 1.386861304698115646e+03 6.156429514754721595e+02
5.016759940672748286e+01 7.999338829530246109e+00 4.490834124715491704e+00 3.361963068563238899e+00 1.415053393200195615e+03 5.953730560654817054e+02
9.983632907168173176e+01 7.871022046407531114e+00 4.448640179814341344e+00 3.280015582433787991e+00 2.001696965777079242e+02 7.832489744436284695e+01
1.541376333222100072e+02 8.416607291212219621e+00 4.355698743077094370e+00 3.499397528488968234e+00 1.908761351031764661e+02 7.731601084493988196e+01
1.908228296886090618e+02 8.100765836261061281e+00 4.488114117612388654e+00 3.478653308217970697e+00 3.745354942415760888e+02 7.761512396310814665e+01
2.438375302305839796e+02 8.167350608856574823e+00 4.548628540215059246e+00 3.396459744074336484e+00 3.505339934185457764e+02 1.481221466945414136e+02
2.933581284846237622e+02 8.807324486127305008e+00 4.755229120339937943e+00 3.455481817004604217e+00 3.473590021669042471e+02 1.385681837456957624e+02
3.596249102422000306e+02 8.752538584254615728e+00 4.940071936600212155e+00 3.612980596620816609e+00 3.696008724336076057e+02 1.450014602690318952e+02
3.933702680977371529e+02 9.099021653438004620e+00 5.204046940214064776e+00 3.468885409909685968e+00 3.739105844224604880e+02 1.382710011288903615e+02
4.869390686386688571e+02 9.325845885671734337e+00 5.536101146339987622e+00 3.758069607753227626e+00 3.695910379305399260e+02 1.379448643412194713e+02
6.304132286347881973e+02 1.000497971605103054e+01 5.742335175223806765e+00 3.953926946958173705e+00 3.558161611253474916e+02 1.482142690898984370e+02
6.702840329920302338e+02 1.082568251027308470e+01 5.799996882692517453e+00 4.408462866157340621e+00 7.484613176445907357e+02 3.108538508913571263e+02
8.332621352615142314e+02 1.069154034460582814e+01 5.954731642605649355e+00 4.277376617069092113e+00 7.332512615298174978e+02 3.008737834732726810e+02
9.143273673458744497e+02 1.132040902654268777e+01 5.981641490746000933e+00 4.661811335280452440e+00 7.296942479951607083e+02 3.166933123388883473e+02
9.640262145827797440e+02 1.101473158609292113e+01 6.122698911517919562e+00 4.638716574628339195e+00 7.622446219277007913e+02 2.999818235553518662e+02
1.056651266782565244e+03 1.213151277142410578e+01 6.385667783381819618e+00 4.615102881851596450e+00 7.407187812845274948e+02 3.183926616869638337e+02
1.182825979140809523e+03 1.166151405493752513e+01 6.416927167762073836e+00 4.638482008866774642e+00 7.375237689632826914e+02 3.176692408822336233e+02
1.248981500315194580e+03 1.126626226538748199e+01 6.419681492347430130e+00 4.663289245982926268e+00 7.517103637577124573e+02 3.139597047564756167e+02
1.330190603650637968e+03 1.154453580460570450e+01 6.825458303312158748e+00 4.770585788523058035e+00 7.745614272022174873e+02 3.236276582182456423e+02
1.575666641328265541e+03 1.275636441125274168e+01 6.881488710592578606e+00 5.175674418061119830e+00 7.061171260001360679e+02 3.259757984712203438e+02
1.718459103588137395e+03 1.302148816778300677e+01 6.687121899810979819e+00 5.132347188995337817e+00 7.845752118870972254e+02 3.207822890846402970e+02
2.097302077377304158e+03 1.322741022709978864e+01 7.210233980823855582e+00 5.170178082726508251e+00 8.292914504707059677e+02 3.264373382705030622e+02
2.101847590688974378e+03 1.285093811277431719e+01 6.719294779646129534e+00 5.318528040990478267e+00 8.384363308092295028e+02 2.978731192183687426e+02
2.330169390266735718e+03 1.367361816900921490e+01 7.154540205230709660e+00 5.112895209611963310e+00 8.046810634653210172e+02 3.054643529656275405e+02
2.721185826238797745e+03 1.359554503632638855e+01 6.742037969769962835e+00 5.437938285157635221e+00 8.050464739594099228e+02 2.987887908171924778e+02
2.552493299397719966e+03 1.348616549004480270e+01 7.250494223829877072e+00 5.445096848009824519e+00 8.207445821521074549e+02 3.209951807817406007e+02
2.881087378321790311e+03 1.422777588367458534e+01 7.456238919370218987e+00 5.925324920388400862e+00 8.255667653752624346e+02 3.250210873607907160e+02
2.956119746464024047e+03 8.077602079575184391e+00 0.000000000000000000e+00 1.014904126866707657e+01 7.660496504264658597e+02 3.086650320483248606e+02
3.063109965867673054e+03 8.517655333926798633e+00 0.000000000000000000e+00 9.870379353367873421e+00 5.733190703443360690e+04 0.000000000000000000e+00
3.179536492312628525e+03 8.649625396247474285e+00 0.000000000000000000e+00 9.732051596986227793e+00 5.914642980777124467e+04 0.000000000000000000e+00
3.255656262424452962e+03 8.497733594238741972e+00 0.000000000000000000e+00 1.082936210346233175e+01 6.013053287139146414e+04 0.000000000000000000e+00
3.371875973010307462e+03 8.353214027993287161e+00 0.000000000000000000e+00 1.070554675204947515e+01 5.941479877031730575e+04 0.000000000000000000e+00
3.292780970541659826e+03 9.022778779690181494e+00 0.000000000000000000e+00 1.078247745459639617e+01 5.673764063553232700e+04 0.000000000000000000e+00
3.430542959723901276e+03 9.160594871740912026e+00 0.000000000000000000e+00 1.051231264631803519e+01 5.984328605916364904e+04 0.000000000000000000e+00
3.712127933112801657e+03 8.894426787837705461e+00 0.000000000000000000e+00 1.116336081876421460e+01 5.832549628233459953e+04 0.000000000000000000e+00
3.842115122570469794e+03 8.874441303970627359e+00 0.000000000000000000e+00 1.126915276754411188e+01 5.605623303264961578e+04 0.000000000000000000e+00
3.649617147051292250e+03 9.634909357903710614e+00 0.000000000000000000e+00 1.099295238176480538e+01 5.915337285268984851e+04 0.000000000000000000e+00
4.057136872282988406e+03 8.988827086243729170e+00 0.000000000000000000e+00 1.084080493116139721e+01 5.844942767031495896e+04 0.000000000000000000e+00
3.949423352654365317e+03 9.271127225746436551e+00 0.000000000000000000e+00 1.118943436075007547e+01 5.998112759752460988e+04 0.000000000000000000e+00
4.208323675587845173e+03 9.170737909252714815e+00 0.000000000000000000e+00 1.108940593183933743e+01 5.654806023297826323e+04 0.000000000000000000e+00
4.185163653386147416e+03 9.406176985987404038e+00 0.000000000000000000e+00 1.176826718735430255e+01 6.037327765388432454e+04 0.000000000000000000e+00
4.121807948385689087e+03 9.301611210636654192e+00 0.000000000000000000e+00 1.206496682787305730e+01 5.623719651605848776e+04 0.000000000000000000e+00
4.268285999967332828e+03 9.430727867883256010e+00 0.000000000000000000e+00 1.216728852436918018e+01 5.961317071074394335e+04 0.000000000000000000e+00
4.564026494809485484e+03 9.624915037264814899e+00 0.000000000000000000e+00 1.117684917595665794e+01 5.980072757094165718e+04 0.000000000000000000e+00
4.712055411154285139e+03 9.720295336374210393e+00 0.000000000000000000e+00 1.143134869847075663e+01 6.023092735345450637e+04 0.000000000000000000e+00
4.702951154825434060e+03 1.035396250000051133e+01 0.000000000000000000e+00 1.206276328885767590e+01 5.976989828392861818e+04 0.000000000000000000e+00
4.539574605966425224e+03 1.008293731685135342e+01 0.000000000000000000e+00 1.167511850793150963e+01 5.937516617863423744e+04 0.000000000000000000e+00
4.817084516842407538e+03 1.016406192086590821e+01 0.000000000000000000e+00 1.171633906300576378e+01 5.697391156271435466e+04 0.000000000000000000e+00
5.129775711163575579e+03 1.037968985642277175e+01 0.000000000000000000e+00 1.158323956331647864e+01 5.534268438079494081e+04 0.000000000000000000e+00
4.973301897265620937e+03 1.047620917481888725e+01 0.000000000000000000e+00 1.241006541251566908e+01 6.001534487528911268e+04 0.000000000000000000e+00
4.997415680649958631e+03 1.019950445969893948e+01 0.000000000000000000e+00 1.260384981888846490e+01 5.580054753739768785e+04 0.000000000000000000e+00
5.205009384992627929e+03 1.079002534860171281e+01 3.352206179161905997e+00 1.240335161291059940e+01 4.392028207184351345e+02 8.826353982235124818e+01
5.397538825205139801e+03 1.148194996750534180e+01 3.364796396697643299e+00 1.306148932507952232e+01 4.521472177440130622e+02 8.326018160066547580e+01
5.241869146485360034e+03 1.082668349427132881e+01 3.657411980792951933e+00 1.286945209697253212e+01 4.535819527089254279e+02 8.915740885863179699e+01
5.141163249401201938e+03 1.077954548785188571e+01 3.416359246577655107e+00 1.331720947346788009e+01 4.608710503469849868e+02 8.876508531352732234e+01
5.371655244404544646e+03 1.102493517961428005e+01 3.578500327012886562e+00 1.267109143321489562e+01 4.467064809540506758e+02 8.245422005826576139e+01
5.639712310117700326e+03 1.076602737940325660e+01 3.418987880595060869e+00 1.261939588962930081e+01 4.341075646062824376e+02 8.537812516051802447e+01
5.895950090134023412e+03 1.157875580330858689e+01 3.529098900153353036e+00 1.337381901839328791e+01 4.443909014137169606e+02 8.491414249960423888e+01
5.735087473026413136e+03 1.081139478605771309e+01 3.645282666758068224e+00 1.288704587945200686e+01 4.298713067299271984e+02 8.837586860508220354e+01
5.890252241486695311e+03 1.168378406000473646e+01 3.731735380337704022e+00 1.355944160320182768e+01 4.141942149954182923e+02 8.642046056513672170e+01
5.719299845681553052e+03 1.070980042651560638e+01 3.523234420851975468e+00 1.273387333755245976e+01 4.356422381830918198e+02 8.552438589524463453e+01
5.843165501569659682e+03 1.160770931675135920e+01 3.567943725077683315e+00 1.330750461578035804e+01 4.199731301104015415e+02 8.080415615230171511e+01
5.908497553177502596e+03 1.163858204589870127e+01 3.673869999915819307e+00 1.307821833669449063e+01 4.131738553025211900e+02 8.804900012668350939e+01
6.409979786084473744e+03 1.165572337210615750e+01 3.599951866944505863e+00 1.271439561702692878e+01 4.157315522294979928e+02 8.641439657756262704e+01
6.258132717628293904e+03 1.116503652316340833e+01 3.581794513867843310e+00 1.321902442388642385e+01 4.434187166650619361e+02 8.624444360360656958e+01
