2.000000000000000111e-01 3.082873290145809797e+00
1.000000000000000056e-01 3.204873290145809683e+00
5.000000000000000278e-02 3.640873290145809626e+00
3.333333333333333287e-02 3.932873290145809886e+00
2.000000000000000042e-02 4.078873290145809349e+00
1.250000000000000069e-02 4.154873290145809861e+00
1.000000000000000021e-02 4.188873290145809669e+00
6.666666666666667095e-03 4.268873290145809740e+00
5.000000000000000104e-03 4.380873290145809840e+00
4.000000000000000083e-03 4.522873290145810188e+00
3.333333333333333547e-03 4.684873290145810110e+00
