4.064735208003127376e-01 5.993855777285078013e+00 3.511385110862581982e+00 2.829835784652050101e+00 1.361254669077343351e+03 5.773153707982925198e+02
3.333594570332755325e+01 5.551128009475267078e+00 3.439797526941341665e+00 2.667895796131391606e+00 1.411769827188222962e+03 6.199270312698104135e+02
3.215628404050846001e+01 8.114914339233189722e+00 4.362523030781902733e+00 3.245138835576679259e+00 1.353154396369300457e+03 5.794506604689032656e+02
4.817724095454773447e+01 8.157076724188403460e+00 4.579708432935634121e+00 3.323481342908945368e+00 1.355271787602314589e+03 5.976925198851183723e+02
1.007363775321617965e+02 7.951404841857946160e+00 4.448412461199841239e+00 3.297136698285496603e+00 1.944462769866300675e+02 7.738992730268192588e+01
1.513640861845020424e+02 7.764915296553727586e+00 4.546082166321586016e+00 3.291701925011154550e+00 2.055517991213039579e+02 7.997791398040557453e+01
2.101721438123889243e+02 7.972993684066501885e+00 4.526930795130447827e+00 3.455798494878956628e+00 3.504775761194692336e+02 7.906759755802187328e+01
2.514599474575951490e+02 8.791479483725661126e+00 4.661182479871043505e+00 3.395535859183260730e+00 3.747274541166984818e+02 1.414972494865588715e+02
2.959775279761234970e+02 8.919013842327823127e+00 4.845912688122790080e+00 3.589828293729868225e+00 3.682583420732053696e+02 1.493548072420998665e+02
3.355311972506607958e+02 8.626922865243319194e+00 4.653500943263898293e+00 3.466558583229472745e+00 3.435203854709647544e+02 1.462849347864307106e+02
4.160238507340077376e+02 9.147284601998540765e+00 5.093161861504879262e+00 3.756599164993247975e+00 3.436203165048435721e+02 1.411697540646439393e+02
4.778631573465191309e+02 9.727836353242912182e+00 5.542603256801362122e+00 3.780207052564643178e+00 3.448661985002605093e+02 1.452445366780024187e+02
6.174602180373033207e+02 1.007740030508615092e+01 5.473594543528150780e+00 4.048213973518654640e+00 3.453608543980791410e+02 1.374672768929028166e+02
6.460210720237009809e+02 1.049015642607185761e+01 5.927097920397227604e+00 4.266450882468435069e+00 7.381760113252483961e+02 3.169801134924899202e+02
8.052108749045481773e+02 1.101600931113751258e+01 6.411496436886960915e+00 4.603421317888419573e+00 7.603406830482301757e+02 3.173538353386180688e+02
8.706303262218362988e+02 1.102896320631975691e+01 6.335490943156746546e+00 4.577198192141156419e+00 7.334684293554508940e+02 2.983542656130568957e+02
1.025756494367417190e+03 1.131995933174905744e+01 6.563358362315621086e+00 4.775734904025302541e+00 7.133264028320521675e+02 3.073181164583016312e+02
1.098229878591497709e+03 1.134266848844338860e+01 6.563315289286693499e+00 4.580378827169725220e+00 7.199837170041001855e+02 3.093746079803731277e+02
1.207772794367867391e+03 1.220290698420000552e+01 6.700521401520083131e+00 4.551379899590369149e+00 7.062959495836420274e+02 3.053153655920025358e+02
1.245941971802630633e+03 1.213727490675637810e+01 6.519572147033268372e+00 4.848426497150867931e+00 7.288988059264916046e+02 3.197581822846412365e+02
1.460409628970242466e+03 1.247789879084305831e+01 6.300895379035218014e+00 4.794599499842356671e+00 7.754130916876785022e+02 3.054669495628853610e+02
1.656913454452361293e+03 1.255766459490211062e+01 6.531356087304581948e+00 4.782750818274410065e+00 7.050138772179195712e+02 3.118364635989087787e+02
1.722248409942199714e+03 1.235976574870249145e+01 6.760082517183779061e+00 5.117230256520350018e+00 7.722895650821725440e+02 3.103044135294376815e+02
2.045669226445210370e+03 1.263907685350567611e+01 7.275924207945416278e+00 5.306756019329089469e+00 8.329165740668612443e+02 3.177329371156324100e+02
2.118037241255194658e+03 1.317240648004555759e+01 6.924052723689547939e+00 5.458937731468439303e+00 7.770171476690353529e+02 2.967829924098135166e+02
2.285938784888370719e+03 1.254813365725475371e+01 7.145876358158020913e+00 5.489926769876110946e+00 8.195637547182908520e+02 3.126645801004601708e+02
2.513050867635624400e+03 1.276436442981355590e+01 7.048807151488476919e+00 5.308621691460265524e+00 8.113679689492794296e+02 3.154591606550554843e+02
2.575879764618660829e+03 1.360839165245351801e+01 7.377280964005707098e+00 5.677970442812153351e+00 7.633292698540916490e+02 3.102895445732580697e+02
3.029796360948433630e+03 1.419638527114069149e+01 7.335930378180302469e+00 5.946854027918118568e+00 7.628790379400747952e+02 3.071182349751366019e+02
2.896529062359338695e+03 7.980341170325747413e+00 0.000000000000000000e+00 9.311660276072180054e+00 8.273710952281385289e+02 3.202377653256234566e+02
2.936941913253161601e+03 8.266394395059913691e+00 0.000000000000000000e+00 1.018074839749565896e+01 5.878695860272222490e+04 0.000000000000000000e+00
3.214138478120420586e+03 8.566700614782808643e+00 0.000000000000000000e+00 1.062590072708396960e+01 5.744906582096125931e+04 0.000000000000000000e+00
3.139372241287963334e+03 8.343348424226492810e+00 0.000000000000000000e+00 1.035972488195294261e+01 5.895313203160804551e+04 0.000000000000000000e+00
3.218202575689964306e+03 8.923715461937616666e+00 0.000000000000000000e+00 1.080666923743032726e+01 5.626984668707365199e+04 0.000000000000000000e+00
3.501728130861509726e+03 8.783520958490607100e+00 0.000000000000000000e+00 1.013642170696577338e+01 5.750845483001494722e+04 0.000000000000000000e+00
3.618358567829330696e+03 8.662294773800303105e+00 0.000000000000000000e+00 1.059995089976416516e+01 5.498735283700120635e+04 0.000000000000000000e+00
3.483711640503240233e+03 9.190944389374591239e+00 0.000000000000000000e+00 1.129856914008685642e+01 5.989334526887542597e+04 0.000000000000000000e+00
3.728068698023572324e+03 8.876257553788644117e+00 0.000000000000000000e+00 1.058064077616168497e+01 5.707914215785820852e+04 0.000000000000000000e+00
3.743229384787410254e+03 9.427857409976494907e+00 0.000000000000000000e+00 1.134854089264492139e+01 5.934947116883785202e+04 0.000000000000000000e+00
3.836060128769325729e+03 8.964279566830695600e+00 0.000000000000000000e+00 1.150030582237652688e+01 5.737219126922408759e+04 0.000000000000000000e+00
3.839676979026456138e+03 9.231738074707653396e+00 0.000000000000000000e+00 1.085088789899758943e+01 5.536078992088936502e+04 0.000000000000000000e+00
4.178917074144389517e+03 9.961328041691409396e+00 0.000000000000000000e+00 1.139019954544829183e+01 5.890212972570420970e+04 0.000000000000000000e+00
4.353618433669686965e+03 1.002856778071983435e+01 0.000000000000000000e+00 1.161726262266979859e+01 5.601179158430621465e+04 0.000000000000000000e+00
4.339439126210305403e+03 9.857044163630428457e+00 0.000000000000000000e+00 1.110723704363931397e+01 5.908530991867902048e+04 0.000000000000000000e+00
4.462990906611218634e+03 9.395932444094988512e+00 0.000000000000000000e+00 1.121137643249794458e+01 5.707127958378955373e+04 0.000000000000000000e+00
4.608992222796351598e+03 1.025847711219253000e+01 0.000000000000000000e+00 1.214217552276943834e+01 5.957370963758980361e+04 0.000000000000000000e+00
4.456077625289110983e+03 1.014587666962392376e+01 0.000000000000000000e+00 1.147579307122372150e+01 5.925917595249404258e+04 0.000000000000000000e+00
4.665578541014849179e+03 9.617051300676722647e+00 0.000000000000000000e+00 1.180738300638507710e+01 5.508576922193746577e+04 0.000000000000000000e+00
4.579877164333869587e+03 1.020641161710237199e+01 0.000000000000000000e+00 1.246237192210655920e+01 5.523630804581675329e+04 0.000000000000000000e+00
4.708581160188325157e+03 9.963894147268417711e+00 0.000000000000000000e+00 1.182118768502894568e+01 5.516241785570418142e+04 0.000000000000000000e+00
4.781633292663570501e+03 9.967105448303334114e+00 0.000000000000000000e+00 1.159101638257003053e+01 5.842450830706231500e+04 0.000000000000000000e+00
5.086442811989752954e+03 1.030957214847465231e+01 0.000000000000000000e+00 1.249550758499359304e+01 5.696441779712899006e+04 0.000000000000000000e+00
4.922301548794647715e+03 1.076716955619283844e+01 0.000000000000000000e+00 1.275200722466195380e+01 6.009028295260029699e+04 0.000000000000000000e+00
5.001682840821974423e+03 1.143909688687119441e+01 3.429192433452981081e+00 1.326845234288861519e+01 4.525721982275866253e+02 8.815578697065444658e+01
5.136479658973024925e+03 1.085943830061134996e+01 3.553662547151501983e+00 1.271215144335083203e+01 4.496422770494440329e+02 8.655139782218435585e+01
5.392710652427946115e+03 1.059264201793353877e+01 3.393383544895827608e+00 1.244699785106284828e+01 4.490652949012753083e+02 8.268238669591833911e+01
5.176634137878000729e+03 1.073872818485111047e+01 3.695623448982519932e+00 1.263746694420032490e+01 4.480469663859622074e+02 8.466761847337417635e+01
5.700680231650846508e+03 1.139706856183924799e+01 3.531022916129364475e+00 1.260745384289569238e+01 4.517788623297536219e+02 8.756420012688302279e+01
5.827922741573253006e+03 1.137203164656660093e+01 3.760850643613530497e+00 1.289245340703272902e+01 4.553024197943019544e+02 8.294069168638732492e+01
5.581395451720379242e+03 1.076730946407900724e+01 3.659392809081312148e+00 1.283907806561491327e+01 4.161767279520057627e+02 8.421701832096670159e+01
5.712878010142898347e+03 1.099154232111698448e+01 3.543511882355932396e+00 1.353001784778916239e+01 4.393001744304980321e+02 8.239855818654432085e+01
5.614535635074070342e+03 1.073495842291505298e+01 3.758513399190015924e+00 1.293157240831093446e+01 4.147031365219742156e+02 8.807440474596089075e+01
6.052155166277231729e+03 1.081198432324599423e+01 3.564903089830324667e+00 1.327271402950565893e+01 4.508784014183221416e+02 8.346076540434087576e+01
6.090257446697070009e+03 1.168736743457222005e+01 3.593264541419282310e+00 1.252675466281439398e+01 4.414293889228309808e+02 8.539905809885635790e+01
5.999013632440913170e+03 1.103345370184504581e+01 3.798277659824665697e+00 1.255398262033815726e+01 4.391513286561943232e+02 8.075837131116117007e+01
6.499795169185515078e+03 1.107989016425931972e+01 3.526836457026160776e+00 1.341533055305122701e+01 4.270465788766492210e+02 8.770530135453286391e+01
6.155271100456083332e+03 1.086147468200200450e+01 3.793773470162906669e+00 1.324374184041286284e+01 4.230267592578289282e+02 8.764849467949419193e+01
