2.000000000000000111e-01 3.593015841464201277e+00
1.000000000000000056e-01 3.693015841464201365e+00
5.000000000000000278e-02 4.017015841464201209e+00
3.333333333333333287e-02 4.161015841464201337e+00
2.000000000000000042e-02 4.217015841464201387e+00
1.250000000000000069e-02 4.241015841464201408e+00
1.000000000000000021e-02 4.257015841464201422e+00
6.666666666666667095e-03 4.327015841464200818e+00
5.000000000000000104e-03 4.447015841464200925e+00
4.000000000000000083e-03 4.609015841464200847e+00
3.333333333333333547e-03 4.795015841464200790e+00
