1.036036883227685612e-01 5.726579650040711122e+00 3.477128308945596658e+00 2.812249673238106595e+00 1.443794839935025493e+03 6.031657413433188140e+02
3.248465331714231041e+01 5.645856432835834937e+00 3.335489904347741952e+00 2.884275022266165944e+00 1.450673045531126945e+03 6.087327350068252372e+02
3.377567372593835415e+01 7.980386206760341494e+00 4.341602957342621139e+00 3.421483172522893579e+00 1.381428498055526916e+03 5.809558319978299323e+02
5.077495981234176270e+01 7.972472257902077253e+00 4.588998010947419104e+00 3.289990663492079914e+00 1.374789935109334465e+03 6.050474052851185434e+02
9.703508574644659745e+01 7.763606289124917126e+00 4.395121129773673196e+00 3.483390141227624692e+00 1.973007913348198485e+02 8.362969454921135082e+01
1.554636733533685629e+02 8.046757159105620616e+00 4.521413662281932311e+00 3.264682201448488197e+00 1.973689074775467986e+02 8.040384852087927925e+01
2.093523472008582473e+02 7.938185413837309135e+00 4.488125904397713306e+00 3.359514078972704709e+00 3.420787957571711786e+02 8.393218431542092617e+01
2.419560477144916604e+02 8.608783735784752977e+00 4.642886704152645372e+00 3.559220494219332398e+00 3.522487173582132982e+02 1.494431672221878671e+02
2.988287909189480160e+02 8.955122668164795741e+00 4.855002301540304543e+00 3.534061091673278643e+00 3.761413351611782332e+02 1.471674661148271355e+02
3.423008869454221212e+02 8.679160084313686241e+00 5.082963459243267756e+00 3.575035324746680843e+00 3.592885473118728896e+02 1.381031567411423566e+02
4.208269089433698582e+02 9.129472945884593571e+00 5.181854550529102710e+00 3.585380931565210538e+00 3.515817422023420136e+02 1.400149325106334857e+02
5.144417853288731521e+02 9.529192030279974190e+00 5.414359780588114290e+00 3.840831337646548160e+00 3.636672306409877820e+02 1.437944425434326092e+02
6.170837968512543057e+02 1.051670692361824955e+01 5.636733496286325362e+00 4.201855995041774428e+00 3.518440300105386314e+02 1.478721189099040316e+02
6.740654590574532676e+02 1.120885361730106133e+01 5.976123600156994620e+00 4.253515673394647756e+00 7.468530883944489460e+02 3.225715454062913636e+02
7.631480316969966680e+02 1.127388978171376621e+01 5.960481795091043367e+00 4.242394856613890930e+00 7.761160385894471574e+02 3.037397003747316830e+02
9.390443735505403993e+02 1.162997614719463790e+01 6.370965197420400905e+00 4.521814151822664662e+00 7.557805569374868355e+02 3.086711502877773228e+02
1.007713770272012084e+03 1.103242416645779755e+01 6.389762247243871762e+00 4.865846217986601552e+00 7.333582864132034729e+02 3.050209380988699763e+02
1.083739346457307192e+03 1.114682590449965716e+01 6.310191009965112841e+00 4.514383786650975061e+00 7.686967439240863769e+02 3.068371743422296163e+02
1.212883676424618670e+03 1.181406826383912545e+01 6.393971994837923667e+00 4.907651936087299660e+00 7.208531703831215509e+02 3.204078922407722416e+02
1.275796770714762715e+03 1.130642777401981469e+01 6.494583954394655301e+00 4.751243620338327922e+00 7.377093736959075159e+02 3.074100031051781343e+02
1.453951593783351882e+03 1.250483087776232161e+01 6.755111866701525081e+00 5.033383980310502714e+00 7.408838949644388094e+02 3.010902722730875780e+02
1.630473502111001153e+03 1.199075378672756820e+01 7.048868246324440534e+00 4.762945855682580110e+00 7.094603101772455602e+02 3.037725348665018146e+02
1.767215387892912076e+03 1.222822397496883973e+01 6.670970490501408889e+00 4.875949784643652585e+00 7.968104521727608471e+02 3.047090079255161186e+02
1.927522598983541229e+03 1.265784530421614562e+01 6.867897390991068995e+00 5.101583240179393464e+00 8.036947147914886500e+02 3.128824725836151970e+02
2.204530492393655550e+03 1.322961844986858360e+01 7.279140349451673764e+00 5.065535923490392278e+00 7.936204447360067888e+02 3.263926405958548571e+02
2.209109630646880760e+03 1.374542618415306094e+01 7.058873471963500457e+00 5.369352050246418706e+00 7.932300976923884264e+02 3.012379845334066317e+02
2.583395027664295867e+03 1.264622156340562853e+01 7.029249095989690055e+00 5.477334133352911749e+00 8.053492433348408213e+02 3.269318811601642096e+02
2.483602665499133764e+03 1.345468833187276481e+01 7.585513400069926249e+00 5.386947204843881565e+00 8.352265582134567694e+02 3.038048260079482361e+02
3.009447862132763476e+03 1.357053127581572660e+01 6.977987556784301049e+00 5.642326667716821120e+00 8.368987994597354145e+02 3.122903382233876641e+02
3.022738886585002547e+03 8.218313493518955681e+00 0.000000000000000000e+00 9.555280343549680921e+00 8.201978269771306032e+02 3.273948203351828852e+02
2.894469560049207303e+03 8.094007924168694856e+00 0.000000000000000000e+00 9.847636352958401673e+00 5.968342780736145505e+04 0.000000000000000000e+00
3.013900187118928898e+03 8.075109055249674483e+00 0.000000000000000000e+00 1.048486710517044784e+01 5.557692664638450515e+04 0.000000000000000000e+00
3.128845946914375872e+03 8.463989506225198411e+00 0.000000000000000000e+00 1.068713987351482508e+01 5.989320612329895812e+04 0.000000000000000000e+00
3.122970850056802647e+03 8.545500099801584426e+00 0.000000000000000000e+00 1.006240357570883326e+01 5.901964425723963359e+04 0.000000000000000000e+00
3.272619330827018075e+03 9.166797485925364697e+00 0.000000000000000000e+00 1.074665824231881928e+01 5.572787963470148679e+04 0.000000000000000000e+00
3.298606560908193842e+03 8.987345300981445462e+00 0.000000000000000000e+00 1.098761086183447233e+01 5.895839868111989199e+04 0.000000000000000000e+00
3.573732752978004555e+03 8.976495778664759229e+00 0.000000000000000000e+00 1.035570003423727314e+01 5.604717689237464219e+04 0.000000000000000000e+00
3.631821642271163000e+03 9.311061276666816156e+00 0.000000000000000000e+00 1.136566655532943138e+01 5.547197969699133682e+04 0.000000000000000000e+00
3.860837536372627710e+03 9.375388956236692550e+00 0.000000000000000000e+00 1.105968405402618693e+01 6.058013610580464592e+04 0.000000000000000000e+00
3.870652424690236785e+03 8.971607091311243565e+00 0.000000000000000000e+00 1.139229383152954966e+01 5.592568332587651093e+04 0.000000000000000000e+00
3.915605673790179026e+03 9.478000952061954365e+00 0.000000000000000000e+00 1.076946098941905561e+01 5.718602900284656062e+04 0.000000000000000000e+00
3.937128074058165566e+03 9.796073447142976676e+00 0.000000000000000000e+00 1.177108364071454361e+01 5.743658132135052438e+04 0.000000000000000000e+00
4.347129705847276455e+03 9.503362232563151935e+00 0.000000000000000000e+00 1.121097474898665780e+01 6.003180237447650870e+04 0.000000000000000000e+00
4.061288213896810703e+03 9.748106961403536275e+00 0.000000000000000000e+00 1.188377139065901744e+01 5.543028327156855812e+04 0.000000000000000000e+00
4.292543555421102610e+03 9.624912692942855230e+00 0.000000000000000000e+00 1.183038945576665313e+01 5.748441433899234107e+04 0.000000000000000000e+00
4.332334108092793031e+03 9.611632154107457637e+00 0.000000000000000000e+00 1.228704410013573245e+01 5.538526064776991552e+04 0.000000000000000000e+00
4.690293129504187164e+03 1.032894634083233854e+01 0.000000000000000000e+00 1.133967420643657320e+01 5.659933711833075358e+04 0.000000000000000000e+00
4.663197903953626337e+03 1.014779442285882638e+01 0.000000000000000000e+00 1.170840416153922803e+01 5.971148274676913570e+04 0.000000000000000000e+00
4.614443916013610760e+03 1.031899084991977311e+01 0.000000000000000000e+00 1.210685442468420092e+01 5.611109355272467656e+04 0.000000000000000000e+00
4.996518965038393617e+03 1.024925264769754207e+01 0.000000000000000000e+00 1.240991910236474993e+01 5.626038235869098571e+04 0.000000000000000000e+00
4.999244698569356842e+03 1.072133395466771866e+01 0.000000000000000000e+00 1.152224314782247916e+01 5.993126686576745124e+04 0.000000000000000000e+00
5.252408179459789608e+03 1.023064288250430032e+01 0.000000000000000000e+00 1.193958473941272302e+01 5.727963987061416265e+04 0.000000000000000000e+00
5.206336817776364114e+03 1.038354404922391616e+01 0.000000000000000000e+00 1.242524436931132747e+01 5.744783142089338799e+04 0.000000000000000000e+00
4.912776974991379575e+03 1.057546756990229753e+01 3.667228639723849604e+00 1.315957386300088139e+01 4.330401883296270285e+02 8.868776936441233261e+01
5.096517494674813861e+03 1.079263961063412935e+01 3.501380193808391716e+00 1.305781770353900839e+01 4.323663396232649916e+02 8.105333679247112855e+01
5.508408162758608341e+03 1.112183750217216449e+01 3.413764231098469271e+00 1.299287396686524687e+01 4.346812558024819282e+02 8.147989116780618701e+01
5.306162340464439694e+03 1.068908845936317853e+01 3.666493033553353431e+00 1.243811021994055821e+01 4.520570158416849722e+02 8.448844326065011501e+01
5.727349049758937326e+03 1.059109046364519635e+01 3.615389329707817012e+00 1.266885963782213587e+01 4.457240854763332436e+02 8.429255827539236634e+01
5.742696042893179765e+03 1.138816786866915542e+01 3.437595061246950578e+00 1.245388899286127682e+01 4.300096251692867781e+02 8.654337930319093175e+01
5.606027332161637787e+03 1.115858434870934168e+01 3.748028337016170219e+00 1.307034349930669137e+01 4.490411929935532385e+02 8.341488679037682630e+01
5.527499435211097079e+03 1.171263892910936377e+01 3.620962685082825594e+00 1.269422118813780109e+01 4.451425589571557566e+02 8.425088587610265733e+01
5.685285735559413297e+03 1.146824665971952228e+01 3.775482467123834951e+00 1.262585651328667247e+01 4.407874815205011032e+02 8.693604499853850598e+01
5.711844332290605053e+03 1.140904818068369941e+01 3.713092700836889914e+00 1.277732383606528721e+01 4.242680126398082621e+02 8.603597901006669701e+01
6.328846476489688030e+03 1.131644067833401124e+01 3.765799292726938141e+00 1.368527094945154410e+01 4.240193880856221540e+02 8.636947745550787658e+01
6.086839264643668685e+03 1.113306589560533055e+01 3.508261824491929914e+00 1.311444325567632596e+01 4.510434562877839539e+02 8.573928864696088681e+01
6.461913164974674146e+03 1.090064103979365484e+01 3.805848567018757844e+00 1.311802775009621236e+01 4.217099839451365710e+02 8.684910921445286647e+01
6.598128541806069734e+03 1.071334383220186126e+01 3.831638353894858184e+00 1.251118718331987445e+01 4.362365169746259426e+02 8.349953963624746223e+01
