4.255405213947466292e-01 6.077217465208904379e+00 3.448822466229540140e+00 2.675168048802151421e+00 1.333276201980304677e+03 5.940863440285233992e+02
3.344933228821267335e+01 5.757814523424999109e+00 3.231545674359347142e+00 2.733382209224335835e+00 1.359250246378039947e+03 6.176659656825596585e+02
3.376035645154006914e+01 8.130973593523318499e+00 4.353285463328345095e+00 3.158891439074759777e+00 1.412631727437662221e+03 5.702300393195373545e+02
4.800611030491910469e+01 8.048462966485042003e+00 4.363504577808478224e+00 3.290495555494296731e+00 1.379506594604082238e+03 5.964079588548593165e+02
1.020928765687496593e+02 8.169842706476442729e+00 4.525495357050520973e+00 3.469306144431974825e+00 2.078297749368639700e+02 7.863573541430527314e+01
1.461926201381386647e+02 8.015829495713095554e+00 4.657211003804364147e+00 3.489708157536662192e+00 1.953823654093024800e+02 7.628169364328974211e+01
1.899861120651099782e+02 8.560103117414390894e+00 4.599751300351180738e+00 3.391499463862622132e+00 3.549603372868438100e+02 8.219346910216191304e+01
2.584782994077067997e+02 8.594139250618434644e+00 4.541836659567147549e+00 3.509424286369168478e+00 3.535337262569802306e+02 1.463455892037619321e+02
2.929952746535238362e+02 8.691511034528499380e+00 4.893544272665824479e+00 3.712143845841992640e+00 3.555467870052980288e+02 1.416864094860692376e+02
3.348996964519156450e+02 8.605385346154994508e+00 4.867556057159682759e+00 3.618342046825712810e+00 3.674984191604159491e+02 1.488815967754020164e+02
4.188698769903238031e+02 8.658384515968487349e+00 4.785909026829465951e+00 3.557123121331697835e+00 3.612877884384227514e+02 1.392918208249786574e+02
5.042928533265871920e+02 9.114047887729483932e+00 5.519377345715260397e+00 3.930547818133974580e+00 3.459033661738922092e+02 1.472835486710094699e+02
6.150725995088506579e+02 9.906875919621429105e+00 5.885994701308887578e+00 3.954118344647843841e+00 3.709515217115903738e+02 1.445731905664294743e+02
6.563086551430025111e+02 1.024077607154712410e+01 6.011316057800321744e+00 4.416518300375244621e+00 7.578095092555965948e+02 3.138471554831516528e+02
7.662500236752309775e+02 1.089209953216523985e+01 6.403236836210899341e+00 4.300139857831386081e+00 7.353196884512336737e+02 3.067458121700962579e+02
9.450380964838091131e+02 1.090592795240243618e+01 6.019471658980605433e+00 4.646729494203523103e+00 7.294979938081419277e+02 3.129451693848382092e+02
9.727454879830947903e+02 1.132578770414925629e+01 6.406690340056188759e+00 4.859730673744667051e+00 7.677367212035140938e+02 3.110198350448326892e+02
1.111606998201900751e+03 1.145669659947155061e+01 6.497951776915432909e+00 4.516955416094162956e+00 7.430442630328120686e+02 3.120984578219770356e+02
1.226264155132844735e+03 1.152932842809919300e+01 6.747623401381205532e+00 4.853994855599080616e+00 7.760562027910954157e+02 3.212464908880281769e+02
1.315013031194562927e+03 1.196225672801976536e+01 6.636378288458486985e+00 4.875663564808281336e+00 7.591842297267496633e+02 3.177101433692029104e+02
1.363721605332164245e+03 1.217131757336240305e+01 6.484364776674976127e+00 4.768268114807242775e+00 7.399143702661133375e+02 3.042110497338219943e+02
1.565491790888644573e+03 1.248924181633202046e+01 6.467032466402375945e+00 5.117172997380819766e+00 7.484236986014063859e+02 3.050611945539760086e+02
1.749296217504241895e+03 1.203616850552704243e+01 7.056357669979303360e+00 4.901882283103524252e+00 7.804045402862218452e+02 3.135235163382964743e+02
1.965679074356341744e+03 1.332330224537584762e+01 6.794221548949010092e+00 5.230983405706887801e+00 7.716916279667104845e+02 3.198991682890317065e+02
2.240968008985768392e+03 1.313368608896278822e+01 7.012592358806111648e+00 5.554281408082720084e+00 7.886864687823343729e+02 3.170184296291129726e+02
2.195639203936078047e+03 1.262348572043586081e+01 7.347620113698500433e+00 5.475652110645909509e+00 7.794544029774775709e+02 3.245348860101699415e+02
2.684957172630474361e+03 1.277879506338862114e+01 7.395744371248685667e+00 5.560870156939988540e+00 8.272871806436538691e+02 3.002528921439124474e+02
2.728978264040177237e+03 1.379368006440497751e+01 7.588579565667787463e+00 5.462106993140813493e+00 8.055177853277566555e+02 3.261239374829090707e+02
2.821960723418441376e+03 1.413573861802949772e+01 7.548283313418377105e+00 5.840832620922115304e+00 8.147542978119456620e+02 3.083067788778632803e+02
2.783655202616670522e+03 7.963640308524584377e+00 0.000000000000000000e+00 9.715713982857522524e+00 8.261676836872176182e+02 3.074227053104219749e+02
2.870915007909701671e+03 8.518191880925122916e+00 0.000000000000000000e+00 9.821821195133987104e+00 5.600958336830171174e+04 0.000000000000000000e+00
3.040623449637547765e+03 8.609977645163834126e+00 0.000000000000000000e+00 9.978708636128915899e+00 5.618893411657788238e+04 0.000000000000000000e+00
3.042779837187212252e+03 8.392187056928774425e+00 0.000000000000000000e+00 9.928073325566348473e+00 5.498415841291269317e+04 0.000000000000000000e+00
3.268675653676044476e+03 8.414494294683272813e+00 0.000000000000000000e+00 1.044394506647705256e+01 6.046873377368237561e+04 0.000000000000000000e+00
3.438595551266473194e+03 8.394603450366536990e+00 0.000000000000000000e+00 1.022496913421892195e+01 5.701189400076120364e+04 0.000000000000000000e+00
3.312862684037311737e+03 9.083171089301558254e+00 0.000000000000000000e+00 1.110474617428000954e+01 5.553038989102025516e+04 0.000000000000000000e+00
3.652875796128821548e+03 8.738869270213173834e+00 0.000000000000000000e+00 1.035348831094509947e+01 5.858600511421407282e+04 0.000000000000000000e+00
3.783387553161298911e+03 8.869605163001420323e+00 0.000000000000000000e+00 1.120743116455140687e+01 5.651870841003250098e+04 0.000000000000000000e+00
3.902744548661052249e+03 8.924222510352610271e+00 0.000000000000000000e+00 1.146156886892039672e+01 5.719776068757010216e+04 0.000000000000000000e+00
3.809768443896924964e+03 9.007587873995936079e+00 0.000000000000000000e+00 1.129677307170658374e+01 5.681643070617441117e+04 0.000000000000000000e+00
4.121732172192020698e+03 9.145286317439067503e+00 0.000000000000000000e+00 1.177024378045666175e+01 5.615957220673167467e+04 0.000000000000000000e+00
3.870269061780714310e+03 9.219266495880829027e+00 0.000000000000000000e+00 1.144819735285486395e+01 5.553418029674141872e+04 0.000000000000000000e+00
4.028669359762597196e+03 9.358531520386563329e+00 0.000000000000000000e+00 1.169022680351628019e+01 5.558213605534596718e+04 0.000000000000000000e+00
4.176529497479975362e+03 1.020836812346797551e+01 0.000000000000000000e+00 1.130008854002294250e+01 5.708330597857727116e+04 0.000000000000000000e+00
4.463569639567165723e+03 1.001382143409054670e+01 0.000000000000000000e+00 1.177767655959271664e+01 5.534596137209764856e+04 0.000000000000000000e+00
4.532991823977788954e+03 9.582634308406893453e+00 0.000000000000000000e+00 1.200965559714135900e+01 5.989523380731100769e+04 0.000000000000000000e+00
4.762999429745093948e+03 9.965847697860041876e+00 0.000000000000000000e+00 1.191176487130965000e+01 6.004758862878548098e+04 0.000000000000000000e+00
4.621602909711653410e+03 1.003054667576942194e+01 0.000000000000000000e+00 1.223512926940190226e+01 5.779011518850689026e+04 0.000000000000000000e+00
4.746454566026486646e+03 9.637604054457147740e+00 0.000000000000000000e+00 1.245628287988931682e+01 5.978915886403244804e+04 0.000000000000000000e+00
4.698561023143776765e+03 9.947719271356003645e+00 0.000000000000000000e+00 1.198276420536182307e+01 5.885599112551986764e+04 0.000000000000000000e+00
5.193619557621302192e+03 9.824872715934771961e+00 0.000000000000000000e+00 1.193880580637060795e+01 5.972921149756504747e+04 0.000000000000000000e+00
5.145726357741967149e+03 9.928373158429252499e+00 0.000000000000000000e+00 1.179004211833095361e+01 5.811878338087317388e+04 0.000000000000000000e+00
5.351191703551180581e+03 1.074025143921843117e+01 0.000000000000000000e+00 1.252459472225248760e+01 5.596366971015103627e+04 0.000000000000000000e+00
5.276342720381732761e+03 1.128139439711218550e+01 3.596938465760799453e+00 1.284001518802925546e+01 4.590902810531148361e+02 8.682911183548215206e+01
5.389834126570017361e+03 1.142589764709525113e+01 3.379354246169146592e+00 1.259689763846836108e+01 4.451381137748029460e+02 8.129740910916237340e+01
5.358582322943647341e+03 1.080814842885073190e+01 3.442824435174157927e+00 1.242298027859765419e+01 4.589098287628339676e+02 8.796727558355887311e+01
5.258412450660807735e+03 1.083355654370592447e+01 3.556340496300824050e+00 1.303030825078249499e+01 4.197423078084294161e+02 8.638463709527349010e+01
5.458728387381710490e+03 1.147847954726857012e+01 3.526099555469818458e+00 1.265972921060082612e+01 4.177664341452979215e+02 8.244781070363764286e+01
5.704836746881867839e+03 1.150102417867440607e+01 3.578666105187053859e+00 1.314693349715720849e+01 4.314503702535076286e+02 8.614259998440800814e+01
5.706797822328932853e+03 1.083674782966696348e+01 3.462347457757675606e+00 1.247688642177566010e+01 4.389902379090688669e+02 8.497070320587567949e+01
5.896213420485622009e+03 1.108759878306711855e+01 3.687174204566524338e+00 1.333556356812289678e+01 4.518413661851874394e+02 8.122110122079804739e+01
5.992976868475099764e+03 1.134333506360118804e+01 3.556271998369469500e+00 1.246597628286521342e+01 4.524231933322100190e+02 8.711540643017123386e+01
6.244466610565405063e+03 1.165874953453344176e+01 3.673335129782376640e+00 1.308801186643109027e+01 4.501003632001238088e+02 8.409529818103072785e+01
6.066154745527326668e+03 1.171454036608270144e+01 3.633462396792881854e+00 1.353580369507232106e+01 4.285330108035657304e+02 8.473884086477464450e+01
6.280144476341534755e+03 1.162832253368084068e+01 3.675686291460646959e+00 1.305455103312420917e+01 4.240936312196951121e+02 8.378195948331311627e+01
6.219844593682953928e+03 1.167542578382136753e+01 3.806112531887589689e+00 1.307879575488379054e+01 4.390727113379517164e+02 8.721129330645086952e+01
6.300745590926774639e+03 1.125571049391403911e+01 3.596827248467156846e+00 1.347953260608213100e+01 4.463492307688314327e+02 8.690063666867629877e+01
