3.998775079605748628e-01 5.664524949599949011e+00 3.242372748804671190e+00 2.904918322557274113e+00 1.429404067473930127e+03 6.114398528269023245e+02
3.133562711152427127e+01 5.610382716847985840e+00 3.476252997881218221e+00 2.780752330088140045e+00 1.332607336451317906e+03 6.174402279878211175e+02
3.261368697682217999e+01 7.507699184281352522e+00 4.228111327053159840e+00 3.364436649280635905e+00 1.468776552468759974e+03 5.971297943805222985e+02
5.224329892540697529e+01 8.181994086627566887e+00 4.455741593168887960e+00 3.379196900787253099e+00 1.367486196553267746e+03 6.059179475493532436e+02
9.756835999218739630e+01 7.654023871011449209e+00 4.434661947908018931e+00 3.459580651361247927e+00 2.092169772851159166e+02 8.152629072087108852e+01
1.485862301884918679e+02 7.999942704577152064e+00 4.492242327245138611e+00 3.420806267038903226e+00 2.037302158886604388e+02 7.869599843561947239e+01
2.010278392025017524e+02 8.022065583556958757e+00 4.581590690255901599e+00 3.384767632716467745e+00 3.638409662194704879e+02 7.814462925890728684e+01
2.442377401203217175e+02 8.706675759849387575e+00 4.824447729897025638e+00 3.483141595643617361e+00 3.536888458915155979e+02 1.497618086262726251e+02
3.082964204551536227e+02 8.397015689055637111e+00 4.721566700429310259e+00 3.430544721535564001e+00 3.569280818944395151e+02 1.423059427834245696e+02
3.541853121805425531e+02 8.509454620372290279e+00 4.696607551739504949e+00 3.653675532967108008e+00 3.711961732042094013e+02 1.430175133012194806e+02
4.068962714892703616e+02 8.995837338940383177e+00 4.715005059138166033e+00 3.630581239894994372e+00 3.491522364898571595e+02 1.434210544332842403e+02
4.979753211888555597e+02 9.300331003324190604e+00 5.389501909472174113e+00 3.848096988001366459e+00 3.654194087591091034e+02 1.461613494006245730e+02
5.865068171769141827e+02 1.023002759587775046e+01 5.823449087685879100e+00 4.016624608517666672e+00 3.460698098364887301e+02 1.404298486150709948e+02
6.768016562597862276e+02 1.095986935131371709e+01 5.999042848866679378e+00 4.523466740902688521e+00 7.651172349806942066e+02 3.164433596486721285e+02
8.051472342942031446e+02 1.090069099087915383e+01 5.974210479856696843e+00 4.371819406690605092e+00 7.195398885340310926e+02 3.015661912550750117e+02
8.600795206179532215e+02 1.147043221726434936e+01 6.283398665151248785e+00 4.555419354659729692e+00 7.071087135174552714e+02 3.120524066965490988e+02
1.025607231363821938e+03 1.091699676616581272e+01 6.175592588073594236e+00 4.719924930313759148e+00 7.350544470191217670e+02 3.263808752406094413e+02
1.132850818440260127e+03 1.131151444925770377e+01 6.201998459124320462e+00 4.708072323144054216e+00 7.045778988387173740e+02 3.156169501706125402e+02
1.201037991460841113e+03 1.192407585946699555e+01 6.211787552110566324e+00 4.979429229360142983e+00 7.224510336004728970e+02 3.226788681003186525e+02
1.337946819042344259e+03 1.159078823673334213e+01 6.351254167208385759e+00 4.989169968318234005e+00 7.390216976895476364e+02 3.197256443453086376e+02
1.427142932648643637e+03 1.257967705423801696e+01 6.640899856146669222e+00 4.835155458249715821e+00 7.119720660082016366e+02 3.186473811493002017e+02
1.589633916510047584e+03 1.182712110951608153e+01 6.823815974878850277e+00 5.108513486856804064e+00 7.132450344682517880e+02 3.252766223448631990e+02
1.802844660600544103e+03 1.206132231379733710e+01 6.913470269829143255e+00 5.157378363581138991e+00 8.263269508358954454e+02 3.174595961379044411e+02
1.964086544747708103e+03 1.245882492989183632e+01 6.606845599459983731e+00 5.291149591586222556e+00 8.352812787272531523e+02 2.995031236766631650e+02
2.092483305971219124e+03 1.330789053306702741e+01 6.786520055384377414e+00 5.259603758813655716e+00 7.969062791702190225e+02 3.135223428970402892e+02
2.389043186204784888e+03 1.315012576936124233e+01 6.857526450710516919e+00 5.296636662290534758e+00 7.601623294608612014e+02 3.247366078995642056e+02
2.590789144809540630e+03 1.345766441502821920e+01 6.900149462829054947e+00 5.346343337543467911e+00 7.948260312095242170e+02 3.077915574051206704e+02
2.645199228396422768e+03 1.429376997701423413e+01 7.335819783507552039e+00 5.820622725246398232e+00 8.135290857429455400e+02 2.995095194298043566e+02
2.829011688006598433e+03 1.419756630777530937e+01 7.406325826952913083e+00 5.609435818498569759e+00 7.918291287963148761e+02 3.271909177761963861e+02
2.858849452327296603e+03 8.480892860225392127e+00 0.000000000000000000e+00 9.414700714777982427e+00 7.839483384069849308e+02 3.092074046549092827e+02
2.873441310790404714e+03 8.594269491492145363e+00 0.000000000000000000e+00 1.037725564218365193e+01 5.595220310713707295e+04 0.000000000000000000e+00
3.169121423504351242e+03 8.235595212890318706e+00 0.000000000000000000e+00 9.805328032482156786e+00 5.615838287676969776e+04 0.000000000000000000e+00
3.077996585188131121e+03 8.400201648191327308e+00 0.000000000000000000e+00 1.021725436813243348e+01 5.862287778576766868e+04 0.000000000000000000e+00
3.367928022867523396e+03 8.272752162315155644e+00 0.000000000000000000e+00 1.077322460826974115e+01 6.068716230500397069e+04 0.000000000000000000e+00
3.421530861594547332e+03 8.983913041205413563e+00 0.000000000000000000e+00 1.050780459966109781e+01 5.512705805655884615e+04 0.000000000000000000e+00
3.437596277046449359e+03 8.486975788782157082e+00 0.000000000000000000e+00 1.092432195197473099e+01 5.849852506349288160e+04 0.000000000000000000e+00
3.684856362114268450e+03 8.708712740622665649e+00 0.000000000000000000e+00 1.132879061684103483e+01 5.611086280633385468e+04 0.000000000000000000e+00
3.736548566437536920e+03 9.053350780060124947e+00 0.000000000000000000e+00 1.126901838749157747e+01 5.508016678429710009e+04 0.000000000000000000e+00
3.901259566359405653e+03 9.352733350492833608e+00 0.000000000000000000e+00 1.095670564892845888e+01 5.513225540539515350e+04 0.000000000000000000e+00
4.004718286474619163e+03 9.047194051174232143e+00 0.000000000000000000e+00 1.112687681697969921e+01 5.689429678653772135e+04 0.000000000000000000e+00
4.154152189988503778e+03 9.907063929507801348e+00 0.000000000000000000e+00 1.142109576615187905e+01 5.901465027487908083e+04 0.000000000000000000e+00
4.160492838999688502e+03 9.262547892977625708e+00 0.000000000000000000e+00 1.117289993108524015e+01 5.573559224968767376e+04 0.000000000000000000e+00
4.072681528591877395e+03 1.002520268530773428e+01 0.000000000000000000e+00 1.151716605127180593e+01 5.681590518197579513e+04 0.000000000000000000e+00
4.331940813990987408e+03 9.537027168619880868e+00 0.000000000000000000e+00 1.175716810927348632e+01 5.516350148008053657e+04 0.000000000000000000e+00
4.504754339520678514e+03 1.028805024848474758e+01 0.000000000000000000e+00 1.128088561968153236e+01 6.060429800139716826e+04 0.000000000000000000e+00
4.580692415477426039e+03 9.887657074184943440e+00 0.000000000000000000e+00 1.143453904856829340e+01 5.609067215215581382e+04 0.000000000000000000e+00
4.390736213080607740e+03 9.598075713394335295e+00 0.000000000000000000e+00 1.175944638685012045e+01 5.597165650450624526e+04 0.000000000000000000e+00
4.881229510624331851e+03 1.007324171843218963e+01 0.000000000000000000e+00 1.162332510428801413e+01 5.962809597669775394e+04 0.000000000000000000e+00
4.853093930360715603e+03 9.683404308756426104e+00 0.000000000000000000e+00 1.167635321297441031e+01 5.924129469004127168e+04 0.000000000000000000e+00
5.044011745213224458e+03 1.044681116243559771e+01 0.000000000000000000e+00 1.157489726635143334e+01 5.679406645920919982e+04 0.000000000000000000e+00
5.101730906764356405e+03 1.023381018439528667e+01 0.000000000000000000e+00 1.249177449152355024e+01 5.951288787044180208e+04 0.000000000000000000e+00
5.011006585280229046e+03 1.077784041987117014e+01 0.000000000000000000e+00 1.238323159219038594e+01 5.537035367476816464e+04 0.000000000000000000e+00
5.105495904671466633e+03 1.085311499235706556e+01 0.000000000000000000e+00 1.157586726210248607e+01 5.728826412462412554e+04 0.000000000000000000e+00
5.270885591949124318e+03 1.152850994780443017e+01 3.600992103125797872e+00 1.253699914902348134e+01 4.647306517457849395e+02 8.229615950459491103e+01
4.988172203889960656e+03 1.090082880612410499e+01 3.525181641120251008e+00 1.291813826551834943e+01 4.413248855918856748e+02 8.521816096078786984e+01
5.189151567223586426e+03 1.130567757121806238e+01 3.659926378494319010e+00 1.266972316536706877e+01 4.516691946258274015e+02 8.739075684034835945e+01
5.274617352292697433e+03 1.153647566703214977e+01 3.656302119209403401e+00 1.223665645832197235e+01 4.287653242750403706e+02 8.728520622006391250e+01
5.567704994052995971e+03 1.112460779870241012e+01 3.489531658221754817e+00 1.236137345757728667e+01 4.485477221162743149e+02 8.773655383041977984e+01
5.528072335824343099e+03 1.096257209620119255e+01 3.650199086436241913e+00 1.267395702914817690e+01 4.292249038000053361e+02 8.728625907929981054e+01
5.815353913730013119e+03 1.123965999654139303e+01 3.529744501323289096e+00 1.263955696665948203e+01 4.473247678866172805e+02 8.241025999110618727e+01
5.711038213176428144e+03 1.132052589575370583e+01 3.643767787572174122e+00 1.350449581279318600e+01 4.309738182168562162e+02 8.659750347523059588e+01
5.893887837595243582e+03 1.175243342318340112e+01 3.612990170526168665e+00 1.292380056520715392e+01 4.250952910961634075e+02 8.774302875815455138e+01
6.095521533338695008e+03 1.157417746745722731e+01 3.662046812357144354e+00 1.363340924056529779e+01 4.318723854975573317e+02 8.322299072176021184e+01
5.947845050539775002e+03 1.072613429310097821e+01 3.663781158266038229e+00 1.356702804100832083e+01 4.308049507761076029e+02 8.520798120561862277e+01
6.129640228691079756e+03 1.104440275141850591e+01 3.566969535268192715e+00 1.313535471594344983e+01 4.347814868015872207e+02 8.198230415765283396e+01
6.037952955679406841e+03 1.165521491331194248e+01 3.773971635364606225e+00 1.362816692780161709e+01 4.228118680074999816e+02 8.301622626391304038e+01
6.675093923972845005e+03 1.075136253010362708e+01 3.550664286035807748e+00 1.352012331906287912e+01 4.429518498866707432e+02 8.196261161596783040e+01
