-4.238801007987550440e-01 5.638414297581293866e+00 3.210519588263926583e+00 2.855086647650250331e+00 1.415852404318565050e+03 5.830473225054079194e+02
3.372222984673479829e+01 5.665628660586357945e+00 3.395795266701250537e+00 2.867484478575951456e+00 1.379093000167118362e+03 5.710249131245143417e+02
3.433606467540541018e+01 7.930034771143786188e+00 4.331289841167816235e+00 3.443321129372730383e+00 1.375905761625902414e+03 6.287931403020628522e+02
5.082965565518912143e+01 7.577138682730892860e+00 4.296173605760214897e+00 3.406622637822359856e+00 1.379988138000368735e+03 5.802053394158790525e+02
1.018296443131271616e+02 7.667278470334738749e+00 4.241303980568925880e+00 3.450791352680476987e+00 2.031925828809013126e+02 8.312801831420796361e+01
1.547991578803205357e+02 7.728872028738724254e+00 4.715660637514342390e+00 3.378920637600605126e+00 1.938345312204316713e+02 7.726805619558655280e+01
1.960936893454277765e+02 8.298223890757435939e+00 4.653124879753916865e+00 3.477345622594037344e+00 3.584064136850407181e+02 8.146857715600253869e+01
2.567409548263807437e+02 8.411747002764810688e+00 4.776825981071323390e+00 3.554047077879981753e+00 3.430798567608570124e+02 1.465766200935761674e+02
3.115148917307747070e+02 8.774773005611121945e+00 4.725953585645867427e+00 3.540509988043188727e+00 3.592080555932816992e+02 1.397691257890851375e+02
3.583623525945403117e+02 9.004694758845625202e+00 5.065735188472426209e+00 3.538588295689885310e+00 3.538730029535230983e+02 1.448519000244693586e+02
4.224306634251664150e+02 9.284885367025632164e+00 4.939897098380889418e+00 3.737755937446346710e+00 3.756608123610458847e+02 1.359393877244210671e+02
4.935235084131446683e+02 9.570262574425127511e+00 5.155101668274973292e+00 3.802383449744420219e+00 3.680261970867391597e+02 1.444626259462072824e+02
6.245587138154057811e+02 9.913257327430880395e+00 5.619325196471785411e+00 3.997678622317018871e+00 3.570751980336773386e+02 1.431047298543320778e+02
6.536525478855861593e+02 1.037076767630192187e+01 5.819005597097977933e+00 4.240097826767589062e+00 7.542379216116434009e+02 3.070187301847390700e+02
7.955596246143351209e+02 1.129766026717882710e+01 5.884699072575529044e+00 4.651370756292045883e+00 7.114893843390216261e+02 3.044437321322099592e+02
9.217970916446826095e+02 1.087218243636893433e+01 6.210485007262623647e+00 4.427617179048040974e+00 7.101365869341433381e+02 2.976519133924449534e+02
9.971750271573544069e+02 1.141331170395116246e+01 6.251491022285301291e+00 4.435100782951460374e+00 7.416020505877146434e+02 3.036631182438271139e+02
1.142819163842633998e+03 1.168235753864690984e+01 6.652975913379023609e+00 4.655184298619391647e+00 7.665571290259523494e+02 3.117066426806224513e+02
1.139639548174462789e+03 1.195340197830045348e+01 6.751283717954550845e+00 4.634019728155983842e+00 7.234658760423576496e+02 3.154666489398494491e+02
1.276731314794325044e+03 1.161074040052980649e+01 6.665535904604842798e+00 4.911965836992438383e+00 7.496181717852196016e+02 3.237197622097295948e+02
1.456954091028065932e+03 1.225414511627600156e+01 6.877316565367449286e+00 4.873254129159836801e+00 7.154329444356325212e+02 3.208212485547750816e+02
1.585194169256974646e+03 1.226630265959339283e+01 6.767160337274320092e+00 5.186443024385455125e+00 7.435161685103316813e+02 2.981560166299549337e+02
1.845001878290973536e+03 1.218376266567577559e+01 6.641393722252731280e+00 4.969565099848865408e+00 8.002254295712255043e+02 3.158989441241442364e+02
1.967926322290534472e+03 1.328506021650034974e+01 6.943029758732894408e+00 5.222446131190240592e+00 7.617459630017797281e+02 3.128726375976364125e+02
2.166851463601988144e+03 1.270138749961994407e+01 7.025233321335152326e+00 5.148297365130618530e+00 8.130494585734861630e+02 3.152940246826342445e+02
2.300102362029587766e+03 1.294204500281836445e+01 7.251140143860133058e+00 5.616758787203184333e+00 8.163460152040315734e+02 3.242337189484654800e+02
2.499460722711736707e+03 1.268826594653237372e+01 7.282421740973042290e+00 5.295326825492065126e+00 8.155786717077069170e+02 3.008473685291435800e+02
2.697073709198013603e+03 1.402805342405498124e+01 7.109078534075964129e+00 5.821800204475674256e+00 7.939088743208083088e+02 3.050859649576566426e+02
2.995339253779055525e+03 1.366015275095390180e+01 6.967219748649835509e+00 5.937742127997732489e+00 8.271136582523178049e+02 3.123102522844012583e+02
2.790665364477066305e+03 8.011888144077232710e+00 0.000000000000000000e+00 9.359474278495374833e+00 7.949450209902998949e+02 3.057552647229941272e+02
3.103685855453858949e+03 7.854132627440401748e+00 0.000000000000000000e+00 1.009412613757663735e+01 5.982125300984575006e+04 0.000000000000000000e+00
3.205614159964931787e+03 8.731762392899000247e+00 0.000000000000000000e+00 9.894038958531584882e+00 5.834017680003851274e+04 0.000000000000000000e+00
3.258690741231918764e+03 8.363248894771977859e+00 0.000000000000000000e+00 1.018846986816887679e+01 5.650711629956190882e+04 0.000000000000000000e+00
3.216012492973170083e+03 8.659568616272290242e+00 0.000000000000000000e+00 1.011438020656152936e+01 5.852525652653120778e+04 0.000000000000000000e+00
3.374872991826930502e+03 9.158631036944383297e+00 0.000000000000000000e+00 1.076496729229320160e+01 5.720944791891692876e+04 0.000000000000000000e+00
3.542718275150380578e+03 9.079050648839462667e+00 0.000000000000000000e+00 1.083788687064838641e+01 5.911896880741210771e+04 0.000000000000000000e+00
3.462894781068352131e+03 9.127785261645220416e+00 0.000000000000000000e+00 1.135105821736478049e+01 5.796586326634954457e+04 0.000000000000000000e+00
3.822326817588226731e+03 9.270738092840270284e+00 0.000000000000000000e+00 1.085999349713173601e+01 5.686250383887624776e+04 0.000000000000000000e+00
3.812077641552485602e+03 9.573148955422563944e+00 0.000000000000000000e+00 1.119986017939134371e+01 5.634747808918697410e+04 0.000000000000000000e+00
3.745562840335107012e+03 9.521634184709361293e+00 0.000000000000000000e+00 1.071736162674971382e+01 5.757655893774349533e+04 0.000000000000000000e+00
3.978598871430484905e+03 9.029330643905911558e+00 0.000000000000000000e+00 1.085923078615336124e+01 5.649210289375782304e+04 0.000000000000000000e+00
3.960475398451033470e+03 9.149798741696658411e+00 0.000000000000000000e+00 1.119453166133548550e+01 5.522338834594466607e+04 0.000000000000000000e+00
4.083481632431125945e+03 9.269528502835465034e+00 0.000000000000000000e+00 1.174619805651107995e+01 5.933297685478793574e+04 0.000000000000000000e+00
4.303746295670503969e+03 9.660524115582992621e+00 0.000000000000000000e+00 1.179283144233522052e+01 6.028075647355541150e+04 0.000000000000000000e+00
4.522566838961408394e+03 1.031591275145532727e+01 0.000000000000000000e+00 1.185124866199049443e+01 5.653156025526402664e+04 0.000000000000000000e+00
4.522768554926685283e+03 9.679126752582446258e+00 0.000000000000000000e+00 1.152472470646533864e+01 5.772322365868872294e+04 0.000000000000000000e+00
4.754189633094860255e+03 9.975509099364073151e+00 0.000000000000000000e+00 1.168030391479454622e+01 6.032418609435007238e+04 0.000000000000000000e+00
4.655442078499696436e+03 1.034741379084543844e+01 0.000000000000000000e+00 1.194114166132504273e+01 5.569947914864538325e+04 0.000000000000000000e+00
4.917787924025281427e+03 9.818673160841127512e+00 0.000000000000000000e+00 1.249613688738098638e+01 5.522274549870438204e+04 0.000000000000000000e+00
4.849483169823333810e+03 9.879608106091250619e+00 0.000000000000000000e+00 1.146851968135788447e+01 5.690496167821173731e+04 0.000000000000000000e+00
4.973535549435883695e+03 9.782275986726585160e+00 0.000000000000000000e+00 1.235019017139961228e+01 5.784417926006277412e+04 0.000000000000000000e+00
5.114243900273442705e+03 1.060048151061586807e+01 0.000000000000000000e+00 1.271681512149995186e+01 5.867330573732764606e+04 0.000000000000000000e+00
5.374442934127293483e+03 1.025476925726677280e+01 0.000000000000000000e+00 1.239365377199164264e+01 5.760457576167590014e+04 0.000000000000000000e+00
4.998796553700202821e+03 1.059918511542403152e+01 3.382170384318003542e+00 1.303815025786964377e+01 4.365681257921908696e+02 8.503478380912025614e+01
5.369519788396533841e+03 1.072806473260935967e+01 3.363504899358390698e+00 1.265399946829862543e+01 4.492622168106914273e+02 8.811237382352219072e+01
5.490985524223308857e+03 1.113843118273659627e+01 3.490945590777043694e+00 1.234305146059983471e+01 4.431823682560211068e+02 8.449725782311516298e+01
5.122247090793289317e+03 1.100169713250162928e+01 3.475679674038025357e+00 1.275526189370156871e+01 4.617010032393449706e+02 8.075338967592725226e+01
5.433648558176251754e+03 1.064901184475219154e+01 3.548364442724424528e+00 1.235930380647716831e+01 4.360917128226213890e+02 8.724807821186604428e+01
5.510054770546198597e+03 1.144837828271797164e+01 3.463522607584414548e+00 1.318378860659779050e+01 4.216498553008748900e+02 8.830994740550796962e+01
5.509803863841832936e+03 1.123586779505140321e+01 3.530147687032817228e+00 1.243652512021163048e+01 4.199097308005567584e+02 8.638387359756151795e+01
5.978874692605736527e+03 1.094131956761290247e+01 3.544499600742524681e+00 1.256245333127524155e+01 4.523754526476263322e+02 8.326281573961827576e+01
5.852203293847238456e+03 1.168210032395302100e+01 3.551794306809587187e+00 1.244603089182174216e+01 4.257364078820692725e+02 8.097454762377955717e+01
5.674974366249754894e+03 1.094101893867385655e+01 3.596397476937260862e+00 1.289063010341008386e+01 4.527278567412790267e+02 8.389167648518312603e+01
6.324034416851374772e+03 1.150529118842666421e+01 3.666139567312725944e+00 1.342189668547539583e+01 4.525888756785766418e+02 8.206204378538902233e+01
6.446373345663406326e+03 1.088324996779935816e+01 3.679377608927166587e+00 1.327478682092925588e+01 4.104973535864612018e+02 8.106090602878542484e+01
5.990496473834771678e+03 1.160224206175936246e+01 3.720044556520987644e+00 1.349611562474249205e+01 4.304826285885015409e+02 8.858670880851880725e+01
6.687710456717712077e+03 1.177239269326995519e+01 3.786358205021245205e+00 1.262688429570219206e+01 4.133632581221799569e+02 8.085705265050587798e+01
