3.174575737558327226e-01 5.562591427401281763e+00 3.448163091824048898e+00 2.907554631237969645e+00 1.366558606541995459e+03 6.139504000316223937e+02
3.174394091711977239e+01 5.956934994413688678e+00 3.465129544553385177e+00 2.798358461463563707e+00 1.450160919671073316e+03 6.292028030954567157e+02
3.475400367738283336e+01 7.632446078308867676e+00 4.488472240112740153e+00 3.273547597261531550e+00 1.458960428143217769e+03 5.827309940693216959e+02
4.839624442747613386e+01 7.618018787841025485e+00 4.513450135659889284e+00 3.284385110671885766e+00 1.373292656495443680e+03 6.125946448312688517e+02
9.545363453963106792e+01 7.958873101385576909e+00 4.597970384604819216e+00 3.465812362038191541e+00 1.927694725326279013e+02 8.121195724520291037e+01
1.424766371430983725e+02 8.432608789578033281e+00 4.701608744356672531e+00 3.570324370643297662e+00 2.058794593501874601e+02 8.314635832261906501e+01
2.079699355203295283e+02 8.316481405684307049e+00 4.653518655492240974e+00 3.571114352818433701e+00 3.769703313933793538e+02 7.680647408338327864e+01
2.405533003936970999e+02 8.719741294572521895e+00 4.668220460466811161e+00 3.547940283990180799e+00 3.719407511257078340e+02 1.449404178610720351e+02
2.925570322785333133e+02 8.706830361012032782e+00 4.911545839285972548e+00 3.691158535691065445e+00 3.488213006058992960e+02 1.455573542030458611e+02
3.342037792150982796e+02 8.386066718004611786e+00 5.049402227093651163e+00 3.571008215400568453e+00 3.647984509721280801e+02 1.444647607129998619e+02
4.283982725717730204e+02 9.395431047216105114e+00 4.979315047223587420e+00 3.518594325095029340e+00 3.740413177739487196e+02 1.460931371541209955e+02
5.150412572996668814e+02 9.277933295012486425e+00 5.295749485139305435e+00 3.909264888067720545e+00 3.531799272509917955e+02 1.366507323304628017e+02
6.279344934118818173e+02 1.062447870595513955e+01 5.911073042303621072e+00 3.961208396894883688e+00 3.580122931651869180e+02 1.473474099586996431e+02
6.592355698012902394e+02 1.063476479961953380e+01 6.174803437840355791e+00 4.328509807800466902e+00 7.707209286265255059e+02 3.273350894340627519e+02
8.109112195259584723e+02 1.095521404392517972e+01 6.252153756726237077e+00 4.283744188655714602e+00 7.075751282863291181e+02 3.217777029683834371e+02
8.737761493660158294e+02 1.153595521105350663e+01 6.440485231944719224e+00 4.502085802257223435e+00 7.413943163811350132e+02 2.966199440560639005e+02
9.578420376815505506e+02 1.086969864979847955e+01 6.202110386594653413e+00 4.560505333574873532e+00 7.107986104320916638e+02 3.254025601291772318e+02
1.148761655009641117e+03 1.127180603576465323e+01 6.688831254701700146e+00 4.879035861078022229e+00 7.348468452811589486e+02 3.006958826209208269e+02
1.144586830188658269e+03 1.123171574284978469e+01 6.646962157119998160e+00 4.909848809056049035e+00 7.450779999463539980e+02 3.140896719223506466e+02
1.310704639901334531e+03 1.126717662903556949e+01 6.326207950760750265e+00 4.840439944701921071e+00 7.184874329973495151e+02 3.120871200098916347e+02
1.400100073157758288e+03 1.184841300432375810e+01 6.941525180778832294e+00 5.099299638728257200e+00 7.094281191171772889e+02 3.259244113358666937e+02
1.673423530833636505e+03 1.196372986448404419e+01 6.886858505251700180e+00 4.944523459828733536e+00 7.620808019630393346e+02 3.011853800141709598e+02
1.820950003243268611e+03 1.212577818441074484e+01 6.947882140684471963e+00 5.330783179329155352e+00 7.886582101306696586e+02 3.178815496529689995e+02
1.934633330923416224e+03 1.240893237138721261e+01 6.827685470200235862e+00 5.356500732295895517e+00 8.219758756017985206e+02 3.011842946787054984e+02
2.291484444516834174e+03 1.308619027349749508e+01 6.881866700990264540e+00 5.164258351631331401e+00 7.829251443346979613e+02 2.985287865542568966e+02
2.386733413038326034e+03 1.368109551078666719e+01 6.998298014305519565e+00 5.282298974978463235e+00 7.942926198257019905e+02 3.123033519830190130e+02
2.558214200680479280e+03 1.292392660772144275e+01 7.160716370247327767e+00 5.141838298027138876e+00 7.606632609783490580e+02 3.055093362134259110e+02
2.714171196017775856e+03 1.321298232001292838e+01 7.136783919508240537e+00 5.421658442126528143e+00 7.934909130059438667e+02 3.081609282204170768e+02
2.763641784795957392e+03 1.424965101949358726e+01 7.139487664947140821e+00 5.654595818516542138e+00 7.998031710674284795e+02 3.086038547730029222e+02
2.870045159073022660e+03 8.012071705785629661e+00 0.000000000000000000e+00 9.547523152115990897e+00 8.255368407397103283e+02 3.152386863546558402e+02
2.838273076388327354e+03 8.021231900476104570e+00 0.000000000000000000e+00 9.911956723744818731e+00 5.692383512820160831e+04 0.000000000000000000e+00
3.220418673442202817e+03 8.455053919247756511e+00 0.000000000000000000e+00 9.753196600014391038e+00 5.709570813280538277e+04 0.000000000000000000e+00
3.329482413238591562e+03 8.773436467557543139e+00 0.000000000000000000e+00 1.007293998099111043e+01 5.524670660581294942e+04 0.000000000000000000e+00
3.416315215746955346e+03 8.992106378255360966e+00 0.000000000000000000e+00 9.978281982946537454e+00 5.535888385683507659e+04 0.000000000000000000e+00
3.232761846525126202e+03 8.771265873923562495e+00 0.000000000000000000e+00 1.052627640687906840e+01 5.775677555185961683e+04 0.000000000000000000e+00
3.493121510052400026e+03 8.864555797937891057e+00 0.000000000000000000e+00 1.116781790393920204e+01 6.014585701133483963e+04 0.000000000000000000e+00
3.520113795542535627e+03 9.424344494983126097e+00 0.000000000000000000e+00 1.033655386183962044e+01 5.923217428602372092e+04 0.000000000000000000e+00
3.613614458148605991e+03 9.561380553187749598e+00 0.000000000000000000e+00 1.145504281647895972e+01 5.877410841525580327e+04 0.000000000000000000e+00
3.713714155579414182e+03 9.600378481102215034e+00 0.000000000000000000e+00 1.086859598426075202e+01 5.494777477447005367e+04 0.000000000000000000e+00
3.986477891367199391e+03 9.380137302489089279e+00 0.000000000000000000e+00 1.098167501361827902e+01 5.656636748324188375e+04 0.000000000000000000e+00
3.855316405936388492e+03 9.400897544496928049e+00 0.000000000000000000e+00 1.131165902846239568e+01 5.992557402171030844e+04 0.000000000000000000e+00
3.953328501570586468e+03 9.465357630229535246e+00 0.000000000000000000e+00 1.137065080429820618e+01 5.757345635609552119e+04 0.000000000000000000e+00
4.199164394892254677e+03 9.528962687127910058e+00 0.000000000000000000e+00 1.139631733869015129e+01 6.064948211427750357e+04 0.000000000000000000e+00
4.226791349454993906e+03 1.009212196021565866e+01 0.000000000000000000e+00 1.129329357884172680e+01 5.623594852554539830e+04 0.000000000000000000e+00
4.536419136110555883e+03 1.005153853863109781e+01 0.000000000000000000e+00 1.216936252700567600e+01 5.713628400716088800e+04 0.000000000000000000e+00
4.453769234803935433e+03 1.018434028157951943e+01 0.000000000000000000e+00 1.165171718009137081e+01 5.936864109233568161e+04 0.000000000000000000e+00
4.513955462852978599e+03 1.031470321565164028e+01 0.000000000000000000e+00 1.227811602926071721e+01 5.900702829906030092e+04 0.000000000000000000e+00
4.578636256031763878e+03 1.023899818053080857e+01 0.000000000000000000e+00 1.138470828468492968e+01 5.574423150666820584e+04 0.000000000000000000e+00
4.622577452545859160e+03 1.060213021998411875e+01 0.000000000000000000e+00 1.143703106976626138e+01 5.862931688765047147e+04 0.000000000000000000e+00
4.833527919797017603e+03 9.905597664233132704e+00 0.000000000000000000e+00 1.253354138672471940e+01 5.716236871628366498e+04 0.000000000000000000e+00
5.038182871143449120e+03 1.052687858238955165e+01 0.000000000000000000e+00 1.174219708353703773e+01 5.904233201938814454e+04 0.000000000000000000e+00
5.222736054879173935e+03 1.069711386212585325e+01 0.000000000000000000e+00 1.207617135732416180e+01 5.627658421347454714e+04 0.000000000000000000e+00
5.064590460451480794e+03 1.084477193056908462e+01 0.000000000000000000e+00 1.195545647000495570e+01 5.842144493135805533e+04 0.000000000000000000e+00
4.941734605773844123e+03 1.121283368688848370e+01 3.549281420423020084e+00 1.250932783567222728e+01 4.508199456107788023e+02 8.833909363815237725e+01
5.274699100578845901e+03 1.072359014265735944e+01 3.613484598337940223e+00 1.279300800462460330e+01 4.248186966570743266e+02 8.842949054580408585e+01
5.029670477148413738e+03 1.066702548976018150e+01 3.690836538720305260e+00 1.320394038547031990e+01 4.538398550061178867e+02 8.430540411054820993e+01
5.614384053233193299e+03 1.076596744262718097e+01 3.714909965653871993e+00 1.277968010495847651e+01 4.571855437630523511e+02 8.637497179820128679e+01
5.578548718459279371e+03 1.118761898623716888e+01 3.739445260484532518e+00 1.301370919126615355e+01 4.470390138360261290e+02 8.429309291534251258e+01
5.775132228407829643e+03 1.129329054946002309e+01 3.696957344650796617e+00 1.263358408270365096e+01 4.333198299025669371e+02 8.691941785708746693e+01
5.748982391752065269e+03 1.076933414353975316e+01 3.727690650349023915e+00 1.234086927127350286e+01 4.505372179115810241e+02 8.635173941926089469e+01
6.011266403870724389e+03 1.153369617835890182e+01 3.474936391985270490e+00 1.308598587489441201e+01 4.472170259682152960e+02 8.123102823936719119e+01
5.807766850579650963e+03 1.088917762382028620e+01 3.713994647499761381e+00 1.293430971354552739e+01 4.326181926418658463e+02 8.813531956982708948e+01
6.118417714054721728e+03 1.094641433141733344e+01 3.705679933097223877e+00 1.348471578221280076e+01 4.340815097894790711e+02 8.355682601087437433e+01
6.340152714748306607e+03 1.092068986410360765e+01 3.703866923335950911e+00 1.284714849625145483e+01 4.526536455121912468e+02 8.915742991731963230e+01
5.905263522889948035e+03 1.130489979012340918e+01 3.484613566718755884e+00 1.357071457901888145e+01 4.182671633954271897e+02 8.341117892479036300e+01
6.096152751504136177e+03 1.090076271330886293e+01 3.713918999557733525e+00 1.307804093394234535e+01 4.117290728036935548e+02 8.228612005887698899e+01
6.457266327226056092e+03 1.127726859664059766e+01 3.491871525463881465e+00 1.312521107591735436e+01 4.167269320375866641e+02 8.868800594592977404e+01
