2.107068736675913323e-01 5.745588780805592322e+00 3.307271363104955508e+00 2.726219165827723501e+00 1.361349293919577576e+03 5.715134602885324284e+02
3.384934158242070623e+01 5.706045952221466599e+00 3.185253772469702316e+00 2.865601092862676058e+00 1.375198373230592779e+03 6.063429748108572994e+02
3.184345539092158361e+01 7.986884479672260007e+00 4.331445338072322571e+00 3.377730046331548053e+00 1.398591870620687814e+03 6.251590298075118426e+02
5.091195921387014067e+01 7.512156835343785310e+00 4.342221654520974639e+00 3.425392257243261351e+00 1.339853918818643933e+03 5.979197385317884255e+02
1.050018571017957356e+02 8.255029942959847489e+00 4.383479060340505384e+00 3.354425699477547429e+00 2.058388313494860711e+02 7.912851504762359411e+01
1.458985230011723502e+02 8.395738460983849905e+00 4.464072946883171689e+00 3.468961334892846526e+00 1.945373029948139845e+02 8.159149715925479995e+01
2.037197204228201599e+02 8.171622950769529936e+00 4.695327690394616837e+00 3.625117281638440492e+00 3.628443964200606047e+02 8.000207694533672509e+01
2.503499229461968412e+02 8.677085830355654394e+00 4.766940622229630442e+00 3.583399372623200296e+00 3.721356788410633953e+02 1.451572532170152954e+02
3.127480522362744182e+02 8.894670185158686238e+00 4.651333028062270003e+00 3.693401813285301927e+00 3.505939171794368008e+02 1.497471017301931226e+02
3.523091850255545410e+02 8.510717517869728965e+00 4.946827032465894725e+00 3.713710182879503829e+00 3.585076928117292141e+02 1.420713066696087026e+02
4.191697671763778317e+02 8.622514417847988000e+00 4.971437230783132932e+00 3.662182644693722011e+00 3.483098623151352626e+02 1.366090644975392934e+02
5.080923311650522010e+02 9.629013334732114515e+00 5.268766268688649390e+00 3.827646292544408357e+00 3.616449060532304429e+02 1.466751056998846252e+02
5.763532799291436959e+02 1.049552080800085818e+01 5.505270253069989295e+00 3.935841232906217790e+00 3.612156928486556922e+02 1.379449585007690757e+02
6.745231048733747912e+02 1.073415107304158589e+01 6.272692355669707176e+00 4.160540333184123085e+00 7.204062091569804807e+02 3.044306552884621055e+02
8.215148291555949527e+02 1.138446906633221900e+01 6.373862299561646516e+00 4.649428131824987709e+00 7.114807771188933430e+02 3.036761673055878532e+02
8.830843918785096776e+02 1.093609672953339995e+01 6.273484847459859459e+00 4.332494335616234871e+00 7.691085474357946623e+02 3.157245287061483623e+02
1.022473908762475276e+03 1.143216612745967176e+01 6.601273155629738376e+00 4.564690170442737838e+00 7.386650817050822297e+02 3.117187628057304778e+02
1.105698566263914472e+03 1.102744504148014215e+01 6.553408131441949003e+00 4.851591092800673799e+00 7.588907721721727739e+02 3.119932442691835490e+02
1.210050276996589446e+03 1.196457869251595696e+01 6.300691113808790433e+00 4.739174944907624365e+00 7.208064975993819417e+02 3.051857562641964705e+02
1.251207805652925799e+03 1.128034541639622645e+01 6.617432485092010097e+00 5.026015083544802309e+00 7.438005904536614707e+02 3.006595438157358444e+02
1.427131991358960931e+03 1.202556586290482699e+01 6.763085960561684651e+00 4.946522726384307234e+00 7.060863073111436279e+02 3.098618140018471081e+02
1.620670885649436514e+03 1.184927701218693485e+01 6.635557045733156301e+00 5.077314634563680151e+00 7.030715402889005645e+02 3.149306979335523238e+02
1.753416851388119767e+03 1.266602602599541783e+01 6.901768526722316111e+00 5.071741205681779441e+00 7.747409924252575593e+02 3.103936055648867409e+02
2.017687453506085831e+03 1.319016540279593031e+01 6.886393502728513027e+00 5.356791851214805611e+00 8.350766694573612767e+02 3.245869940810224534e+02
2.237468033352711245e+03 1.245472906540135938e+01 7.291268816149883314e+00 5.301883352935575999e+00 7.609676968740470784e+02 2.982614845982207612e+02
2.303846607594853140e+03 1.260380049649703338e+01 7.260465788010991517e+00 5.293761081572136540e+00 8.368362127622440312e+02 3.257471526826165018e+02
2.515464628766386795e+03 1.355345412506148506e+01 6.980680760549130781e+00 5.204704565097751257e+00 8.043412416344337998e+02 3.167252277419893858e+02
2.604982894835593470e+03 1.433198388893570119e+01 7.019260447513430812e+00 5.479294531027658621e+00 7.615567187649054404e+02 3.143905466259071204e+02
2.960840202008712367e+03 1.360088977833875923e+01 7.681435859435894464e+00 5.887843668673494513e+00 7.699749492618750537e+02 3.252648047392189596e+02
2.830144416766779614e+03 8.397575341294302831e+00 0.000000000000000000e+00 9.384089068617802454e+00 8.351893611993060631e+02 3.165065722482422643e+02
2.949466374095349238e+03 8.410783077608630975e+00 0.000000000000000000e+00 9.862864400718180491e+00 5.757778423426924564e+04 0.000000000000000000e+00
3.158749244140788960e+03 8.106062761010406348e+00 0.000000000000000000e+00 1.066333798266867383e+01 5.580600753544305189e+04 0.000000000000000000e+00
3.055450869152557061e+03 8.222610254578910371e+00 0.000000000000000000e+00 1.061497704799197450e+01 5.756386443694555055e+04 0.000000000000000000e+00
3.264508867734148225e+03 9.012068390735610279e+00 0.000000000000000000e+00 1.038510960551443141e+01 5.655618398827688361e+04 0.000000000000000000e+00
3.325633417148129411e+03 8.533132050207280273e+00 0.000000000000000000e+00 1.039371297680589379e+01 5.835681212177919224e+04 0.000000000000000000e+00
3.563476367384468176e+03 9.198503582694289804e+00 0.000000000000000000e+00 1.080222464529684778e+01 5.498460725108383485e+04 0.000000000000000000e+00
3.720593347684394303e+03 9.277146352960112807e+00 0.000000000000000000e+00 1.115647387535473278e+01 5.601246407374347473e+04 0.000000000000000000e+00
3.574093178841301778e+03 8.916657272842432036e+00 0.000000000000000000e+00 1.105951634077798573e+01 5.693346082529199339e+04 0.000000000000000000e+00
3.805391394373420553e+03 9.514713975178029415e+00 0.000000000000000000e+00 1.145771724986437334e+01 5.890447160867098864e+04 0.000000000000000000e+00
3.865942630507098784e+03 9.530559420737219511e+00 0.000000000000000000e+00 1.086191896722493944e+01 5.978874558219722530e+04 0.000000000000000000e+00
3.926881410332634005e+03 9.206780365051326243e+00 0.000000000000000000e+00 1.177174234553007359e+01 5.699083278444098687e+04 0.000000000000000000e+00
4.211964198231409682e+03 9.832974748913423824e+00 0.000000000000000000e+00 1.100536017013713241e+01 5.908851466899523075e+04 0.000000000000000000e+00
4.026240282453502459e+03 9.520930671560858372e+00 0.000000000000000000e+00 1.134510188201178238e+01 6.043936314252268494e+04 0.000000000000000000e+00
4.347005185121780414e+03 9.783890372429519644e+00 0.000000000000000000e+00 1.102154172601126980e+01 5.527466262091181852e+04 0.000000000000000000e+00
4.182225690449151443e+03 9.890634057010474933e+00 0.000000000000000000e+00 1.151218351552682684e+01 5.752185905914331670e+04 0.000000000000000000e+00
4.629882181258292803e+03 1.001898933379101919e+01 0.000000000000000000e+00 1.160787165533735177e+01 5.773199887549974665e+04 0.000000000000000000e+00
4.374216347749976194e+03 1.044306189710680854e+01 0.000000000000000000e+00 1.144111597055442786e+01 5.756945130917686765e+04 0.000000000000000000e+00
4.582078446061685099e+03 9.960445858324346702e+00 0.000000000000000000e+00 1.194331673251795323e+01 5.599568882554333686e+04 0.000000000000000000e+00
4.636105908900057329e+03 1.032500826796327864e+01 0.000000000000000000e+00 1.198701135313052291e+01 5.525558986800602725e+04 0.000000000000000000e+00
4.758325632681348907e+03 1.034483356260658660e+01 0.000000000000000000e+00 1.260234969632738000e+01 5.880741101899254136e+04 0.000000000000000000e+00
4.727792652316795284e+03 1.072433728694377031e+01 0.000000000000000000e+00 1.249965335165634528e+01 5.978990953893482947e+04 0.000000000000000000e+00
5.242012286570920878e+03 9.838052024268392870e+00 0.000000000000000000e+00 1.169883600990367967e+01 5.938698744787691248e+04 0.000000000000000000e+00
4.999710225137951056e+03 1.074263394163681262e+01 0.000000000000000000e+00 1.234718253596239101e+01 5.916812307507945661e+04 0.000000000000000000e+00
5.398185760668643525e+03 1.067052660175272116e+01 3.404169492459848012e+00 1.271843017516780883e+01 4.230262249833647274e+02 8.187863347664746527e+01
5.229241510340311834e+03 1.155188372308233014e+01 3.614797956676951696e+00 1.326874726325688414e+01 4.531427077971767403e+02 8.298973483991875355e+01
5.175277055510951868e+03 1.055649317718002322e+01 3.617777652010043976e+00 1.252111934192764586e+01 4.631489784698576955e+02 8.557215656315976560e+01
5.263558200871906593e+03 1.074086516892558230e+01 3.729896515024346826e+00 1.272936214375939379e+01 4.402703801212939538e+02 8.773031361721517385e+01
5.618351324971124086e+03 1.094107499518579374e+01 3.454031995713969572e+00 1.243620885133832488e+01 4.176684186638312895e+02 8.491491755334546099e+01
5.364336174751646467e+03 1.130597368105574141e+01 3.536139866204348170e+00 1.301066423912860692e+01 4.382474897223030439e+02 8.270926842877771890e+01
5.394053069280089403e+03 1.075441941259190770e+01 3.570593141233445067e+00 1.356028650346585884e+01 4.323073451458828913e+02 8.420037196781798627e+01
5.623071853983640722e+03 1.135606501451729677e+01 3.566834399320456761e+00 1.329573809625293102e+01 4.422587233929178296e+02 8.436963617995870379e+01
5.827807618718753474e+03 1.150250789105487392e+01 3.723554221331822678e+00 1.328763136366533359e+01 4.258546529248218349e+02 8.559392913727216978e+01
5.879904459456988661e+03 1.090063484434021568e+01 3.574851169571405585e+00 1.314311502468442150e+01 4.179658196111724351e+02 8.543425143939208510e+01
6.060178521374163211e+03 1.104373410410000744e+01 3.496598063210562657e+00 1.304492784453560539e+01 4.373038389616532413e+02 8.152060497564444574e+01
6.019015742894481264e+03 1.092111747973705072e+01 3.739180077781535161e+00 1.348124025715641672e+01 4.387572883682530573e+02 8.536652589594920926e+01
6.151489235195251240e+03 1.072405062000396647e+01 3.788254123196817869e+00 1.347310890628549274e+01 4.187205053276637727e+02 8.679886778343849585e+01
6.392486951447348474e+03 1.108634893260447996e+01 3.555175033154672981e+00 1.263821861269509661e+01 4.450242116610208427e+02 8.261277305261529591e+01
