-1.577029926487860667e-01 5.565768787333402301e+00 3.326927249075196436e+00 2.660938714022205609e+00 1.427746002751458718e+03 6.181030063597555682e+02
3.247773690515764855e+01 6.055051519010485883e+00 3.196913365982139599e+00 2.774441623106047139e+00 1.460366571167163556e+03 5.896702020128273034e+02
3.512335008515674417e+01 7.887234833631457498e+00 4.462765397000747924e+00 3.234115339261201871e+00 1.465433978594992595e+03 6.195591241827752356e+02
4.990885786366569477e+01 7.929186993123872540e+00 4.277507823190425107e+00 3.380480516744143404e+00 1.424685803574546298e+03 5.929910148623108626e+02
1.017388893742386671e+02 8.022563707368865593e+00 4.547276495939052587e+00 3.313183026534749942e+00 2.027388032936800926e+02 7.753036985070568221e+01
1.465921174454260552e+02 7.701162170701389975e+00 4.717266117917374935e+00 3.336931796642145898e+00 1.902321409951765361e+02 8.223005436367972720e+01
2.025235433913605618e+02 8.636922562290180849e+00 4.525936420051574594e+00 3.589764821821027851e+00 3.688625395911484475e+02 7.624246650938511038e+01
2.567028796258333045e+02 8.038935647828573394e+00 4.572719705243934563e+00 3.647683677308845240e+00 3.464942800044954652e+02 1.485488413122388920e+02
3.013444384331644983e+02 8.182827316481407820e+00 4.878524087605016213e+00 3.389031003561413069e+00 3.486222108384224612e+02 1.483157359587332280e+02
3.527777110813801187e+02 8.331585598029427331e+00 4.814906059019675943e+00 3.567301740982784075e+00 3.511993454867962896e+02 1.482003881647316632e+02
4.274808592423283358e+02 8.781932181807055926e+00 4.714964642927474969e+00 3.513476479329436408e+00 3.699537953773807999e+02 1.420226899896869099e+02
5.158651441506131050e+02 9.416319891243841056e+00 5.305693775789290356e+00 3.738685083259079445e+00 3.597920617982456974e+02 1.362421418686315917e+02
5.731981995878521730e+02 1.067040338155111279e+01 5.672411346214836669e+00 3.913617636448680770e+00 3.507666693224652477e+02 1.498570920196302154e+02
6.606519097473843658e+02 1.071646741887295207e+01 6.200500697579963472e+00 4.562550818199259339e+00 7.423229100911170235e+02 3.081287772973732331e+02
8.170991958084624684e+02 1.089411761579798288e+01 6.046613528043133456e+00 4.630070047147444079e+00 7.385062837810729661e+02 3.032378838374211227e+02
9.337926324233112609e+02 1.106563852300762640e+01 6.498286532005285387e+00 4.554543401182664653e+00 7.647584961648489070e+02 3.097049714560579901e+02
1.036170435654034463e+03 1.118746075686602559e+01 6.397337858116941334e+00 4.704861313546732760e+00 7.550232384102617971e+02 3.189221298553110273e+02
1.067454416904332220e+03 1.168997327732067149e+01 6.203500183057163220e+00 4.791168282094438347e+00 7.391642243913399852e+02 3.057797468796771341e+02
1.142703874048684611e+03 1.212766720567981871e+01 6.618284470571260236e+00 4.564172041991642281e+00 7.499271726923841470e+02 3.033318324863252542e+02
1.317384550969927886e+03 1.173677594904710553e+01 6.819737609412614532e+00 4.833785681964018366e+00 7.402842111560545391e+02 3.050616043302970866e+02
1.373920261851757914e+03 1.242218655263779326e+01 6.414322740480824514e+00 4.720440893354387768e+00 7.160636796614535342e+02 3.254912625171435820e+02
1.606724427385086074e+03 1.165189411905302030e+01 6.663664712850436267e+00 4.912459856827489979e+00 7.365096851172287415e+02 3.262812472419103642e+02
1.785946022629510026e+03 1.261671423435951667e+01 6.650698872612957224e+00 4.975362564722997760e+00 7.758416263396948125e+02 3.174541918469123516e+02
1.986605692642870054e+03 1.224333773020052263e+01 6.710177559453492258e+00 5.081730470661800503e+00 7.922387073827120503e+02 3.143294386880164666e+02
2.123314965379370278e+03 1.245168119270020313e+01 7.033851454353138521e+00 5.079949657145525599e+00 7.772254169925693077e+02 3.250683414309520458e+02
2.365620627977707500e+03 1.317357199958404301e+01 7.002765196908430134e+00 5.112925277059357398e+00 8.385787894304428391e+02 3.218773284019329139e+02
2.694590682346532503e+03 1.354785929135554312e+01 7.326940712794680621e+00 5.552149990003941049e+00 8.254638411816617918e+02 3.006731157114760435e+02
2.725479204764854330e+03 1.304559966534979232e+01 7.550952890734517808e+00 5.357531274902054719e+00 7.901728728722086998e+02 3.179379964615145013e+02
2.762256605424606732e+03 1.430211039278144014e+01 7.650542254434043343e+00 5.794273923391282111e+00 7.862010369464363748e+02 3.053450060016005523e+02
2.875278497309476279e+03 7.774567174977615736e+00 0.000000000000000000e+00 9.416686604791451032e+00 8.225507649280289115e+02 3.222184284724260692e+02
2.893513838137986568e+03 7.794411688284482054e+00 0.000000000000000000e+00 9.627785818291348718e+00 5.872256022077135276e+04 0.000000000000000000e+00
3.206868535468910522e+03 8.665603616844219204e+00 0.000000000000000000e+00 1.012061628058409823e+01 5.883448223021414015e+04 0.000000000000000000e+00
3.149660508064226633e+03 8.570615138496123109e+00 0.000000000000000000e+00 1.014652817991079559e+01 6.070610384343627811e+04 0.000000000000000000e+00
3.277062802177447793e+03 8.343573738083913227e+00 0.000000000000000000e+00 1.005365012814626802e+01 5.515850348841926461e+04 0.000000000000000000e+00
3.329050107878748349e+03 8.552168405052684719e+00 0.000000000000000000e+00 1.079477034255132040e+01 5.909435641870305699e+04 0.000000000000000000e+00
3.564006928391891961e+03 9.101715464393242527e+00 0.000000000000000000e+00 1.120702480203038576e+01 5.569518807744766673e+04 0.000000000000000000e+00
3.680182437824475983e+03 9.293421081058088618e+00 0.000000000000000000e+00 1.056347576664209953e+01 5.565036476655827573e+04 0.000000000000000000e+00
3.729874659170089672e+03 8.774714265378991129e+00 0.000000000000000000e+00 1.149625880148646750e+01 5.995847763071089867e+04 0.000000000000000000e+00
3.795716997530820663e+03 9.667526835157946863e+00 0.000000000000000000e+00 1.159592091552224602e+01 5.970625291663323151e+04 0.000000000000000000e+00
3.771079604849016960e+03 9.490573365114366666e+00 0.000000000000000000e+00 1.091684405550376624e+01 5.572500403154638479e+04 0.000000000000000000e+00
4.085018212411372588e+03 9.026707130905519350e+00 0.000000000000000000e+00 1.114383900688421214e+01 5.952517512469370558e+04 0.000000000000000000e+00
4.238673341657522542e+03 9.114663629178140880e+00 0.000000000000000000e+00 1.161706716451079835e+01 5.849563750137116585e+04 0.000000000000000000e+00
4.177805145812370938e+03 9.718520087438745847e+00 0.000000000000000000e+00 1.201978711628705732e+01 5.808301607494966447e+04 0.000000000000000000e+00
4.169890869180002483e+03 9.407882399229499981e+00 0.000000000000000000e+00 1.132951154387154880e+01 5.634177308612543857e+04 0.000000000000000000e+00
4.295745297858729828e+03 9.546944110751761414e+00 0.000000000000000000e+00 1.141116147979411366e+01 5.953461263966618571e+04 0.000000000000000000e+00
4.457935136048040476e+03 1.017514075234499416e+01 0.000000000000000000e+00 1.226094145422271353e+01 5.858629598397047812e+04 0.000000000000000000e+00
4.369942737310866505e+03 9.933311635969497289e+00 0.000000000000000000e+00 1.157250278671325994e+01 5.873906980652668426e+04 0.000000000000000000e+00
4.500757354752053288e+03 9.614407172005925872e+00 0.000000000000000000e+00 1.218098437813941715e+01 5.576715881021640962e+04 0.000000000000000000e+00
4.638155116108746370e+03 1.007206343557753492e+01 0.000000000000000000e+00 1.226886106442585778e+01 5.897403317968426563e+04 0.000000000000000000e+00
4.935981208142351534e+03 1.006958139072837355e+01 0.000000000000000000e+00 1.169185660108243496e+01 5.925552072113122995e+04 0.000000000000000000e+00
4.935181041476191240e+03 9.930892488908373394e+00 0.000000000000000000e+00 1.186240889420298927e+01 5.737208663980385609e+04 0.000000000000000000e+00
5.265437061663035820e+03 1.029712482924856154e+01 0.000000000000000000e+00 1.212203908559368060e+01 5.753507479476687149e+04 0.000000000000000000e+00
4.903755496507104908e+03 1.030680512708090291e+01 0.000000000000000000e+00 1.268192186789450027e+01 5.565997591790830484e+04 0.000000000000000000e+00
5.234873703477457639e+03 1.135306231786247899e+01 3.410321030424301458e+00 1.317248588971145828e+01 4.531729660899699752e+02 8.756220561091475929e+01
5.186017830553605563e+03 1.052112239942484884e+01 3.525049741852074980e+00 1.227427633198716350e+01 4.385814892414301767e+02 8.516046205115414125e+01
5.315324596560524697e+03 1.064125113070094386e+01 3.648092008586255375e+00 1.316376529471907197e+01 4.615134756396724924e+02 8.766764786377012797e+01
5.521465011674103152e+03 1.137570053941813519e+01 3.675402694322053243e+00 1.286651295314917220e+01 4.224159461774481201e+02 8.852605627472267713e+01
5.668758695297544364e+03 1.153617406585724758e+01 3.710836072460817814e+00 1.350758014241102600e+01 4.385738313645323956e+02 8.147589285264166392e+01
5.742991177983337366e+03 1.165273164009033735e+01 3.450977290058879099e+00 1.312127917589341664e+01 4.498427849662794529e+02 8.434035635043883872e+01
5.417522237544249037e+03 1.147743030064179592e+01 3.722554684003779979e+00 1.280930013932412237e+01 4.330101347642148539e+02 8.274254849082700503e+01
5.627742171553632033e+03 1.113175632160633910e+01 3.774729676032762438e+00 1.360970465343154778e+01 4.236774219397153161e+02 8.087594881067541053e+01
5.701638615379406474e+03 1.100846758033856609e+01 3.659334739615350607e+00 1.262100807162740246e+01 4.433033867248412321e+02 8.594211130175457924e+01
6.205234141404441289e+03 1.134780480574813311e+01 3.554389280531640161e+00 1.261847142141058598e+01 4.314665048474730611e+02 8.602402227188572681e+01
6.037536617941229451e+03 1.162261330117501146e+01 3.798893638668166872e+00 1.246165658644315855e+01 4.521957728274431929e+02 8.221978461868664567e+01
6.041098426569327785e+03 1.117419938696824566e+01 3.673818756839204447e+00 1.281132722751842401e+01 4.405368980773961312e+02 8.179483254028765771e+01
6.453864967916846581e+03 1.074766940860318698e+01 3.590027551019101981e+00 1.262699194298861016e+01 4.207014420279130604e+02 8.598928877126124348e+01
6.102854708362783640e+03 1.145524556438154384e+01 3.703383503132291477e+00 1.290106335429610951e+01 4.099998170070621200e+02 8.893200550995520359e+01
