-3.834716890667161371e-01 6.064034986898447777e+00 3.468680619135832810e+00 2.897980168326363071e+00 1.335252577948263934e+03 5.751784347854174939e+02
3.191250014901081755e+01 5.836799349432017614e+00 3.209214062892168595e+00 2.787201378854670786e+00 1.446938776691993780e+03 6.096266962607934374e+02
3.400705222572312181e+01 7.970472062188965090e+00 4.443102413805020134e+00 3.336467350761341599e+00 1.431606011562613730e+03 5.959075605841894685e+02
4.791537836341859702e+01 8.085069003493142503e+00 4.323958556169589684e+00 3.242828233732946597e+00 1.430813908110609873e+03 6.063678505785069319e+02
9.914275815754366761e+01 7.796519407067065366e+00 4.573594613542320886e+00 3.442242340345067042e+00 1.998686337481302360e+02 8.284940922396333463e+01
1.514412473080933239e+02 8.285686169500968035e+00 4.734726176776307582e+00 3.506355306116616166e+00 1.990120621944794834e+02 8.286087136262240449e+01
1.946509111239376182e+02 8.157607914194217713e+00 4.678702916170776049e+00 3.468137317894629756e+00 3.533529205848928427e+02 8.156945626357570234e+01
2.396730464118737132e+02 8.218279922603864307e+00 4.701363812532087572e+00 3.644646455413038666e+00 3.439627563990812860e+02 1.386202675829147211e+02
3.075464876280580597e+02 8.300126599440346808e+00 4.746125478611300075e+00 3.553987723007245414e+00 3.531040522174187686e+02 1.479053534918015487e+02
3.381526089461918900e+02 9.042556284219385176e+00 5.002412327371811074e+00 3.601160447850555002e+00 3.523294092546459524e+02 1.361574719660238486e+02
4.113774903665576517e+02 8.988918050239517399e+00 4.822102242198636368e+00 3.644562119715646809e+00 3.562935696770894083e+02 1.442459529416405530e+02
4.899812977948760704e+02 9.501780511855626443e+00 5.406505043842873448e+00 4.050095643535429168e+00 3.555952179228767704e+02 1.374912533039903053e+02
6.151051222505412852e+02 1.001426911658040986e+01 5.819859877916000457e+00 4.293392121648833992e+00 3.677827437957131451e+02 1.439748156457206392e+02
6.715578412773809305e+02 1.083789114256058639e+01 6.058797880227886345e+00 4.394317070758611443e+00 7.193739145841464051e+02 3.149796544268203320e+02
7.986864260758316050e+02 1.105214574089199253e+01 6.039428362633535663e+00 4.258293809857820023e+00 7.514921954162049360e+02 3.001399239202676767e+02
9.253511409342970637e+02 1.173743047422448171e+01 6.334358623385836218e+00 4.366412157468527511e+00 7.055014124943620573e+02 3.095611109113089583e+02
1.023633029352998051e+03 1.166836143095822642e+01 6.596550679552634300e+00 4.630979876282403929e+00 7.245911363341560900e+02 3.202414639665470304e+02
1.089377244103333851e+03 1.210322931703930927e+01 6.261459627640644676e+00 4.612678339929338733e+00 7.305711068053849431e+02 3.057408624120360514e+02
1.154428462495645363e+03 1.227797562944164689e+01 6.318414556429468476e+00 4.646878918342882692e+00 7.516240807658109588e+02 3.184175284686726854e+02
1.322569406944673119e+03 1.196059027477014425e+01 6.362803278248890138e+00 5.057582478702123296e+00 7.501851411452547609e+02 3.111200018703783599e+02
1.458897378353375643e+03 1.203844306983212675e+01 6.800089406634196365e+00 5.032669213863495195e+00 7.652614982594391222e+02 3.012435558021753081e+02
1.626799854346863867e+03 1.207105900663018083e+01 7.022150300599067307e+00 4.815906499321903844e+00 7.426558372011730853e+02 3.248201571431091566e+02
1.877791557903219655e+03 1.199473575841203932e+01 6.886111570981457319e+00 4.884862103005323419e+00 7.887315904256770409e+02 3.230760237946776101e+02
2.039981142263051424e+03 1.283132870771738432e+01 6.703623335818157614e+00 5.162373342566988654e+00 7.996945713862652383e+02 3.118866664220707889e+02
2.207093128254367912e+03 1.265937683584002471e+01 6.770826475892840257e+00 5.387366302769610371e+00 8.127046322071421400e+02 3.169838751912770363e+02
2.255465921614480976e+03 1.289909892478579501e+01 7.157111376211024556e+00 5.465156809517254466e+00 8.311648196823923627e+02 3.098257393956416195e+02
2.573327587681390014e+03 1.282781216160053539e+01 6.846924601523669551e+00 5.420404942037924556e+00 8.181113152930392971e+02 3.002989493231936535e+02
2.525848225657294279e+03 1.428386169634633873e+01 7.160559945279802108e+00 5.444149974916796531e+00 7.815879586102392977e+02 3.039020007939457741e+02
2.898827266016438443e+03 1.384780091786889678e+01 7.248499188546150052e+00 5.537031769667242642e+00 7.777927130100099475e+02 3.137812043035463603e+02
2.874167910729707728e+03 8.226382429710229260e+00 0.000000000000000000e+00 1.013321855142502237e+01 8.277181133528844157e+02 3.180434492528582382e+02
2.973449274242208958e+03 8.327202216082115527e+00 0.000000000000000000e+00 9.599347991433349492e+00 5.956650585841853172e+04 0.000000000000000000e+00
2.935733310516130587e+03 8.209517686372290513e+00 0.000000000000000000e+00 9.854734363723933299e+00 6.059292514391559234e+04 0.000000000000000000e+00
3.085358961694530535e+03 8.587793519200074499e+00 0.000000000000000000e+00 1.046804361985969223e+01 5.785663486543986073e+04 0.000000000000000000e+00
3.227545081324562943e+03 8.592744986899008452e+00 0.000000000000000000e+00 1.094752473586324015e+01 6.016937425610232458e+04 0.000000000000000000e+00
3.295116381528113834e+03 9.170142139786101154e+00 0.000000000000000000e+00 1.013725294482321360e+01 5.707365073410164041e+04 0.000000000000000000e+00
3.425844886191570367e+03 9.332384661001162485e+00 0.000000000000000000e+00 1.103693197039766183e+01 5.563938226819675037e+04 0.000000000000000000e+00
3.407480475622710856e+03 9.389823980253767743e+00 0.000000000000000000e+00 1.040803995396852955e+01 5.755241886738606263e+04 0.000000000000000000e+00
3.554544406497884665e+03 8.727618728885151000e+00 0.000000000000000000e+00 1.054168331371921141e+01 5.704978546500985976e+04 0.000000000000000000e+00
3.686159451254083251e+03 9.302725542134130166e+00 0.000000000000000000e+00 1.124447564932222043e+01 5.566347900776892493e+04 0.000000000000000000e+00
4.016633851714085267e+03 9.061158547933096941e+00 0.000000000000000000e+00 1.120147275480954363e+01 5.648339896803756710e+04 0.000000000000000000e+00
3.904858402430320439e+03 9.164871856941848804e+00 0.000000000000000000e+00 1.078221822589904733e+01 5.510069184885663708e+04 0.000000000000000000e+00
4.140092523765563783e+03 9.473930789424771959e+00 0.000000000000000000e+00 1.125535334705272916e+01 5.557414454646542436e+04 0.000000000000000000e+00
4.048330878550289981e+03 9.211053661322873509e+00 0.000000000000000000e+00 1.102455672899842121e+01 5.919818914088250312e+04 0.000000000000000000e+00
4.463011141895136461e+03 1.011140123996075424e+01 0.000000000000000000e+00 1.208535570601424425e+01 5.897671156498290657e+04 0.000000000000000000e+00
4.337858629627577102e+03 1.000221432172017799e+01 0.000000000000000000e+00 1.145854614728535381e+01 5.889475098994421569e+04 0.000000000000000000e+00
4.444047966503731914e+03 9.636744666366341860e+00 0.000000000000000000e+00 1.198809384227307540e+01 5.898270508016170788e+04 0.000000000000000000e+00
4.797682341459152667e+03 1.030520423572981947e+01 0.000000000000000000e+00 1.204450177080574846e+01 5.864686765915426076e+04 0.000000000000000000e+00
4.711250472320679364e+03 1.016675268178738101e+01 0.000000000000000000e+00 1.218932357682683865e+01 5.523866032947165513e+04 0.000000000000000000e+00
4.758421405712875639e+03 1.024445920027816825e+01 0.000000000000000000e+00 1.168649125325961258e+01 5.568615994613232033e+04 0.000000000000000000e+00
4.681957821717769548e+03 1.045615680628879574e+01 0.000000000000000000e+00 1.234630553803313369e+01 5.899678885915516730e+04 0.000000000000000000e+00
5.135561164708744400e+03 1.071762442824648609e+01 0.000000000000000000e+00 1.254082303288669387e+01 5.684664854641992861e+04 0.000000000000000000e+00
4.951057591356017838e+03 1.030253342205769052e+01 0.000000000000000000e+00 1.209470988385033507e+01 5.863392698079630645e+04 0.000000000000000000e+00
4.921518161127920393e+03 1.010271161696547360e+01 0.000000000000000000e+00 1.250264059372688052e+01 6.028444842613653600e+04 0.000000000000000000e+00
5.252876064132658030e+03 1.128375529665421340e+01 3.514161909368957115e+00 1.311777930873669717e+01 4.228028454896315225e+02 8.093857000601279594e+01
5.350481659144496007e+03 1.087371918499433932e+01 3.683581666157884627e+00 1.293092289136500028e+01 4.363336481550851431e+02 8.152445899671386087e+01
5.087009916082608470e+03 1.155268015018658545e+01 3.650686076784246392e+00 1.310836136457944612e+01 4.396075843246550789e+02 8.321911776043685904e+01
5.597824878028748572e+03 1.092795996267701675e+01 3.413587332320217715e+00 1.335323884406174244e+01 4.283727522734758963e+02 8.732905741083297357e+01
5.489595108913717013e+03 1.080346066146113770e+01 3.481824781648438893e+00 1.256485447872083050e+01 4.431809560212921042e+02 8.343189539558119350e+01
5.550672104919223784e+03 1.097264945276058157e+01 3.533641920352422527e+00 1.241301535787809129e+01 4.415693703607659586e+02 8.384995225214707659e+01
5.521631177097759974e+03 1.117364178153334642e+01 3.746366319401355227e+00 1.328200095229323630e+01 4.546714776786384391e+02 8.510134708082802035e+01
5.891071596188724470e+03 1.143490684850903527e+01 3.588286586880504725e+00 1.261422856360645817e+01 4.499633520357035650e+02 8.177148485985574666e+01
5.828516853895825989e+03 1.172514531654098313e+01 3.787682002489173083e+00 1.272688325978678137e+01 4.346349501666146011e+02 8.607107627056451804e+01
6.083465995342487986e+03 1.092357169071267720e+01 3.485593934485407885e+00 1.274586306913698586e+01 4.413880687192158803e+02 8.360142563095848800e+01
6.216389642408640611e+03 1.161498835341653191e+01 3.490427806405213662e+00 1.303929942377445528e+01 4.291398096435116827e+02 8.820818552212861619e+01
6.108873128975178588e+03 1.177718386098229431e+01 3.830738773241469275e+00 1.364462025190763406e+01 4.442855784854262993e+02 8.724240403482458817e+01
6.093037474033495528e+03 1.096394559340481578e+01 3.507024640955800354e+00 1.340294434356684583e+01 4.102430135719616260e+02 8.691044869327184585e+01
6.592673230118740321e+03 1.082369360928900903e+01 3.618579912486786121e+00 1.310793963948273522e+01 4.387255986661929228e+02 8.278780096559063395e+01
