-3.508240027456583920e-01 5.741426324986531604e+00 3.359742635388753840e+00 2.828020521209650084e+00 1.436798466252263324e+03 6.056008799592741525e+02
3.123717874332432842e+01 5.892690935519009798e+00 3.210328494364653729e+00 2.858689376216530409e+00 1.411221341573843574e+03 6.055427565003097925e+02
3.412706089117767760e+01 7.504881769683752424e+00 4.393613347488936505e+00 3.470463366215396750e+00 1.344768059238067281e+03 5.856022329982433803e+02
4.828314914320075957e+01 7.692779112579650302e+00 4.513968928451737916e+00 3.442590837715445939e+00 1.376781415328450294e+03 6.203208230386123887e+02
9.579100978651882770e+01 8.292087318168087862e+00 4.636398612515852058e+00 3.257708844734115150e+00 1.965735469847811601e+02 7.680323672270971258e+01
1.557290556552796659e+02 7.712556249835822442e+00 4.419547566304308006e+00 3.561047526478142711e+00 2.005055357224344448e+02 7.696875909565244456e+01
2.073556412366548614e+02 8.070641572420035104e+00 4.581665241959777646e+00 3.559737262275112002e+00 3.696211041130521266e+02 7.674505014031525718e+01
2.543605619451031998e+02 8.070534267979313725e+00 4.604173733003510627e+00 3.394644691246168300e+00 3.744263735530410031e+02 1.402122226883811038e+02
2.918540290433777500e+02 8.302383692828744444e+00 4.833527502588267133e+00 3.508781027027846111e+00 3.737393619829515501e+02 1.365223536926712882e+02
3.549279478030798600e+02 8.686813418023925593e+00 4.974915209389660475e+00 3.476991930829337552e+00 3.646288687959957429e+02 1.457645877282709534e+02
4.118344586056152821e+02 9.293923204268512706e+00 5.109971088137506001e+00 3.691061578467366378e+00 3.468728332415248587e+02 1.463453334517379290e+02
5.233068294398578928e+02 9.539492531957868948e+00 5.483754490989348973e+00 3.849784660482276966e+00 3.669373807784721748e+02 1.458790796901662929e+02
6.266070647774474764e+02 9.804517864893441015e+00 5.382116193405313886e+00 4.209893261975508949e+00 3.734952994249971425e+02 1.500493123210658837e+02
6.803633878623468263e+02 1.040012154804524691e+01 5.893613548529972768e+00 4.331391661363563017e+00 7.153911894172402981e+02 2.993279920374804419e+02
7.961865602115085494e+02 1.149389632848235365e+01 6.380722924924964623e+00 4.560265450864895875e+00 7.705741701104428785e+02 3.153299266070450813e+02
9.155277571524868563e+02 1.172393524846373225e+01 6.066088273137231646e+00 4.338228954313430030e+00 7.392478348912558204e+02 3.000232066090137550e+02
9.620359195169164650e+02 1.175905182276455463e+01 6.202605604075731804e+00 4.657300556036039652e+00 7.722223647960229300e+02 3.138164408523712723e+02
1.120625506111831555e+03 1.160586618136309589e+01 6.216347075022182089e+00 4.786529614383451481e+00 7.032958507745158840e+02 3.149680166426578012e+02
1.143092299707325765e+03 1.161790656038753689e+01 6.389206069520454001e+00 5.002176366184387213e+00 7.085055561805721709e+02 3.103485634778804751e+02
1.353759307128009823e+03 1.127276981111087828e+01 6.809084337175105084e+00 4.588599612767303881e+00 7.687052453994457437e+02 3.174092396483499670e+02
1.469100779944830492e+03 1.244885088922659655e+01 6.404060150043973998e+00 4.948661810186863796e+00 7.406922568393817983e+02 3.138485557295492185e+02
1.621038239172735757e+03 1.172637974799180682e+01 6.426027630653526224e+00 4.882272301126847402e+00 7.427249861470428414e+02 3.264652987976444933e+02
1.883022972462852522e+03 1.257620063238099561e+01 6.992135625973184609e+00 4.934309105174537358e+00 8.373233416474402020e+02 3.200318368569443237e+02
1.903388684757210513e+03 1.251985159401295533e+01 6.817191679502502488e+00 4.969289821515133099e+00 8.234058105369209670e+02 3.117968298587301774e+02
2.120532213935990058e+03 1.272863205825618493e+01 6.732733111812148508e+00 5.164183994058770821e+00 8.197410568792745380e+02 3.099765161255519956e+02
2.390961961459243867e+03 1.378704644279750724e+01 7.408635751310834294e+00 5.188339594972356750e+00 7.648658187165949585e+02 2.992929864494617505e+02
2.630961157336101678e+03 1.272933809271552796e+01 6.984349841214455346e+00 5.650658250218222989e+00 7.753799758719849251e+02 3.031163023192431183e+02
2.570029416688996207e+03 1.388101819398186265e+01 7.097481634403440154e+00 5.309956893391690080e+00 7.920074095296730547e+02 3.145168347593090061e+02
2.982831994808864692e+03 1.368277833642890151e+01 7.595942105043854475e+00 5.453463481065547569e+00 8.385566352250831414e+02 3.153961672355676455e+02
2.844740476912151280e+03 8.040019255774703666e+00 0.000000000000000000e+00 9.715779556004314088e+00 7.614187341041175614e+02 2.993120512589542841e+02
2.900336068235698349e+03 8.322069337476399653e+00 0.000000000000000000e+00 9.923261771958360455e+00 6.059723108321567270e+04 0.000000000000000000e+00
3.187320839146716935e+03 8.313474883619903721e+00 0.000000000000000000e+00 1.022245228905243408e+01 5.563519315087675204e+04 0.000000000000000000e+00
3.171350180948023990e+03 8.679922025759950088e+00 0.000000000000000000e+00 1.013787765192513213e+01 5.685486307255855354e+04 0.000000000000000000e+00
3.205436953951494161e+03 8.566163637061137592e+00 0.000000000000000000e+00 1.066395822002453997e+01 5.802897460981978656e+04 0.000000000000000000e+00
3.476267730194716933e+03 8.475661931779677971e+00 0.000000000000000000e+00 1.010386974048788744e+01 6.012736099099968123e+04 0.000000000000000000e+00
3.615125199328544113e+03 8.632709685325595572e+00 0.000000000000000000e+00 1.044363584035280468e+01 5.693660054226851207e+04 0.000000000000000000e+00
3.441355800743513555e+03 8.600608900069397933e+00 0.000000000000000000e+00 1.042932391670795589e+01 5.664742002955997305e+04 0.000000000000000000e+00
3.539674229084817853e+03 9.162256439983792689e+00 0.000000000000000000e+00 1.064214747359979896e+01 5.641816555484580749e+04 0.000000000000000000e+00
3.645565784371260634e+03 9.522520981492206715e+00 0.000000000000000000e+00 1.145723221575786432e+01 5.958649131618804677e+04 0.000000000000000000e+00
3.763561108003541449e+03 9.359806707106782753e+00 0.000000000000000000e+00 1.089232351223919082e+01 5.583323366062781133e+04 0.000000000000000000e+00
3.804994009535375426e+03 9.714231006386510714e+00 0.000000000000000000e+00 1.099704972073675968e+01 5.984838708022161154e+04 0.000000000000000000e+00
4.179485493006992328e+03 9.483948790936803874e+00 0.000000000000000000e+00 1.126306736298597322e+01 5.961510987029569515e+04 0.000000000000000000e+00
4.178782705598090615e+03 9.243932701190892942e+00 0.000000000000000000e+00 1.094956687891353830e+01 5.860494038327790622e+04 0.000000000000000000e+00
4.147464442181783852e+03 9.666561304058445714e+00 0.000000000000000000e+00 1.186344619399878653e+01 5.520138482221887534e+04 0.000000000000000000e+00
4.243883242986049481e+03 1.005192214577838250e+01 0.000000000000000000e+00 1.138583918820760310e+01 5.879317776779022097e+04 0.000000000000000000e+00
4.288426910997058258e+03 1.019326476765739820e+01 0.000000000000000000e+00 1.190635422481500250e+01 5.678503613302145095e+04 0.000000000000000000e+00
4.416973705206635714e+03 9.777354297666741800e+00 0.000000000000000000e+00 1.236188346574089358e+01 5.958200999466735084e+04 0.000000000000000000e+00
4.591072630296279385e+03 9.631899739610760847e+00 0.000000000000000000e+00 1.216350230035567392e+01 6.050888030376375536e+04 0.000000000000000000e+00
4.865379074420024153e+03 1.035654538939636105e+01 0.000000000000000000e+00 1.241820207406461840e+01 5.708287897751459241e+04 0.000000000000000000e+00
4.979589073251350783e+03 9.680380587714509488e+00 0.000000000000000000e+00 1.177960697545327484e+01 5.997224955363709887e+04 0.000000000000000000e+00
4.746480677967088923e+03 1.048271763345893071e+01 0.000000000000000000e+00 1.161363497692178015e+01 5.811624228219777433e+04 0.000000000000000000e+00
4.994093734153533660e+03 1.057560830482172420e+01 0.000000000000000000e+00 1.251409909740507231e+01 5.976967902477308235e+04 0.000000000000000000e+00
5.393220600704895332e+03 9.851738409396862295e+00 0.000000000000000000e+00 1.270864206663440754e+01 5.917856490184301947e+04 0.000000000000000000e+00
5.396523539547445580e+03 1.152985531805830988e+01 3.529098429408068949e+00 1.285788628165962599e+01 4.396279942397436571e+02 8.754655127350859800e+01
5.204052586581589821e+03 1.086005503853463061e+01 3.377381253893930069e+00 1.319686623491042710e+01 4.494032718449053618e+02 8.529809024856719191e+01
5.208648172873851763e+03 1.110454959881087689e+01 3.503688804385372002e+00 1.338980674237607182e+01 4.323397761868446878e+02 8.128712558475265837e+01
5.596351953869906538e+03 1.079471449470179145e+01 3.698811506310726305e+00 1.257819597243366161e+01 4.493934094504909922e+02 8.555278619508295890e+01
5.428353146549626217e+03 1.111266334720000515e+01 3.508344877719660637e+00 1.244615588100633552e+01 4.517064559640045331e+02 8.837561892415304499e+01
5.408455949877002240e+03 1.062120057419961050e+01 3.453297994722807296e+00 1.248556439031474952e+01 4.340059477908499161e+02 8.740151093692175266e+01
5.826046293395100292e+03 1.064276819530658535e+01 3.654578374187680723e+00 1.285015900656906851e+01 4.470301074287518759e+02 8.603197290861703550e+01
5.629832981019170802e+03 1.130474100589742825e+01 3.586673143555507703e+00 1.329272128138273068e+01 4.365106930682967459e+02 8.467500049580651478e+01
5.900441377948361151e+03 1.121297176609191304e+01 3.639318651148096162e+00 1.310137944746249516e+01 4.307072849144411748e+02 8.079760595835618631e+01
6.238579723045715582e+03 1.147385379574114772e+01 3.792266300015683989e+00 1.251792460939450535e+01 4.317059757722433346e+02 8.807483033390293770e+01
6.044342925091092184e+03 1.118428311142691634e+01 3.623888788538784489e+00 1.308762978575612301e+01 4.414963738918014542e+02 8.619134183953546824e+01
5.947343758646952665e+03 1.099811239072263369e+01 3.579252452167138721e+00 1.357826580715525822e+01 4.112945586459139804e+02 8.159448254383283938e+01
6.214812704121744900e+03 1.130886475143593017e+01 3.771666902030961666e+00 1.280467891694647875e+01 4.377759660752517448e+02 8.204879519697797718e+01
6.158355251966609103e+03 1.086462790573548887e+01 3.605747087523222927e+00 1.324251349287180446e+01 4.322110889387453199e+02 8.502024929576897705e+01
