-4.834100954816132889e-01 5.629743058169609071e+00 3.250211417731497576e+00 2.935590822779132747e+00 1.400404253260720679e+03 5.784759135613500121e+02
3.271789539083756893e+01 5.829981391551378067e+00 3.343059147280832200e+00 2.899654796871355522e+00 1.397271238384461867e+03 6.119903709684092519e+02
3.487871181632191053e+01 7.937911430882169661e+00 4.174993323752846486e+00 3.400838156929610001e+00 1.433853731275964947e+03 5.944413719414444586e+02
4.940297284653397014e+01 8.112154836575479422e+00 4.560484221988255982e+00 3.191967573174357309e+00 1.429753861906360271e+03 5.876552585376418847e+02
9.634212162352449127e+01 8.041470484883326719e+00 4.347423834953830557e+00 3.305450963765062866e+00 2.001363962850739142e+02 8.337393511571630711e+01
1.523205867800605517e+02 7.721298617159779276e+00 4.326475315966113122e+00 3.508592859731927582e+00 1.995510710161946406e+02 8.148240793045533792e+01
1.978566477652985327e+02 8.547164177659697160e+00 4.445481742811823622e+00 3.443837644257242481e+00 3.480045441342660979e+02 7.957612308681852653e+01
2.546530514206199882e+02 8.287868296038119809e+00 4.702281482871611296e+00 3.485310743272552081e+00 3.597400504127631393e+02 1.415968609012659840e+02
3.098148697199858361e+02 8.740123590619718996e+00 4.531046766065159659e+00 3.636108046280363215e+00 3.664507544500027620e+02 1.409809662588355934e+02
3.447562053576484686e+02 8.754543163981244547e+00 4.648458382001025235e+00 3.527579316108908181e+00 3.507707329641085607e+02 1.485181212464821954e+02
3.952225136488083308e+02 8.765614858750982563e+00 5.198767922541645881e+00 3.549881986274788126e+00 3.439583586553664531e+02 1.499011113283779366e+02
4.750726959077177867e+02 9.708308091697039899e+00 5.037169639073466598e+00 3.945235006596490290e+00 3.671346126882189083e+02 1.389494015378105871e+02
6.084051559070362600e+02 1.045712415604070777e+01 5.634190501752800451e+00 4.307696814753847470e+00 3.506001676086172552e+02 1.363252880487732455e+02
6.990663793421870196e+02 1.035050968253448822e+01 6.022390510475759129e+00 4.366795491737414103e+00 7.293316062767671610e+02 2.995116336718743355e+02
8.353523116873577692e+02 1.105292225096751046e+01 5.890608712201629515e+00 4.584589873500271473e+00 7.288049649787444650e+02 3.184104556977243874e+02
8.970981132824188080e+02 1.071220328850652059e+01 6.255950146514091870e+00 4.491852901707306778e+00 7.212903419382578249e+02 3.036651730918940189e+02
9.599526920217397219e+02 1.181195566093587601e+01 6.082323059420130740e+00 4.812640110585070907e+00 7.745278844994037399e+02 3.271027523900170877e+02
1.062148035317841277e+03 1.137875752514009697e+01 6.700158493886344324e+00 4.664977938790912049e+00 7.055340275639325682e+02 3.228485035404912082e+02
1.228683892164893450e+03 1.192765265001438557e+01 6.408503185785192180e+00 4.718676778393616544e+00 7.046102098565538654e+02 3.273283503603485087e+02
1.310389094432861839e+03 1.206386566589385367e+01 6.573473716092526509e+00 5.053346870877614805e+00 7.479752280831399958e+02 3.123852388048983357e+02
1.437413852944108839e+03 1.161751574672605081e+01 6.773295038873985874e+00 4.775699960673623679e+00 7.370867245973062154e+02 3.189104098806081424e+02
1.663770140210106774e+03 1.274943786368874576e+01 7.030775730118174138e+00 5.081835670553487283e+00 7.653598687505308362e+02 3.178633334329603599e+02
1.807035218156149995e+03 1.281506179433196557e+01 6.864986488881540616e+00 5.050917612031382120e+00 7.689595346289697773e+02 3.178342845766813412e+02
1.987750579185895958e+03 1.341393638950591871e+01 6.653887776640409868e+00 4.980800904965739129e+00 8.288496451608302777e+02 3.135290913840894405e+02
2.117336235641979783e+03 1.322540317894656958e+01 7.222792647348397210e+00 5.200611400415917629e+00 8.001087248771062832e+02 3.106678223457503236e+02
2.378318979075021161e+03 1.269592838750099695e+01 6.843990588220217219e+00 5.444179221864672513e+00 8.260322388685968917e+02 3.073523547272505425e+02
2.495626304591778535e+03 1.303547357408378815e+01 7.076202923411757162e+00 5.241660133427664015e+00 8.069335769373739140e+02 3.033090121355169799e+02
2.700657129451202763e+03 1.394839705753434522e+01 7.052947228731134999e+00 5.485426266773340664e+00 7.778529326054549529e+02 2.966170651849203637e+02
2.946461827096530214e+03 1.427125771880262839e+01 7.074086846464711975e+00 5.878577008689048533e+00 8.239597701305535793e+02 3.272125091051364620e+02
2.857531925008152484e+03 8.473958881524328746e+00 0.000000000000000000e+00 9.413404182790298336e+00 7.880299959916000034e+02 3.223014698481209734e+02
3.085650057301063043e+03 8.524074921639751778e+00 0.000000000000000000e+00 9.600810904005037116e+00 6.026049630150118173e+04 0.000000000000000000e+00
2.953879689244878136e+03 8.002695351327355766e+00 0.000000000000000000e+00 1.061805496986378650e+01 6.034375999639729707e+04 0.000000000000000000e+00
3.109191024974927132e+03 8.592533146715101822e+00 0.000000000000000000e+00 1.082622776960285726e+01 5.992051294250483625e+04 0.000000000000000000e+00
3.399454792361218551e+03 9.002816327826023368e+00 0.000000000000000000e+00 1.015523468354277092e+01 5.574081173654111626e+04 0.000000000000000000e+00
3.253993659166042107e+03 9.189394530702282182e+00 0.000000000000000000e+00 1.031962893142214810e+01 5.788188046088894771e+04 0.000000000000000000e+00
3.439436933788890201e+03 9.130802929244275390e+00 0.000000000000000000e+00 1.030396255363479341e+01 5.502102531850721425e+04 0.000000000000000000e+00
3.392686019954089716e+03 9.012862673217359344e+00 0.000000000000000000e+00 1.094512865262121437e+01 5.681739336981709494e+04 0.000000000000000000e+00
3.605542457984672637e+03 9.264264532954239684e+00 0.000000000000000000e+00 1.095357599244738722e+01 5.510402393055797438e+04 0.000000000000000000e+00
3.723344959259095958e+03 9.715503495738950335e+00 0.000000000000000000e+00 1.083158290202163521e+01 5.777590463479219034e+04 0.000000000000000000e+00
3.825600659794247349e+03 9.324754414527989255e+00 0.000000000000000000e+00 1.098304871041107056e+01 5.661791723461635411e+04 0.000000000000000000e+00
3.819422863024929029e+03 9.269761131858896164e+00 0.000000000000000000e+00 1.085784376315320010e+01 5.827614693245551462e+04 0.000000000000000000e+00
3.954031857257927641e+03 9.224975237099247494e+00 0.000000000000000000e+00 1.173390221605968087e+01 6.038704144244424970e+04 0.000000000000000000e+00
4.011342502312696524e+03 9.328992659327910886e+00 0.000000000000000000e+00 1.110712557964222214e+01 5.581018604978521034e+04 0.000000000000000000e+00
4.424384497704339083e+03 9.665394508640902771e+00 0.000000000000000000e+00 1.205966281874487223e+01 5.977467804366318160e+04 0.000000000000000000e+00
4.277287518268133681e+03 1.032607017564892438e+01 0.000000000000000000e+00 1.181243971267659632e+01 5.985966897322260775e+04 0.000000000000000000e+00
4.591515280399768017e+03 9.538467668520855369e+00 0.000000000000000000e+00 1.158193547543236512e+01 5.553537085846805712e+04 0.000000000000000000e+00
4.422358989395764183e+03 9.571889477833936510e+00 0.000000000000000000e+00 1.238589727804534668e+01 5.609043277818018396e+04 0.000000000000000000e+00
4.443656905708156046e+03 1.023227513154708390e+01 0.000000000000000000e+00 1.235221027445598807e+01 6.048067576937378908e+04 0.000000000000000000e+00
4.668352313414224227e+03 1.056160612328012327e+01 0.000000000000000000e+00 1.243095970784476378e+01 5.812895262083844864e+04 0.000000000000000000e+00
4.908032947635660094e+03 9.774991096927513112e+00 0.000000000000000000e+00 1.187716685100167169e+01 5.801166747729102644e+04 0.000000000000000000e+00
4.724114220101559113e+03 1.063525885333043597e+01 0.000000000000000000e+00 1.256087472123414273e+01 6.040268024923817575e+04 0.000000000000000000e+00
5.074928088767067493e+03 1.025561567492015058e+01 0.000000000000000000e+00 1.156603646875979052e+01 5.628270921660004387e+04 0.000000000000000000e+00
4.954256952075917980e+03 1.070162628808152760e+01 0.000000000000000000e+00 1.239070672105201432e+01 5.970047213913920132e+04 0.000000000000000000e+00
5.394292000621387160e+03 1.138584032715222172e+01 3.539320340324326075e+00 1.276169419826601370e+01 4.642666070003485856e+02 8.780349937987820397e+01
5.273164867632502137e+03 1.108227229336269559e+01 3.560868578343179713e+00 1.313614835087731691e+01 4.470931322504181367e+02 8.838252407377063946e+01
5.340383709159244972e+03 1.130762765653240542e+01 3.515986066149911160e+00 1.251919794205490355e+01 4.394456982267556668e+02 8.151285944230541247e+01
5.638403255867042390e+03 1.080147812667998330e+01 3.686218482360128501e+00 1.243388804398172987e+01 4.279138096780277465e+02 8.566755206607071216e+01
5.660409022538364297e+03 1.060287955305596341e+01 3.572581550840856046e+00 1.244306897721280691e+01 4.194367146557818273e+02 8.382150782922629162e+01
5.731123854026530353e+03 1.156612898030311953e+01 3.641614494630480259e+00 1.253088972505719312e+01 4.289834053485304253e+02 8.791059810457208812e+01
5.806190849113065269e+03 1.171094463527950680e+01 3.435834927285188911e+00 1.260618757563628201e+01 4.325364108796781011e+02 8.429706836379916979e+01
5.863671495297025103e+03 1.093373837749937039e+01 3.698723957874341384e+00 1.326676516270267392e+01 4.550410373820415089e+02 8.284003143155551641e+01
6.083263657132864864e+03 1.097318353264195778e+01 3.596826793024823221e+00 1.303518379513782044e+01 4.363467327998624796e+02 8.832559945150038061e+01
6.135612063919797947e+03 1.123910175380325072e+01 3.649158685116082435e+00 1.337794105018380897e+01 4.307988654954600065e+02 8.153805033477071618e+01
5.918065430778352493e+03 1.152774527961790163e+01 3.594098446891171861e+00 1.315291247721157575e+01 4.268912929418008844e+02 8.514182952692412698e+01
6.025486869343047147e+03 1.123541389567899706e+01 3.503525594277587363e+00 1.320054904885371805e+01 4.468336285613201539e+02 8.446268093714860470e+01
6.311106771694521740e+03 1.157856682519779667e+01 3.742482129639871147e+00 1.265009118955614298e+01 4.232145515945609304e+02 8.562467009791056682e+01
6.433532759405907200e+03 1.121877359986982725e+01 3.762818047110879860e+00 1.371134107727448637e+01 4.297746694006860366e+02 8.688529121677473199e+01
