1.259434160998008645e-01 5.517330561760600105e+00 3.388129991021886944e+00 2.772428456576207623e+00 1.442342108867637990e+03 5.750774680425880661e+02
3.431917728386436295e+01 6.075453383141021568e+00 3.335230212273457617e+00 2.865271867860395449e+00 1.412926288330108036e+03 6.151761085942231375e+02
3.214478538005349151e+01 7.960597617063991827e+00 4.143805906775337888e+00 3.364232144435352012e+00 1.405221326500768100e+03 5.934008870564190374e+02
5.078562487358490074e+01 7.789025784148045695e+00 4.217423764151721599e+00 3.499937183000532137e+00 1.332672280044645731e+03 5.826399158051177665e+02
9.555315130470361851e+01 7.755630516922803253e+00 4.418825885722164948e+00 3.327576321866110298e+00 1.925477362988411301e+02 7.971840357463088367e+01
1.530184180252549027e+02 8.288157925268571091e+00 4.451526456504349305e+00 3.506209224876953634e+00 2.082663890084577645e+02 8.158966805227944974e+01
2.000893375915119918e+02 8.260552805147556299e+00 4.572507272642310383e+00 3.496685897013492639e+00 3.533706615401962949e+02 8.338401880907679242e+01
2.423100877063772600e+02 8.387151476034249598e+00 4.826159868344084281e+00 3.436579453428695974e+00 3.502720151589630859e+02 1.470120832519293401e+02
2.939057039601491965e+02 8.598530809727522595e+00 4.905117773627392985e+00 3.589131224752614369e+00 3.575965435736115410e+02 1.456697442739591111e+02
3.601211260303743984e+02 8.574422005401551417e+00 4.740166519070116102e+00 3.414343113916529227e+00 3.565303654748011581e+02 1.474627065013710023e+02
3.920638576783832150e+02 9.022520025046455672e+00 5.198114330705112529e+00 3.609503357168666771e+00 3.662591261552653350e+02 1.465838592714240178e+02
4.962164073579180013e+02 9.394055342304877598e+00 5.022054563175830211e+00 3.983967209050092606e+00 3.690381602189369801e+02 1.419859824376156325e+02
6.264752455973009546e+02 9.901760866666531768e+00 5.655476088321115924e+00 3.953158385598265490e+00 3.743099955798030010e+02 1.359752341117227843e+02
6.638077827658714796e+02 1.061916477696618522e+01 5.714041776941796158e+00 4.516790718915799197e+00 7.227287427242307558e+02 3.033511824380543658e+02
8.046610360096049135e+02 1.053684823607814280e+01 5.873952594306055097e+00 4.354912503510410815e+00 7.030939131977155512e+02 3.066099215962978519e+02
9.140723759350526052e+02 1.082586199304608243e+01 6.025926370963408552e+00 4.730439396627993176e+00 7.661543704062795541e+02 3.230318902281445048e+02
1.002965276834351130e+03 1.095998871668223273e+01 6.112278800198406969e+00 4.692548372511224919e+00 7.237440865485884842e+02 3.109064444281311239e+02
1.050925856217218779e+03 1.148597592030479753e+01 6.460563469320049101e+00 4.694691852521211572e+00 7.384990671978713408e+02 3.186445762686738021e+02
1.140157246520886929e+03 1.122627751591978651e+01 6.803024671818747038e+00 4.794051076388104349e+00 7.396467745277257109e+02 3.271137498350951773e+02
1.249289095116387443e+03 1.170215355378934774e+01 6.704357244517304970e+00 4.881827645163197893e+00 7.473486805934713857e+02 3.161541175233568879e+02
1.420809690259015724e+03 1.231074548725092299e+01 6.544972428132796338e+00 4.805624032684461255e+00 7.429854550132565691e+02 3.068804472489725299e+02
1.573425883317786656e+03 1.251423023822304259e+01 6.460730892663731240e+00 5.087138459608298469e+00 7.485719972207971296e+02 3.266926578194361355e+02
1.879595544491027567e+03 1.307571740729941467e+01 6.569511075956545376e+00 5.275120171993457951e+00 7.994483977878173846e+02 3.207194702664048691e+02
2.099739744723645799e+03 1.215584236290438369e+01 6.615022719854143141e+00 5.131874025686257390e+00 8.049079483938927524e+02 3.076258216364166174e+02
2.226656154841332864e+03 1.344434000140311625e+01 7.070690127093817168e+00 5.379755359896837064e+00 7.955207369595791533e+02 3.103343350060299031e+02
2.231710728447526890e+03 1.338522412246371118e+01 7.221258536757525270e+00 5.318559627199913820e+00 7.886617260605986530e+02 3.133745001700144712e+02
2.658408099305129326e+03 1.309275807031412064e+01 7.346626503700278477e+00 5.541509075932085970e+00 7.711865963958504153e+02 3.103951517745786646e+02
2.525380375036299029e+03 1.398308568689192199e+01 7.563241159570361916e+00 5.443122523608940000e+00 8.353028793778429417e+02 2.965327506881242812e+02
2.954230409818666431e+03 1.435718832708173842e+01 7.266953750263496659e+00 5.901254927710853693e+00 7.859744988714563760e+02 3.080355907203916672e+02
2.794882992625417046e+03 8.356497416379783161e+00 0.000000000000000000e+00 9.492000958339373184e+00 7.833991864903513260e+02 3.087520172569788315e+02
2.889474588209508056e+03 7.794264738579911977e+00 0.000000000000000000e+00 1.018238617733068452e+01 5.569850426962771598e+04 0.000000000000000000e+00
3.217404463307929291e+03 8.146362762674419500e+00 0.000000000000000000e+00 9.818238566799475819e+00 5.511358183469037613e+04 0.000000000000000000e+00
3.180342338478483271e+03 8.769370485943568383e+00 0.000000000000000000e+00 1.005967327667692501e+01 5.839216196408880933e+04 0.000000000000000000e+00
3.259855215189857063e+03 8.637159451124187370e+00 0.000000000000000000e+00 1.043250507457178244e+01 5.823001960741282528e+04 0.000000000000000000e+00
3.215661764702340406e+03 8.960143614767833498e+00 0.000000000000000000e+00 1.072076505152311121e+01 5.960686294834842556e+04 0.000000000000000000e+00
3.580637663997582877e+03 9.055429248939145026e+00 0.000000000000000000e+00 1.070667601314940320e+01 5.806236515578348190e+04 0.000000000000000000e+00
3.692549467448269297e+03 9.448644596958120090e+00 0.000000000000000000e+00 1.132120276676454651e+01 5.590289512943779846e+04 0.000000000000000000e+00
3.721896592955637971e+03 8.774495549882306733e+00 0.000000000000000000e+00 1.109785646525644864e+01 5.770315019944596133e+04 0.000000000000000000e+00
3.607970225625601870e+03 9.599659835662436080e+00 0.000000000000000000e+00 1.081883131568086043e+01 5.598899792223537224e+04 0.000000000000000000e+00
3.973770509600442438e+03 8.933236606215478659e+00 0.000000000000000000e+00 1.135523260202684348e+01 5.496256728303730051e+04 0.000000000000000000e+00
3.976091416485912760e+03 9.306254481835608772e+00 0.000000000000000000e+00 1.114809661719639777e+01 5.882679471571782778e+04 0.000000000000000000e+00
4.137563589662224331e+03 9.746185937928618870e+00 0.000000000000000000e+00 1.193399647538357655e+01 5.767392543960185867e+04 0.000000000000000000e+00
4.248299520003004545e+03 9.350293223487089023e+00 0.000000000000000000e+00 1.103847943268059595e+01 5.654158723915162409e+04 0.000000000000000000e+00
4.437746673017795729e+03 9.332122220606194674e+00 0.000000000000000000e+00 1.169577442093651953e+01 5.786897702066201600e+04 0.000000000000000000e+00
4.235485047013358781e+03 1.030900783822988132e+01 0.000000000000000000e+00 1.204697284968808546e+01 5.570291967895856214e+04 0.000000000000000000e+00
4.446541841572862722e+03 1.008233495840138616e+01 0.000000000000000000e+00 1.177289210012340881e+01 5.522461726246708713e+04 0.000000000000000000e+00
4.614509328560763606e+03 9.716385647784441915e+00 0.000000000000000000e+00 1.209826710206926137e+01 6.070421073271730711e+04 0.000000000000000000e+00
4.549669051380899873e+03 9.667928983759086492e+00 0.000000000000000000e+00 1.225352957351016592e+01 5.807406261503487622e+04 0.000000000000000000e+00
4.795976709953255522e+03 9.714185874489992045e+00 0.000000000000000000e+00 1.178605907711729905e+01 6.037337882085737510e+04 0.000000000000000000e+00
4.634255075393998595e+03 1.041760426592469102e+01 0.000000000000000000e+00 1.232228408769832839e+01 5.873955885434955417e+04 0.000000000000000000e+00
4.901906041942081174e+03 1.075384742876565269e+01 0.000000000000000000e+00 1.237045871956931897e+01 6.066045818347312161e+04 0.000000000000000000e+00
5.179222317057852706e+03 9.828464460840930172e+00 0.000000000000000000e+00 1.197769773401159021e+01 5.674752168716392771e+04 0.000000000000000000e+00
5.167046161508165824e+03 1.083234266878231011e+01 0.000000000000000000e+00 1.251560288118485786e+01 5.739194815140102583e+04 0.000000000000000000e+00
4.929266458344721286e+03 1.152986697431167684e+01 3.565982898826845826e+00 1.310080070008028130e+01 4.498871366808572247e+02 8.333610464449269273e+01
4.936534109752902623e+03 1.119497048007245610e+01 3.543066670264530593e+00 1.259657929635199380e+01 4.578460568061296954e+02 8.770922397279089466e+01
5.075830991565051590e+03 1.066968858813659260e+01 3.584382726229294658e+00 1.228245286949617743e+01 4.525234640485889486e+02 8.639026501012675396e+01
5.534541514685124639e+03 1.152679050070407385e+01 3.623790169873942535e+00 1.325185593797167627e+01 4.598863880212441586e+02 8.473113433660469695e+01
5.697259526659456242e+03 1.117441571725505334e+01 3.645569144720139931e+00 1.298906479423651383e+01 4.193887377356955426e+02 8.819104020314755132e+01
5.811119466380813719e+03 1.077916527257174195e+01 3.524120493288566802e+00 1.343521849474097252e+01 4.436679903800766169e+02 8.890257147944844007e+01
5.538562955873934698e+03 1.148056173451279172e+01 3.451064562315289130e+00 1.291771989641193485e+01 4.493970398838479809e+02 8.760425708633823660e+01
5.702308483561353569e+03 1.133840870238692844e+01 3.467642221811773062e+00 1.347184921970355553e+01 4.133022335377506238e+02 8.884059005762932770e+01
6.062664082028913072e+03 1.131927356202345791e+01 3.580635930450951410e+00 1.244694947402149054e+01 4.500248163722312711e+02 8.593419729995881085e+01
5.735582192204325111e+03 1.098314234656092481e+01 3.810613749733842148e+00 1.253268131061580881e+01 4.346206470493724510e+02 8.643075222749951081e+01
6.163126356419702461e+03 1.141293348873719360e+01 3.790454413518930643e+00 1.369072065586687437e+01 4.339283705137860920e+02 8.391309518414051638e+01
6.333857357010689157e+03 1.130460963310890854e+01 3.504785629110939382e+00 1.319378915918004758e+01 4.345158128266986068e+02 8.737481553707507942e+01
6.020209442873098851e+03 1.168224763051080117e+01 3.796365931556096474e+00 1.308065130244614060e+01 4.138568739649803092e+02 8.106550800920085464e+01
6.072471723037971060e+03 1.087350938030506775e+01 3.522453250826019566e+00 1.318292896743516174e+01 4.307635594689332379e+02 8.920048361477036281e+01
