2.000000000000000111e-01 3.148021575058886246e+00
1.000000000000000056e-01 3.262021575058886569e+00
5.000000000000000278e-02 3.646021575058886466e+00
3.333333333333333287e-02 3.824021575058886402e+00
2.000000000000000042e-02 3.946021575058886732e+00
1.250000000000000069e-02 4.102021575058886427e+00
1.000000000000000021e-02 4.180021575058886718e+00
6.666666666666667095e-03 4.318021575058886619e+00
5.000000000000000104e-03 4.436021575058886057e+00
4.000000000000000083e-03 4.556021575058886164e+00
3.333333333333333547e-03 4.684021575058886278e+00
