-4.463229966349233635e-01 5.928877934468487432e+00 3.305933958419849272e+00 2.685433590392433345e+00 1.467646562575767121e+03 5.991038489088172128e+02
3.233276192275516792e+01 5.520583180340546292e+00 3.253714931789672971e+00 2.799308672127859499e+00 1.461682067794318300e+03 5.992958458279871365e+02
3.272578380650995200e+01 7.378975178394961532e+00 4.438206274001023743e+00 3.387615687355392868e+00 1.332754666065620995e+03 6.077028205172073285e+02
5.167859889685836094e+01 7.549051133252156376e+00 4.383891570702014739e+00 3.204944901113723876e+00 1.387171764863225917e+03 5.810553304567148416e+02
9.464775425520468843e+01 7.640032032940809792e+00 4.439404407744758529e+00 3.464844011965577675e+00 1.994331217127340494e+02 7.688547992039354995e+01
1.470551957166408386e+02 8.086087761506073335e+00 4.637715670052680927e+00 3.262706797801404601e+00 1.904984559902832189e+02 7.872125804234474344e+01
1.944213594543271313e+02 8.053851069734529133e+00 4.619889831170980621e+00 3.340281257845792329e+00 3.583981729368978790e+02 7.800442146522017595e+01
2.427473300964335863e+02 8.159894408432137425e+00 4.562737861832359521e+00 3.427400218373700902e+00 3.501864491341028156e+02 1.429692252007813522e+02
3.133440645481143179e+02 8.835474083921955213e+00 4.844516377611649993e+00 3.689494520703703984e+00 3.665349504562438483e+02 1.404175057478473434e+02
3.670278078588671633e+02 8.734012912019608166e+00 4.938420098571660866e+00 3.523926846601568741e+00 3.450758894587408463e+02 1.470284173516857322e+02
4.100014336163801545e+02 8.558980463771304059e+00 4.836071132745433765e+00 3.820821875499872622e+00 3.614079112384432619e+02 1.449878450079490904e+02
4.841268318859591204e+02 9.405905854163060908e+00 5.537085599725917184e+00 3.882419538340694753e+00 3.587989686391580335e+02 1.385238847482605706e+02
5.995018563518664223e+02 1.043870564135630197e+01 5.752920186932296787e+00 3.924847875215253357e+00 3.644012455964881383e+02 1.418049884785302481e+02
6.626554680139099673e+02 1.026636453171569130e+01 6.148560616052546557e+00 4.516879164994114682e+00 7.647738024757570656e+02 3.259957967872695690e+02
8.302178545096822972e+02 1.117410174662364319e+01 5.830801377748455749e+00 4.237428032803998157e+00 7.607077858130710410e+02 2.978168862788004958e+02
9.210073109351362746e+02 1.115236867548451904e+01 6.330690779008827818e+00 4.583489533316571496e+00 7.078476102910765348e+02 3.067751387021878031e+02
9.839554008618484886e+02 1.138113495442270562e+01 6.580609102724955584e+00 4.811305617792709377e+00 7.282952091099894005e+02 3.257834159603360149e+02
1.108106251711898722e+03 1.211772521851098539e+01 6.180336828291193463e+00 4.714091398500702468e+00 7.371353206136803919e+02 3.156102023032652824e+02
1.246720104683960926e+03 1.218573711123647918e+01 6.321071216728764597e+00 4.573708910630021940e+00 7.361045668102498212e+02 3.003709897141649776e+02
1.296433728336861577e+03 1.128337362493650176e+01 6.830337413890219977e+00 4.879631943698552909e+00 7.204932859095283675e+02 3.092960166322587838e+02
1.380690353341878108e+03 1.157381839294952286e+01 6.337055658562854354e+00 4.696250630615567800e+00 7.159291906297075911e+02 3.055798965193210392e+02
1.630773458130945983e+03 1.196205887512744503e+01 6.987485273101091465e+00 5.127933376303820623e+00 7.388688626229197780e+02 3.255696942914225360e+02
1.802873299730626741e+03 1.267249700984343797e+01 6.491627562421105502e+00 5.214772391658387463e+00 7.724103402462956183e+02 3.256317806916482027e+02
1.936183867548828857e+03 1.277182297301337499e+01 7.214237573369394418e+00 5.336130526859665935e+00 7.824071619529349846e+02 3.213022844954969059e+02
2.304326549205196443e+03 1.365647821482969348e+01 7.328551619419472196e+00 5.234267608402263683e+00 8.239750803934896339e+02 3.209968516489693684e+02
2.352324697006416045e+03 1.280701227850314261e+01 7.010742476964142433e+00 5.285279506839366981e+00 7.867410549673082869e+02 3.134682486844593541e+02
2.538085744647877618e+03 1.312318465750336216e+01 7.353655131547893298e+00 5.450183875513443077e+00 8.385620668686322006e+02 3.244608621458945663e+02
2.509361815711165036e+03 1.411163120743422539e+01 7.113353830544017598e+00 5.760751265666564258e+00 8.186368623511738178e+02 3.182138972885714452e+02
3.031560636387466730e+03 1.328282446806528228e+01 7.236450178208166051e+00 5.418450251089939940e+00 8.122279907209772318e+02 3.174530536699055574e+02
3.004439496582406719e+03 8.306551754064095405e+00 0.000000000000000000e+00 9.299826568871665700e+00 8.070806931690466399e+02 3.203391633426844578e+02
2.846515249517393841e+03 8.476647791213329342e+00 0.000000000000000000e+00 9.645653072615662182e+00 5.717472870991890522e+04 0.000000000000000000e+00
3.005177125629666079e+03 8.416632159855110373e+00 0.000000000000000000e+00 1.068597908246812977e+01 5.916888835035081138e+04 0.000000000000000000e+00
3.019872649982931762e+03 8.196344372126667110e+00 0.000000000000000000e+00 1.024809678206933228e+01 5.800381539615331712e+04 0.000000000000000000e+00
3.293501731993467729e+03 8.941149986214238510e+00 0.000000000000000000e+00 1.092118904779293764e+01 5.705085080324209412e+04 0.000000000000000000e+00
3.443593999520983743e+03 8.788028314499916505e+00 0.000000000000000000e+00 1.093249356539485184e+01 5.795249743691791082e+04 0.000000000000000000e+00
3.484266337000136900e+03 8.540315515635658272e+00 0.000000000000000000e+00 1.098071406565212627e+01 5.493949692437240446e+04 0.000000000000000000e+00
3.600554214669548855e+03 9.137756176871553393e+00 0.000000000000000000e+00 1.072787136989031964e+01 5.727375726554183348e+04 0.000000000000000000e+00
3.803928139987242503e+03 9.457143229473855328e+00 0.000000000000000000e+00 1.123433882265169892e+01 5.509994641239274642e+04 0.000000000000000000e+00
3.682843451609409385e+03 9.601379281599987436e+00 0.000000000000000000e+00 1.094377014058409969e+01 6.029278773029804142e+04 0.000000000000000000e+00
3.798658541042053002e+03 9.709203539270735206e+00 0.000000000000000000e+00 1.082165033559953038e+01 5.929174441681995813e+04 0.000000000000000000e+00
3.934093340180410905e+03 9.200503517291314992e+00 0.000000000000000000e+00 1.135322400539595478e+01 5.588430202424468735e+04 0.000000000000000000e+00
4.076569179397915377e+03 9.884897016764151445e+00 0.000000000000000000e+00 1.154852650864246399e+01 6.010478827711486520e+04 0.000000000000000000e+00
4.370525678669663648e+03 9.422182369518118605e+00 0.000000000000000000e+00 1.094209196635941161e+01 5.493947489526755817e+04 0.000000000000000000e+00
4.308031057224556207e+03 9.773452614491748847e+00 0.000000000000000000e+00 1.111973009842978577e+01 5.763669959643037873e+04 0.000000000000000000e+00
4.391058295838889535e+03 1.009313372327222602e+01 0.000000000000000000e+00 1.162241718409087987e+01 5.625878502874435799e+04 0.000000000000000000e+00
4.545421232290421358e+03 1.025990825474377743e+01 0.000000000000000000e+00 1.207092427525592093e+01 5.538388230008303799e+04 0.000000000000000000e+00
4.673122200177119339e+03 1.037388352182971296e+01 0.000000000000000000e+00 1.133586614646085700e+01 5.714807544878382760e+04 0.000000000000000000e+00
4.883855315916488507e+03 9.980530248926591241e+00 0.000000000000000000e+00 1.206342554178697490e+01 5.882363132454276638e+04 0.000000000000000000e+00
4.580515093367303962e+03 1.026545004078074541e+01 0.000000000000000000e+00 1.213678418784652457e+01 5.889299738830890419e+04 0.000000000000000000e+00
4.733075188192700807e+03 1.020451280341624667e+01 0.000000000000000000e+00 1.143415823016270494e+01 5.582507433988378034e+04 0.000000000000000000e+00
4.916693471621728349e+03 1.070983018047564173e+01 0.000000000000000000e+00 1.217922124646611692e+01 6.046829386651849927e+04 0.000000000000000000e+00
4.945174531929977093e+03 1.017281577413697313e+01 0.000000000000000000e+00 1.192117313976378945e+01 5.543533622215784999e+04 0.000000000000000000e+00
5.100677729886981979e+03 1.010505347662760656e+01 0.000000000000000000e+00 1.224405297958382377e+01 5.773760329798153543e+04 0.000000000000000000e+00
5.343142132496814156e+03 1.112478009749532326e+01 3.418185527366238485e+00 1.303003835203869620e+01 4.458994355861277086e+02 8.260577129827461818e+01
5.025058059143953869e+03 1.076016786248241530e+01 3.514425427209820985e+00 1.262138793516526292e+01 4.623547162593998223e+02 8.683083580653831746e+01
5.150022272886594692e+03 1.147739509598661201e+01 3.592453744583020470e+00 1.228523109868530305e+01 4.347518640212435912e+02 8.333536967146852703e+01
5.522871868692695898e+03 1.124418706606750717e+01 3.456838998805478180e+00 1.257387219418125568e+01 4.575820092297013844e+02 8.491989253105715818e+01
5.607468991323308728e+03 1.066298941145213952e+01 3.672594742542639068e+00 1.339037637968519334e+01 4.482441102484119710e+02 8.738883230989169704e+01
5.498236469308193591e+03 1.152815212294619940e+01 3.750168078455148546e+00 1.296300516336193631e+01 4.216853031641311418e+02 8.743130507953104313e+01
5.494282343712603506e+03 1.105430118859928257e+01 3.543204446138973562e+00 1.280989970014380219e+01 4.506099445967369661e+02 8.863317294496248167e+01
5.632954936418210309e+03 1.112821761785005670e+01 3.555673801191563399e+00 1.361623869515174867e+01 4.223214560278431122e+02 8.892449480388718541e+01
5.915814531505834566e+03 1.137347029429576040e+01 3.508431278345975901e+00 1.317132794094228565e+01 4.493741814336376592e+02 8.392357054326622290e+01
6.037256395875576345e+03 1.120745477496158315e+01 3.500465227138910951e+00 1.259039740721923728e+01 4.298677391694760104e+02 8.612137391814101761e+01
6.178445241826240817e+03 1.164449185838004830e+01 3.661756280178639855e+00 1.366765198129905912e+01 4.112656566112150927e+02 8.232382045182836805e+01
5.992605567493094895e+03 1.093313173538931160e+01 3.682386790287241141e+00 1.259681307913814940e+01 4.243324403918580856e+02 8.534992985201157012e+01
6.358307365540483261e+03 1.163359153079898434e+01 3.755603220993268376e+00 1.251830951261108815e+01 4.260310636161128741e+02 8.726984639801781896e+01
6.607660083027505607e+03 1.110302339785448389e+01 3.825976537686988088e+00 1.319867362933868549e+01 4.343752931898567340e+02 8.082755560067256795e+01
