3.065837592152409474e-01 5.639526373853165353e+00 3.325986486886287175e+00 2.814049332296620243e+00 1.464967371263203404e+03 5.890132908220343779e+02
3.246277724931646702e+01 6.008975912971155076e+00 3.416484808021227337e+00 2.782706853798150526e+00 1.458831435371073212e+03 6.105817576617941995e+02
3.282809671530277029e+01 7.591955980849162344e+00 4.229083216405755685e+00 3.330468735047531492e+00 1.359943212082064520e+03 5.778665792396775487e+02
4.738073811924082435e+01 7.460852592485861301e+00 4.293131453096757255e+00 3.303919709074524924e+00 1.415548908025792798e+03 5.715796594868390912e+02
9.940769359382430537e+01 7.839843303902978455e+00 4.239316888214857748e+00 3.394477323743391839e+00 2.049328509440982771e+02 8.083790948436845269e+01
1.423769664746363048e+02 7.718329770548114865e+00 4.520578792503935794e+00 3.271740537524959969e+00 2.080580605001721892e+02 7.903204482033360989e+01
1.928102874734194643e+02 8.117765702255665516e+00 4.746903559611648227e+00 3.316927070070946559e+00 3.766914790048584791e+02 8.099110136891574996e+01
2.485081985332004422e+02 8.663582456797024989e+00 4.646384224011238295e+00 3.409639443695701821e+00 3.484221968382829004e+02 1.372682740412129476e+02
3.014729873719157922e+02 8.707186728347233284e+00 4.552542973807682358e+00 3.447520581189611022e+00 3.500313708534845887e+02 1.469612315115556953e+02
3.512025350830937214e+02 8.744206069616970112e+00 4.808588007224521732e+00 3.574532563773610949e+00 3.732533654812795589e+02 1.383863762268653375e+02
4.281750206377230938e+02 8.630589228803684065e+00 5.042665849909649722e+00 3.717850741679287641e+00 3.600765680198489918e+02 1.443824348555014296e+02
4.834773008030179540e+02 9.759498083833840099e+00 5.535377082939531235e+00 4.006288597731959555e+00 3.472156569974677609e+02 1.430498721306286427e+02
6.063868626683881757e+02 1.050888624036628016e+01 5.783495829598369831e+00 4.136781106783514517e+00 3.748775942311187350e+02 1.481062800186069524e+02
6.514955571434088597e+02 1.110718461899282872e+01 5.905476165531362120e+00 4.319041648484827967e+00 7.752381514474985806e+02 3.225814078807614464e+02
7.595044569370299996e+02 1.046861741847133587e+01 5.882766144070861181e+00 4.336584260857341278e+00 7.214162749800485699e+02 3.078286876215627217e+02
8.690449814479766246e+02 1.100764782697291899e+01 6.107330290639048975e+00 4.665657147660574822e+00 7.332060349125258654e+02 3.162393645537692919e+02
1.039307601727527526e+03 1.159102097847746649e+01 6.381847730268403573e+00 4.622045619608502243e+00 7.190200972236137886e+02 2.964932803544557487e+02
1.064500350427652393e+03 1.113566698019718437e+01 6.116159708035281639e+00 4.571327510193948562e+00 7.335925881252450154e+02 3.149200955588074748e+02
1.190041698712295556e+03 1.131932933433371780e+01 6.253755548384006602e+00 4.755678138658717025e+00 7.691602746960451213e+02 3.159158157044251425e+02
1.285786182409922276e+03 1.164316178387539402e+01 6.437388356966800451e+00 4.691471189705717748e+00 7.555481231277029792e+02 3.017048085371678781e+02
1.408708408330058546e+03 1.158515616911559043e+01 6.347927554501977987e+00 4.811585827592426590e+00 7.628783877410987770e+02 3.107751589645383774e+02
1.613569682686648775e+03 1.263278814237948922e+01 6.992891183476444006e+00 5.231659609254029064e+00 7.602069967610710819e+02 3.021366745762467190e+02
1.743787080795780867e+03 1.211687649630475150e+01 6.867957350754428703e+00 5.139928285316529788e+00 8.161922897128189334e+02 3.157353176323477442e+02
2.053045889488116700e+03 1.297402126926230359e+01 6.609281455726958576e+00 5.067737161983922434e+00 8.045274775408195183e+02 3.126119621532152451e+02
2.118864936300736645e+03 1.316132136372183048e+01 7.360197599116041545e+00 5.477633466832927844e+00 7.604250983003912552e+02 3.031110247030700862e+02
2.292583024088538878e+03 1.321425824209770106e+01 7.290570677600719307e+00 5.345601462974620688e+00 7.827501062401447598e+02 3.107758861721511607e+02
2.729234584361443467e+03 1.361961725335835638e+01 6.884576880725583159e+00 5.664031057568223559e+00 8.241133555350535289e+02 3.044682911273928880e+02
2.637894891660136636e+03 1.428659070670858533e+01 7.310579706899882346e+00 5.735988564195110051e+00 7.847629313510204838e+02 3.040498542371198596e+02
3.007551274007212214e+03 1.328524280546271008e+01 7.190866876618490444e+00 5.893085748168706672e+00 7.617028743799260155e+02 3.155150663353981599e+02
2.796002718182247918e+03 7.826984121852042620e+00 0.000000000000000000e+00 9.319479511425194929e+00 8.384715708669650667e+02 3.130953483944651339e+02
2.851301635286484725e+03 8.434310693529617708e+00 0.000000000000000000e+00 9.945789277406584361e+00 5.546117017571208271e+04 0.000000000000000000e+00
3.074094957213326779e+03 8.335642475974060162e+00 0.000000000000000000e+00 9.968811195246710000e+00 5.892317496130195650e+04 0.000000000000000000e+00
3.044514555108422428e+03 8.698814201588273676e+00 0.000000000000000000e+00 1.055208592237328880e+01 5.854337974996201228e+04 0.000000000000000000e+00
3.161599022610934753e+03 8.454929032049742332e+00 0.000000000000000000e+00 1.043214499710128962e+01 6.042264115546855464e+04 0.000000000000000000e+00
3.463954778103256103e+03 9.216769533468777809e+00 0.000000000000000000e+00 1.095352052631961470e+01 5.541287829249104107e+04 0.000000000000000000e+00
3.569751794555818833e+03 8.594952614552500592e+00 0.000000000000000000e+00 1.034998530539768602e+01 5.877920695532285754e+04 0.000000000000000000e+00
3.662316791418966659e+03 8.822135349487819411e+00 0.000000000000000000e+00 1.122630711814933946e+01 5.679699220392738789e+04 0.000000000000000000e+00
3.724786314830776064e+03 9.371147678375455925e+00 0.000000000000000000e+00 1.146103398516791749e+01 5.905574791866645683e+04 0.000000000000000000e+00
3.889471080297098069e+03 9.445737736998617962e+00 0.000000000000000000e+00 1.129046949952989465e+01 5.793427426850746997e+04 0.000000000000000000e+00
3.793307772036125243e+03 9.429233382799694141e+00 0.000000000000000000e+00 1.069628745410928872e+01 5.716545449828264100e+04 0.000000000000000000e+00
3.849481494703551562e+03 9.374040362752527500e+00 0.000000000000000000e+00 1.161646950990700589e+01 5.624223438870019891e+04 0.000000000000000000e+00
4.219368947679557095e+03 9.644142686851123969e+00 0.000000000000000000e+00 1.140151902972064057e+01 6.054282324569248158e+04 0.000000000000000000e+00
4.138717556791171774e+03 9.354807625570735752e+00 0.000000000000000000e+00 1.129969865136836304e+01 5.951727241110685281e+04 0.000000000000000000e+00
4.095991667757786217e+03 1.010460030531103648e+01 0.000000000000000000e+00 1.123545501641137534e+01 5.625372280077690084e+04 0.000000000000000000e+00
4.341423795911709931e+03 9.897638966285869699e+00 0.000000000000000000e+00 1.152212895165912698e+01 5.650227409857612656e+04 0.000000000000000000e+00
4.425155324372074574e+03 9.595932591437698278e+00 0.000000000000000000e+00 1.148234880885449449e+01 5.599363310001835634e+04 0.000000000000000000e+00
4.523829047632841139e+03 9.769941883888991541e+00 0.000000000000000000e+00 1.141654335649997698e+01 5.676975650196806964e+04 0.000000000000000000e+00
4.533667703446413725e+03 1.006956396003371168e+01 0.000000000000000000e+00 1.194291369821179671e+01 5.932270309560449095e+04 0.000000000000000000e+00
4.940560854371517962e+03 9.619452318690075998e+00 0.000000000000000000e+00 1.251292696761934486e+01 5.612579185051205422e+04 0.000000000000000000e+00
4.688685164521610204e+03 1.025405451574023985e+01 0.000000000000000000e+00 1.235153645681440615e+01 5.786562945371199748e+04 0.000000000000000000e+00
4.974310817621410024e+03 1.043499222040695251e+01 0.000000000000000000e+00 1.184832989550526783e+01 5.582684328488514439e+04 0.000000000000000000e+00
4.833443508143388499e+03 9.942615803504592620e+00 0.000000000000000000e+00 1.155732144416003671e+01 5.518416105633575353e+04 0.000000000000000000e+00
5.287629385216936498e+03 9.947141092265152196e+00 0.000000000000000000e+00 1.204020169255429629e+01 5.820418673834829679e+04 0.000000000000000000e+00
5.288167878223232947e+03 1.141629913725351031e+01 3.432987573796495884e+00 1.243334993363989405e+01 4.499945907953907067e+02 8.820918667829478466e+01
5.074273193194927444e+03 1.111132991632503320e+01 3.523558458849688435e+00 1.290582202928701960e+01 4.247675794988473399e+02 8.341524448950585224e+01
5.486599995103930269e+03 1.091878129876214132e+01 3.704841306665898060e+00 1.246553489835277162e+01 4.554131176575974109e+02 8.609348470421622324e+01
5.637831886820255022e+03 1.155617359177988668e+01 3.496238072403854424e+00 1.312298477978844957e+01 4.572328470343683762e+02 8.136787434040306266e+01
5.546220631571043668e+03 1.123186712464877957e+01 3.523904100621727764e+00 1.280129450663502055e+01 4.411670884302360491e+02 8.401609562998845604e+01
5.400764241739769204e+03 1.138494323385305584e+01 3.470451998508039537e+00 1.269376769034641583e+01 4.444357240089627794e+02 8.476231774163990451e+01
5.392129040843507937e+03 1.108476643063451306e+01 3.490929469963907295e+00 1.310461349423934330e+01 4.554837127826687606e+02 8.134831536248536565e+01
5.544955982698154912e+03 1.094610193192924186e+01 3.800325254387176610e+00 1.354644610932066584e+01 4.489858218972879627e+02 8.331815176976783732e+01
6.029860531526137493e+03 1.145177291213859938e+01 3.491299053745729353e+00 1.269046222512682753e+01 4.464927466544232857e+02 8.150617150659930132e+01
5.674046748291892982e+03 1.125021407972970167e+01 3.659057048255258682e+00 1.292916900683198023e+01 4.336128927133228785e+02 8.333691299455166757e+01
5.918722477136992893e+03 1.145281207362760512e+01 3.545104830983099919e+00 1.258697490693543841e+01 4.192383009768565216e+02 8.366383601652887592e+01
6.051754487129846893e+03 1.169362936384227680e+01 3.740407204758554816e+00 1.261819193577705889e+01 4.127220812201276203e+02 8.087006906192932831e+01
6.519058253197333215e+03 1.109968770241737701e+01 3.648599256843223948e+00 1.247992869473185173e+01 4.525263971133011864e+02 8.762541614733765982e+01
6.581789167777378680e+03 1.101586726449529330e+01 3.774295232195179928e+00 1.336785873908354461e+01 4.170392523294868852e+02 8.355082676085999083e+01
