2.873890084787923405e-01 5.709451960421403349e+00 3.425117317375728110e+00 2.823044874503036539e+00 1.430517370289270275e+03 6.120541822286587603e+02
3.126640693474355004e+01 5.768218946601152197e+00 3.386766919773922080e+00 2.680882375257530814e+00 1.421207246034442505e+03 5.904288428383374594e+02
3.123010431623406191e+01 7.886343224438714827e+00 4.308311835424263769e+00 3.220199747830256864e+00 1.414494942263611165e+03 6.236232517303310487e+02
4.921709643214757079e+01 7.714799483148346404e+00 4.486146872406103547e+00 3.214060970892614222e+00 1.376510559546127070e+03 5.738017288557226721e+02
9.748826064826558024e+01 8.152982475034139753e+00 4.256602285385661766e+00 3.254606349115126029e+00 1.933447292624556724e+02 8.187169124912966822e+01
1.472548525832837640e+02 8.138164724331874211e+00 4.637936725589476339e+00 3.392767268072177878e+00 2.090889021727804788e+02 8.111804040584917175e+01
1.897913539166265764e+02 7.849190723812865755e+00 4.614936906339234035e+00 3.457549769987879884e+00 3.683641545743806773e+02 7.858260972357696517e+01
2.618763475985777518e+02 8.831399126832078395e+00 4.681019058145067469e+00 3.438625275100070766e+00 3.758762028642974542e+02 1.396054766468355410e+02
2.987285944555230230e+02 8.905406174881136394e+00 4.571813343527264983e+00 3.687359638329466893e+00 3.439854861633328937e+02 1.404275778647322852e+02
3.488232303881071061e+02 8.886620562170229221e+00 4.726153836093033078e+00 3.640419669796575164e+00 3.608359564886808357e+02 1.401314256037007340e+02
4.172648083332234137e+02 8.948274815061379783e+00 5.064075086983490515e+00 3.746741656116169494e+00 3.624477883781674450e+02 1.362039590828619851e+02
4.851178308954839622e+02 9.832418531103710890e+00 5.044346152522130033e+00 3.905531169874207453e+00 3.563899464230866556e+02 1.493914376644611366e+02
5.826810630963123003e+02 1.029043330115960053e+01 5.819803381420594945e+00 4.218338654433461343e+00 3.544176543560047890e+02 1.367499844343782058e+02
6.889133220951936210e+02 1.092967102207632557e+01 6.040425879681468935e+00 4.351005218539000907e+00 7.237756578063713278e+02 3.172237497076230852e+02
8.201704017081771099e+02 1.111633740133612847e+01 6.116418037841176769e+00 4.317471563695666426e+00 7.256536639432423499e+02 3.170948101953439959e+02
8.808739857720354394e+02 1.074402976789299657e+01 6.210586307504563308e+00 4.380600169696460711e+00 7.717046515986430677e+02 3.068954778872885640e+02
9.844731090529261337e+02 1.088512195299277607e+01 6.260446769221807983e+00 4.646019162140030190e+00 7.149668456591731456e+02 3.185999249289582167e+02
1.082550684033846892e+03 1.163879649434588082e+01 6.265222972145334523e+00 4.718939527201571060e+00 7.441070822078943365e+02 3.114695345983740822e+02
1.251134465723506764e+03 1.158750885190388935e+01 6.578990907470571692e+00 4.545895238368843572e+00 7.031539976335127449e+02 3.113061155369979929e+02
1.309993802378755845e+03 1.150254807165688220e+01 6.608486137716587550e+00 4.818022671118379563e+00 7.643679706673714236e+02 3.224585213308964171e+02
1.405830440691250715e+03 1.192163621291279441e+01 6.827873972890068366e+00 5.029524544458443103e+00 7.233981753636711574e+02 2.971039136623835475e+02
1.604096860733947096e+03 1.209262001488380456e+01 6.939925420798805256e+00 4.935639532926107798e+00 7.759495176799940737e+02 2.968462876013400660e+02
1.847624179633469339e+03 1.271699241953027304e+01 6.559870638753528382e+00 5.244276449130946816e+00 7.870854519237860814e+02 3.098437605294366222e+02
1.964633799085296232e+03 1.311019025517362202e+01 7.154339894601608130e+00 5.243116148718279135e+00 7.881144940293721675e+02 3.095255486123307946e+02
2.246038065396421189e+03 1.316773801234906571e+01 6.727047068119217599e+00 5.569411496027839803e+00 7.996913795388932158e+02 3.203802510334421072e+02
2.364421258314629995e+03 1.345550117919062316e+01 6.896985547673792460e+00 5.360196846527387038e+00 8.013001419002764578e+02 3.236832786298240876e+02
2.579356884781955159e+03 1.325156468903373685e+01 6.850199530090664624e+00 5.237497609974123947e+00 8.209114366357722474e+02 3.013652692406731717e+02
2.665512311678998685e+03 1.327808698081632599e+01 7.576419695407922816e+00 5.549441050422965205e+00 8.065089150684755168e+02 3.116843959469201764e+02
3.037404312307884993e+03 1.431255631690089736e+01 7.330223778126383039e+00 5.560936218123935681e+00 8.086905611596374683e+02 3.200703218412715501e+02
2.785372241909586137e+03 8.112590893079090648e+00 0.000000000000000000e+00 1.009478724926878002e+01 7.790621375482900248e+02 3.218887047935054397e+02
2.997695525052902212e+03 7.924040224494116380e+00 0.000000000000000000e+00 9.819599988615545172e+00 5.949359509902734135e+04 0.000000000000000000e+00
3.202026560013918697e+03 8.269585612353175463e+00 0.000000000000000000e+00 1.024835825952571966e+01 5.524551671132331830e+04 0.000000000000000000e+00
3.291205114700102513e+03 8.289122193720043441e+00 0.000000000000000000e+00 1.060995938432691155e+01 5.720237584577800590e+04 0.000000000000000000e+00
3.392377139330594673e+03 8.615181127590496146e+00 0.000000000000000000e+00 1.020427295512160981e+01 5.935614760439591191e+04 0.000000000000000000e+00
3.247621345546307566e+03 8.447902076466478505e+00 0.000000000000000000e+00 1.068171795283336856e+01 5.877520922911946400e+04 0.000000000000000000e+00
3.614419446902373693e+03 9.059988649315268816e+00 0.000000000000000000e+00 1.044932065885606853e+01 5.608548471576988959e+04 0.000000000000000000e+00
3.424253397736692932e+03 9.014509129923116149e+00 0.000000000000000000e+00 1.068618503427946465e+01 5.879286533138892264e+04 0.000000000000000000e+00
3.665433491887320542e+03 9.071777073912199896e+00 0.000000000000000000e+00 1.078011513522836040e+01 5.850668049359816359e+04 0.000000000000000000e+00
3.903181631515884419e+03 9.543148893672691813e+00 0.000000000000000000e+00 1.145476233568112967e+01 5.898209699422973063e+04 0.000000000000000000e+00
3.760732520663598734e+03 8.934261885202344544e+00 0.000000000000000000e+00 1.144370154903938719e+01 5.663303928369834466e+04 0.000000000000000000e+00
4.114712302514762087e+03 9.502965905865584872e+00 0.000000000000000000e+00 1.103429350315348145e+01 5.926816159769461228e+04 0.000000000000000000e+00
4.224981362313761565e+03 9.293541785876255901e+00 0.000000000000000000e+00 1.137196632736103119e+01 5.951007015388997388e+04 0.000000000000000000e+00
3.976174130644615616e+03 9.972534907613836097e+00 0.000000000000000000e+00 1.175773034958470475e+01 5.600300955552441155e+04 0.000000000000000000e+00
4.160987963254942770e+03 1.014621547883885633e+01 0.000000000000000000e+00 1.180307952617676648e+01 5.751910313644373673e+04 0.000000000000000000e+00
4.536357474193436246e+03 9.478194193176989302e+00 0.000000000000000000e+00 1.154114553741455396e+01 5.586067836965669267e+04 0.000000000000000000e+00
4.405037768609564409e+03 9.871032695924643718e+00 0.000000000000000000e+00 1.135101895297018970e+01 5.765410802105858602e+04 0.000000000000000000e+00
4.711182867586763678e+03 9.576496775016419605e+00 0.000000000000000000e+00 1.217088146195135323e+01 5.573418671134028409e+04 0.000000000000000000e+00
4.546277012627436307e+03 9.558949289540997540e+00 0.000000000000000000e+00 1.135363256840739155e+01 5.783892049994489207e+04 0.000000000000000000e+00
4.767683756838712725e+03 9.760438063339769599e+00 0.000000000000000000e+00 1.243976042661462778e+01 5.757004150857337663e+04 0.000000000000000000e+00
4.813593112570387348e+03 1.013654529260602288e+01 0.000000000000000000e+00 1.210430636631919299e+01 5.500911972018476081e+04 0.000000000000000000e+00
5.071424839223912386e+03 9.848525093997395174e+00 0.000000000000000000e+00 1.199410125454195786e+01 5.566389034692791756e+04 0.000000000000000000e+00
4.855850183986420234e+03 1.005312811147698504e+01 0.000000000000000000e+00 1.260079270381774741e+01 5.914547206334613293e+04 0.000000000000000000e+00
4.996719774602861435e+03 1.042934690636446149e+01 0.000000000000000000e+00 1.270411273683093611e+01 6.043843036536807631e+04 0.000000000000000000e+00
5.404579917333619051e+03 1.138379821903010303e+01 3.359905725076249183e+00 1.230860965775253746e+01 4.628072652666735394e+02 8.479265707729869916e+01
5.054449576323628207e+03 1.083067234830093106e+01 3.462536476879929381e+00 1.281084766128457098e+01 4.342157526190417229e+02 8.845366720496062385e+01
5.339845270511403214e+03 1.065381400562977277e+01 3.475796369556351184e+00 1.235943633717111467e+01 4.308981481223185028e+02 8.423718701461942260e+01
5.178904924602798019e+03 1.064123627185899856e+01 3.445650336160164251e+00 1.265649368399242292e+01 4.284982517543439826e+02 8.124093819969952790e+01
5.302410772172188445e+03 1.077432738214221963e+01 3.648980578654002827e+00 1.328156158494226524e+01 4.585925605424641844e+02 8.823437726112069868e+01
5.553624381772404377e+03 1.065567039525130255e+01 3.686021794146404407e+00 1.304830398088006227e+01 4.406537399199861511e+02 8.142752175015935734e+01
5.860073057546870587e+03 1.149536710971658771e+01 3.736323210170978459e+00 1.330973254723784471e+01 4.261945414897531350e+02 8.539686507614740663e+01
5.768985843433137234e+03 1.086936606444921871e+01 3.807774821448167035e+00 1.342738727887331329e+01 4.456837019421894865e+02 8.608800814746523145e+01
6.086179152190667992e+03 1.106524940585554972e+01 3.593208994054466476e+00 1.341677638378036441e+01 4.198747473871036959e+02 8.645842674078662071e+01
6.014621724389970041e+03 1.110072838918972060e+01 3.617513852791619744e+00 1.253015500214918099e+01 4.365562806055725673e+02 8.559033492098186002e+01
5.884823782131232292e+03 1.089140442271598097e+01 3.628050191744693898e+00 1.292379056395832215e+01 4.133540844338712077e+02 8.200787478141504039e+01
6.091467911592998462e+03 1.118060779727968956e+01 3.707004992781758101e+00 1.305537455833645311e+01 4.148632890455486404e+02 8.255739739897668983e+01
6.406416311268976642e+03 1.146573337607582488e+01 3.707478333206017052e+00 1.343176289672532064e+01 4.386827835888671530e+02 8.494502911252072863e+01
6.648366894508564656e+03 1.113126246419229659e+01 3.533016251737655544e+00 1.279263349435994002e+01 4.316042875263859173e+02 8.800895823158735709e+01
