2.504727792569821920e-01 6.018500802570950547e+00 3.366119346561916359e+00 2.663166169570644559e+00 1.371142379557307095e+03 6.042404677310828447e+02
3.241214687594224131e+01 5.692895418941103181e+00 3.301476189937644801e+00 2.924478581287243362e+00 1.370535350392484133e+03 6.021768465623555358e+02
3.245523991198440683e+01 7.382206244237182524e+00 4.407243559282540524e+00 3.355263905597148266e+00 1.389255981535523006e+03 6.144074519455242580e+02
4.903059035001290766e+01 7.950870230095728353e+00 4.324750522269000363e+00 3.245919112141204987e+00 1.393871604528296530e+03 6.043265983952204579e+02
9.831123092974259237e+01 7.578241863307717097e+00 4.353333978885562949e+00 3.473541469214613819e+00 2.086373287166072714e+02 8.119457868453439175e+01
1.511294696482422921e+02 8.265746011497434154e+00 4.632880108035676514e+00 3.366576188542964143e+00 1.947517166303758813e+02 8.256757698830335812e+01
1.989606409923617605e+02 7.993132887747324666e+00 4.403983398150862705e+00 3.401976902290994254e+00 3.446231174233377033e+02 8.352380963494667299e+01
2.463300942599557004e+02 8.641217599187747567e+00 4.692955183252248474e+00 3.430952300751220374e+00 3.654853248688106078e+02 1.411132010481760801e+02
3.027081110586952946e+02 8.354890339653435305e+00 4.580511018635739617e+00 3.481850205682172295e+00 3.439385239994987273e+02 1.430573288899804822e+02
3.566846524909224172e+02 8.813649196094798910e+00 4.716241917800942041e+00 3.635375444514600485e+00 3.584938501990754389e+02 1.499861404766768089e+02
4.307603028618358962e+02 8.549906986606245596e+00 4.884752972248639580e+00 3.790754720020931057e+00 3.493824247322370411e+02 1.497223331795414083e+02
5.133849983672680537e+02 9.534969875882069346e+00 5.453850463965935091e+00 3.798656684857348420e+00 3.579793948443212912e+02 1.460052685936473722e+02
5.923228735168089543e+02 1.051213057468728174e+01 5.796821976395446718e+00 4.108282877339756389e+00 3.459254757707698218e+02 1.437266080998947189e+02
7.003959381075236479e+02 1.109963568231582620e+01 6.046036787842711924e+00 4.408196027502350844e+00 7.392613730394858749e+02 3.152933535153729281e+02
7.994353457028056482e+02 1.128655121999149280e+01 6.094943438868576813e+00 4.320720485661867727e+00 7.114892646588796197e+02 3.166768307954222337e+02
8.748932387371340837e+02 1.117544365507307269e+01 6.228757666678679250e+00 4.443358432117748613e+00 7.509072819196658202e+02 3.139985689418719517e+02
9.936231607162992532e+02 1.135563661864639684e+01 6.056446404731086197e+00 4.840703988879071495e+00 7.239897213728743282e+02 3.014503410735088664e+02
1.129544922317015562e+03 1.191414456691911639e+01 6.147347466009182249e+00 4.801676662485857783e+00 7.408081628252435848e+02 3.128734369903366996e+02
1.179665177322062164e+03 1.160517475974486423e+01 6.746136116923295845e+00 4.767533116607098442e+00 7.062122419677110656e+02 3.124585892449794642e+02
1.313760809785501351e+03 1.186291824902318659e+01 6.336695069660613910e+00 4.907148715489948465e+00 7.420496359953435785e+02 3.252235449993867746e+02
1.401567035600866120e+03 1.175834261628173927e+01 6.305030823486491798e+00 4.923689496030016599e+00 7.746631998368736731e+02 3.257017390147341871e+02
1.657623422153674937e+03 1.213661048578819468e+01 6.702970005585505930e+00 5.109796633171178826e+00 7.662022533576865726e+02 3.230552615677930817e+02
1.828117215332422802e+03 1.261329201334935846e+01 6.935657978596982964e+00 5.288712561901093068e+00 8.386947452843666042e+02 3.078502098347119045e+02
2.026486189408931295e+03 1.278733868088557912e+01 7.114567462565706712e+00 5.397871508106361738e+00 7.872722105001141699e+02 3.113661918228220884e+02
2.113527238892385867e+03 1.238737198320991340e+01 6.957065988229261144e+00 5.160997398590242646e+00 7.946966361559713050e+02 3.092861000737013910e+02
2.414204827944641693e+03 1.354847615994017751e+01 7.008155752032165786e+00 5.627906243413074883e+00 8.385660041133318146e+02 3.048802887734321416e+02
2.478304341641766314e+03 1.369034416191694525e+01 7.277695679296608766e+00 5.223953385670999872e+00 8.261059460663972231e+02 3.108988151578245720e+02
2.690981944080177072e+03 1.332037787164132325e+01 7.374164040705361245e+00 5.361680775046357539e+00 7.702893858854054088e+02 3.170378075089684557e+02
2.787193202325892344e+03 1.329438826052785316e+01 7.184960501060884575e+00 5.589610429503984790e+00 8.171007352648057349e+02 3.140547680565754263e+02
2.893426925560128893e+03 8.247827958170990570e+00 0.000000000000000000e+00 9.821042943430995820e+00 7.961509791070217261e+02 2.987876423221347295e+02
2.896037777139888476e+03 8.357000556869015995e+00 0.000000000000000000e+00 9.686747669785033210e+00 6.035772823445191170e+04 0.000000000000000000e+00
3.218707895511166498e+03 8.048087078759788682e+00 0.000000000000000000e+00 1.044098438827752418e+01 6.057048502591349097e+04 0.000000000000000000e+00
3.109981477185716358e+03 8.318200995702927258e+00 0.000000000000000000e+00 1.080666814806142284e+01 5.773542141492694645e+04 0.000000000000000000e+00
3.173922882139075682e+03 8.996256881086223345e+00 0.000000000000000000e+00 1.008057901912985699e+01 5.550012358625642082e+04 0.000000000000000000e+00
3.513804084169901671e+03 8.482881560043447067e+00 0.000000000000000000e+00 1.056624595354335483e+01 5.871412958299023740e+04 0.000000000000000000e+00
3.536974571058451602e+03 9.063381984992211926e+00 0.000000000000000000e+00 1.021141863864393962e+01 5.699430596646852791e+04 0.000000000000000000e+00
3.537561837542511057e+03 9.378147385268418290e+00 0.000000000000000000e+00 1.083939962518460653e+01 5.645143547741138173e+04 0.000000000000000000e+00
3.663590442387327585e+03 9.009335942426984545e+00 0.000000000000000000e+00 1.084651281263714750e+01 5.894246257946172409e+04 0.000000000000000000e+00
3.593714247755045562e+03 9.135198405518780262e+00 0.000000000000000000e+00 1.128329898855971969e+01 5.553170898892710829e+04 0.000000000000000000e+00
4.008684420018772016e+03 9.820332842352119229e+00 0.000000000000000000e+00 1.113893517324205185e+01 5.647281148865409341e+04 0.000000000000000000e+00
4.118692389660102890e+03 9.288673848645798259e+00 0.000000000000000000e+00 1.153788626248838511e+01 5.566969940633888473e+04 0.000000000000000000e+00
4.235668299423755343e+03 9.696340730305022859e+00 0.000000000000000000e+00 1.134754859609013522e+01 5.700531669345855335e+04 0.000000000000000000e+00
4.110912647982174349e+03 9.886091060488803706e+00 0.000000000000000000e+00 1.140767067847987448e+01 5.584002363089098799e+04 0.000000000000000000e+00
4.484332404145229702e+03 9.757577365320758034e+00 0.000000000000000000e+00 1.189991278137538622e+01 6.055411016368189303e+04 0.000000000000000000e+00
4.174427737646667083e+03 9.416552929147504969e+00 0.000000000000000000e+00 1.191404597233650797e+01 5.871645335740327573e+04 0.000000000000000000e+00
4.657357890608361231e+03 9.848529265495205465e+00 0.000000000000000000e+00 1.192726015925443406e+01 6.014348978958527005e+04 0.000000000000000000e+00
4.385548612501186653e+03 1.020335650403884031e+01 0.000000000000000000e+00 1.124166725975886827e+01 5.791574972078663268e+04 0.000000000000000000e+00
4.602167146197038164e+03 9.901920632503152575e+00 0.000000000000000000e+00 1.218118205214144112e+01 5.915417724134096352e+04 0.000000000000000000e+00
4.920439895958751549e+03 9.759365668868962729e+00 0.000000000000000000e+00 1.239185948584692731e+01 5.662326757549307513e+04 0.000000000000000000e+00
4.666410706179825866e+03 1.049957421344766750e+01 0.000000000000000000e+00 1.194290029202061199e+01 5.614355588607720711e+04 0.000000000000000000e+00
4.879858020974476858e+03 1.014153197370720072e+01 0.000000000000000000e+00 1.223186129493772967e+01 5.672268699408342218e+04 0.000000000000000000e+00
5.275523338018377217e+03 9.927387776630913763e+00 0.000000000000000000e+00 1.239819881282974379e+01 5.792919460563566827e+04 0.000000000000000000e+00
5.383696847046669973e+03 1.085394118031691235e+01 0.000000000000000000e+00 1.205545425102253887e+01 5.984990860539839196e+04 0.000000000000000000e+00
5.165882350378532465e+03 1.077226235441616708e+01 3.385990427330552333e+00 1.334387686181487354e+01 4.276161207231705248e+02 8.785556904109317600e+01
5.319986926682852754e+03 1.121214013161794831e+01 3.565664529634828828e+00 1.245534419252648917e+01 4.231598302120297603e+02 8.352303045228289591e+01
5.036865815129493058e+03 1.073618257224910977e+01 3.659062928160091488e+00 1.288235670309868119e+01 4.260375302474227510e+02 8.702763830287297253e+01
5.430000529329337951e+03 1.109533049137634642e+01 3.462867238875648734e+00 1.237758285163084082e+01 4.514764693658365218e+02 8.123905461860921662e+01
5.412601475060804660e+03 1.083317969550922122e+01 3.401881301422075232e+00 1.347615086192151246e+01 4.326010357435306446e+02 8.410859484457105850e+01
5.729042656960208660e+03 1.090184663667343834e+01 3.628381381773010173e+00 1.279263896208182238e+01 4.464890365114023894e+02 8.835276790713912476e+01
5.415984521985011270e+03 1.112558360655956236e+01 3.566836876449924532e+00 1.301100838521554159e+01 4.436686656259684582e+02 8.321691965693905502e+01
5.572437905397768191e+03 1.089098437643747985e+01 3.766940827367287969e+00 1.331868707750241754e+01 4.491218620740836514e+02 8.089066829283704863e+01
5.697787608718523188e+03 1.086326985042408744e+01 3.533552686135940313e+00 1.352795355878421546e+01 4.121943245462680920e+02 8.084308135888203140e+01
5.859638137619117515e+03 1.146176341242540353e+01 3.522118383653564777e+00 1.309655340329747020e+01 4.294243836694334391e+02 8.526561650920004354e+01
6.093375688408790666e+03 1.089909989540153568e+01 3.771329552297061127e+00 1.289049979241661248e+01 4.262042264884666452e+02 8.092956808082132625e+01
6.184954854887930196e+03 1.119500462270914376e+01 3.582543170299961499e+00 1.335414521644817931e+01 4.294842814234283424e+02 8.473982187430925705e+01
6.555521804779164995e+03 1.150708567444718611e+01 3.560483654208610016e+00 1.296410841602812525e+01 4.171822094705694326e+02 8.499774353659746851e+01
6.185184127771070052e+03 1.126892351016408078e+01 3.690130808666060691e+00 1.360003445257966348e+01 4.278745419440900264e+02 8.498694807576553956e+01
