2.000000000000000111e-01 3.419095075735140377e+00
1.000000000000000056e-01 3.497095075735140224e+00
5.000000000000000278e-02 3.793095075735140487e+00
3.333333333333333287e-02 4.061095075735140725e+00
2.000000000000000042e-02 4.201095075735140405e+00
1.250000000000000069e-02 4.227095075735140206e+00
1.000000000000000021e-02 4.253095075735140007e+00
6.666666666666667095e-03 4.383095075735139901e+00
5.000000000000000104e-03 4.565095075735140284e+00
4.000000000000000083e-03 4.745095075735140000e+00
3.333333333333333547e-03 4.893095075735140576e+00
