-1.006736109594852380e-02 5.570450650450846197e+00 3.350771405280709825e+00 2.582067224227561297e+00 1.350039436161901676e+03 6.163852597765771861e+02
4.119308753568241599e+01 5.351729707927459501e+00 3.159336666584647180e+00 2.915576427330548448e+00 1.446738411868946741e+03 6.430204288083361917e+02
2.667345427813590675e+01 7.384880686400394190e+00 4.243226404634214077e+00 3.587554137462052317e+00 1.497375587162317061e+03 5.649541222267835110e+02
6.089627027462291409e+01 7.427672379260300772e+00 4.789648284636770725e+00 3.002222271130156273e+00 1.392549571631858043e+03 6.454959436505298527e+02
8.001553872914010412e+01 7.527634621230991918e+00 4.568532515978345643e+00 3.454458224104556052e+00 2.159443835360879689e+02 8.657783101769859968e+01
1.504648658581778022e+02 7.914804299330895354e+00 4.244793041389937294e+00 3.764595592492265830e+00 2.105538973089396393e+02 7.294679498645140825e+01
1.867610204874069098e+02 7.825892140948448095e+00 4.417892639968722612e+00 3.696409547545679963e+00 3.930243311092128806e+02 8.000324246989320898e+01
2.626620907640023574e+02 8.773747796020742840e+00 4.722637788598833986e+00 3.629511032197781706e+00 3.776414742476671336e+02 1.356694022860630753e+02
2.636082338284484194e+02 8.668985574811847172e+00 4.915444312048050435e+00 3.330596286603226375e+00 3.250059363172728695e+02 1.541257708854402892e+02
2.803707640421629890e+02 8.306361238712309358e+00 5.051386943032147414e+00 3.516040211747009980e+00 3.322616145332871724e+02 1.452794605604569824e+02
4.637907554018599967e+02 8.995301862712416607e+00 5.189016852374509270e+00 3.770713875390020231e+00 3.692176957430452831e+02 1.527852523647850660e+02
4.570341222263406280e+02 8.949064816339395989e+00 5.307663653083515065e+00 3.496609603820960199e+00 3.650229088873318233e+02 1.433567800852349023e+02
6.893363834978387104e+02 9.408687925682091446e+00 5.711631248082568391e+00 4.086536193508302439e+00 3.449170497055370106e+02 1.563836420129857459e+02
7.512248902158413557e+02 1.161594214591264773e+01 6.397380374165988037e+00 3.947854899870919976e+00 7.359961134351563032e+02 2.832961038779620253e+02
9.036180256516734062e+02 1.016067162953771508e+01 6.410784424395121306e+00 4.440035001759927269e+00 7.309792155067466410e+02 3.044224327139839943e+02
8.300355574687829403e+02 1.136563251157605237e+01 5.687467839423339555e+00 4.897051806495861470e+00 7.668756933309057331e+02 3.148734777073338478e+02
1.161429332625667030e+03 1.038623209875181708e+01 6.400593072458543809e+00 4.895775213808395421e+00 7.871891792700345150e+02 3.029561584135210524e+02
9.339123243554506644e+02 1.059557949582797320e+01 6.208911157065847064e+00 5.146887963877104788e+00 7.441939243976902389e+02 3.153539401710683592e+02
1.055493062725962545e+03 1.086215907373588330e+01 6.583311912462181503e+00 4.721785466741815540e+00 7.084332075100790007e+02 2.956500233773399486e+02
1.561777439976358892e+03 1.088735179977132539e+01 6.797295741428457383e+00 4.430186721253765114e+00 7.731702624603052527e+02 3.151268259871725377e+02
1.393212857346770988e+03 1.270066387466388846e+01 7.144222143143049486e+00 5.079552312152314286e+00 6.970859273572785924e+02 3.107054658854264062e+02
1.300735862596428206e+03 1.309122639713971559e+01 6.138027002224315964e+00 5.211882828410030477e+00 7.494307105759106662e+02 2.925925401855211021e+02
1.597423970309651395e+03 1.268823829080990251e+01 7.258141660453454769e+00 5.441334646649552020e+00 7.234722546195498580e+02 2.917036091914637268e+02
1.925789056955137539e+03 1.205161516823608814e+01 6.383575775294412225e+00 5.385171537390747609e+00 8.296486892720347441e+02 2.905029235789104405e+02
2.285577313316896834e+03 1.413067844259636452e+01 6.986257671837645233e+00 5.812603372441476957e+00 7.652854645806716007e+02 3.398209194785965792e+02
1.845498496935566209e+03 1.433050314254034951e+01 7.614656116644844985e+00 5.283876600026188974e+00 7.485957883771775414e+02 3.181782924478769701e+02
2.612562551514435199e+03 1.384027985152635232e+01 6.755493600719445269e+00 5.842806341674763537e+00 8.341787980213896390e+02 2.946820595140081309e+02
3.111598311626540180e+03 1.337974791580768397e+01 7.812924755677991051e+00 5.523242043999402995e+00 7.965296530427688140e+02 3.004802376447136680e+02
3.386458757563359086e+03 1.286540525154829062e+01 7.291022273428351852e+00 5.905033267062508529e+00 8.505879502477814640e+02 2.919345391938894068e+02
2.361585921121829415e+03 8.097905309260601925e+00 0.000000000000000000e+00 9.389525021236615032e+00 8.241847158826567465e+02 3.404966099060376905e+02
3.000004550963748443e+03 7.511361045175601880e+00 0.000000000000000000e+00 9.380539897430983487e+00 6.292235379193932022e+04 0.000000000000000000e+00
2.863220500441484091e+03 9.042576229881154504e+00 0.000000000000000000e+00 9.894997347026578183e+00 5.718367532412036235e+04 0.000000000000000000e+00
2.695120051695598249e+03 7.851099152495478961e+00 0.000000000000000000e+00 9.877909214467406329e+00 5.913762869156751549e+04 0.000000000000000000e+00
3.022556308455580620e+03 8.489123229989916197e+00 0.000000000000000000e+00 1.089825426753614401e+01 6.083741103431578085e+04 0.000000000000000000e+00
2.933887863579071109e+03 9.069814001255242175e+00 0.000000000000000000e+00 1.106984240341694914e+01 6.037036649199007661e+04 0.000000000000000000e+00
2.822873534508383273e+03 8.033689270147046813e+00 0.000000000000000000e+00 1.000117260115344742e+01 5.459128312181284127e+04 0.000000000000000000e+00
3.034096666530610491e+03 8.510590586454791051e+00 0.000000000000000000e+00 1.052143046314161623e+01 5.771951087413540517e+04 0.000000000000000000e+00
3.474064490655674490e+03 9.870130742547363667e+00 0.000000000000000000e+00 1.037368099284836553e+01 5.989709247666749434e+04 0.000000000000000000e+00
3.726064975266639976e+03 9.787935930041964383e+00 0.000000000000000000e+00 1.023331936460478886e+01 5.215350354939294630e+04 0.000000000000000000e+00
3.675279706599598740e+03 1.027529571715730050e+01 0.000000000000000000e+00 1.139427549088121516e+01 5.209276837463271659e+04 0.000000000000000000e+00
3.275139674322997053e+03 9.402470500326213454e+00 0.000000000000000000e+00 1.189801768985897645e+01 5.705597136754116218e+04 0.000000000000000000e+00
3.933765401703884891e+03 9.826405856971529573e+00 0.000000000000000000e+00 1.230006255042101770e+01 5.732279979665231076e+04 0.000000000000000000e+00
4.106288374655264306e+03 9.577914720720423603e+00 0.000000000000000000e+00 1.247342781885990703e+01 5.587411794218183059e+04 0.000000000000000000e+00
3.651536500968239125e+03 9.297260199650953183e+00 0.000000000000000000e+00 1.161361102247699151e+01 6.013670983235439780e+04 0.000000000000000000e+00
4.096708277114094017e+03 1.004899494286737216e+01 0.000000000000000000e+00 1.221307846157916721e+01 5.659229328849996091e+04 0.000000000000000000e+00
5.149637671746188062e+03 9.247486976923157798e+00 0.000000000000000000e+00 1.263247562890602360e+01 6.356933268340504583e+04 0.000000000000000000e+00
5.435752763811854493e+03 1.089533599381274698e+01 0.000000000000000000e+00 1.197963372363650514e+01 5.694297371971354733e+04 0.000000000000000000e+00
5.355909415671932948e+03 9.163590460759863277e+00 0.000000000000000000e+00 1.161650872621513564e+01 5.244505053594912897e+04 0.000000000000000000e+00
4.392128229824990740e+03 9.110774436204769344e+00 0.000000000000000000e+00 1.098690414020737016e+01 6.269091755985384225e+04 0.000000000000000000e+00
5.447914475372139350e+03 1.086277577419761009e+01 0.000000000000000000e+00 1.194262580404733676e+01 5.760610783054595231e+04 0.000000000000000000e+00
5.174818847691616611e+03 1.029347305743267071e+01 0.000000000000000000e+00 1.237660574168991268e+01 6.323549473562039930e+04 0.000000000000000000e+00
5.575211909755028501e+03 1.110629523391413542e+01 0.000000000000000000e+00 1.135289546778941450e+01 5.434163063559302827e+04 0.000000000000000000e+00
4.559342274567184177e+03 9.772694167698748657e+00 0.000000000000000000e+00 1.296814557328499617e+01 6.090714713153534103e+04 0.000000000000000000e+00
4.296296335109352185e+03 1.153653388535958690e+01 3.350299055159304817e+00 1.162044095665130250e+01 4.127780589050124149e+02 8.176054271688997233e+01
5.137150377015189406e+03 1.016079186988826422e+01 3.369483525832616344e+00 1.236291378884608427e+01 4.877379746320273171e+02 8.177817056010404428e+01
5.734938334245088299e+03 1.126945702411581784e+01 3.710311384472063878e+00 1.186332582854763906e+01 4.644671706484357401e+02 8.176755850705018247e+01
6.200527626129756754e+03 1.121353031680246737e+01 3.440459017521584340e+00 1.407408883242081821e+01 4.272298969406033962e+02 9.172518324568176240e+01
6.339199172405701574e+03 1.017367167576589004e+01 3.838881308486572941e+00 1.275700978574549360e+01 4.329701033146502027e+02 8.878360781045233807e+01
5.791480286059458194e+03 1.135509352072825173e+01 3.414183280952798327e+00 1.193151333037879347e+01 4.676982698058857864e+02 8.045280911560143977e+01
5.661542204286363813e+03 1.091499065104521016e+01 3.648069726576913752e+00 1.214690962048211098e+01 4.784984428729396200e+02 8.422296500570600131e+01
5.996934956122903714e+03 1.176205658657639042e+01 3.521040560135270336e+00 1.216248724205830278e+01 3.999354364078868116e+02 9.049726847853456491e+01
6.530745970513677094e+03 1.042011446065092528e+01 3.544616435402327070e+00 1.299478728168633168e+01 4.374889649976465762e+02 8.118500132224399124e+01
6.359810583675133785e+03 1.090251691459210726e+01 3.838211314740652469e+00 1.366535139365150542e+01 4.058092221876646590e+02 8.638690191538340457e+01
7.066356361796516467e+03 1.105721892954841046e+01 3.324059538512378342e+00 1.244933141125335752e+01 4.438007511757910493e+02 8.982087019678776585e+01
5.877911226487852218e+03 1.154695053591174236e+01 4.016113564712468609e+00 1.379053063389306288e+01 4.425272231015205193e+02 7.992215216063492278e+01
6.887982562382692777e+03 1.200079307351275659e+01 3.496117890643152926e+00 1.423447182837603719e+01 4.259844384048061556e+02 7.766023370253532221e+01
5.825316403453478415e+03 1.066697366489078291e+01 3.629584509585122021e+00 1.244451089003841027e+01 4.425996511664175728e+02 9.108024791321381031e+01
