3.468096875156717607e-01 5.642777222781924173e+00 3.457581679947378195e+00 2.852111805981982773e+00 1.362760704714086160e+03 6.159255232569159944e+02
3.513545977596547942e+01 5.717573614478852484e+00 3.468791241110740220e+00 2.875375983405011215e+00 1.356973506154542292e+03 6.136513808762556437e+02
3.195343044127373133e+01 7.718999577846846982e+00 4.227001344963632334e+00 3.225864894427838969e+00 1.445544004061036048e+03 6.192951759938744090e+02
5.187394988770657989e+01 7.754090229669066581e+00 4.500092118142166697e+00 3.273446254648858744e+00 1.447357588845407918e+03 6.126144245582247549e+02
1.042024428621777901e+02 8.069347581924732893e+00 4.385240330647545370e+00 3.329135464642402731e+00 2.020309501110990595e+02 7.684275866309813807e+01
1.436130826906295681e+02 7.773914231696879895e+00 4.385139493198223271e+00 3.255964539167865990e+00 2.076930507228715896e+02 7.787360351797553903e+01
1.905499008378764358e+02 8.466354817735737726e+00 4.681161015007673676e+00 3.480993073497987922e+00 3.450223722531970338e+02 7.765310364186947822e+01
2.551967251233687932e+02 8.426679423539194858e+00 4.616967474613348443e+00 3.363453832341643412e+00 3.777476853579864269e+02 1.414242250196830071e+02
3.011745129499305449e+02 8.881334864951744734e+00 4.758816665317071148e+00 3.606508358837941408e+00 3.654570182373100238e+02 1.464982120669382937e+02
3.323573398842194706e+02 8.544707967581272712e+00 4.645358696098444540e+00 3.441608309320774772e+00 3.443052361417163638e+02 1.466373269729766662e+02
3.939565738622077902e+02 8.851912970824518112e+00 5.004375983835704034e+00 3.799939821647103866e+00 3.462227955207075070e+02 1.403643352754277487e+02
5.145211441213417629e+02 9.352573828570331926e+00 5.319093802760378686e+00 3.939367005487091067e+00 3.762309994064463581e+02 1.465731629309545383e+02
6.169011997758045709e+02 9.900201678776323178e+00 5.399761476537160654e+00 4.096568296166601009e+00 3.465992318561231400e+02 1.441395721507273038e+02
6.886541283371761892e+02 1.034012181597397451e+01 6.074523012665911104e+00 4.482750428651948837e+00 7.288849846389636014e+02 3.252006449291441186e+02
7.735444434556299029e+02 1.060706936741281581e+01 6.081738520925483726e+00 4.315602011158822471e+00 7.071286069543924668e+02 2.982997403238501875e+02
8.922487740176925399e+02 1.065595153647000437e+01 6.383665425098252300e+00 4.758133614177006088e+00 7.744467493064548762e+02 3.132392254210510600e+02
9.551467547710474264e+02 1.133345200288185417e+01 6.530235512136914444e+00 4.559141367302957271e+00 7.069181004734512044e+02 3.124544707997389423e+02
1.140628536726213952e+03 1.139141326449347602e+01 6.243518242014472364e+00 4.941893424974562521e+00 7.705848395751853559e+02 3.169092830594790371e+02
1.173220272391870822e+03 1.183845789721999431e+01 6.550221942878810211e+00 4.995638849996222319e+00 7.434657981106939815e+02 3.064785902447894728e+02
1.256354222412301397e+03 1.235145317911490004e+01 6.273321044287441417e+00 5.006168704558027649e+00 7.481578703556301662e+02 3.209924280607133369e+02
1.387059086586326202e+03 1.258112605424209285e+01 6.471614765005350378e+00 4.819084517542632007e+00 7.646696802969454438e+02 2.974796813276972216e+02
1.596452046097627090e+03 1.268977231035475128e+01 6.946721359157362663e+00 4.996337004487900302e+00 7.599960752766073711e+02 3.056221926059803877e+02
1.873165297764826164e+03 1.245537125766882980e+01 7.156312493843981493e+00 4.909516551995486644e+00 8.240309012328456220e+02 3.188028094004990862e+02
1.932184870276597621e+03 1.284482926340373687e+01 7.256986158422452426e+00 5.167952882010929727e+00 8.322304587614480624e+02 3.110465407583150181e+02
2.131202453467175019e+03 1.363363021744277859e+01 7.366652962333761323e+00 5.250685970767094979e+00 7.706606286093519884e+02 3.261016474964400231e+02
2.272366026660894931e+03 1.280436828498514146e+01 7.201602840688540397e+00 5.103848245302686770e+00 7.719187921287086738e+02 3.197552051844604648e+02
2.536610765679250562e+03 1.377344752242629333e+01 7.124916111185225276e+00 5.277345551876269525e+00 8.045621755694330659e+02 3.180688043496930391e+02
2.501708222465013932e+03 1.420655106080247876e+01 7.292989444773072094e+00 5.530744266677301901e+00 7.921538549570233272e+02 3.209922181213777890e+02
2.853647506454199629e+03 1.358008923052566708e+01 7.028705072278623511e+00 5.877091442065098370e+00 7.627618951101228504e+02 3.019390534994993232e+02
2.824755100037360990e+03 7.854468636658977765e+00 0.000000000000000000e+00 9.711228340927103631e+00 8.088390209279065175e+02 2.964090506882056957e+02
2.957906848766281200e+03 8.455148497119246542e+00 0.000000000000000000e+00 1.053002757701358583e+01 5.863215424484817049e+04 0.000000000000000000e+00
3.044242634382243523e+03 8.441241224824693745e+00 0.000000000000000000e+00 1.001709785370754524e+01 6.006564801656951022e+04 0.000000000000000000e+00
3.299701473805964270e+03 8.759078230870212423e+00 0.000000000000000000e+00 9.886837397266067029e+00 5.919531623868666065e+04 0.000000000000000000e+00
3.289821063737756958e+03 8.894944862681384734e+00 0.000000000000000000e+00 1.074207314295045101e+01 5.533408355468424270e+04 0.000000000000000000e+00
3.223720847002557093e+03 8.656108648346480194e+00 0.000000000000000000e+00 1.016655151583113437e+01 5.778926111340423813e+04 0.000000000000000000e+00
3.522778289859890265e+03 9.350724532403551947e+00 0.000000000000000000e+00 1.120891301518071081e+01 5.850661494586619665e+04 0.000000000000000000e+00
3.419508094622875888e+03 8.643987976568466181e+00 0.000000000000000000e+00 1.135147325371054983e+01 5.782017214974436502e+04 0.000000000000000000e+00
3.735907393188047081e+03 9.126174361619789011e+00 0.000000000000000000e+00 1.042299841009398698e+01 5.690310193800509296e+04 0.000000000000000000e+00
3.588794331076417166e+03 9.050601046163921026e+00 0.000000000000000000e+00 1.113562151836202574e+01 5.802633705773745169e+04 0.000000000000000000e+00
3.979267857048560472e+03 8.959394747632384082e+00 0.000000000000000000e+00 1.068433699364418210e+01 5.853898926476207271e+04 0.000000000000000000e+00
3.928719302930107915e+03 9.745698366648305466e+00 0.000000000000000000e+00 1.120728289974885072e+01 5.910780909511764185e+04 0.000000000000000000e+00
3.991499656679756754e+03 9.438701593289543723e+00 0.000000000000000000e+00 1.090750244552009285e+01 5.951740057062212145e+04 0.000000000000000000e+00
4.059565708370171706e+03 9.339028743764883345e+00 0.000000000000000000e+00 1.120719049136016565e+01 5.923194983855386818e+04 0.000000000000000000e+00
4.325833653215256163e+03 9.711732892577662923e+00 0.000000000000000000e+00 1.129986553490266843e+01 5.871013638392074790e+04 0.000000000000000000e+00
4.530433600887854482e+03 9.765935410571637831e+00 0.000000000000000000e+00 1.175683480176073736e+01 5.704875843923851789e+04 0.000000000000000000e+00
4.645140053575109960e+03 1.014469076695253236e+01 0.000000000000000000e+00 1.231898423296916967e+01 5.812274805572117475e+04 0.000000000000000000e+00
4.367628793648550527e+03 9.870958772813287041e+00 0.000000000000000000e+00 1.178010039463611491e+01 5.809856269231550687e+04 0.000000000000000000e+00
4.688245714369913912e+03 9.957011275221047342e+00 0.000000000000000000e+00 1.154503563620612283e+01 5.932767764793138485e+04 0.000000000000000000e+00
4.561635087816601299e+03 1.015679837691821419e+01 0.000000000000000000e+00 1.182995500241121256e+01 5.522868351022880961e+04 0.000000000000000000e+00
4.951449996593935793e+03 9.764510951423796214e+00 0.000000000000000000e+00 1.244748221590580961e+01 6.033514604657305608e+04 0.000000000000000000e+00
5.164356487066411319e+03 9.909853600453068623e+00 0.000000000000000000e+00 1.217867178741768441e+01 5.619256049505739793e+04 0.000000000000000000e+00
4.840047730698101986e+03 1.075934536673326747e+01 0.000000000000000000e+00 1.236739032047190889e+01 5.656416370759710117e+04 0.000000000000000000e+00
5.304444427987791641e+03 1.063378391403240641e+01 0.000000000000000000e+00 1.195576113631745585e+01 5.883602229402256489e+04 0.000000000000000000e+00
5.226408034059418242e+03 1.073712862373229804e+01 3.448827681075658180e+00 1.304335438165128913e+01 4.393978085346533931e+02 8.923288142261753819e+01
5.119009086464214306e+03 1.133286663117090320e+01 3.543915760854825514e+00 1.245067705758634702e+01 4.449851621474530816e+02 8.177403709351702332e+01
5.045621786192459695e+03 1.094686918803947329e+01 3.576419041193473536e+00 1.329852571570766528e+01 4.215894374229979462e+02 8.697742664339882879e+01
5.457880748003350163e+03 1.057563829641179964e+01 3.538331241284640605e+00 1.232292614493190008e+01 4.601159583478078616e+02 8.875026923697748771e+01
5.271053847106064495e+03 1.119764144572411801e+01 3.655853009728951442e+00 1.339735817591408917e+01 4.504799686446870624e+02 8.374195730830594187e+01
5.669050132892085458e+03 1.096798096035172776e+01 3.526764565765336812e+00 1.318226485712500029e+01 4.511477679563481615e+02 8.319675229179267717e+01
5.787353855889637998e+03 1.119685710499419251e+01 3.760959831737206382e+00 1.269953867822149363e+01 4.487485464963945674e+02 8.480751282841795557e+01
5.593607667720894824e+03 1.137408718904447902e+01 3.618724826991960075e+00 1.328591688057324838e+01 4.526454905236644208e+02 8.175864982124154778e+01
5.870579478818602183e+03 1.173095745410906332e+01 3.640651837380434408e+00 1.358536055417821053e+01 4.438009655752201184e+02 8.436932662923902626e+01
5.766789416970427737e+03 1.144654415379912571e+01 3.606212534270872627e+00 1.317132433096741373e+01 4.382539360067322605e+02 8.531051952484561696e+01
6.272109386794474631e+03 1.145251370651320144e+01 3.657092269111896776e+00 1.298711597663897166e+01 4.335049509088717627e+02 8.755621031669933529e+01
6.120279356170246501e+03 1.098409313177019797e+01 3.596154633695979097e+00 1.363532069760974252e+01 4.188891847670749371e+02 8.834191848804655933e+01
6.406309410106737232e+03 1.175222728249181792e+01 3.672508954462045061e+00 1.283168543377977322e+01 4.147813282677778943e+02 8.148361423539057569e+01
6.560375705285489857e+03 1.084478291578853160e+01 3.563891500451168426e+00 1.270752846518560908e+01 4.148416534405427569e+02 8.647795967746458246e+01
