-4.894357473371717671e-01 5.751352054831904148e+00 3.436715764816126839e+00 2.796621741949163020e+00 1.352641961479438578e+03 6.095898977489820254e+02
3.307520423183952829e+01 5.687170195123561811e+00 3.261403338290326470e+00 2.920033534103227080e+00 1.424498690886561690e+03 6.218921732366454762e+02
3.385451043796376069e+01 7.973444255380739421e+00 4.233992768051026090e+00 3.397375740502177166e+00 1.355680387350281308e+03 5.929292140676971030e+02
4.865351808654977361e+01 7.475861199969044968e+00 4.577473700085231911e+00 3.407461653622519737e+00 1.419333569373362479e+03 5.966691977860116367e+02
1.028452994038549662e+02 8.115806433985630619e+00 4.547210804541033546e+00 3.471052501149402225e+00 2.073109085750610632e+02 7.707337379237650055e+01
1.439063113843404835e+02 8.390200739998984858e+00 4.633785020890394790e+00 3.369278855360625435e+00 1.976419931693386332e+02 8.383036651675261908e+01
1.936230023827103821e+02 8.287974551328220585e+00 4.648524257666309722e+00 3.436885364432371137e+00 3.740772188818246491e+02 7.735103228502521233e+01
2.436421038447515741e+02 8.076855674339885383e+00 4.650955195537760822e+00 3.493658938871426756e+00 3.734182654976568756e+02 1.397372706057221876e+02
3.071074480859296614e+02 8.271606618858555748e+00 4.971169627925713819e+00 3.662943290043855438e+00 3.730519930185662929e+02 1.482117912274136415e+02
3.490232825285893341e+02 8.928886827398164527e+00 4.845949203560294904e+00 3.713530196837327324e+00 3.760257246244419207e+02 1.482559218095467770e+02
3.992437193738003316e+02 9.219949366182676798e+00 5.021435426433512816e+00 3.507328660477810445e+00 3.543532541636850510e+02 1.446574140182167127e+02
5.097487133069727179e+02 9.321191426048036632e+00 5.475088599325699690e+00 3.927633077881144796e+00 3.777647839372301064e+02 1.481048627213437214e+02
5.956630112990487760e+02 1.026981143957882203e+01 5.450912848592688320e+00 4.284939335195333321e+00 3.724889214463797202e+02 1.491348008744344327e+02
6.500458083993153195e+02 1.114575553502772287e+01 5.908835450326516359e+00 4.342295075891227540e+00 7.048558682557526254e+02 3.192534286652541482e+02
8.383129254186235357e+02 1.142006823156137330e+01 6.028121166612363524e+00 4.593683459443834494e+00 7.406646743436751876e+02 3.068510250613230710e+02
9.186082048874195607e+02 1.170319451165476643e+01 6.108811131987409659e+00 4.559821229571898726e+00 7.370013927144175341e+02 3.143486046403907039e+02
9.903142871062308359e+02 1.125178824146410861e+01 6.438874463967677819e+00 4.812213425090877017e+00 7.673389793288591818e+02 3.186791260719089109e+02
1.073502410461519958e+03 1.195084250778978863e+01 6.125749303217673969e+00 4.622163877174969571e+00 7.365441319208368895e+02 3.040055520377146081e+02
1.237489145241438791e+03 1.165312196749397700e+01 6.642213490823705158e+00 4.873055577148562634e+00 7.245705137959477042e+02 2.999817381662614935e+02
1.275945855120900660e+03 1.146296360333275111e+01 6.416977202334773089e+00 4.634365856052904853e+00 7.286841679387534896e+02 3.081554177360463882e+02
1.347214143219364814e+03 1.207518697357353687e+01 6.625517487096085567e+00 5.079663315139422153e+00 7.091944523021844589e+02 3.014328412609377210e+02
1.529367455303466159e+03 1.232547095362022027e+01 6.749701080661134611e+00 4.767250417736935475e+00 7.205856695399463661e+02 2.970611730620364597e+02
1.878112276493023955e+03 1.294476667271628401e+01 6.766963803631197649e+00 5.013023665677419416e+00 7.859726131037560890e+02 3.034601460064977232e+02
1.920464615645018512e+03 1.324480837260679422e+01 6.987128178332691064e+00 5.158965358120788380e+00 7.940702941822012235e+02 3.164310239275118306e+02
2.278263091117723889e+03 1.293024119434860530e+01 7.015411555841340352e+00 5.568102746776287582e+00 7.690105857241107969e+02 3.167127862966702310e+02
2.256712211301306525e+03 1.326048023138597109e+01 6.744539877210551815e+00 5.204983649019890635e+00 8.134041738322727042e+02 3.241593472656902577e+02
2.507052616491439494e+03 1.296811917220051491e+01 6.813507237463842792e+00 5.491800359501610274e+00 7.607397127663214178e+02 3.008520426743421012e+02
2.633420262068912962e+03 1.417740050900088988e+01 7.398686826639042202e+00 5.369122564088594451e+00 7.706818330634297354e+02 3.142528155279139241e+02
2.935999930337261048e+03 1.422575581307067694e+01 7.673837834078756082e+00 5.413957448508429415e+00 7.857219340653911104e+02 3.252337181023194148e+02
2.936778642524913721e+03 7.960134151044356621e+00 0.000000000000000000e+00 9.351704984721051162e+00 7.684905376329556930e+02 3.101009917460552856e+02
3.110392459363409216e+03 8.282292560938660841e+00 0.000000000000000000e+00 1.040892922713831403e+01 5.579113008200719923e+04 0.000000000000000000e+00
2.998287290573605787e+03 8.144916296473091677e+00 0.000000000000000000e+00 1.017442151031477771e+01 5.878503735190050065e+04 0.000000000000000000e+00
3.083168513223042282e+03 8.279718014761941802e+00 0.000000000000000000e+00 1.058205639884690186e+01 6.041239694179327489e+04 0.000000000000000000e+00
3.234485306469429815e+03 8.469420567873164885e+00 0.000000000000000000e+00 1.017883120937728592e+01 5.750817708554700948e+04 0.000000000000000000e+00
3.247132931271383768e+03 8.816139866709011841e+00 0.000000000000000000e+00 1.041987538344658581e+01 5.510028003418190929e+04 0.000000000000000000e+00
3.310532392421128407e+03 9.234600298610672553e+00 0.000000000000000000e+00 1.118617022379878279e+01 5.924716418271838484e+04 0.000000000000000000e+00
3.424284760665500471e+03 8.681535233404048313e+00 0.000000000000000000e+00 1.080266620580466608e+01 5.987622485302077257e+04 0.000000000000000000e+00
3.492435142137866933e+03 9.348072882082211876e+00 0.000000000000000000e+00 1.133429986671149159e+01 5.914154999552066147e+04 0.000000000000000000e+00
3.805946820049645339e+03 8.881524260506671098e+00 0.000000000000000000e+00 1.054437002052740979e+01 5.529837566218202846e+04 0.000000000000000000e+00
3.836107274975515338e+03 9.756779827710531094e+00 0.000000000000000000e+00 1.069777083154293784e+01 5.817982031030582584e+04 0.000000000000000000e+00
3.848427338186522320e+03 9.527400140861715272e+00 0.000000000000000000e+00 1.087759963170694100e+01 5.637255445596574282e+04 0.000000000000000000e+00
3.948750899220012343e+03 9.824573893917067480e+00 0.000000000000000000e+00 1.094595793725987853e+01 5.779617230700272194e+04 0.000000000000000000e+00
4.003278955399635379e+03 1.005814488599478729e+01 0.000000000000000000e+00 1.140871284070787794e+01 6.043069918637457886e+04 0.000000000000000000e+00
4.270080998966850530e+03 9.615252154769232007e+00 0.000000000000000000e+00 1.180998044963460458e+01 5.619874650911885692e+04 0.000000000000000000e+00
4.553760508009193472e+03 9.559682520407793760e+00 0.000000000000000000e+00 1.206064945216649598e+01 5.841245071703432041e+04 0.000000000000000000e+00
4.257366395929906503e+03 1.031904817606929470e+01 0.000000000000000000e+00 1.220326660262612961e+01 6.041747532401506032e+04 0.000000000000000000e+00
4.768799016099808796e+03 9.675523303072006698e+00 0.000000000000000000e+00 1.201368680718993609e+01 5.649820042004779680e+04 0.000000000000000000e+00
4.876556306794960619e+03 1.009600741074418906e+01 0.000000000000000000e+00 1.209644558246400159e+01 5.563698217360626586e+04 0.000000000000000000e+00
4.875629109672119739e+03 1.043723570771046028e+01 0.000000000000000000e+00 1.146384781279013332e+01 6.006547560505801812e+04 0.000000000000000000e+00
5.024479135834259068e+03 1.028255088248988613e+01 0.000000000000000000e+00 1.233412752023900438e+01 5.863810284992236120e+04 0.000000000000000000e+00
4.933801323516938282e+03 1.026372737136960467e+01 0.000000000000000000e+00 1.234429875764582363e+01 5.682316490591871116e+04 0.000000000000000000e+00
5.088460697161346616e+03 1.067513288026958129e+01 0.000000000000000000e+00 1.175057120930207155e+01 6.015209080585248012e+04 0.000000000000000000e+00
5.238168901648141400e+03 1.031569968809757398e+01 0.000000000000000000e+00 1.164959737662706551e+01 5.806925910136254970e+04 0.000000000000000000e+00
5.275648466071558687e+03 1.070358799226417901e+01 3.531724435076204038e+00 1.228606688739854036e+01 4.310197134153686989e+02 8.205355159524908970e+01
5.040128308972102786e+03 1.130683785964358812e+01 3.642451334565230070e+00 1.280659845297389232e+01 4.510144474442836895e+02 8.108528882488975853e+01
5.350610649579269193e+03 1.087037956917976800e+01 3.706096702678786770e+00 1.283042441006666756e+01 4.329936124771923573e+02 8.521967684003276133e+01
5.133804826624541420e+03 1.108064161989197594e+01 3.528976211315592248e+00 1.295813115891881573e+01 4.578136634514772823e+02 8.124800456833942519e+01
5.402199640510671998e+03 1.103460780762150506e+01 3.414783550441233384e+00 1.241389237550242086e+01 4.415832298487422349e+02 8.655704414576021577e+01
5.533844420097031616e+03 1.158363883452173759e+01 3.486038336050009789e+00 1.282798148426885554e+01 4.457930583658994692e+02 8.476617901187931636e+01
5.508204590151173761e+03 1.115292997551616594e+01 3.642594347717322378e+00 1.330460482297618441e+01 4.566435675357422497e+02 8.586802428906325702e+01
5.709168574590367825e+03 1.084521062877837316e+01 3.477345337902195244e+00 1.282547288265079111e+01 4.546567695249343615e+02 8.818312558740255724e+01
6.088814642530049241e+03 1.126671325066345553e+01 3.653587691937288717e+00 1.301199500625870442e+01 4.419714833428266729e+02 8.274933672117589367e+01
6.264341319346325690e+03 1.168608038504540758e+01 3.745759130551027827e+00 1.368059471813642780e+01 4.183695890220852220e+02 8.659716522806998285e+01
6.178255644267801472e+03 1.138537426026884525e+01 3.695310385170712753e+00 1.288359471600271178e+01 4.222344815892477641e+02 8.826667551833469361e+01
6.100024063358428975e+03 1.129060557451184543e+01 3.647394200498473182e+00 1.318553367868945791e+01 4.292329964020314037e+02 8.270100860161115008e+01
5.993647427417614381e+03 1.127544657997946942e+01 3.702652260920521687e+00 1.330076458003164852e+01 4.113770978437142389e+02 8.856113926262369773e+01
6.648289966932551579e+03 1.133765063392798211e+01 3.492802331377600655e+00 1.335207401421810935e+01 4.488171114482603343e+02 8.602396996207487234e+01
