4.678332564076799205e-01 5.700107023660038408e+00 3.273003449384013663e+00 2.900071577848137405e+00 1.386238327718544269e+03 6.054580488024058695e+02
3.306820489733667756e+01 5.696003093731288658e+00 3.485553512049354374e+00 2.736727181597092606e+00 1.405853372915555610e+03 6.056614921309919737e+02
3.240739053258550939e+01 7.542279562474665688e+00 4.176613800977510671e+00 3.460801859566018823e+00 1.346456252911997808e+03 6.071905458551719903e+02
5.035814239875280407e+01 7.644910446934344961e+00 4.197656759614413424e+00 3.193164508119390899e+00 1.424299768390015970e+03 5.875156577587512174e+02
1.047558682273022868e+02 7.600568283508273737e+00 4.610480231814967134e+00 3.396298819709543171e+00 2.062830240249919882e+02 7.888130946460644566e+01
1.501831228292524543e+02 7.967827893035146047e+00 4.627104847510714158e+00 3.444767241710162242e+00 1.957426983485897551e+02 8.256626271174141607e+01
1.988969945835359283e+02 8.515329762215040788e+00 4.426310536573661025e+00 3.493310686537035803e+00 3.677788950652234803e+02 8.338485242862221014e+01
2.607795511505798913e+02 8.044196042321051010e+00 4.740441339422307720e+00 3.457527955663659558e+00 3.622926026818265086e+02 1.479587084938731891e+02
2.991630388226673745e+02 8.217856870561730531e+00 4.846849416158726775e+00 3.495009356452411176e+00 3.459399536369455177e+02 1.481560260337827231e+02
3.569822090833255857e+02 8.589238552264456317e+00 4.671580896567041563e+00 3.428852486154332802e+00 3.513883298035179905e+02 1.360083414005466125e+02
4.067214733656290946e+02 8.707992120657701562e+00 4.881193405014662368e+00 3.699566941670494380e+00 3.771695466109645736e+02 1.391710578108410061e+02
4.824662295821427733e+02 9.736683028761541792e+00 5.384112703935286071e+00 3.666198684903279048e+00 3.742241415133008786e+02 1.464453842291369199e+02
5.897780006626092018e+02 1.070299111558122895e+01 5.415260833226384740e+00 4.041757951293169171e+00 3.528786757560780529e+02 1.364887900724110921e+02
6.370442205979247774e+02 1.046106990913043511e+01 5.927355852927238544e+00 4.477501577350362361e+00 7.182149063467745691e+02 3.222407622767237285e+02
8.110752136426880270e+02 1.086062877086662226e+01 6.307457225373658716e+00 4.335379770154895951e+00 7.333885958278219732e+02 3.172543156772977682e+02
9.362022044095956517e+02 1.151237523738602597e+01 6.203206832461109599e+00 4.772084615970342725e+00 7.209952579175454730e+02 3.164375884860378960e+02
9.900724443850707530e+02 1.130784034462025822e+01 6.672178982693515614e+00 4.466234240844714876e+00 7.409298054419034543e+02 3.055288926812849581e+02
1.105648910274591117e+03 1.151576202403572502e+01 6.186330671129744552e+00 4.931966127778556697e+00 7.744580073336584292e+02 3.169851466760842413e+02
1.189872931024214495e+03 1.206119704166182593e+01 6.455550407239111443e+00 4.967363601212634094e+00 7.104333779962637436e+02 3.045653468022958350e+02
1.235771028172475326e+03 1.176141216189955330e+01 6.275007465843506438e+00 4.659702668109649615e+00 7.055642389105438497e+02 3.164016811781171441e+02
1.423881032734854898e+03 1.183495243377768347e+01 6.376239350345336732e+00 4.836887132380129017e+00 7.152709540382596742e+02 2.968292066858738849e+02
1.676705791750302524e+03 1.168900649890747090e+01 7.023645916753211260e+00 5.215828594873044288e+00 7.750374008065559792e+02 2.988422906358092064e+02
1.842861138400377968e+03 1.195152146393222559e+01 6.928881095593133033e+00 5.335483995453587980e+00 8.379241631922951683e+02 3.273616935724444943e+02
2.058872177408112293e+03 1.271373678990702416e+01 7.168691294386719370e+00 5.246503072495019460e+00 7.907574329584365387e+02 3.117081669576224385e+02
2.115912090362377057e+03 1.254926575758888418e+01 7.052981602084187784e+00 5.237720246992682682e+00 7.640333921286555778e+02 2.991570598788507596e+02
2.339839050669249445e+03 1.312319821763284189e+01 6.977054617155404870e+00 5.543345263924245536e+00 7.769876064320709474e+02 3.272560634796118393e+02
2.728978409007022492e+03 1.338702607300697167e+01 7.326634819795828868e+00 5.588015850953570229e+00 7.864907183777531827e+02 2.981118747068932748e+02
2.480764312333802081e+03 1.372302260323459500e+01 7.224297104926026947e+00 5.751631831470690237e+00 8.238527169140585329e+02 3.000607759476775982e+02
2.895769520204729361e+03 1.311468420232350951e+01 7.195901933870235467e+00 5.908233579883578557e+00 7.949243768402145633e+02 2.992217363063518860e+02
2.848524181846835745e+03 7.805982184977004579e+00 0.000000000000000000e+00 9.992537348648403039e+00 8.075973896297110741e+02 2.984719907876020670e+02
2.827066302793225077e+03 7.919352632247848689e+00 0.000000000000000000e+00 1.018419411322130763e+01 5.687686588384392235e+04 0.000000000000000000e+00
3.042334146485431575e+03 8.728006146229946083e+00 0.000000000000000000e+00 1.065287973826647239e+01 5.634047402220030199e+04 0.000000000000000000e+00
3.210609315439753573e+03 8.925452942213011553e+00 0.000000000000000000e+00 1.080808703843557872e+01 5.548658053594590456e+04 0.000000000000000000e+00
3.210427663480054434e+03 8.786533237144068309e+00 0.000000000000000000e+00 1.045528544708115426e+01 5.746833095770182263e+04 0.000000000000000000e+00
3.490210884160688238e+03 8.552872291480028366e+00 0.000000000000000000e+00 1.073005172863381418e+01 5.550623331056495954e+04 0.000000000000000000e+00
3.595267656109119798e+03 8.583976193722348214e+00 0.000000000000000000e+00 1.055486892867863169e+01 6.032628185849984584e+04 0.000000000000000000e+00
3.408241544558873557e+03 9.280640752634230495e+00 0.000000000000000000e+00 1.039963999750492185e+01 5.619327808085929428e+04 0.000000000000000000e+00
3.806300372212543152e+03 9.418417708292000867e+00 0.000000000000000000e+00 1.081582699317750773e+01 5.885375407898484991e+04 0.000000000000000000e+00
3.767731093359830993e+03 9.396293159234454961e+00 0.000000000000000000e+00 1.095002594782785010e+01 5.960278994956172392e+04 0.000000000000000000e+00
3.781821689133666041e+03 9.044717393749944989e+00 0.000000000000000000e+00 1.113941343129777728e+01 5.889821062820520456e+04 0.000000000000000000e+00
4.038116328633351259e+03 9.351965338338828815e+00 0.000000000000000000e+00 1.117177920717484874e+01 5.895697385576611123e+04 0.000000000000000000e+00
4.224243276205171242e+03 9.103671349033401583e+00 0.000000000000000000e+00 1.141694947472460697e+01 5.920514142548105883e+04 0.000000000000000000e+00
4.299737299705083387e+03 9.989089918928106826e+00 0.000000000000000000e+00 1.193622067719845958e+01 6.052579369416825648e+04 0.000000000000000000e+00
4.181226298993568889e+03 9.530076767422430706e+00 0.000000000000000000e+00 1.142931364110213188e+01 5.741504141464771965e+04 0.000000000000000000e+00
4.358972169122854211e+03 9.818298559890202171e+00 0.000000000000000000e+00 1.122506253777791407e+01 5.631141221316075098e+04 0.000000000000000000e+00
4.520741055101043457e+03 9.816151269852445793e+00 0.000000000000000000e+00 1.188537748076061185e+01 5.814785815326691954e+04 0.000000000000000000e+00
4.591017922135524714e+03 9.958375847746218312e+00 0.000000000000000000e+00 1.230770473748899185e+01 5.876171196373541170e+04 0.000000000000000000e+00
4.755160279311729028e+03 1.009555837764333752e+01 0.000000000000000000e+00 1.229081389065316543e+01 6.002832334056976106e+04 0.000000000000000000e+00
4.873825944586120386e+03 1.008976809904771699e+01 0.000000000000000000e+00 1.226330919719125490e+01 5.697085749148968171e+04 0.000000000000000000e+00
5.060874527004903030e+03 1.041437959651906020e+01 0.000000000000000000e+00 1.233174074361430606e+01 5.995257847762467281e+04 0.000000000000000000e+00
4.929640382682442578e+03 9.783806838709132592e+00 0.000000000000000000e+00 1.256903324399122823e+01 5.813447737840891932e+04 0.000000000000000000e+00
5.071927234157721614e+03 1.059207892797678596e+01 0.000000000000000000e+00 1.267749858156835785e+01 5.807637612999354315e+04 0.000000000000000000e+00
5.376040658708977389e+03 1.012059913354985241e+01 0.000000000000000000e+00 1.243346629341533394e+01 5.547485332647657924e+04 0.000000000000000000e+00
5.088506374343328389e+03 1.080271294326949949e+01 3.381964693555122636e+00 1.236504861874028016e+01 4.412604682846931041e+02 8.835025486104656522e+01
5.394189610567706950e+03 1.088072569108964949e+01 3.398251874587643773e+00 1.336912306333666756e+01 4.311911057667748537e+02 8.306138051063301475e+01
5.121425216272527905e+03 1.100509864590698506e+01 3.473793772102862665e+00 1.264416143772883672e+01 4.242751566579399309e+02 8.608339763987076765e+01
5.282938222051593584e+03 1.125606457757673873e+01 3.462251707378876997e+00 1.279877212821680033e+01 4.361122963124464604e+02 8.100065108282139192e+01
5.307951831752411636e+03 1.158930843991727144e+01 3.620031138204390597e+00 1.253121250033962752e+01 4.222992894250506311e+02 8.079247700458631698e+01
5.349697398303432237e+03 1.114512162174995957e+01 3.631883758791514705e+00 1.277767544384280818e+01 4.425097047611697008e+02 8.639042525479626988e+01
5.885379343545870142e+03 1.133590407528211763e+01 3.752500143189268389e+00 1.325818983297108034e+01 4.150413083406018018e+02 8.912082553965257148e+01
5.721186367416376925e+03 1.159297152592729852e+01 3.782390497712226018e+00 1.318928412196028788e+01 4.529552538268329727e+02 8.144304274092986873e+01
5.614002052667548014e+03 1.149005771300949519e+01 3.725756266900733138e+00 1.306265383280780767e+01 4.328376542104550140e+02 8.231741453976825085e+01
6.081938378359236594e+03 1.133573760525958996e+01 3.473531149349432745e+00 1.347392646576144593e+01 4.507100712963551246e+02 8.308602339892483712e+01
6.098249338831592468e+03 1.091159078588995079e+01 3.735253237886701161e+00 1.270911670948427741e+01 4.231354997959751927e+02 8.153600461516585085e+01
6.027018887662557063e+03 1.124848438253863492e+01 3.789172598285201587e+00 1.323252185603191755e+01 4.449305852191785675e+02 8.083477686347534075e+01
5.993787806430116689e+03 1.150371221575091774e+01 3.601448464565762730e+00 1.313272492644368405e+01 4.254973770012239243e+02 8.086868283124627510e+01
6.629467932416211625e+03 1.102783789700388795e+01 3.836062608349860348e+00 1.271308952801321013e+01 4.523343855776743681e+02 8.602936838629935323e+01
