-4.982082915731467221e-01 5.734963655623528389e+00 3.186607881311593449e+00 2.913812459202228755e+00 1.354647637269273901e+03 5.859230563702615200e+02
3.427758193581049539e+01 5.624102662220080262e+00 3.265679067223239862e+00 2.903562649000512419e+00 1.416352134343065245e+03 6.086121437424860687e+02
3.118612547960247383e+01 7.898724470561912625e+00 4.462052159352274394e+00 3.235294012723316737e+00 1.369427068230033228e+03 6.113309857839776669e+02
5.054336185268621051e+01 7.476703942075491049e+00 4.195011426969642798e+00 3.189013984759982989e+00 1.354965621344511646e+03 5.891932330767639314e+02
9.691212076380310236e+01 8.333494585680792710e+00 4.421596838859056078e+00 3.217213498766010371e+00 1.988091781661361779e+02 7.682997976521944850e+01
1.424287287037516023e+02 8.481979208798286152e+00 4.312230342995414745e+00 3.330207077621162970e+00 1.978889980481478403e+02 8.093809751445093070e+01
2.040509686806138632e+02 8.364805823325315970e+00 4.460244214794166773e+00 3.637185889274127781e+00 3.619651152921940138e+02 7.735033295118495289e+01
2.593766739789331837e+02 8.266940695308720777e+00 4.834862469836216370e+00 3.518748303975531400e+00 3.768104997563355028e+02 1.367954980778254708e+02
2.896706264398316648e+02 8.600676033808552390e+00 4.614780453837608043e+00 3.701201117578204691e+00 3.509703689380692140e+02 1.477877937503359078e+02
3.603196726335326616e+02 8.989948059324492036e+00 4.783333523791659658e+00 3.442418450881389980e+00 3.733015011923610018e+02 1.487583225548681582e+02
4.007309294574119463e+02 8.616894831171812541e+00 4.820652280385962385e+00 3.776969857929214580e+00 3.741163874508789036e+02 1.476383780811825090e+02
4.761987900113880983e+02 9.538307844346215703e+00 5.416726560765972920e+00 3.960752886996685707e+00 3.453247015069225654e+02 1.422361200068545770e+02
5.733723183594266857e+02 9.913994647504383195e+00 5.564620681032394600e+00 4.224147735438925189e+00 3.773644656519529121e+02 1.458804501342631568e+02
6.997051976909169753e+02 1.114069281082417362e+01 5.729437455358402431e+00 4.434268217504654608e+00 7.559491841488371620e+02 3.138833059641533509e+02
8.288942598399170265e+02 1.147630566064744428e+01 6.373693981958366450e+00 4.317829810782570554e+00 7.205766238311910001e+02 3.135729613861439020e+02
9.140365851999941924e+02 1.080640490323187208e+01 6.459848091157954109e+00 4.484509351285341339e+00 7.193936952049950833e+02 3.120006178798526548e+02
9.554655600456231923e+02 1.167159269932268728e+01 6.323168796277253811e+00 4.675565179310233965e+00 7.394045003937783349e+02 3.087702816583121717e+02
1.091392108921829049e+03 1.111640073868696987e+01 6.228320571927788762e+00 4.729223362867935876e+00 7.201650956614606685e+02 3.267498124809683304e+02
1.227363963501729359e+03 1.132357631747502857e+01 6.446935047645409256e+00 4.653581166842715611e+00 7.408334966742294228e+02 3.093867839707270946e+02
1.348516985889675425e+03 1.180253900286088431e+01 6.524536432226557103e+00 4.818824926194471558e+00 7.356370178395818584e+02 3.055849647677386542e+02
1.441384093156875679e+03 1.163137278972502031e+01 6.943490642796625423e+00 5.042768463293616499e+00 7.096350448819420080e+02 3.214443838574987922e+02
1.535027195393139891e+03 1.246915653590602702e+01 6.754395491790636363e+00 5.126006109987060633e+00 7.728455649853127625e+02 3.033424291469381160e+02
1.752271501540791405e+03 1.273055866564066108e+01 6.492142475418091863e+00 5.052869856402418591e+00 7.793944587917975468e+02 3.111427281124263118e+02
2.056019666574567964e+03 1.238717780076505726e+01 6.686379448793198677e+00 5.033363965496161718e+00 7.822462409508175369e+02 2.973527709195315651e+02
2.091010109020661275e+03 1.300385506139364011e+01 6.793630724542141230e+00 5.334097630592552264e+00 8.161272564832437411e+02 3.013671796806881389e+02
2.414073458233400743e+03 1.314034010711541534e+01 7.299505153135251945e+00 5.260476556019951566e+00 7.891127692331190246e+02 3.022115874784890366e+02
2.488468873102210637e+03 1.385158952800686549e+01 6.899867980148123969e+00 5.336203573172316084e+00 8.346494469012886839e+02 3.216518293916666380e+02
2.592445471406996148e+03 1.427767037285170737e+01 7.554034802648568636e+00 5.332667874988186618e+00 8.148619728533146827e+02 2.982407533690795844e+02
2.774787758662249416e+03 1.333423120774909165e+01 6.999224362606214278e+00 5.881665122927090650e+00 8.254394752664261432e+02 3.159064807786400593e+02
2.755671449248733097e+03 8.492865736673726573e+00 0.000000000000000000e+00 9.525714927789341147e+00 7.673711107948872723e+02 2.982854217326809021e+02
2.835501207592550145e+03 7.804231394269264932e+00 0.000000000000000000e+00 1.047119629052271605e+01 6.048577083256287005e+04 0.000000000000000000e+00
3.205998822111771460e+03 8.074576123525551097e+00 0.000000000000000000e+00 1.008388329862445509e+01 6.061782440680884611e+04 0.000000000000000000e+00
3.084545696269550717e+03 8.662840094938760060e+00 0.000000000000000000e+00 1.080545515194486050e+01 6.026434336459307815e+04 0.000000000000000000e+00
3.301332323072250347e+03 9.048498966966741719e+00 0.000000000000000000e+00 1.033758084786222398e+01 5.983560138464405463e+04 0.000000000000000000e+00
3.391146033104681919e+03 8.755027981051812347e+00 0.000000000000000000e+00 1.043985058778597441e+01 5.777412857211669325e+04 0.000000000000000000e+00
3.519234687964073601e+03 8.823268405217557842e+00 0.000000000000000000e+00 1.048020881909034330e+01 5.869857470637359074e+04 0.000000000000000000e+00
3.395198326632706539e+03 8.709891455197217525e+00 0.000000000000000000e+00 1.045231050770818015e+01 5.607812945800090529e+04 0.000000000000000000e+00
3.761973074441410972e+03 8.837560353437483585e+00 0.000000000000000000e+00 1.066339692177812459e+01 5.904372228226668085e+04 0.000000000000000000e+00
3.699900819562703873e+03 9.507619109545570879e+00 0.000000000000000000e+00 1.151225913628940667e+01 5.588412059506048536e+04 0.000000000000000000e+00
3.762737627634260207e+03 9.532153781792173319e+00 0.000000000000000000e+00 1.145227050752045272e+01 5.570963990557525540e+04 0.000000000000000000e+00
3.888985462828341042e+03 9.868940809169847839e+00 0.000000000000000000e+00 1.180202707336143320e+01 6.028352234008110827e+04 0.000000000000000000e+00
3.899723657407283554e+03 9.653423609019574414e+00 0.000000000000000000e+00 1.100241498300147036e+01 5.965486538553568971e+04 0.000000000000000000e+00
3.970771901642570811e+03 1.006261729447900244e+01 0.000000000000000000e+00 1.168201876163684894e+01 5.585859907656689029e+04 0.000000000000000000e+00
4.266632559322583802e+03 1.003104924899899508e+01 0.000000000000000000e+00 1.138761648746775812e+01 5.545430707627658558e+04 0.000000000000000000e+00
4.351885374440826126e+03 9.389038742429130835e+00 0.000000000000000000e+00 1.188398107393947178e+01 5.988790961333328596e+04 0.000000000000000000e+00
4.645384301088611210e+03 9.935259565101782542e+00 0.000000000000000000e+00 1.171648949327523503e+01 5.697571662143267167e+04 0.000000000000000000e+00
4.378398049183269904e+03 9.499059871346016592e+00 0.000000000000000000e+00 1.129579958179752275e+01 5.773772567116502614e+04 0.000000000000000000e+00
4.759236565017085923e+03 1.043397241872288816e+01 0.000000000000000000e+00 1.161980447689983365e+01 5.531225798904776457e+04 0.000000000000000000e+00
4.844835199518739500e+03 1.050592174710647697e+01 0.000000000000000000e+00 1.139996857786053752e+01 5.809263763979607029e+04 0.000000000000000000e+00
4.671684587276977254e+03 1.025179705014867437e+01 0.000000000000000000e+00 1.260280926003531299e+01 5.877694913307047682e+04 0.000000000000000000e+00
4.858440891774442207e+03 1.027115337314233301e+01 0.000000000000000000e+00 1.241157283792268196e+01 6.062530009632802830e+04 0.000000000000000000e+00
5.259135883517737057e+03 1.025500780415105595e+01 0.000000000000000000e+00 1.153362647019789300e+01 5.937001261182348389e+04 0.000000000000000000e+00
5.081219867689815146e+03 1.063864201301237067e+01 0.000000000000000000e+00 1.163983988377941436e+01 5.597287250179612602e+04 0.000000000000000000e+00
5.219704451720750512e+03 1.098128165294143521e+01 3.414444433740451590e+00 1.315128289292837849e+01 4.245717192115120611e+02 8.738169627284446506e+01
5.362840360252960636e+03 1.053256320181978367e+01 3.422619892976734857e+00 1.252951079309939075e+01 4.411336742140425713e+02 8.497744544925740229e+01
5.368809832473151801e+03 1.095019448722648647e+01 3.382741985869073709e+00 1.310200564368592069e+01 4.490540496205996419e+02 8.229610394472459234e+01
5.402546459014678476e+03 1.078240989339572486e+01 3.698668866040554892e+00 1.285694308051714074e+01 4.504509362174921421e+02 8.842976885770673334e+01
5.614965961116310609e+03 1.097679495115663073e+01 3.602673233223466998e+00 1.330105198064991612e+01 4.577025875338156311e+02 8.554708202124497518e+01
5.553575504146091589e+03 1.081510434617153571e+01 3.552739635463023848e+00 1.299812954647292962e+01 4.249808724944793425e+02 8.723044419268934746e+01
5.653605242435939545e+03 1.140395517227614164e+01 3.456707094550211412e+00 1.269697469260308154e+01 4.458550279412989994e+02 8.891995549531378629e+01
5.990480277438829035e+03 1.159117042612520798e+01 3.522224909171117080e+00 1.299384678961085804e+01 4.186588624782468742e+02 8.104869447152444195e+01
6.070283803961820013e+03 1.080617073654709159e+01 3.663564239271964063e+00 1.319725310918792083e+01 4.207486819793147674e+02 8.879417384043109962e+01
5.712617821785267552e+03 1.099318572369241664e+01 3.802309469168189793e+00 1.281761001256680466e+01 4.477003668057196819e+02 8.126195214256745203e+01
6.319347215610490821e+03 1.157424988102900265e+01 3.704009111137083643e+00 1.362850983515511416e+01 4.328470059899843250e+02 8.380164173627204605e+01
6.365194278506995033e+03 1.170745893130709803e+01 3.699014684389547281e+00 1.342822405702480104e+01 4.385734350730064079e+02 8.405486761595095402e+01
5.999753586976412407e+03 1.148831212723607464e+01 3.631030481814894628e+00 1.286994122587267420e+01 4.477806661716630288e+02 8.457372620606152225e+01
6.683428022003419755e+03 1.167198123865333237e+01 3.614089622517925982e+00 1.280518880378062896e+01 4.423377939969822705e+02 8.865039395562064328e+01
