-4.255665223163085376e-02 5.557472238358003302e+00 3.449149662854762433e+00 2.864711411460496127e+00 1.401439808481851742e+03 6.235270798040911586e+02
3.361196398648674233e+01 5.950251621419915260e+00 3.199872871429386478e+00 2.752977600362966015e+00 1.375297642079372281e+03 5.797250571994943584e+02
3.088015154164225251e+01 8.119230482600492849e+00 4.162241999504967538e+00 3.185844535649271503e+00 1.457962315142951866e+03 5.887353129922918242e+02
4.747312387463916394e+01 8.016586507453697052e+00 4.282901499016253943e+00 3.346976878041624470e+00 1.342031589831561632e+03 6.019874519723518915e+02
9.474036869729481225e+01 8.147626927886118864e+00 4.259252863564364944e+00 3.227420418054149032e+00 1.937759141843746704e+02 8.232552986750009438e+01
1.520856574578073150e+02 7.972994071517352843e+00 4.357429783533587120e+00 3.512793151571862005e+00 2.039832657948420263e+02 8.133992896456703647e+01
2.006607566600710300e+02 7.985186982090207941e+00 4.776907738521317448e+00 3.419034022616576518e+00 3.601472272577900071e+02 7.776243678584360453e+01
2.494113281362254213e+02 8.057683189480938424e+00 4.885903838214538553e+00 3.574410193425621607e+00 3.530024714552463365e+02 1.484182961575760373e+02
2.899017951348905058e+02 8.420521311017054700e+00 4.592904098386184408e+00 3.401923928060815339e+00 3.616661803167628477e+02 1.414381526871460721e+02
3.586361756724157317e+02 8.597523269374971022e+00 4.896338689944740530e+00 3.500783140334225774e+00 3.431195244598955583e+02 1.368996852301010563e+02
4.058835367516804808e+02 8.858597484975755165e+00 4.926083819231442007e+00 3.808054926163191745e+00 3.524421033855819587e+02 1.365881137847262607e+02
4.745314918602179546e+02 9.878417548924105063e+00 5.301897829762860503e+00 3.741011349207507219e+00 3.554572571440937168e+02 1.381251635977030219e+02
5.931525950507788139e+02 1.073914994084415753e+01 5.420400465977547100e+00 3.941696708534892846e+00 3.444821338548105132e+02 1.392719253410813849e+02
6.468823597052763716e+02 1.045246421891280342e+01 5.861720242022239624e+00 4.482455072319972089e+00 7.436944238580970250e+02 3.234637318831597099e+02
8.399859335572461987e+02 1.084320469097048090e+01 6.021278732492557850e+00 4.257123599654234702e+00 7.572634572364922860e+02 3.017733053711203866e+02
9.256356490245217401e+02 1.105543282642710956e+01 6.079379751631685203e+00 4.681101261909002886e+00 7.581157475663559353e+02 2.976537236942190816e+02
1.043594975222947596e+03 1.097196483611170237e+01 6.552371920786618453e+00 4.769735211178077527e+00 7.710053301377147363e+02 3.248703952330818083e+02
1.141315186717770985e+03 1.180615664370747453e+01 6.181986765608336931e+00 4.558332161027051299e+00 7.500485172629133785e+02 3.067554852263956491e+02
1.144135926506359965e+03 1.225128291790016277e+01 6.194633475570405778e+00 4.954197742163795937e+00 7.693406784256372930e+02 3.179942167177285341e+02
1.356752558378904723e+03 1.151503603163603806e+01 6.630427986437051224e+00 4.712773464248999566e+00 7.533928569113722915e+02 3.088053969593900092e+02
1.446401435578264909e+03 1.195702625471529679e+01 6.922556117986974122e+00 4.657103306981428048e+00 7.494596480237713649e+02 2.974703422117989362e+02
1.596764282972489809e+03 1.271720474722593153e+01 6.933043723106210976e+00 5.068132456367635541e+00 7.039511380849112356e+02 3.267798849523699687e+02
1.833838843342365180e+03 1.306001663450239469e+01 6.783200457846449538e+00 5.131917981606107126e+00 7.796899521374768938e+02 3.135743626623186060e+02
2.005867893239810655e+03 1.243437139999562291e+01 6.710894232934295545e+00 4.960263071809610125e+00 8.151082984390241108e+02 3.038071187097217489e+02
2.222789765567459199e+03 1.294990974184642418e+01 6.798366292111359677e+00 5.554145292912873622e+00 7.846141968100366739e+02 3.261222113437115127e+02
2.364189976344805018e+03 1.288877848292328032e+01 7.001612514977356483e+00 5.486417558795391614e+00 8.195823750658064455e+02 3.199414673631698633e+02
2.500311733170233765e+03 1.270954945467260799e+01 7.186512633243809844e+00 5.455463008416842285e+00 7.680091581272515668e+02 3.097318329846654024e+02
2.529128050533079659e+03 1.419226353539146146e+01 6.929591356613190811e+00 5.548033748064291615e+00 8.382780027882491822e+02 3.018431263364242909e+02
2.841716621708058483e+03 1.310530459587311825e+01 7.592188121255341038e+00 5.616054326361951787e+00 8.265085418498179024e+02 3.258160693855684826e+02
2.957445900387519487e+03 8.216540515888555163e+00 0.000000000000000000e+00 9.981302061395354031e+00 8.193166050555340689e+02 2.984279040508890262e+02
2.972661081704558001e+03 8.303890982249781061e+00 0.000000000000000000e+00 1.016284183951013098e+01 5.702076142265831004e+04 0.000000000000000000e+00
3.043098967496838213e+03 8.399102348105289551e+00 0.000000000000000000e+00 9.833979204835912924e+00 5.558646717297516443e+04 0.000000000000000000e+00
3.091412132365175694e+03 8.170354259381761963e+00 0.000000000000000000e+00 1.055767636535202492e+01 5.550809696700566565e+04 0.000000000000000000e+00
3.262150984884677200e+03 8.522986105949618363e+00 0.000000000000000000e+00 1.036653943678497036e+01 6.027546638653500850e+04 0.000000000000000000e+00
3.508549414306584822e+03 9.173579515636086867e+00 0.000000000000000000e+00 1.092481509599132394e+01 5.877260240639430413e+04 0.000000000000000000e+00
3.556575861944434109e+03 9.054626206673797029e+00 0.000000000000000000e+00 1.046230680663266455e+01 6.018108456975764420e+04 0.000000000000000000e+00
3.575783415259940284e+03 8.807937068178151918e+00 0.000000000000000000e+00 1.040689934954148121e+01 5.916181130464708258e+04 0.000000000000000000e+00
3.572992780394456531e+03 9.334780132496840466e+00 0.000000000000000000e+00 1.078571543511338682e+01 6.041794864879488887e+04 0.000000000000000000e+00
3.850819306569648688e+03 8.909867443534640330e+00 0.000000000000000000e+00 1.107901746401756249e+01 6.053547573179599567e+04 0.000000000000000000e+00
3.733117412892156153e+03 9.495151939562118670e+00 0.000000000000000000e+00 1.157611642416616959e+01 5.719717138616095326e+04 0.000000000000000000e+00
4.009648967092386101e+03 9.901492638544414859e+00 0.000000000000000000e+00 1.155127049848333520e+01 6.023628615961264586e+04 0.000000000000000000e+00
4.060157475492507274e+03 9.677443012186357052e+00 0.000000000000000000e+00 1.178651459331179474e+01 5.640624020019961608e+04 0.000000000000000000e+00
4.195021587624158201e+03 9.825841570966913352e+00 0.000000000000000000e+00 1.164341068156401882e+01 6.052039150414048345e+04 0.000000000000000000e+00
4.326526317648209442e+03 9.507009805511117406e+00 0.000000000000000000e+00 1.205708206179421005e+01 5.830609242782023648e+04 0.000000000000000000e+00
4.448343286959478974e+03 1.012595256934654131e+01 0.000000000000000000e+00 1.201069119154512599e+01 5.518513720528632257e+04 0.000000000000000000e+00
4.247652060577991506e+03 1.032332614554015748e+01 0.000000000000000000e+00 1.155656744965626892e+01 5.963044741552589403e+04 0.000000000000000000e+00
4.401132455366789145e+03 9.898538375400717015e+00 0.000000000000000000e+00 1.135819412801663475e+01 5.973371641699122847e+04 0.000000000000000000e+00
4.772783587030287890e+03 9.963926552157804650e+00 0.000000000000000000e+00 1.241812533259921913e+01 5.803431132787646493e+04 0.000000000000000000e+00
4.807384068691508219e+03 1.056211567992518674e+01 0.000000000000000000e+00 1.149585330822659479e+01 5.624334013198077446e+04 0.000000000000000000e+00
4.903649828401814375e+03 1.052030339202612019e+01 0.000000000000000000e+00 1.170931328461753829e+01 5.856233619646978332e+04 0.000000000000000000e+00
5.004839822991584697e+03 1.074145157401006578e+01 0.000000000000000000e+00 1.213994807484910510e+01 5.556317007167152769e+04 0.000000000000000000e+00
4.864088176877138721e+03 1.026766821688116949e+01 0.000000000000000000e+00 1.244221665361234130e+01 5.781488735257007647e+04 0.000000000000000000e+00
4.951756979677104027e+03 1.004855993969251848e+01 0.000000000000000000e+00 1.165138991720394124e+01 5.761702433580638899e+04 0.000000000000000000e+00
4.981580932496208334e+03 1.061731794596157918e+01 3.637645679951782007e+00 1.228359503680737319e+01 4.502868677542898013e+02 8.184586674321154476e+01
5.095798411685069368e+03 1.140014390606932082e+01 3.512224164982477692e+00 1.257079414358019598e+01 4.267404079318080221e+02 8.293329553711167534e+01
5.397548801231898324e+03 1.137620231890540090e+01 3.389470505850258331e+00 1.323256291923068950e+01 4.524986652471880006e+02 8.701134072186579260e+01
5.139605656088412616e+03 1.143842497142557590e+01 3.654530139009053880e+00 1.324414693747913141e+01 4.297655159627988155e+02 8.592341624830255853e+01
5.622576820444670375e+03 1.139246759210883475e+01 3.652886751777391972e+00 1.284343293560711707e+01 4.399180947696216890e+02 8.309807620350852631e+01
5.335408604797355110e+03 1.085647198292840621e+01 3.423254780638834482e+00 1.245321226693366512e+01 4.585938880423100272e+02 8.843917732181763824e+01
5.586438707412175063e+03 1.150760818730397617e+01 3.548715548634499672e+00 1.296600953581712723e+01 4.357031102513458904e+02 8.621430907660077025e+01
5.642155151224477777e+03 1.067394594905968752e+01 3.593285193902371777e+00 1.306550792465102973e+01 4.434559499409201067e+02 8.759082141468121563e+01
5.614796305055609082e+03 1.149182989680218370e+01 3.778273920333354408e+00 1.329565146097023032e+01 4.490894764325294659e+02 8.302521009506375549e+01
5.972374511504845032e+03 1.083837483425616632e+01 3.681230645359020226e+00 1.316592931938575894e+01 4.210549841918574998e+02 8.776867835311881549e+01
6.248136579070295738e+03 1.114832264510383730e+01 3.606921822813441203e+00 1.315823159177812762e+01 4.281119514890795585e+02 8.400294752997591274e+01
6.311916430084314925e+03 1.134922722820880736e+01 3.722559574854149567e+00 1.274400246226424471e+01 4.119680733054750590e+02 8.298494228654919880e+01
6.504264661861611785e+03 1.083065560889368584e+01 3.549999384966924243e+00 1.364323639532185695e+01 4.386629275710105844e+02 8.916705079700082592e+01
6.458921880502786735e+03 1.124107936070888769e+01 3.662742851556811452e+00 1.269637159923779102e+01 4.508773234204562073e+02 8.314427881287952005e+01
