-2.962613162752820717e-01 6.045510639676071385e+00 3.247904886681225012e+00 2.927904046143767758e+00 1.423877490521114169e+03 6.278335175709815985e+02
3.378631705176323408e+01 5.677464705787367727e+00 3.279477904207288130e+00 2.863279665702326948e+00 1.421063703915712949e+03 6.295235732653869718e+02
3.301549174280177823e+01 7.742000615432127475e+00 4.328535884231826891e+00 3.280867026491975924e+00 1.462464982892492799e+03 6.105128260261088826e+02
5.248528142445443478e+01 7.931473148226751313e+00 4.481094766509586158e+00 3.178476492261859132e+00 1.382128492610756894e+03 5.847344964949148789e+02
1.001838770421506126e+02 7.641164756605533626e+00 4.630331944809753075e+00 3.290118654597302239e+00 2.053489021385530577e+02 7.791234766754271845e+01
1.447676491353681456e+02 8.143070994868034873e+00 4.684065151479887668e+00 3.376530192581705059e+00 1.923902908620068501e+02 7.999504323084684643e+01
1.925444080397954565e+02 8.175601310537752298e+00 4.753817311816489699e+00 3.605320551968759446e+00 3.584700874810408777e+02 7.815452815088903549e+01
2.399085767698708196e+02 8.317872992046043024e+00 4.714530929786088009e+00 3.583905530452507371e+00 3.549567742863516173e+02 1.423190860562394846e+02
3.123090772199485627e+02 8.870358422998991799e+00 4.928030276902666706e+00 3.384505462491696370e+00 3.604178022047012178e+02 1.495507932469404579e+02
3.467069442558753281e+02 8.421089918425073151e+00 4.990401049711618242e+00 3.740080269972439808e+00 3.571928123203956034e+02 1.495263972807562425e+02
4.074884172747838420e+02 9.084587512928449016e+00 5.184262681193350986e+00 3.813395250421515836e+00 3.635075572716579586e+02 1.452305180023789148e+02
4.855528066737758763e+02 9.799300532835447441e+00 5.222305983903606119e+00 3.747218898235768147e+00 3.569885992176793934e+02 1.450579775871607353e+02
5.770693466425785800e+02 1.070044613609283068e+01 5.803262516444657848e+00 4.228048621913913507e+00 3.564521301801296431e+02 1.398986201223935382e+02
7.031587591031036482e+02 1.058999535504944411e+01 6.076370565699948045e+00 4.318338274398485943e+00 7.358134956117874026e+02 3.191543517549583839e+02
8.081196816048940263e+02 1.073250801241306540e+01 6.062904307743028909e+00 4.606723267411952705e+00 7.226949250457317930e+02 3.070975863591040707e+02
9.446222701929829100e+02 1.136019425311896214e+01 6.290713241724086302e+00 4.397869330617690586e+00 7.718384329609741599e+02 3.132356349463048559e+02
9.723331732777239722e+02 1.106660969466972411e+01 6.234756662969346053e+00 4.642871752029526178e+00 7.689451206861795072e+02 2.979071710382390847e+02
1.143222917047572537e+03 1.162033788683380919e+01 6.540929168498837321e+00 4.512602759407991826e+00 7.036026219909959991e+02 3.265377133613246201e+02
1.139532275097350976e+03 1.187622021548393114e+01 6.186372802240758695e+00 4.624169781268727242e+00 7.492644588585771999e+02 3.245193868094288518e+02
1.353560316224619783e+03 1.174049307320716906e+01 6.369021153716720285e+00 4.667212519831720030e+00 7.356368012679275807e+02 3.069496146187503314e+02
1.354741061020842153e+03 1.140998946394858571e+01 6.875486831036806912e+00 5.100371791177597203e+00 7.370949551346353701e+02 3.004305330903902131e+02
1.524262201458392838e+03 1.286243461156996837e+01 6.625600404832484358e+00 5.131250504832664205e+00 7.045948182143521308e+02 3.186518153038280161e+02
1.754406499826684694e+03 1.266481156582621637e+01 7.143745197258334123e+00 5.315777138065888252e+00 8.017990290726077092e+02 2.990220387222498744e+02
2.082511895761910637e+03 1.264578074804521890e+01 6.822586901192681630e+00 5.357815022069934763e+00 7.653687930799445667e+02 3.079191141039950708e+02
2.260543916755621012e+03 1.273174469255523711e+01 6.834116908787294165e+00 5.300332459859061096e+00 8.060291719511006931e+02 3.023214893499281857e+02
2.319937536378448385e+03 1.258060446860099724e+01 7.423443084418561710e+00 5.266336235307028879e+00 7.885230222872366994e+02 3.259627233694670849e+02
2.648797873290357074e+03 1.270555155520022694e+01 6.738330186907576014e+00 5.658675212125092280e+00 7.833631134037026413e+02 3.032101060981736396e+02
2.612288592059602706e+03 1.342543443479996945e+01 7.514361070389349528e+00 5.421037184694720068e+00 7.701749384125274673e+02 3.030019231452067743e+02
2.858738600047508498e+03 1.326998233776877534e+01 7.589941096237338591e+00 5.717693274745071719e+00 7.811633790203802619e+02 3.088036604565384096e+02
2.769055554787310484e+03 8.337753581742971321e+00 0.000000000000000000e+00 9.329279020295960123e+00 7.986865235613018967e+02 2.968380023727615367e+02
2.823704834978451345e+03 8.331666890814977577e+00 0.000000000000000000e+00 1.032730675232572537e+01 5.658492039084062708e+04 0.000000000000000000e+00
2.931225524834886983e+03 8.464914864042157205e+00 0.000000000000000000e+00 9.903060483338903097e+00 5.950532487214259891e+04 0.000000000000000000e+00
3.032199532739868118e+03 8.830543806884564972e+00 0.000000000000000000e+00 1.048085907581425502e+01 5.877820023055489582e+04 0.000000000000000000e+00
3.144527988736784664e+03 8.387868254062418316e+00 0.000000000000000000e+00 1.019123038075323073e+01 5.871282380931660009e+04 0.000000000000000000e+00
3.539142346070604617e+03 8.542866555073539203e+00 0.000000000000000000e+00 1.032842281413073060e+01 5.663378195245447569e+04 0.000000000000000000e+00
3.404293985381324092e+03 8.839638806712702745e+00 0.000000000000000000e+00 1.099962521565729112e+01 5.964405785649938480e+04 0.000000000000000000e+00
3.591843604729776871e+03 8.993002305037798294e+00 0.000000000000000000e+00 1.102118655923111312e+01 5.661832078116384946e+04 0.000000000000000000e+00
3.723362096983592437e+03 9.263989978728266905e+00 0.000000000000000000e+00 1.149977026616959108e+01 5.873427778213669080e+04 0.000000000000000000e+00
3.930375106075271560e+03 9.589434081838190238e+00 0.000000000000000000e+00 1.096250389068577213e+01 5.763751971318630240e+04 0.000000000000000000e+00
3.708533227316733246e+03 8.959436917210556572e+00 0.000000000000000000e+00 1.153175828800427460e+01 5.747006087445252342e+04 0.000000000000000000e+00
4.143673178813944105e+03 9.946767626380024652e+00 0.000000000000000000e+00 1.152884282913530001e+01 5.751869735926302383e+04 0.000000000000000000e+00
3.868127669891320238e+03 9.372979609136312007e+00 0.000000000000000000e+00 1.125410422155455414e+01 5.545316076540599170e+04 0.000000000000000000e+00
3.983429009647613384e+03 9.973991105205744390e+00 0.000000000000000000e+00 1.158159273605136619e+01 5.512830118241935270e+04 0.000000000000000000e+00
4.178504218808527185e+03 9.690598900957686723e+00 0.000000000000000000e+00 1.104501071576203053e+01 5.652791287914829445e+04 0.000000000000000000e+00
4.317852966093523719e+03 1.006351067371768337e+01 0.000000000000000000e+00 1.215673816430991749e+01 5.969598715150232601e+04 0.000000000000000000e+00
4.631928741936091683e+03 9.729472691272944118e+00 0.000000000000000000e+00 1.214985562692689491e+01 5.503616104241093126e+04 0.000000000000000000e+00
4.358172165240805043e+03 9.680850447540828796e+00 0.000000000000000000e+00 1.149357458729724790e+01 5.979389364332098921e+04 0.000000000000000000e+00
4.897130399985866461e+03 1.042215516326389846e+01 0.000000000000000000e+00 1.156591236940332479e+01 5.725086854629238223e+04 0.000000000000000000e+00
4.963916260240213887e+03 9.899491274406454266e+00 0.000000000000000000e+00 1.196797370454510023e+01 5.673877345309255907e+04 0.000000000000000000e+00
4.695209152273230757e+03 9.805095063964532898e+00 0.000000000000000000e+00 1.187076784229639870e+01 5.806091355987744464e+04 0.000000000000000000e+00
4.933272158976575156e+03 1.004726632477840198e+01 0.000000000000000000e+00 1.152856317277870701e+01 5.844726926545284368e+04 0.000000000000000000e+00
4.856617749483570151e+03 1.037920314937396782e+01 0.000000000000000000e+00 1.206682179985016212e+01 5.779343268067501049e+04 0.000000000000000000e+00
5.222891788575802821e+03 1.054751006291636806e+01 0.000000000000000000e+00 1.184704159967464854e+01 5.616189762695998070e+04 0.000000000000000000e+00
5.108620865514203615e+03 1.052226149146129863e+01 3.557588014378898045e+00 1.300449537619556040e+01 4.362421557017730152e+02 8.296224749354429662e+01
5.069466807022897228e+03 1.095149334029379595e+01 3.666023755176843757e+00 1.245722472506336231e+01 4.267864547464272391e+02 8.281542852669787180e+01
5.099326020970579521e+03 1.129817964013364673e+01 3.658124188075990268e+00 1.339891179074560590e+01 4.550522932198161357e+02 8.140445638318597332e+01
5.165352225051115056e+03 1.099520467074402319e+01 3.584899337298176558e+00 1.304400133664807271e+01 4.337050633691749226e+02 8.384758199396370060e+01
5.435236460649703986e+03 1.157462364738516492e+01 3.531919545199802446e+00 1.347579998528697232e+01 4.219179265587085297e+02 8.901307046984275928e+01
5.530672634889288020e+03 1.133959833490830960e+01 3.430886872952090272e+00 1.276976712249204127e+01 4.542711443053267431e+02 8.535134355835955944e+01
5.838835261776930565e+03 1.066458559244461313e+01 3.759983567018144957e+00 1.262054930934905883e+01 4.200661032453027701e+02 8.275644013764930662e+01
5.934384150948487331e+03 1.094621179608968298e+01 3.637175440552534500e+00 1.290402471039904420e+01 4.424426798519614294e+02 8.317414582525748301e+01
5.717000435917703726e+03 1.153496146900079289e+01 3.682001203916309251e+00 1.337520330699621773e+01 4.156792305623553148e+02 8.120474024496562038e+01
5.713169292350702563e+03 1.080450395544341013e+01 3.631677776894636445e+00 1.274707681701989515e+01 4.429592426351328527e+02 8.606270271522659243e+01
5.775818332744329382e+03 1.110266714926124898e+01 3.497773610974206804e+00 1.359076790618195929e+01 4.484741558995095829e+02 8.510116832730014380e+01
6.415265919997289529e+03 1.080678591085656670e+01 3.570390964753364482e+00 1.246323008800838750e+01 4.292503448243863886e+02 8.190593449902695511e+01
5.968737990300695856e+03 1.118647029550415617e+01 3.584182229500048500e+00 1.336604793242014821e+01 4.141668614617836397e+02 8.352495552265635581e+01
6.171667264744136446e+03 1.113458216774261089e+01 3.582510137109852888e+00 1.322676606214406192e+01 4.265755251236508911e+02 8.893338452605496514e+01
