4.090987355863208164e-01 5.928229808363321141e+00 3.290890892728989492e+00 2.763919984907445393e+00 1.440931583031239597e+03 6.203618834969797717e+02
3.425952445174687000e+01 5.882029070347408073e+00 3.280094203258878682e+00 2.722989594827676108e+00 1.373846376183077609e+03 6.248379901589347583e+02
3.196628846935077206e+01 7.832587474284833817e+00 4.519114292845634928e+00 3.365065678846502539e+00 1.401433460222930989e+03 6.128071401218589926e+02
5.289965420113522754e+01 8.022742239802306941e+00 4.340950547560731287e+00 3.461559148055707080e+00 1.379985149998290353e+03 6.074693882714155961e+02
9.766712460101467741e+01 8.020637437519850366e+00 4.434330358856216847e+00 3.461402416934173942e+00 2.061757475104745936e+02 8.144797720291049359e+01
1.544680617669189076e+02 7.962922195523165492e+00 4.593282740654748508e+00 3.548856101974068089e+00 2.088135364076690905e+02 7.837919887361805138e+01
1.979269768608396873e+02 8.040313675099929114e+00 4.432066895785962579e+00 3.424706953509895513e+00 3.618562217307238029e+02 7.773381250126459463e+01
2.587220620420058594e+02 8.485984451765819614e+00 4.809317424232852467e+00 3.585304741035574061e+00 3.616699739057178817e+02 1.452605398276021162e+02
2.937576024127674259e+02 8.969732029777265581e+00 4.754963627703927997e+00 3.573766005188119266e+00 3.476228063709850176e+02 1.417125980842836270e+02
3.661832740999018938e+02 9.058837206264961139e+00 4.637587942186050860e+00 3.510028973875620295e+00 3.704176957588931032e+02 1.398365509387328416e+02
4.085722468575246467e+02 9.012581215584662075e+00 4.878961420575211427e+00 3.549985279420551532e+00 3.687343421994958703e+02 1.371781090029031986e+02
5.108775470959622567e+02 9.670210979692967612e+00 5.336919636077242401e+00 3.765747030443148180e+00 3.770879799168392879e+02 1.458114204803734140e+02
6.261468513636823445e+02 1.028792123784864110e+01 5.475544282122092987e+00 4.303978511862947443e+00 3.558546214955929372e+02 1.387658757136507290e+02
6.720518093776565820e+02 1.061996054647932830e+01 6.187830818756355988e+00 4.547606430082230311e+00 7.681974914230158902e+02 3.065055487077357270e+02
7.814890534692983692e+02 1.096543670638132362e+01 6.169868807346166051e+00 4.367392413808418361e+00 7.676435899740984041e+02 2.991093068573236451e+02
8.928558578256117926e+02 1.131502104498799000e+01 6.341623421910374425e+00 4.416399889597361295e+00 7.682741746585134024e+02 3.206879126803870577e+02
1.043851604125632321e+03 1.198093105641332734e+01 6.137289426291204109e+00 4.521683261318973912e+00 7.370776463919989965e+02 2.971104240161250800e+02
1.104081812042149522e+03 1.150297926702015694e+01 6.741803969512801586e+00 4.695687772316250452e+00 7.516445627704651997e+02 3.006277937211073663e+02
1.178322488539233518e+03 1.226062190563125220e+01 6.420857466767865951e+00 4.822233979842490470e+00 7.408151837302615377e+02 3.047212479845511552e+02
1.325240767049421265e+03 1.208771213314411774e+01 6.235621884052169328e+00 4.687962174299347140e+00 7.199541156912943052e+02 3.072597295031632711e+02
1.411146760461075246e+03 1.197031371358114171e+01 6.548656087723335517e+00 4.986131502641256930e+00 7.446363707580062510e+02 3.258521938116341516e+02
1.632596565301965938e+03 1.223060318535513957e+01 6.641368172296181704e+00 4.824079514266240487e+00 7.706302278800196746e+02 3.010446637039853499e+02
1.876228881932352124e+03 1.310567357549322409e+01 7.155703976370887176e+00 5.198464075598550060e+00 8.105574347056469833e+02 3.107841647682002417e+02
2.088034433419073594e+03 1.251412205117677878e+01 6.995982442802287871e+00 5.345306592443018978e+00 7.616871193513466096e+02 3.237825028589463727e+02
2.181963804593282475e+03 1.339447325351959961e+01 6.974593112284272145e+00 5.295687337992735166e+00 7.716170910255370927e+02 3.124262611492427482e+02
2.228873863653600893e+03 1.297525313705357597e+01 7.266249839769818308e+00 5.465729981934352999e+00 7.948638147768144790e+02 3.123284790971162579e+02
2.632092315858195889e+03 1.259771382100506720e+01 7.362727684589182253e+00 5.513958972150674320e+00 8.169868782675607690e+02 3.060980811562025110e+02
2.675902330000186794e+03 1.320059885247084708e+01 7.503639352699946308e+00 5.298794014332942837e+00 8.000601797983986216e+02 3.174441366288941708e+02
2.773087218552754621e+03 1.429072806798564343e+01 7.662713967862780251e+00 5.966657406188451418e+00 8.324196463086586846e+02 3.036066352158750874e+02
2.989505646718753724e+03 8.297384839786635879e+00 0.000000000000000000e+00 9.399226111899439573e+00 7.693904444151493180e+02 3.038527486865013998e+02
2.935396845427103926e+03 8.214685736925130044e+00 0.000000000000000000e+00 9.766342401411753471e+00 5.952830252485212259e+04 0.000000000000000000e+00
3.041328098662524098e+03 8.441251548213497102e+00 0.000000000000000000e+00 1.060193395415333129e+01 5.501189915392872354e+04 0.000000000000000000e+00
3.115818987275900781e+03 8.765785760101573842e+00 0.000000000000000000e+00 1.020679343646198411e+01 6.036271604650931840e+04 0.000000000000000000e+00
3.270481791613276528e+03 9.024928752839931789e+00 0.000000000000000000e+00 1.030776649027614056e+01 5.655908184066553076e+04 0.000000000000000000e+00
3.247380502374938260e+03 8.414166819950475329e+00 0.000000000000000000e+00 1.106778719385536469e+01 5.534730828968185961e+04 0.000000000000000000e+00
3.619386941907388973e+03 9.152264929332133647e+00 0.000000000000000000e+00 1.072620390320996897e+01 5.836259083070894121e+04 0.000000000000000000e+00
3.721514257393357184e+03 9.159022891698388236e+00 0.000000000000000000e+00 1.079011239736815142e+01 5.861740883420136379e+04 0.000000000000000000e+00
3.851944228694751473e+03 9.295581390026345758e+00 0.000000000000000000e+00 1.147530662726826023e+01 5.656825941528384283e+04 0.000000000000000000e+00
3.763550147867357282e+03 9.512968083963679433e+00 0.000000000000000000e+00 1.109789733745141938e+01 5.759581545028055552e+04 0.000000000000000000e+00
4.012046794609400877e+03 9.165459632478359708e+00 0.000000000000000000e+00 1.165385763396846919e+01 5.710358967532336101e+04 0.000000000000000000e+00
3.912009820826869145e+03 9.659513373689581073e+00 0.000000000000000000e+00 1.156511801003594364e+01 5.803106660571139219e+04 0.000000000000000000e+00
4.068178446615932899e+03 9.393049513469858169e+00 0.000000000000000000e+00 1.098512828746719983e+01 5.878819393321963435e+04 0.000000000000000000e+00
4.309694912899170049e+03 9.621168207954394092e+00 0.000000000000000000e+00 1.166661567678140798e+01 5.598626518090449099e+04 0.000000000000000000e+00
4.285512673975712460e+03 9.813101028299866968e+00 0.000000000000000000e+00 1.160897575610387733e+01 5.819196177487739624e+04 0.000000000000000000e+00
4.199041747147784008e+03 9.530195606903278716e+00 0.000000000000000000e+00 1.218332059542814605e+01 5.817335915075019875e+04 0.000000000000000000e+00
4.611604210356666954e+03 9.489444188931004831e+00 0.000000000000000000e+00 1.223292513289792716e+01 5.792166773523554002e+04 0.000000000000000000e+00
4.671944263839783162e+03 9.847524182396487191e+00 0.000000000000000000e+00 1.202634141383968291e+01 5.723390599185446627e+04 0.000000000000000000e+00
4.741139599014644773e+03 1.024333804290906613e+01 0.000000000000000000e+00 1.145157345238860458e+01 5.701028967091809318e+04 0.000000000000000000e+00
4.546522874938906170e+03 9.771511369694968252e+00 0.000000000000000000e+00 1.146013353058300233e+01 5.964044154246050311e+04 0.000000000000000000e+00
4.804580744067905471e+03 9.696711155461281706e+00 0.000000000000000000e+00 1.233496113521953852e+01 5.705910739718599507e+04 0.000000000000000000e+00
4.790743310165837102e+03 1.014172726724297391e+01 0.000000000000000000e+00 1.246087357414952379e+01 6.014238639108901407e+04 0.000000000000000000e+00
5.121410547765324736e+03 1.003365214716035148e+01 0.000000000000000000e+00 1.237292317767789207e+01 5.537223775395524717e+04 0.000000000000000000e+00
4.933690257923592071e+03 1.008965807079418830e+01 0.000000000000000000e+00 1.237997893894320356e+01 5.772593874066600256e+04 0.000000000000000000e+00
5.282809762828826024e+03 1.067579362909653184e+01 3.335773701114818302e+00 1.246551334191501859e+01 4.227535772627295501e+02 8.196143440613660403e+01
5.192314864443952501e+03 1.074033047127996099e+01 3.396995200380983793e+00 1.254593333915460995e+01 4.646533451052758892e+02 8.086583325556067336e+01
5.496121427611174113e+03 1.081924431939335030e+01 3.695892854917839809e+00 1.226444371315222348e+01 4.308206965799004706e+02 8.920365521634889205e+01
5.321019149366733473e+03 1.061678949172068975e+01 3.531362462080916309e+00 1.324148317719965107e+01 4.367549851614645604e+02 8.859183080790801057e+01
5.727146969378847643e+03 1.133083366715625395e+01 3.749393280396569050e+00 1.273410268924385491e+01 4.217818462868589791e+02 8.909190134737745836e+01
5.542851346123513395e+03 1.135527767264763277e+01 3.678487208923935547e+00 1.346829466193176650e+01 4.257654643391437617e+02 8.859756466658826923e+01
5.443928120512216992e+03 1.099616931308572809e+01 3.792771206068033418e+00 1.303642878762190449e+01 4.479809961399778899e+02 8.812270940809474951e+01
5.506096236210901225e+03 1.149998756181659054e+01 3.569652119102207255e+00 1.240996811126405674e+01 4.297684572608125677e+02 8.389723835078490310e+01
5.819081700225730856e+03 1.089890797578236992e+01 3.762140027519350394e+00 1.329559919487629216e+01 4.123061756940191458e+02 8.146800385235296460e+01
6.165061783494328665e+03 1.102345162532117406e+01 3.708731794331683318e+00 1.317254051446885832e+01 4.447082320449302415e+02 8.387988520437042439e+01
6.114599582475259012e+03 1.153337736696188642e+01 3.533049867069161465e+00 1.336742187152167993e+01 4.108611821181075356e+02 8.899338655214789640e+01
6.023793150581588634e+03 1.129885777887903409e+01 3.592931425818416180e+00 1.360006082468666655e+01 4.308085631023177484e+02 8.842218957205489005e+01
6.404039992211994104e+03 1.135476147453268148e+01 3.552822094787907226e+00 1.258820657927858910e+01 4.513079095384106267e+02 8.455088606534809514e+01
6.181663006392925126e+03 1.132811068299525914e+01 3.743971425645474138e+00 1.296198425224145190e+01 4.366843446577738064e+02 8.906785907696533400e+01
