-2.193166822824658135e-01 5.819501639086986700e+00 3.329143527428537030e+00 2.884711604005725682e+00 1.413794310991279417e+03 5.975804506797240947e+02
3.505097379015951020e+01 6.012728850829845761e+00 3.359355506700079985e+00 2.792914689142676821e+00 1.434423038346292969e+03 6.038910413382780007e+02
3.445087209886658997e+01 7.920754582712452141e+00 4.265246063514667618e+00 3.347161693587135556e+00 1.377720675558987296e+03 5.885786475267893820e+02
4.739658979026503260e+01 7.785544366638217362e+00 4.250077219220826485e+00 3.472078533183885707e+00 1.411189606611395675e+03 6.297351613071050451e+02
9.482295461166891926e+01 7.799497361328384670e+00 4.550070897569576722e+00 3.415422506008822801e+00 1.920841027520548892e+02 8.355957483574663058e+01
1.495575369325326278e+02 8.054484472393811600e+00 4.310520675724003326e+00 3.435783033112945084e+00 1.906938590132783702e+02 8.068989100420074578e+01
1.942434095992379355e+02 8.111587964274768581e+00 4.438790673442544410e+00 3.555585866428676134e+00 3.663821608783292163e+02 8.284883542743214946e+01
2.608441648979266461e+02 8.122992318150407343e+00 4.539367553970165226e+00 3.580358934737698284e+00 3.569974853129108396e+02 1.499065443833597442e+02
3.070042040988885219e+02 8.654796332262066016e+00 4.523826333285942525e+00 3.614883949805720587e+00 3.575492617484650282e+02 1.375749383760074807e+02
3.568682035576853195e+02 8.726391197934811217e+00 5.069127286344380146e+00 3.757508405344848867e+00 3.676277448922788835e+02 1.458459704994412789e+02
4.133323467094294301e+02 9.301467215007292566e+00 4.745614563631012750e+00 3.593206052221450619e+00 3.468034319142576578e+02 1.479737820473471004e+02
4.883094124354894348e+02 9.305855198620747615e+00 5.453802898091458573e+00 3.798632816469980078e+00 3.518413011053032164e+02 1.360671441452018371e+02
6.023681955799424941e+02 9.788396674837558820e+00 5.391091681551561265e+00 4.247593932801855487e+00 3.634937503277986366e+02 1.433717358430814386e+02
6.745325211676786239e+02 1.076224396579350184e+01 6.175238806423020144e+00 4.191672732937453461e+00 7.302056770818300038e+02 3.263496841643467974e+02
7.724274928387374075e+02 1.077900692292849172e+01 6.369475244974569073e+00 4.480851169380009935e+00 7.537960784181293548e+02 3.177766186439139346e+02
9.449068134500200813e+02 1.170875114468835676e+01 6.177804952116455084e+00 4.758229934882830747e+00 7.394239730559455666e+02 3.222252421826452178e+02
1.033917563056509380e+03 1.140287184469315562e+01 6.296013853919765424e+00 4.529055344506196512e+00 7.266448984906604665e+02 3.024638776430920188e+02
1.064522801832411687e+03 1.149385951973169462e+01 6.592230337314501476e+00 4.491771050297213463e+00 7.242689207731838223e+02 3.124363187443523771e+02
1.196912204784900723e+03 1.156977260470509172e+01 6.674843832589643533e+00 4.933728970179682705e+00 7.505669218355604926e+02 3.201679023452915089e+02
1.333714851082136192e+03 1.151348263854233878e+01 6.253573678803312497e+00 4.924750840391014073e+00 7.030183255490541114e+02 3.173515155672264996e+02
1.364139959214526698e+03 1.236066448053181865e+01 6.815187351352296474e+00 4.998781126792349205e+00 7.110966834442924664e+02 3.052349499625785256e+02
1.588181548928799430e+03 1.218815997302125886e+01 6.918367145882776903e+00 5.165427798207398169e+00 7.710247354608184196e+02 3.249236625947594348e+02
1.780702131158002658e+03 1.299050235540266485e+01 6.636990856563293129e+00 5.166597744623467214e+00 7.928069282713821622e+02 3.251313423280365100e+02
1.970631857692972972e+03 1.323438377407049593e+01 7.108578142831555091e+00 5.135656028665643191e+00 7.852313985431901529e+02 3.057353125367650932e+02
2.149061653198734348e+03 1.360543960606193004e+01 7.018794910063555825e+00 5.131921676202255256e+00 7.755312228314122649e+02 3.103981995715725475e+02
2.358758171070228400e+03 1.252785232784508729e+01 7.358947755217131181e+00 5.120425782836124817e+00 8.387380962622627294e+02 3.219505494707750586e+02
2.629896958202968563e+03 1.366490419765385589e+01 7.240173371964526261e+00 5.298559469874019712e+00 8.083046329117520372e+02 3.240512266711905340e+02
2.726419848148087567e+03 1.332049651579609773e+01 7.221404766829837563e+00 5.717885603142343065e+00 7.633332559924690486e+02 2.971411561904885730e+02
2.786471003653281514e+03 1.346555367233873213e+01 7.518850610687726643e+00 5.746336608140835800e+00 8.126144419188032089e+02 3.262721016578190074e+02
2.839790834852849912e+03 7.899141939343677699e+00 0.000000000000000000e+00 1.003368293679518253e+01 8.375181975302426736e+02 3.197181537297940963e+02
2.975751405609072663e+03 8.499501600534419055e+00 0.000000000000000000e+00 1.014563406237592957e+01 5.818341022475696082e+04 0.000000000000000000e+00
2.931021787858258904e+03 8.136183327998130821e+00 0.000000000000000000e+00 1.006276367747951639e+01 5.808943910860187316e+04 0.000000000000000000e+00
3.091243787666913249e+03 8.188094195488147875e+00 0.000000000000000000e+00 1.076049718441640479e+01 5.863319907774782041e+04 0.000000000000000000e+00
3.357781607740233085e+03 8.916186440596085561e+00 0.000000000000000000e+00 1.038948562149987254e+01 5.848310575859381061e+04 0.000000000000000000e+00
3.507150354056852393e+03 8.653185682583206528e+00 0.000000000000000000e+00 1.074574710736162864e+01 5.598196675281355419e+04 0.000000000000000000e+00
3.563386568922141123e+03 8.875242359283653570e+00 0.000000000000000000e+00 1.064117277575843623e+01 6.031974052894570195e+04 0.000000000000000000e+00
3.737162146143050450e+03 8.713948681104005445e+00 0.000000000000000000e+00 1.113477402976358022e+01 5.990683532544038462e+04 0.000000000000000000e+00
3.570858883469401007e+03 8.873123985465314334e+00 0.000000000000000000e+00 1.073796289794330860e+01 5.638267335029815877e+04 0.000000000000000000e+00
3.847152397241573453e+03 8.864662241947488752e+00 0.000000000000000000e+00 1.079448183117686710e+01 5.587223889058527129e+04 0.000000000000000000e+00
3.746419147528681151e+03 9.731961105757839903e+00 0.000000000000000000e+00 1.079760583303335508e+01 5.597383395958613983e+04 0.000000000000000000e+00
3.808325334164780088e+03 9.524995682056138335e+00 0.000000000000000000e+00 1.121740556494143704e+01 6.041156921949458774e+04 0.000000000000000000e+00
3.906979430089146717e+03 9.802432097085661766e+00 0.000000000000000000e+00 1.144560430837812959e+01 5.903110651056117058e+04 0.000000000000000000e+00
4.166616303323794455e+03 9.775525054921907042e+00 0.000000000000000000e+00 1.154918704702108379e+01 5.612698967400823312e+04 0.000000000000000000e+00
4.100606301027197333e+03 9.882226229276989571e+00 0.000000000000000000e+00 1.142960497326625280e+01 5.936184215651774866e+04 0.000000000000000000e+00
4.196058259878916942e+03 9.798758152964863299e+00 0.000000000000000000e+00 1.216051042762775403e+01 5.962653606574260630e+04 0.000000000000000000e+00
4.331499771064964079e+03 9.715076034706335406e+00 0.000000000000000000e+00 1.191584803518047231e+01 5.891713932181635028e+04 0.000000000000000000e+00
4.380517802990779273e+03 1.019539122623695526e+01 0.000000000000000000e+00 1.218395783086934614e+01 5.901418323254481220e+04 0.000000000000000000e+00
4.713171103769019282e+03 1.040264425284087579e+01 0.000000000000000000e+00 1.156956928227053005e+01 5.604840520710088458e+04 0.000000000000000000e+00
4.892964825692391969e+03 9.827812685663033676e+00 0.000000000000000000e+00 1.151460754292113364e+01 5.630817703040094057e+04 0.000000000000000000e+00
5.058800988610092645e+03 9.953273046143833014e+00 0.000000000000000000e+00 1.184910775906801028e+01 5.929302191643942206e+04 0.000000000000000000e+00
4.985487372062118084e+03 1.024966942446208762e+01 0.000000000000000000e+00 1.159782457233435871e+01 5.662351519789930899e+04 0.000000000000000000e+00
5.140169211998136234e+03 1.001449985531012921e+01 0.000000000000000000e+00 1.245025645990114604e+01 5.876864573487818416e+04 0.000000000000000000e+00
5.326630368584893404e+03 9.920807621234287055e+00 0.000000000000000000e+00 1.205817666618735551e+01 5.686821906146139372e+04 0.000000000000000000e+00
4.991665856177485693e+03 1.073710539268409292e+01 3.620625832137044586e+00 1.234863153440634953e+01 4.520721829582730038e+02 8.522072988333532351e+01
5.375886161067744069e+03 1.093015905294168633e+01 3.618736871846038650e+00 1.280995612819531715e+01 4.586436892536338519e+02 8.782569934744829254e+01
5.300914524511439595e+03 1.065436998995736317e+01 3.585051161245373930e+00 1.236307582862238341e+01 4.300096711680757267e+02 8.286751752823273875e+01
5.379540090233179399e+03 1.063155038680456421e+01 3.599420463942024195e+00 1.285694986819128083e+01 4.380342053391141235e+02 8.802715931782812220e+01
5.456640385061637062e+03 1.079297569059672846e+01 3.408298044924285897e+00 1.330398658993288130e+01 4.509177408571786714e+02 8.127311522324113469e+01
5.691121273096524419e+03 1.088557177730467274e+01 3.655981392039786115e+00 1.261211732230530380e+01 4.387952714550875726e+02 8.297950620125310195e+01
5.919953369353000198e+03 1.141599020027726397e+01 3.461298543684047768e+00 1.311465276554398507e+01 4.200966951869889954e+02 8.850186256845935873e+01
5.800513992495005368e+03 1.083132055842355435e+01 3.588737241367786268e+00 1.287171855881666893e+01 4.464670199243498701e+02 8.763737929928403503e+01
5.606110739646082948e+03 1.080459544855079201e+01 3.608703341422491828e+00 1.313527801222256741e+01 4.273331845576924479e+02 8.516333412613286669e+01
6.258174484293399473e+03 1.160450954310677574e+01 3.741146141075275100e+00 1.338248545422222158e+01 4.440618096691239884e+02 8.576359993902333656e+01
6.217104126949988313e+03 1.157770365526295109e+01 3.749320907045830431e+00 1.351363517642743695e+01 4.490046498435708031e+02 8.260920802697843612e+01
6.297099357995594801e+03 1.168248218420944262e+01 3.540552583602655012e+00 1.327177018996448687e+01 4.254382346631850851e+02 8.269574190304497563e+01
6.002688582442490770e+03 1.080115104164557849e+01 3.817329619662582108e+00 1.332229298176720000e+01 4.468891429929877290e+02 8.808095188973454981e+01
6.462761672118507704e+03 1.181482841601227385e+01 3.541327798541336058e+00 1.246985988560963143e+01 4.193833037430339914e+02 8.175258996878487494e+01
