-9.127779243668643350e-02 5.926100416830834661e+00 3.506886807420462659e+00 2.668888889852965018e+00 1.385447890315736686e+03 5.882935279624296072e+02
3.231467706396947648e+01 5.704389464176546021e+00 3.387882607190835227e+00 2.853943051956303822e+00 1.452072061124173615e+03 6.160171836442007134e+02
3.170532511568806200e+01 7.563348077424273619e+00 4.404694438409483048e+00 3.323787820207607435e+00 1.431169310072268217e+03 5.893996774926654325e+02
5.198565557129705894e+01 7.418984756322736906e+00 4.517900022122560699e+00 3.284096851070559264e+00 1.412215555231269263e+03 6.128217491616424013e+02
1.047573794067930635e+02 8.185746065438548769e+00 4.443196616465064253e+00 3.432520513760692005e+00 1.979261632515455744e+02 7.977412337115711694e+01
1.562755936085665667e+02 8.344001488831933599e+00 4.410148877076220053e+00 3.430039640179633142e+00 2.048014430155797925e+02 7.726994301933592624e+01
1.967232415892687243e+02 8.127337570665096322e+00 4.819917962205308548e+00 3.364673130733609074e+00 3.429243125737701803e+02 8.391317044252593860e+01
2.606806704677219955e+02 8.419870248611449171e+00 4.805634506212770773e+00 3.650646429596609899e+00 3.743473188894098485e+02 1.489635176537515804e+02
2.964407809608986213e+02 9.006559254665102543e+00 4.753805782565376781e+00 3.445855649145898258e+00 3.544974547493168870e+02 1.440156246945990688e+02
3.663473900517137167e+02 8.355108906297923355e+00 5.092357302663046426e+00 3.659888250066878346e+00 3.739110915677161984e+02 1.372843727074259732e+02
4.083438399540789874e+02 9.351417156874289205e+00 4.947559419687161508e+00 3.510436263863606410e+00 3.537694643102154259e+02 1.496880890238718962e+02
5.074620074257948090e+02 9.882804356318159122e+00 5.479040051797325006e+00 4.038362868205893186e+00 3.744637353339352330e+02 1.372116986307949276e+02
6.139122387341652711e+02 1.042238990955084432e+01 5.835848687255946743e+00 3.964115185853283041e+00 3.442308786167751009e+02 1.487669590966231112e+02
6.628962685748906551e+02 1.108292493729518569e+01 6.034977636901566633e+00 4.329536657399513544e+00 7.140980904499016333e+02 3.215455606096642214e+02
7.914883777993173908e+02 1.128574500075579046e+01 6.254280288011817568e+00 4.507250243194347306e+00 7.617427413444012245e+02 3.169664334288928558e+02
8.716846185085572642e+02 1.162355941398262615e+01 6.321617516819426186e+00 4.650327723595436780e+00 7.090951634967727841e+02 3.247119290031374135e+02
1.002678663204537202e+03 1.171362204044680055e+01 6.515327425385826210e+00 4.791699779453914232e+00 7.283633509580167811e+02 3.260163036246249817e+02
1.080211956703090209e+03 1.199874345863498704e+01 6.601381007876092610e+00 4.727997838028900723e+00 7.138002997377365091e+02 3.099904807001462359e+02
1.232270876675459931e+03 1.221103401111414932e+01 6.809027670563975398e+00 4.610717513103845810e+00 7.622744352685054992e+02 3.032135828112465674e+02
1.265298055188245826e+03 1.146903966858853074e+01 6.683582913932191616e+00 4.928897736417879649e+00 7.674322636669309077e+02 3.122891923293101968e+02
1.431527095918473833e+03 1.159155702472980565e+01 6.846450276642853439e+00 4.769585124941642995e+00 7.462094841324112622e+02 3.125226409287528782e+02
1.592229020586653405e+03 1.210719502419914662e+01 6.921111875360717924e+00 5.075355874123794742e+00 7.567158043121343098e+02 3.161568635785352512e+02
1.779296227838759705e+03 1.252895246218825420e+01 6.491468165983079075e+00 5.339548970384273119e+00 8.328301736447556323e+02 3.112126833502107957e+02
1.933299423960467720e+03 1.325933603807131433e+01 7.014316272872560099e+00 5.328261050071293248e+00 8.363027669023505268e+02 3.033880326249872610e+02
2.196040960499300581e+03 1.277392027025265975e+01 6.895165739139072159e+00 5.497477984472117996e+00 8.188951744444800624e+02 3.074168917638476159e+02
2.403075241709844704e+03 1.266253119882895817e+01 6.803712272796687444e+00 5.108708605410366310e+00 7.651205187717803256e+02 3.027720490225337926e+02
2.691650385733961230e+03 1.340119741006424192e+01 7.422275082478272168e+00 5.332609129058116793e+00 7.898846580281505112e+02 3.260485542311598124e+02
2.576302268040103627e+03 1.339553928857594656e+01 7.540631302322719165e+00 5.401245298658753136e+00 8.160822788894342921e+02 3.229045639781670616e+02
3.030372572661086451e+03 1.371925317827015078e+01 7.591225871073992160e+00 5.412888001413284300e+00 8.016834245569712039e+02 3.077616242777594948e+02
2.916021723121219566e+03 8.022198622610126506e+00 0.000000000000000000e+00 9.994993957082460412e+00 8.068547897591221272e+02 2.965117407643464276e+02
3.053019400926666549e+03 8.483867835169814242e+00 0.000000000000000000e+00 9.650345970199129653e+00 5.935572765902517131e+04 0.000000000000000000e+00
3.122397087685309998e+03 8.214936796851439738e+00 0.000000000000000000e+00 1.013150116864263950e+01 5.950174920305715932e+04 0.000000000000000000e+00
3.160784165326053426e+03 8.415134038770473168e+00 0.000000000000000000e+00 1.081990785758239326e+01 6.004237309217012080e+04 0.000000000000000000e+00
3.355262540398693091e+03 8.634867009294524109e+00 0.000000000000000000e+00 1.022442559627424963e+01 5.819381455223925877e+04 0.000000000000000000e+00
3.365905566084078146e+03 9.198849035176882794e+00 0.000000000000000000e+00 1.099368148909607790e+01 6.035515682200042647e+04 0.000000000000000000e+00
3.479861729942474540e+03 8.651908429091411890e+00 0.000000000000000000e+00 1.023864025062494676e+01 5.551448034747353086e+04 0.000000000000000000e+00
3.555700088221981787e+03 8.786174732415583222e+00 0.000000000000000000e+00 1.036989211289840718e+01 6.031472681508524693e+04 0.000000000000000000e+00
3.497664249206929981e+03 9.083338770398482254e+00 0.000000000000000000e+00 1.086551971240367642e+01 5.564178181541024242e+04 0.000000000000000000e+00
3.767178134420959395e+03 9.416750753911102834e+00 0.000000000000000000e+00 1.154649438363501801e+01 5.562839710330573143e+04 0.000000000000000000e+00
3.789479710162454012e+03 9.638237145446636234e+00 0.000000000000000000e+00 1.171195493338265692e+01 5.686858212412277499e+04 0.000000000000000000e+00
3.845774610895837213e+03 9.243296708648694349e+00 0.000000000000000000e+00 1.178272499333315082e+01 6.000035633245969802e+04 0.000000000000000000e+00
4.100674890048887391e+03 9.804584501006509356e+00 0.000000000000000000e+00 1.115596357103608938e+01 5.821800427412786667e+04 0.000000000000000000e+00
4.194981657963080579e+03 9.863505178623841019e+00 0.000000000000000000e+00 1.132523530322694150e+01 5.549886787625585566e+04 0.000000000000000000e+00
4.210894813068332041e+03 9.443225260388498299e+00 0.000000000000000000e+00 1.134431808085965976e+01 6.032835477903893479e+04 0.000000000000000000e+00
4.421780886516767168e+03 9.494751250129860765e+00 0.000000000000000000e+00 1.172489152155473668e+01 5.808032936333787802e+04 0.000000000000000000e+00
4.423904208375935923e+03 9.585562028793466638e+00 0.000000000000000000e+00 1.171176149214268669e+01 5.593003216426512518e+04 0.000000000000000000e+00
4.646683141942373368e+03 9.713679370524371137e+00 0.000000000000000000e+00 1.127298576951356068e+01 5.675601180715607188e+04 0.000000000000000000e+00
4.508734440204563725e+03 1.020493207471522545e+01 0.000000000000000000e+00 1.154554240875135918e+01 6.027977922461574781e+04 0.000000000000000000e+00
4.880793107854738992e+03 1.015154569851312694e+01 0.000000000000000000e+00 1.135518886265535343e+01 5.831405251859026612e+04 0.000000000000000000e+00
5.029874560210242635e+03 1.027060600854950145e+01 0.000000000000000000e+00 1.242839014806774145e+01 5.663777012011595798e+04 0.000000000000000000e+00
4.925011382249623239e+03 1.025154681496487719e+01 0.000000000000000000e+00 1.258416313787600771e+01 5.896896631028176489e+04 0.000000000000000000e+00
4.877835624510454181e+03 1.062708610672745380e+01 0.000000000000000000e+00 1.270352854661379105e+01 5.863123654363302194e+04 0.000000000000000000e+00
5.182898324431537731e+03 1.051104530625237210e+01 0.000000000000000000e+00 1.168193899252480961e+01 5.928659830535871151e+04 0.000000000000000000e+00
5.240673499520096811e+03 1.053443766674365101e+01 3.495688347045032174e+00 1.253807333546838443e+01 4.329117634442332019e+02 8.332144325731047729e+01
5.372137847696528297e+03 1.097520089296790857e+01 3.462971649946470443e+00 1.265432910820725887e+01 4.424449330448672981e+02 8.730243049172050007e+01
5.042608905655457420e+03 1.093134834595134031e+01 3.419487919464529568e+00 1.236346904532891244e+01 4.307062411428510131e+02 8.374935103414131277e+01
5.525561943723592776e+03 1.115324449028400977e+01 3.428598476141634155e+00 1.264630021018961870e+01 4.474734337606254826e+02 8.520530676892150268e+01
5.668966237217254275e+03 1.112640551210474626e+01 3.516277445485326059e+00 1.343542366272076904e+01 4.248023056305991076e+02 8.795774834783910023e+01
5.771560894558813743e+03 1.123950919087822697e+01 3.567708283424108284e+00 1.252830337552673434e+01 4.161862653309289044e+02 8.148561227304729471e+01
5.490313981388989305e+03 1.167373553850673851e+01 3.779243239425901901e+00 1.261277784216484932e+01 4.301031544083451763e+02 8.603869616707746104e+01
5.843554527365253307e+03 1.075362622609721974e+01 3.549071646816646108e+00 1.349271419146781881e+01 4.552738490802921660e+02 8.336948769464839870e+01
5.834593527464630824e+03 1.123259474478366648e+01 3.477679369312780100e+00 1.354314012095665731e+01 4.291410214958445977e+02 8.359170908979768910e+01
5.785577466777219342e+03 1.161125891841301971e+01 3.764900091276111471e+00 1.368753153514969512e+01 4.173507150868252893e+02 8.242557887953009299e+01
6.072878697615943565e+03 1.161767043756520934e+01 3.724023924425783783e+00 1.295905125565402471e+01 4.140221098637670707e+02 8.705854242275655963e+01
6.244156905254099001e+03 1.171533228069999311e+01 3.834493922679441891e+00 1.325930335816707206e+01 4.141696918609910654e+02 8.393023413989982373e+01
6.043589229259201602e+03 1.123965882785026693e+01 3.562385335972109601e+00 1.289944654267232060e+01 4.272249651328799587e+02 8.342964070674482002e+01
6.328528987557007895e+03 1.116073407411107432e+01 3.603217575361430836e+00 1.326096820337463100e+01 4.339471156344664564e+02 8.824123884439980259e+01
