4.823895664191060195e-01 5.737528598401725688e+00 3.184156048408317119e+00 2.661980630442931428e+00 1.348076571406547600e+03 6.220037565376300108e+02
3.100786771993322688e+01 5.682894712561445516e+00 3.217603850016284017e+00 2.746305790438985373e+00 1.453157765143273764e+03 5.735106201610412882e+02
3.312557828828392559e+01 7.604776958674611897e+00 4.490978293760594653e+00 3.190213537014062961e+00 1.344592751836237085e+03 6.281914652249921573e+02
4.884849464008365771e+01 7.979386196395665820e+00 4.435049064486262793e+00 3.338314453655358172e+00 1.440618893295054022e+03 5.902670713125651218e+02
1.037024960787434367e+02 7.602165125551509028e+00 4.669219307809690633e+00 3.494479817480140582e+00 1.932568704228546608e+02 8.229571202556826393e+01
1.557831921654791643e+02 8.156991017854709369e+00 4.318831107138078274e+00 3.369713357214067617e+00 2.024398116472196989e+02 7.745792423750143030e+01
1.900799280095759514e+02 8.053014833138256279e+00 4.487700203141848476e+00 3.499177811123456383e+00 3.755673947437566085e+02 8.244227550950326133e+01
2.522298156655368473e+02 8.160462609397546530e+00 4.806579721861782950e+00 3.442868142957193012e+00 3.767234719093914350e+02 1.369234748349788617e+02
3.025711524855637435e+02 8.676367463874443686e+00 4.575510733099439342e+00 3.500895294195115692e+00 3.778917961917394450e+02 1.372231652875150587e+02
3.498680711746333145e+02 8.946408121287046100e+00 5.012424854515677097e+00 3.667562533473072595e+00 3.635454181810953287e+02 1.451184090324753697e+02
4.170337970219048884e+02 8.555470282084462141e+00 5.187408135398016817e+00 3.486784311485162213e+00 3.721033108731100469e+02 1.467231221027747665e+02
5.099071389080602899e+02 9.510808711612991573e+00 5.437777264731791682e+00 4.004727994769018196e+00 3.760609616032021449e+02 1.488739355239953284e+02
5.804104006625501597e+02 1.019980576468682010e+01 5.923644937334022309e+00 4.006974830419606448e+00 3.508347378640355601e+02 1.388166052250074358e+02
6.909885846586724938e+02 1.117054813202219243e+01 6.119977990165446080e+00 4.365117922666681416e+00 7.193110252925152963e+02 3.178775927371817716e+02
7.974224471723729266e+02 1.097481324967517402e+01 5.948503277276125267e+00 4.581828018553190773e+00 7.567940462870529927e+02 3.075049333188514424e+02
8.771871338942424927e+02 1.153316834227980969e+01 6.191963597213168136e+00 4.535412174588281609e+00 7.736775775706656759e+02 3.231824047089418173e+02
1.050027357525738125e+03 1.136902763432535046e+01 6.459548840603842379e+00 4.756310865417249012e+00 7.374027714126141291e+02 3.159937825382652932e+02
1.060075034773176412e+03 1.116122398052788434e+01 6.108801698452007045e+00 4.539325082498116615e+00 7.730793184628258814e+02 3.248479140517886776e+02
1.240409139900378705e+03 1.126344476905906333e+01 6.226114856294430844e+00 4.983956335585764563e+00 7.152187359431205778e+02 2.983625138911368708e+02
1.319667687386923717e+03 1.231029235074126404e+01 6.263069491405900635e+00 4.806804806641895134e+00 7.039730769847230931e+02 3.022457729874581673e+02
1.392875702809697259e+03 1.249216182397684349e+01 6.417248130193215161e+00 4.885259032986615679e+00 7.224367810122494120e+02 3.050440158058030420e+02
1.607143662360091412e+03 1.252111613605216967e+01 6.705457206692670091e+00 4.809225323674509944e+00 7.334683328966308409e+02 3.258692795850704442e+02
1.830297698605932965e+03 1.310543112449751568e+01 6.715768797530016876e+00 4.920032307291648088e+00 8.249884729908835652e+02 3.044875544070857245e+02
2.053734426566594720e+03 1.229498251295223632e+01 6.701911720011323403e+00 5.088230235063351259e+00 8.234419769754410936e+02 3.019898748907670551e+02
2.117380730384073559e+03 1.253584149570908757e+01 6.886584725381442951e+00 5.386598704510896951e+00 8.014167639918620125e+02 3.075404861603500422e+02
2.245550636930094242e+03 1.303273134282072832e+01 6.920181913758407077e+00 5.602892347544339735e+00 8.151206350460249723e+02 3.037487513412904150e+02
2.654984685120105496e+03 1.347254222483614150e+01 7.239423067205530415e+00 5.374470557000019078e+00 8.307835327462381656e+02 3.218031735316843651e+02
2.727509104484475301e+03 1.403359781053205424e+01 7.310466975780206766e+00 5.478573645122909674e+00 8.148213404887751494e+02 2.983414356660517797e+02
2.897759883909162909e+03 1.358425776300797061e+01 7.073586117088367153e+00 5.714077108747319222e+00 8.334590697808737332e+02 3.096694928305528833e+02
2.793850131118470472e+03 8.370074598283048672e+00 0.000000000000000000e+00 9.732145652781968082e+00 8.357733558096603019e+02 3.268718936317827684e+02
2.902089920444936070e+03 8.530515623600971153e+00 0.000000000000000000e+00 1.016403288140299743e+01 5.774945599302601477e+04 0.000000000000000000e+00
3.028124528911979269e+03 8.240646763433121080e+00 0.000000000000000000e+00 1.026661859030178547e+01 5.820188824739854317e+04 0.000000000000000000e+00
3.055696445609656621e+03 8.800113668132610201e+00 0.000000000000000000e+00 9.897511687079816767e+00 5.497297775626462681e+04 0.000000000000000000e+00
3.417185024552642972e+03 8.880874440062990871e+00 0.000000000000000000e+00 1.040212740467482178e+01 5.783064141979942360e+04 0.000000000000000000e+00
3.362998956785242171e+03 8.997269702246615708e+00 0.000000000000000000e+00 1.028696047446507222e+01 5.802794143576227361e+04 0.000000000000000000e+00
3.595852349097945535e+03 8.622487104490668131e+00 0.000000000000000000e+00 1.041667276573394041e+01 5.503738487557212648e+04 0.000000000000000000e+00
3.483463482225380631e+03 9.028785043078354278e+00 0.000000000000000000e+00 1.048136935676802750e+01 5.778494018403045629e+04 0.000000000000000000e+00
3.684947310879315864e+03 9.483456694150433464e+00 0.000000000000000000e+00 1.136913837215840317e+01 5.544937448027580103e+04 0.000000000000000000e+00
3.878530054380700676e+03 9.576733367417091358e+00 0.000000000000000000e+00 1.079064036881932154e+01 5.900026764039995760e+04 0.000000000000000000e+00
3.945481669693585900e+03 9.151190942809224182e+00 0.000000000000000000e+00 1.104645894461527966e+01 5.876349521718353208e+04 0.000000000000000000e+00
4.065046931329701692e+03 9.512898942860472218e+00 0.000000000000000000e+00 1.111256245042636337e+01 5.853349627323840832e+04 0.000000000000000000e+00
4.192451294418152429e+03 9.482221747307805870e+00 0.000000000000000000e+00 1.090978912968336978e+01 5.968840387789095257e+04 0.000000000000000000e+00
4.355515798540494870e+03 9.661970285076879605e+00 0.000000000000000000e+00 1.182262857255102517e+01 5.948166495959305757e+04 0.000000000000000000e+00
4.293550094075217203e+03 9.579051265745620825e+00 0.000000000000000000e+00 1.214640129755146170e+01 5.687564505306719366e+04 0.000000000000000000e+00
4.474245720956584591e+03 1.016963031239863291e+01 0.000000000000000000e+00 1.176567412261936774e+01 5.711675922991285915e+04 0.000000000000000000e+00
4.563159874046858022e+03 1.015140613294166094e+01 0.000000000000000000e+00 1.139747918470846244e+01 5.892020146847033902e+04 0.000000000000000000e+00
4.586330153276275269e+03 9.572171704027946149e+00 0.000000000000000000e+00 1.154207814631162599e+01 5.608745009037020645e+04 0.000000000000000000e+00
4.750070746504318777e+03 1.034338486975237537e+01 0.000000000000000000e+00 1.144648665122099018e+01 6.003283295749219542e+04 0.000000000000000000e+00
4.630697804657146662e+03 1.027360889195905713e+01 0.000000000000000000e+00 1.193801367655646750e+01 5.876363748846879753e+04 0.000000000000000000e+00
4.898225450642354190e+03 9.769602961280696718e+00 0.000000000000000000e+00 1.152774880466866492e+01 5.714636507712053572e+04 0.000000000000000000e+00
4.826755470382329804e+03 1.068225981919593970e+01 0.000000000000000000e+00 1.246354639731455727e+01 6.026760726064256596e+04 0.000000000000000000e+00
5.286618326375652032e+03 1.015298991497322945e+01 0.000000000000000000e+00 1.204439333266308942e+01 5.706159976312806248e+04 0.000000000000000000e+00
4.934098725545415618e+03 1.029193859457356020e+01 0.000000000000000000e+00 1.226071841741512181e+01 6.053436159676130046e+04 0.000000000000000000e+00
5.192799010643211659e+03 1.086314263950178827e+01 3.353854372027470276e+00 1.332801089252206950e+01 4.494168613374051802e+02 8.910550321417562714e+01
5.311385876395956984e+03 1.108925145723937611e+01 3.528808175434248628e+00 1.306253476098688537e+01 4.300753316257511756e+02 8.689466153213294319e+01
5.203036753137183041e+03 1.132805302278959125e+01 3.438728800945943576e+00 1.335311008661813936e+01 4.394455396283282198e+02 8.512511990603424294e+01
5.508573736716643907e+03 1.090551151260473794e+01 3.423629479454783464e+00 1.226796974921868966e+01 4.407609671510459748e+02 8.723021983644174782e+01
5.653756934639565770e+03 1.089558228496712644e+01 3.490089235915371013e+00 1.300743065896591943e+01 4.222291210660880552e+02 8.123959186927127973e+01
5.802822135804847676e+03 1.127207382544759007e+01 3.647786949158877245e+00 1.328406206314015492e+01 4.237821421106920070e+02 8.574114043167330124e+01
5.594035213036451751e+03 1.164946448798591305e+01 3.600368150409497314e+00 1.303473294446014741e+01 4.355837667090695504e+02 8.273185127820656248e+01
6.023444711598760478e+03 1.156367495236316145e+01 3.722831161210726769e+00 1.244331390711555052e+01 4.414457532647332982e+02 8.079113977287525472e+01
5.984623335415886686e+03 1.092451410346185092e+01 3.599987023797385888e+00 1.353795953805400920e+01 4.468141570214668832e+02 8.442098393268095435e+01
6.255484827608932392e+03 1.130969120658712157e+01 3.726373605521303034e+00 1.333474929161261180e+01 4.237025834513313498e+02 8.185476930892390612e+01
6.183557602550742558e+03 1.141567714362798291e+01 3.592454358640361445e+00 1.311604131001412021e+01 4.239932723104508341e+02 8.802286849767561705e+01
5.868809132268294888e+03 1.073993161191319778e+01 3.576100725640501743e+00 1.318175149296658333e+01 4.295801949601421938e+02 8.237785918384894046e+01
6.249257284332023119e+03 1.099574172759676038e+01 3.798743017455090687e+00 1.265173754711356580e+01 4.276368585742542336e+02 8.144495830414706461e+01
6.614357047429914019e+03 1.126189235662029908e+01 3.776329705301226802e+00 1.275419883475038496e+01 4.233363935599939509e+02 8.787223823170259607e+01
