4.702253043745401317e-01 5.563189152397107762e+00 3.280844034109701379e+00 2.756587753649395900e+00 1.382263611470887781e+03 6.127812716578182517e+02
3.408581594743279197e+01 5.981563184005204370e+00 3.513305968003591850e+00 2.853315451904355982e+00 1.360546168305645551e+03 6.152461980771493018e+02
3.508382420754772824e+01 8.141382311399734562e+00 4.451528374625997486e+00 3.361074879975088692e+00 1.342078715100206409e+03 5.884734802178961672e+02
4.986941086039954740e+01 8.164266620306714017e+00 4.419729371881997437e+00 3.190070153984966073e+00 1.468811475092274577e+03 5.917727944947870355e+02
9.698076906771989059e+01 8.083700003880688101e+00 4.577846865806452392e+00 3.463379923336953770e+00 1.997533608893319581e+02 8.144933407766433220e+01
1.495980766692472912e+02 8.041722504575782082e+00 4.571140617799398953e+00 3.521636991803829275e+00 2.025799368432442122e+02 7.666720923984095748e+01
2.045796959434990470e+02 8.244649523502086907e+00 4.499775539592746121e+00 3.612506947522273304e+00 3.743707320934533413e+02 8.340073677712447875e+01
2.441017130871565826e+02 8.215114056240421903e+00 4.682729679615968088e+00 3.681852376649251468e+00 3.480864475561241420e+02 1.425913432089716366e+02
2.963137292271339902e+02 8.435448632366759014e+00 4.889759995251742097e+00 3.411619034548824647e+00 3.551550422860621552e+02 1.439019855616007533e+02
3.592140153413960775e+02 8.619936389461589243e+00 4.945970728702981489e+00 3.441195743119366490e+00 3.674015934136438091e+02 1.481569856222478734e+02
4.203774914374098444e+02 8.770130976596762551e+00 4.911419128860935679e+00 3.744650943720954750e+00 3.660802264721822326e+02 1.441436902983231221e+02
4.999588060574749875e+02 9.996123961547841219e+00 5.339538839574446527e+00 3.996454002208212231e+00 3.492084458328487244e+02 1.368760829011235671e+02
6.132023583457589666e+02 1.032542778777203019e+01 5.847610238426977247e+00 4.285849723593213589e+00 3.605782801172865675e+02 1.491031771763065876e+02
6.608454882840679829e+02 1.119695843135849955e+01 5.812523722005828120e+00 4.207057864336031905e+00 7.268617743070867618e+02 3.272912569090373722e+02
8.222322505622327071e+02 1.092459160958418707e+01 6.290231332222872673e+00 4.318096126985740746e+00 7.223755748136147758e+02 3.090267831465182553e+02
8.594675870754972493e+02 1.076865914907036448e+01 6.343062347681398983e+00 4.540350068407451367e+00 7.278618884059865195e+02 3.139607157865567046e+02
9.936644793057556626e+02 1.163071973769395662e+01 6.077292052995333371e+00 4.814000287598371841e+00 7.600171919871085038e+02 3.068545932036444128e+02
1.057856301428589404e+03 1.194171196097128096e+01 6.246184212137182890e+00 4.708608060498375991e+00 7.240067949301105727e+02 3.141762845873054175e+02
1.177352348605861607e+03 1.186937659236419762e+01 6.250807463139690157e+00 4.601450605426363083e+00 7.352382515028810985e+02 3.179680837178852926e+02
1.276745902398542512e+03 1.199700395836961242e+01 6.850383468815324228e+00 4.782309348715871877e+00 7.672955226872799130e+02 3.025090834450314219e+02
1.423583524804720355e+03 1.193852381468146362e+01 6.485940563250103708e+00 5.043913873567625217e+00 7.725727155690266272e+02 3.018402342295178187e+02
1.662316302662203725e+03 1.208706619621789358e+01 6.519461033896092772e+00 5.018296584816229533e+00 7.103860587708945786e+02 3.082750289963482260e+02
1.859171083453622487e+03 1.286689175324643131e+01 6.976703065763365075e+00 4.894539720411582806e+00 8.338818861243560150e+02 3.095025715869469423e+02
2.095351663859563814e+03 1.244302102823737677e+01 7.133462986491222679e+00 5.305549350483751425e+00 8.003610644569246233e+02 3.201589826904280471e+02
2.286238641336110959e+03 1.311655494396099719e+01 6.790869758850035076e+00 5.113242222338170606e+00 7.763213143788537991e+02 3.068853858934547247e+02
2.320599783559025582e+03 1.377819763127837938e+01 7.140365895861565448e+00 5.250366513878517161e+00 7.937768777691313744e+02 3.159738272866615603e+02
2.587000418901114699e+03 1.376279064307015965e+01 7.224862498778747977e+00 5.641355734204354988e+00 7.953493258713959904e+02 3.217011442770173062e+02
2.569942823205111836e+03 1.325953055006339376e+01 7.042539820814824658e+00 5.320206056785064419e+00 8.087911612846189655e+02 3.011239343375055455e+02
2.855875881181476416e+03 1.396424344236092097e+01 7.262700042876088169e+00 5.466677549591211438e+00 7.978446120368997754e+02 3.239089715162658649e+02
2.973930489438039331e+03 8.162795098769160873e+00 0.000000000000000000e+00 1.006179599931945745e+01 8.284165842437258789e+02 3.256512793921014577e+02
2.862730764986332360e+03 8.586897381319968048e+00 0.000000000000000000e+00 9.847528996369833365e+00 5.578636441098674550e+04 0.000000000000000000e+00
3.012511642219700661e+03 8.014085554336652706e+00 0.000000000000000000e+00 9.783435267464074769e+00 6.046972882464183931e+04 0.000000000000000000e+00
3.274175524072742064e+03 8.598574814031236357e+00 0.000000000000000000e+00 9.886635395874618482e+00 5.695215053494330641e+04 0.000000000000000000e+00
3.145523394499639835e+03 8.913508397681070505e+00 0.000000000000000000e+00 1.037018650621870108e+01 5.774486224790902634e+04 0.000000000000000000e+00
3.222868842672717619e+03 8.751926698277967986e+00 0.000000000000000000e+00 1.076582500162535005e+01 5.577187658807395928e+04 0.000000000000000000e+00
3.428111930707107604e+03 9.203540372682267545e+00 0.000000000000000000e+00 1.102100543328620752e+01 5.929344936249204329e+04 0.000000000000000000e+00
3.637637385241544507e+03 9.401739956674589394e+00 0.000000000000000000e+00 1.136556842079073704e+01 5.589532280279313272e+04 0.000000000000000000e+00
3.560199494068604054e+03 9.290568774548070508e+00 0.000000000000000000e+00 1.056190011066249035e+01 5.912021903631369059e+04 0.000000000000000000e+00
3.689361727158545818e+03 8.827373945423913071e+00 0.000000000000000000e+00 1.156522673503854648e+01 5.735778245852649707e+04 0.000000000000000000e+00
3.983151854421215830e+03 9.376839798802583559e+00 0.000000000000000000e+00 1.158731538774443237e+01 5.850528670936110575e+04 0.000000000000000000e+00
4.121047877449874250e+03 9.507023162575221065e+00 0.000000000000000000e+00 1.179572266169815720e+01 6.066273313966389105e+04 0.000000000000000000e+00
4.055508941089250129e+03 9.500597098017356856e+00 0.000000000000000000e+00 1.146872996455957860e+01 5.659969064887011336e+04 0.000000000000000000e+00
4.234256512774790281e+03 9.502555814763397279e+00 0.000000000000000000e+00 1.146416204465683641e+01 5.938428498130412481e+04 0.000000000000000000e+00
4.440413445758475063e+03 9.297317887316241425e+00 0.000000000000000000e+00 1.201525677917189938e+01 5.623947947189649858e+04 0.000000000000000000e+00
4.384802452514038123e+03 9.577581036697736749e+00 0.000000000000000000e+00 1.133127421414733149e+01 5.633747118749550282e+04 0.000000000000000000e+00
4.565461996256894963e+03 1.021942622491878616e+01 0.000000000000000000e+00 1.184097234442354285e+01 5.548656151300068450e+04 0.000000000000000000e+00
4.565446422793178499e+03 1.027583737843465705e+01 0.000000000000000000e+00 1.197321211069202640e+01 5.550607812644163641e+04 0.000000000000000000e+00
4.897453743176590251e+03 1.029388129192152945e+01 0.000000000000000000e+00 1.194285314908627882e+01 5.496343338830431458e+04 0.000000000000000000e+00
4.852859088513460847e+03 1.008057708078273151e+01 0.000000000000000000e+00 1.236863872314361679e+01 5.694546488963577576e+04 0.000000000000000000e+00
4.784397992007061475e+03 1.052136968223451419e+01 0.000000000000000000e+00 1.198763880021575190e+01 5.543075727518962958e+04 0.000000000000000000e+00
5.132070544272770348e+03 1.009964563190051656e+01 0.000000000000000000e+00 1.213375110798643064e+01 5.906648419789753098e+04 0.000000000000000000e+00
5.027816660098212196e+03 1.059066064303372379e+01 0.000000000000000000e+00 1.216927436682602348e+01 5.697165780055485084e+04 0.000000000000000000e+00
5.021544486000138022e+03 9.960831853060451380e+00 0.000000000000000000e+00 1.176752325997875737e+01 5.568299837665253290e+04 0.000000000000000000e+00
5.091187102991761094e+03 1.105208884530146385e+01 3.647972695806065424e+00 1.239783506570274163e+01 4.318001987401524957e+02 8.862428898572453306e+01
5.044426018249019762e+03 1.131261524015073761e+01 3.338040658402146921e+00 1.291559240597730174e+01 4.287081221961964275e+02 8.157715322533719871e+01
5.473071445388931352e+03 1.091472026810689400e+01 3.410094290159671360e+00 1.260776342410301076e+01 4.257154456656460297e+02 8.772014374038290896e+01
5.501893630394578395e+03 1.080358888349043234e+01 3.715113425451336049e+00 1.270107519604526303e+01 4.614581019232541621e+02 8.115906524940780287e+01
5.362822249230743182e+03 1.070644571773716436e+01 3.654267493586635496e+00 1.284771552511937465e+01 4.290705898406525307e+02 8.854404132627213642e+01
5.297489872792744791e+03 1.113502862810081240e+01 3.566291578793068684e+00 1.260792682807803899e+01 4.161888671216754005e+02 8.696090336993478331e+01
5.627203910948640441e+03 1.173662267977884355e+01 3.438877889752274264e+00 1.297383931925424072e+01 4.447652899812942451e+02 8.189329955331825772e+01
5.772438857220103273e+03 1.175532603806099985e+01 3.567825683411824045e+00 1.303903964329393084e+01 4.160418972168796472e+02 8.678545878189893870e+01
5.719381559487584127e+03 1.114317835232315090e+01 3.497371406138164662e+00 1.317867942842804041e+01 4.524257215262516070e+02 8.685225769022166276e+01
5.713744393508775829e+03 1.174835097168243969e+01 3.795750001512751659e+00 1.312328455977261754e+01 4.313929712372808467e+02 8.146519298081295801e+01
5.948464583721428426e+03 1.178051446915685752e+01 3.760170132676452504e+00 1.269693210308533793e+01 4.322640068245522116e+02 8.183017611545702152e+01
5.946066093777426431e+03 1.111968670471709686e+01 3.686127613533818348e+00 1.314291040743698247e+01 4.385332808300507850e+02 8.913553861594319017e+01
6.035257987478690666e+03 1.165508551434180973e+01 3.827584456711324190e+00 1.324586759787910317e+01 4.361970741924254185e+02 8.392393907405968889e+01
6.585473773200901633e+03 1.153255762290294761e+01 3.557121723592270524e+00 1.365333536557498917e+01 4.304659968623049622e+02 8.231422031539580075e+01
