2.000000000000000111e-01 3.686396683207627589e+00
1.000000000000000056e-01 3.762396683207627657e+00
5.000000000000000278e-02 4.060396683207627255e+00
3.333333333333333287e-02 4.292396683207627461e+00
2.000000000000000042e-02 4.412396683207627568e+00
1.250000000000000069e-02 4.462396683207627390e+00
1.000000000000000021e-02 4.482396683207627852e+00
6.666666666666667095e-03 4.552396683207627248e+00
5.000000000000000104e-03 4.684396683207627810e+00
4.000000000000000083e-03 4.852396683207627959e+00
3.333333333333333547e-03 5.014396683207627881e+00
