1.036990078882229493e-01 5.944739329724959553e+00 3.421971628844593383e+00 2.917737594333054130e+00 1.390418249294903035e+03 5.984955562546673491e+02
3.195831079420888088e+01 5.885751117198046778e+00 3.275098892933307582e+00 2.696867776174586950e+00 1.427756554184323932e+03 5.773915403497315992e+02
3.355157552302683399e+01 7.525970215140201702e+00 4.211076840186217751e+00 3.412441161853455807e+00 1.460100837498623378e+03 5.817612557128750268e+02
4.947517316289258815e+01 8.137263539051124539e+00 4.224363927422290388e+00 3.297763525400684514e+00 1.359641357261713210e+03 5.718869116091258320e+02
9.772186098500881712e+01 7.943377453218008810e+00 4.261076028043341068e+00 3.405490111400588216e+00 1.922242056136957444e+02 7.876192827310207178e+01
1.518068057843627514e+02 7.918037393020354031e+00 4.446129389641898300e+00 3.341012216881710017e+00 1.917560195473940325e+02 8.349506422438322772e+01
2.019645793481610667e+02 8.154855055480060955e+00 4.764420040516115229e+00 3.604661242189626691e+00 3.474981301758830341e+02 8.382167602401165141e+01
2.383930960120807470e+02 8.076654626498880774e+00 4.885183128074969794e+00 3.569887387301384774e+00 3.517405265046617160e+02 1.498259378696953377e+02
2.866052253248104762e+02 8.978007047884034364e+00 4.531001392272998807e+00 3.499464108343306901e+00 3.678918698155011384e+02 1.446024947227037103e+02
3.610425636530902693e+02 9.009514331041025059e+00 4.989121067167065604e+00 3.702686358472754957e+00 3.466829052513003830e+02 1.440744532687798198e+02
3.969360883578589210e+02 8.619305067828113565e+00 5.175047898063257712e+00 3.510438013717935846e+00 3.774649833904898060e+02 1.408657161919631449e+02
4.984185734445036928e+02 9.472580326066267986e+00 5.223177462492968104e+00 4.013386285424739519e+00 3.691633321073165348e+02 1.361555637571108264e+02
5.936001810580869460e+02 1.053728365789932830e+01 5.660504902501150681e+00 4.017695331623083455e+00 3.505085880405389958e+02 1.411571365199645243e+02
6.650483229288275879e+02 1.127649374390696480e+01 5.897066730047162864e+00 4.236062635594651127e+00 7.601543453587670456e+02 3.222112697739779037e+02
7.926231607594735351e+02 1.099813210819083942e+01 6.064173904035258467e+00 4.540994485523057733e+00 7.585643173773353283e+02 2.985355267504626795e+02
8.640262684690441120e+02 1.156757998521496233e+01 6.136347065353561447e+00 4.670150767683351134e+00 7.693744890090296167e+02 3.068371690261402023e+02
9.934355633364991718e+02 1.198408425203483851e+01 6.502196220121303938e+00 4.635048995075239375e+00 7.286326935600559409e+02 3.168338369176412925e+02
1.152123127939545611e+03 1.201374714943894517e+01 6.695909938391510607e+00 4.755540080319883067e+00 7.326491444331126104e+02 3.034550018809830476e+02
1.160723772039688583e+03 1.135361476474433573e+01 6.762985704313704716e+00 4.531416621959332147e+00 7.421117466917166894e+02 2.981417156978680509e+02
1.363966296514786563e+03 1.207128956394063479e+01 6.411808088226148783e+00 4.754465097406470164e+00 7.128016675139783729e+02 3.110644669224251402e+02
1.363006460723370537e+03 1.176096471287266887e+01 6.818249200788844000e+00 4.940230406744598568e+00 7.358784521589021779e+02 2.980729137959017407e+02
1.579097158033294818e+03 1.243441615748815110e+01 6.564338832376277466e+00 5.045612217671451738e+00 7.136510034665676585e+02 2.983742229715103349e+02
1.805911228680543900e+03 1.223266741924908807e+01 7.065059390967743269e+00 5.333012868785621308e+00 8.006020039583929702e+02 3.268950150445949703e+02
1.946944803892775099e+03 1.311754896570360174e+01 7.210190312389584300e+00 5.380010190887003496e+00 7.628897919133364667e+02 2.976070635213437185e+02
2.095322799911142283e+03 1.311229025027148865e+01 6.822549133996015591e+00 5.260255381950015519e+00 8.272874825888117130e+02 3.212766246001522177e+02
2.409333641900788734e+03 1.314881035154762934e+01 7.100740944216613393e+00 5.375088807636740462e+00 7.904880436464538889e+02 3.260572218378709977e+02
2.574652713551286524e+03 1.303624303890102354e+01 7.113160953055903235e+00 5.586343864779074408e+00 7.845838538663670079e+02 3.149635473700002990e+02
2.712908221695447082e+03 1.396960941209500184e+01 7.592751687138984629e+00 5.381878093742960445e+00 8.383089482837129935e+02 3.241293991763413374e+02
2.790511336047403802e+03 1.335254420948614218e+01 7.583774726415365208e+00 5.426748820945912932e+00 7.940791573488178301e+02 2.971351504442505416e+02
2.792945341584721064e+03 7.971600175607181704e+00 0.000000000000000000e+00 9.253443581466942902e+00 7.892993633276662422e+02 3.156162407486959296e+02
2.849608993649572312e+03 8.399847012341458807e+00 0.000000000000000000e+00 1.001602423033235034e+01 5.714022404213073605e+04 0.000000000000000000e+00
2.981584719499115636e+03 7.965019393925599545e+00 0.000000000000000000e+00 1.021902705629184638e+01 5.924052105213385948e+04 0.000000000000000000e+00
3.058032695680073175e+03 8.930991655023671427e+00 0.000000000000000000e+00 9.859406220647468189e+00 5.983658412934263470e+04 0.000000000000000000e+00
3.302992260771802648e+03 8.323287967476526106e+00 0.000000000000000000e+00 1.020581465680418631e+01 5.696430298544826655e+04 0.000000000000000000e+00
3.442733140548968549e+03 9.076079538930933666e+00 0.000000000000000000e+00 1.049609844857998553e+01 6.007717156173295371e+04 0.000000000000000000e+00
3.387224857570339736e+03 8.525263674053187302e+00 0.000000000000000000e+00 1.055961329271395144e+01 5.892822457985286019e+04 0.000000000000000000e+00
3.714512976327598153e+03 8.921751969916233094e+00 0.000000000000000000e+00 1.103829425457884561e+01 5.517343671505784005e+04 0.000000000000000000e+00
3.630724471192605506e+03 9.456946018967210321e+00 0.000000000000000000e+00 1.062459147735208020e+01 6.068519106763222226e+04 0.000000000000000000e+00
3.617545632442836904e+03 8.850110136999498778e+00 0.000000000000000000e+00 1.103679302594872347e+01 5.652076116888862452e+04 0.000000000000000000e+00
3.919759349979098715e+03 9.793431831227742634e+00 0.000000000000000000e+00 1.084844418619902839e+01 6.039927703563794057e+04 0.000000000000000000e+00
3.810846161119848603e+03 9.170992589010063867e+00 0.000000000000000000e+00 1.096371820492861282e+01 5.917733707960715401e+04 0.000000000000000000e+00
3.967528263250829241e+03 9.144425043956655230e+00 0.000000000000000000e+00 1.152274240208916289e+01 5.844446037898763461e+04 0.000000000000000000e+00
4.105531907198240333e+03 9.190333839879381017e+00 0.000000000000000000e+00 1.128391184586612717e+01 5.997383289485258865e+04 0.000000000000000000e+00
4.231097946239460725e+03 9.382968648818945212e+00 0.000000000000000000e+00 1.170384497842582228e+01 5.859418493726230372e+04 0.000000000000000000e+00
4.194506657573154371e+03 9.359044280694053697e+00 0.000000000000000000e+00 1.219313686352070647e+01 5.524565634999112081e+04 0.000000000000000000e+00
4.683853244639863078e+03 9.955265949847929008e+00 0.000000000000000000e+00 1.193917770655646571e+01 5.959577581865888351e+04 0.000000000000000000e+00
4.531078253393546220e+03 9.968780137590105284e+00 0.000000000000000000e+00 1.133897778548749358e+01 5.940762519405800413e+04 0.000000000000000000e+00
4.472772962429983636e+03 9.975367252810027452e+00 0.000000000000000000e+00 1.152937359257889050e+01 5.666881870603225980e+04 0.000000000000000000e+00
4.669647187433117324e+03 9.966911106244690899e+00 0.000000000000000000e+00 1.202844476643931593e+01 6.046725221969420818e+04 0.000000000000000000e+00
4.913567964920473059e+03 1.019669914712924452e+01 0.000000000000000000e+00 1.250199805567420519e+01 5.723172051867638220e+04 0.000000000000000000e+00
5.062503310469336611e+03 1.072442514359378940e+01 0.000000000000000000e+00 1.242896684430398935e+01 5.638393836463706248e+04 0.000000000000000000e+00
5.000368353253165878e+03 1.020032526420011010e+01 0.000000000000000000e+00 1.210876391345475334e+01 5.735363730594667140e+04 0.000000000000000000e+00
5.007191654551116699e+03 1.067149477965752347e+01 0.000000000000000000e+00 1.262509404669108370e+01 5.828310881345439702e+04 0.000000000000000000e+00
5.120746275667896953e+03 1.108519333704560417e+01 3.581008358318856999e+00 1.284714338857941840e+01 4.472603513549156560e+02 8.717824698367935810e+01
5.214669811736678639e+03 1.108441676062892611e+01 3.588088649897583693e+00 1.230531505818328242e+01 4.372248392962312096e+02 8.546786026511864520e+01
5.068531636372013054e+03 1.088182908880175503e+01 3.606320532943484647e+00 1.325049587439877108e+01 4.496443829032415920e+02 8.514950100179494541e+01
5.423063109074318163e+03 1.061729639014254012e+01 3.475942367761200025e+00 1.346980916632699277e+01 4.510885524061429237e+02 8.360945049122622663e+01
5.739428190879683825e+03 1.109042864780625415e+01 3.545794171488231061e+00 1.335605544000828182e+01 4.313432125101704173e+02 8.490854260095566985e+01
5.800464355216896365e+03 1.073417768396989835e+01 3.559041450036924736e+00 1.355816865928835213e+01 4.377273410531180957e+02 8.733492599776784004e+01
5.596112381079618899e+03 1.129805196018304692e+01 3.709273110420729047e+00 1.309596315513240938e+01 4.512122706793759903e+02 8.348417013650929164e+01
5.937952508300615591e+03 1.108836767513889754e+01 3.713192560671421560e+00 1.342693741368714022e+01 4.288373115133958891e+02 8.801651461583371372e+01
5.585716642295031306e+03 1.109706393217766518e+01 3.648842285902135441e+00 1.238556354867822407e+01 4.270822669207551598e+02 8.818162100420407512e+01
6.214979488144947027e+03 1.121450291309781733e+01 3.552795209194978820e+00 1.287854634679278298e+01 4.108200010046078319e+02 8.747772397179069515e+01
6.117006138522455331e+03 1.173570601765903376e+01 3.519340560176543953e+00 1.337155729808159244e+01 4.327389452795167131e+02 8.478278553391793082e+01
6.293647174057307893e+03 1.071790976411300633e+01 3.817707314434752863e+00 1.329359943112412701e+01 4.433879758609762689e+02 8.699664813427880006e+01
6.314301434234116641e+03 1.138795390291316600e+01 3.586423112169091265e+00 1.320918853403679805e+01 4.306457329918251276e+02 8.766296088333889713e+01
6.437734388994470464e+03 1.098479630220758096e+01 3.620341497337423053e+00 1.341549685948372961e+01 4.160407210982073707e+02 8.722498257420843970e+01
