2.158503462747085599e-01 5.890031360994931298e+00 3.212247167722532382e+00 2.875147326980112883e+00 1.345256063799365847e+03 6.106564220110959695e+02
3.163479903270903293e+01 5.787347026548860462e+00 3.282128933954427286e+00 2.679463061369462551e+00 1.392727377631143781e+03 6.156549536221077688e+02
3.419312498662142730e+01 7.541321225268857731e+00 4.293897294273015142e+00 3.285509527583774236e+00 1.405947602976323651e+03 6.131336924754507436e+02
5.089085554998639793e+01 7.985702307143141887e+00 4.282048618520751582e+00 3.289103077565129762e+00 1.363572824549558845e+03 6.149557826094427355e+02
1.025115334695063467e+02 8.003917576256547761e+00 4.578767613816173032e+00 3.244223019456764501e+00 1.949429068924771400e+02 7.873335031264078054e+01
1.522242271162826341e+02 7.898920041320463881e+00 4.623806884299786368e+00 3.383586611772273045e+00 2.086250652207621954e+02 7.746283483781981261e+01
1.944215651973188130e+02 8.084771394001105449e+00 4.427449023165212161e+00 3.573975419816886046e+00 3.776762951035760238e+02 8.305374598726855595e+01
2.386944917804788702e+02 8.631414249916380399e+00 4.680592285071509373e+00 3.472637163845260666e+00 3.734648010842563508e+02 1.481916997241760043e+02
2.954985174909378998e+02 8.441817604698213628e+00 4.695757338938132186e+00 3.421281353784740631e+00 3.584674441359052821e+02 1.494917556031809056e+02
3.433398064557156317e+02 8.467570502945239497e+00 4.990087350979341529e+00 3.454979199577065341e+00 3.541233072065764986e+02 1.398726105689140127e+02
4.200196924052309555e+02 8.608489148498389198e+00 5.127981026896431871e+00 3.516226007344636528e+00 3.744433229496891045e+02 1.423479827614318651e+02
5.139741407445362711e+02 9.407246422387213869e+00 5.083740457303045801e+00 3.905608871104264690e+00 3.532563409622025006e+02 1.421580463607702995e+02
6.280476230285544261e+02 9.928006669708684839e+00 5.590470428264384672e+00 4.276472066926330307e+00 3.722304544725534470e+02 1.458681927118176986e+02
6.963692323988461794e+02 1.068996361216052193e+01 5.880694259322758022e+00 4.150163499650703969e+00 7.662832451104411575e+02 3.179039963827543716e+02
8.285356735064294753e+02 1.122854871533249010e+01 5.905330214958338431e+00 4.432629584712058701e+00 7.362426605871418133e+02 2.996280453456874397e+02
8.666046784486339902e+02 1.098988561109642070e+01 5.979271432973281897e+00 4.501952667430987098e+00 7.283257289994945722e+02 2.971547137091615696e+02
1.025964434671255503e+03 1.113549170857508663e+01 6.366532869854577115e+00 4.732385648964423375e+00 7.645769004817047971e+02 3.024859558577167604e+02
1.129858235091215874e+03 1.165700871571055686e+01 6.270698832987025462e+00 4.905823098811599614e+00 7.300105453044856176e+02 3.124776173957590117e+02
1.256725498451593921e+03 1.175538162303841183e+01 6.187319337505251760e+00 4.853596282337375278e+00 7.110433291988281326e+02 3.168949079103651911e+02
1.242231506623589667e+03 1.205671838262139239e+01 6.443557098409468331e+00 4.830534694420389741e+00 7.726889156834839696e+02 3.069024867889189636e+02
1.386688197203889558e+03 1.146761661599261828e+01 6.599548905168965085e+00 5.016258304228442100e+00 7.273885464922940400e+02 3.029399864036792565e+02
1.675724103482035616e+03 1.171077602281257590e+01 6.786875550746575669e+00 4.895044561298223407e+00 7.375461141283411735e+02 3.218159359228679932e+02
1.728384833895456040e+03 1.309670844629835607e+01 6.765238643204150470e+00 5.106545835562333657e+00 8.018389880515579762e+02 2.999547981122969986e+02
2.062910338855417194e+03 1.267979450993142621e+01 7.085501079167496385e+00 5.022815237631421681e+00 7.712076953563420147e+02 3.125543090020250929e+02
2.126546914291956909e+03 1.272494804136325897e+01 7.109036434580382036e+00 5.524397192135277912e+00 7.762799782946092364e+02 3.273449255163152429e+02
2.265272074488423186e+03 1.328569727028080827e+01 6.919929172928887873e+00 5.174725327144803266e+00 7.610511862043379097e+02 3.101459730079106407e+02
2.705347160357698158e+03 1.318359250173867103e+01 7.355327357291700174e+00 5.562113114760402155e+00 7.793742931021513414e+02 3.148632103352314289e+02
2.532926806736097205e+03 1.406778699541870914e+01 7.346061790795461732e+00 5.447431258083011762e+00 7.819009838736792517e+02 3.270107664372146132e+02
3.039773764640636728e+03 1.418621406192145074e+01 7.529326339286078529e+00 5.579219432093518449e+00 8.201763596831430050e+02 3.129443673079005066e+02
2.843013303015472957e+03 8.328582665213513536e+00 0.000000000000000000e+00 1.003652263742169737e+01 8.246165747043104375e+02 3.081773619701544362e+02
2.834242982982871126e+03 8.183365304895179548e+00 0.000000000000000000e+00 1.027491685829574131e+01 5.814835283917123161e+04 0.000000000000000000e+00
2.995573088015714802e+03 8.086124444441999515e+00 0.000000000000000000e+00 1.029354630339077126e+01 5.947394812464693678e+04 0.000000000000000000e+00
3.143909497119750540e+03 8.708668407277041723e+00 0.000000000000000000e+00 1.067570853859043822e+01 6.006157000844729919e+04 0.000000000000000000e+00
3.264463906862016302e+03 8.609512977394370381e+00 0.000000000000000000e+00 1.088611371702849517e+01 5.645506131168198044e+04 0.000000000000000000e+00
3.405599285286526538e+03 8.542352008754933834e+00 0.000000000000000000e+00 1.041413185025221644e+01 5.597157126461379812e+04 0.000000000000000000e+00
3.351815853812227033e+03 8.825028934121107227e+00 0.000000000000000000e+00 1.019962030509463702e+01 6.017200248918110447e+04 0.000000000000000000e+00
3.654527390343254410e+03 9.101141337557901778e+00 0.000000000000000000e+00 1.098375292248348067e+01 5.745228325342262542e+04 0.000000000000000000e+00
3.593484241113089411e+03 9.028515907910753313e+00 0.000000000000000000e+00 1.123524946528230295e+01 5.991831588807449589e+04 0.000000000000000000e+00
3.928863345575940002e+03 8.905511695659338756e+00 0.000000000000000000e+00 1.063512209525161367e+01 5.830065974649841519e+04 0.000000000000000000e+00
3.817194377533893203e+03 9.238923379792874258e+00 0.000000000000000000e+00 1.111493299088161102e+01 5.846381378144030896e+04 0.000000000000000000e+00
3.835767748266198396e+03 9.514622708387600269e+00 0.000000000000000000e+00 1.146252687993214714e+01 5.646449282312247669e+04 0.000000000000000000e+00
3.920553914582520974e+03 9.428630728609656231e+00 0.000000000000000000e+00 1.127017504600698672e+01 5.878782486328017694e+04 0.000000000000000000e+00
4.304949346667061036e+03 9.866327358089003852e+00 0.000000000000000000e+00 1.186190465310595066e+01 5.712390595454261347e+04 0.000000000000000000e+00
4.333746176761061179e+03 9.831436365136001498e+00 0.000000000000000000e+00 1.185261397237862901e+01 5.643603342986741336e+04 0.000000000000000000e+00
4.584099435920137694e+03 1.021402340215274407e+01 0.000000000000000000e+00 1.174967205689070404e+01 5.945867001379997237e+04 0.000000000000000000e+00
4.354246835565180845e+03 9.564832044751360840e+00 0.000000000000000000e+00 1.124419060136642656e+01 5.638408750424396567e+04 0.000000000000000000e+00
4.791414370296540255e+03 1.043545184328343467e+01 0.000000000000000000e+00 1.230911963165001310e+01 6.016837557690433459e+04 0.000000000000000000e+00
4.516975656369701937e+03 1.055102175672404563e+01 0.000000000000000000e+00 1.154618432320187793e+01 6.005113846642266435e+04 0.000000000000000000e+00
4.638304014783382627e+03 1.050813092316017716e+01 0.000000000000000000e+00 1.147233501343099249e+01 5.956434052111616620e+04 0.000000000000000000e+00
5.043014303860217296e+03 9.748999888685808912e+00 0.000000000000000000e+00 1.242395727978929010e+01 5.872799993456741504e+04 0.000000000000000000e+00
4.860199842463657660e+03 1.048758564447205366e+01 0.000000000000000000e+00 1.229070109203590988e+01 6.015804363271802140e+04 0.000000000000000000e+00
5.133821795741464484e+03 1.032277691084976468e+01 0.000000000000000000e+00 1.230127209815304035e+01 5.600745254289867444e+04 0.000000000000000000e+00
4.931851957181556827e+03 1.065046091099567604e+01 0.000000000000000000e+00 1.252680214509584111e+01 6.027647812707696721e+04 0.000000000000000000e+00
5.152569160604751232e+03 1.129584905159733665e+01 3.654089640914307768e+00 1.229803284553986131e+01 4.440004533772992090e+02 8.641161696157061556e+01
5.154184960638377561e+03 1.075133445224002493e+01 3.637656270076794929e+00 1.256685548802161811e+01 4.533219280782987539e+02 8.162507461533667197e+01
5.415095379405807762e+03 1.096941951133512383e+01 3.680993321438378096e+00 1.301687619376981964e+01 4.356463136345899443e+02 8.677404360512240089e+01
5.390585600669379346e+03 1.122440557395911931e+01 3.735403498003658118e+00 1.339276079887717508e+01 4.289708944049440902e+02 8.254811154770301584e+01
5.336739878122442860e+03 1.151109132905585319e+01 3.507483739909780684e+00 1.261480796190751441e+01 4.287356203023393277e+02 8.408267034007560881e+01
5.443866784633275529e+03 1.113682456154861988e+01 3.655073523054903184e+00 1.265474506318403236e+01 4.305589155669258048e+02 8.671772059649181585e+01
5.780829125473937893e+03 1.088450771752710189e+01 3.654378462634823688e+00 1.281387234474582471e+01 4.391657065539459950e+02 8.881957042626098087e+01
5.638568815766204352e+03 1.169194737494903968e+01 3.487162975249622932e+00 1.344922004154361694e+01 4.315952101133582914e+02 8.245684228779968805e+01
5.906249982204131811e+03 1.081169724533553023e+01 3.544011817043581480e+00 1.253181840803264002e+01 4.373042739047605778e+02 8.114018607190884325e+01
5.807053094820375918e+03 1.103400341754073644e+01 3.804914585255462001e+00 1.302777552152033280e+01 4.339382744286755837e+02 8.860620491941479315e+01
5.912159142808667639e+03 1.097005405860330818e+01 3.561528247515808321e+00 1.262485925703068901e+01 4.415155710985970359e+02 8.196889352262937223e+01
5.885069924911998896e+03 1.075941624449036205e+01 3.807932784739789245e+00 1.277239513914745572e+01 4.381617946970997650e+02 8.630633227977708088e+01
6.155349428029062437e+03 1.117460425462567741e+01 3.648656991252156701e+00 1.292940973968603835e+01 4.232759609457530132e+02 8.599122664497801338e+01
6.624996617387554579e+03 1.077554517098368869e+01 3.715868362938733682e+00 1.337036703708857210e+01 4.406912630224441614e+02 8.367729830501836830e+01
