2.000000000000000111e-01 3.285730420597134938e+00
1.000000000000000056e-01 3.373730420597135016e+00
5.000000000000000278e-02 3.721730420597134881e+00
3.333333333333333287e-02 3.955730420597134867e+00
2.000000000000000042e-02 4.099730420597134994e+00
1.250000000000000069e-02 4.201730420597135307e+00
1.000000000000000021e-02 4.251730420597135129e+00
6.666666666666667095e-03 4.365730420597135009e+00
5.000000000000000104e-03 4.487730420597134895e+00
4.000000000000000083e-03 4.627730420597135463e+00
3.333333333333333547e-03 4.771730420597134703e+00
