2.888747399988625952e-01 5.672773272371737008e+00 3.219915942854719049e+00 2.678594178335879761e+00 1.414064638643305670e+03 5.975833612184161439e+02
3.478931233801259282e+01 5.905886680464841554e+00 3.337000945858135115e+00 2.765750777159404983e+00 1.392948719830539630e+03 5.844631004391462739e+02
3.337368147393209483e+01 7.520534517114030315e+00 4.395983016528854037e+00 3.314028277310453685e+00 1.387018674470487213e+03 5.930428402252059641e+02
4.705040339872379462e+01 7.973978068212594472e+00 4.462891627585872101e+00 3.401407140217769243e+00 1.405723344320293791e+03 5.728765624799909801e+02
9.875823109477862261e+01 7.657616895496238918e+00 4.655179029680320824e+00 3.438113276561276077e+00 1.957386400834364508e+02 8.343914851613385508e+01
1.560970722126369026e+02 8.299378873268276280e+00 4.646742429004649289e+00 3.385014201576829418e+00 1.905135413113924869e+02 7.776931582929398701e+01
1.926688169533415476e+02 8.511244640905772485e+00 4.782812280877817734e+00 3.460230261685622200e+00 3.523106275043635378e+02 8.024903530878623314e+01
2.484128958814602868e+02 8.126410617484255638e+00 4.791455384456495992e+00 3.524685380620078412e+00 3.569090613307777744e+02 1.466291721222260946e+02
2.912436706249669669e+02 8.624792581834952898e+00 4.930726797552202001e+00 3.665241419776768428e+00 3.595658017278640273e+02 1.472414241037196803e+02
3.443191225393214836e+02 9.163300160665984961e+00 4.622818899744554955e+00 3.520582028894836846e+00 3.751707598620440081e+02 1.470631783426468360e+02
4.330710019484350823e+02 9.010725302819627913e+00 4.959465810836421795e+00 3.593455201387173670e+00 3.540471588156194684e+02 1.478528844370745219e+02
5.103306768872263888e+02 9.620709645487604433e+00 5.366812532417422510e+00 3.827590477281020309e+00 3.528521912196608241e+02 1.459030370364899625e+02
6.215581365085359948e+02 1.030563290874719762e+01 5.790202823589913450e+00 3.987479190584437561e+00 3.662571384622674486e+02 1.372262792568916723e+02
6.781210980437231228e+02 1.071358351148206900e+01 5.733350425917164372e+00 4.458544256356535840e+00 7.378891971505165657e+02 3.002021473067068200e+02
7.891810594173574600e+02 1.055040932346841309e+01 6.287928452885401143e+00 4.581354187113929832e+00 7.160860619856861149e+02 3.017840814386860870e+02
9.329591304760627963e+02 1.097396914557610970e+01 6.087468279305135788e+00 4.731683659741106496e+00 7.603768997716447302e+02 3.003476939173779670e+02
1.008786410433082551e+03 1.105104162592107286e+01 6.583939291901010016e+00 4.438006563395438420e+00 7.203287434297021719e+02 3.157117269864272089e+02
1.154555727946665456e+03 1.192734162921129482e+01 6.496141895016693368e+00 4.663685998012218725e+00 7.262863503261454525e+02 3.012355414891147802e+02
1.247145524062543018e+03 1.150975248677351459e+01 6.323014214163925395e+00 4.635635956073556940e+00 7.308586729224605278e+02 3.201828356362059935e+02
1.316326971467395879e+03 1.165543805285488510e+01 6.871538111876122734e+00 4.699471753747323177e+00 7.243941760956444114e+02 3.153510591737888262e+02
1.411135352302175534e+03 1.144026059919738536e+01 6.880903513209172928e+00 4.659476390335201224e+00 7.136944998632075112e+02 3.030135194192665722e+02
1.549836900051883731e+03 1.205746425635775587e+01 6.510511928579123087e+00 5.153585204176795109e+00 7.575959906824615473e+02 3.006738339591711338e+02
1.853964388915639574e+03 1.227858613511506825e+01 6.698409465799102236e+00 5.320038547598517020e+00 8.254092843778687438e+02 3.123913821936381510e+02
1.972770502840087602e+03 1.256125186846248809e+01 6.613206297161350555e+00 5.150961254953626778e+00 8.194744008452355502e+02 3.078120377470115727e+02
2.140222879654318149e+03 1.346671921763184798e+01 7.285615328239612332e+00 5.049317279284683657e+00 8.362313884004887541e+02 3.016432345836636273e+02
2.213847614870671350e+03 1.361152530042940967e+01 7.118863230345521487e+00 5.622398128932425188e+00 7.990045663303856145e+02 3.230296862051031894e+02
2.555698828100133596e+03 1.354453922997280912e+01 7.423794427956756259e+00 5.188906785420215328e+00 8.027169704424364909e+02 2.992477547119967767e+02
2.600780523507474754e+03 1.368864706542567866e+01 7.606382393590013891e+00 5.303377006908329250e+00 8.365404311483480342e+02 3.190689501631542271e+02
2.830018493402650165e+03 1.416247786131096120e+01 7.055316196760578862e+00 5.547117040055355552e+00 7.929925574210722061e+02 2.990766604633425345e+02
2.805510477533797257e+03 8.470106373181664594e+00 0.000000000000000000e+00 9.809151076843743766e+00 7.944605943017614891e+02 3.234287618565896878e+02
2.977911650450108937e+03 8.141610664187558299e+00 0.000000000000000000e+00 1.032882565180578460e+01 5.935734521147854684e+04 0.000000000000000000e+00
3.194756415786529033e+03 8.530426755817980933e+00 0.000000000000000000e+00 1.007365884059296768e+01 6.070588982965137984e+04 0.000000000000000000e+00
3.226400565379968612e+03 8.903365962860137373e+00 0.000000000000000000e+00 1.066275123834112115e+01 5.866372327784295339e+04 0.000000000000000000e+00
3.194204691877249388e+03 8.823079889946296106e+00 0.000000000000000000e+00 1.002730678122848040e+01 5.917389965519538237e+04 0.000000000000000000e+00
3.257993129961623254e+03 8.929928012854849939e+00 0.000000000000000000e+00 1.068543267548400877e+01 5.699381823221476952e+04 0.000000000000000000e+00
3.497513449859888169e+03 9.165804611856991357e+00 0.000000000000000000e+00 1.026957997480766416e+01 6.057970514864663710e+04 0.000000000000000000e+00
3.577179817729300794e+03 9.257438854287439511e+00 0.000000000000000000e+00 1.111531937124607872e+01 5.926672078535427863e+04 0.000000000000000000e+00
3.791820977538613079e+03 9.243926118009850867e+00 0.000000000000000000e+00 1.120477930265345989e+01 5.768339178257311141e+04 0.000000000000000000e+00
3.656308643684494200e+03 9.592200617608128255e+00 0.000000000000000000e+00 1.098938492189116900e+01 5.926498449710434215e+04 0.000000000000000000e+00
3.746155999493033960e+03 9.717688687554382199e+00 0.000000000000000000e+00 1.082392052718966369e+01 5.753744062053274683e+04 0.000000000000000000e+00
3.898051617768537199e+03 9.566726966423134471e+00 0.000000000000000000e+00 1.123204824619198483e+01 5.647486296780105477e+04 0.000000000000000000e+00
3.978788439236709110e+03 9.459397976900437044e+00 0.000000000000000000e+00 1.116147818125437041e+01 5.977924303833013983e+04 0.000000000000000000e+00
4.170349093071554307e+03 9.494135297846648669e+00 0.000000000000000000e+00 1.095434164655604015e+01 5.512564344297201023e+04 0.000000000000000000e+00
4.125884467418442910e+03 9.756510231135694156e+00 0.000000000000000000e+00 1.109368167093672675e+01 6.048691600433701387e+04 0.000000000000000000e+00
4.234761880882099831e+03 9.353561055861266738e+00 0.000000000000000000e+00 1.160639563911691141e+01 5.849900629768174258e+04 0.000000000000000000e+00
4.448603639419849969e+03 1.009488211890679210e+01 0.000000000000000000e+00 1.204142739796482608e+01 5.592841152865201002e+04 0.000000000000000000e+00
4.696757992583809028e+03 1.034024319252440804e+01 0.000000000000000000e+00 1.233491809130818062e+01 5.733141158188285044e+04 0.000000000000000000e+00
4.855408253148407312e+03 9.779320917107529709e+00 0.000000000000000000e+00 1.161981034716109029e+01 5.622489746982013457e+04 0.000000000000000000e+00
4.534823161464243640e+03 1.042430854289671949e+01 0.000000000000000000e+00 1.171013253579352842e+01 5.883894039119395165e+04 0.000000000000000000e+00
4.979660762457760029e+03 1.017577340262441687e+01 0.000000000000000000e+00 1.150919662735255677e+01 5.759565729688232386e+04 0.000000000000000000e+00
4.727939714188049948e+03 1.053889537494650952e+01 0.000000000000000000e+00 1.202030428327645240e+01 5.663421701920901251e+04 0.000000000000000000e+00
5.163931767047231006e+03 1.074989871410253173e+01 0.000000000000000000e+00 1.217390140571053259e+01 5.871957986567776243e+04 0.000000000000000000e+00
5.367454781391177676e+03 1.020673301170068648e+01 0.000000000000000000e+00 1.266966401263475461e+01 5.605590587526979652e+04 0.000000000000000000e+00
5.376245478240598459e+03 1.094912354958981560e+01 3.519615123913987009e+00 1.219093127116186892e+01 4.324073099362249195e+02 8.078827212214149256e+01
5.152536536832520142e+03 1.086816683472989276e+01 3.389477376206217585e+00 1.272269767506637450e+01 4.448173054634402206e+02 8.251183722198267390e+01
5.266690999294786707e+03 1.141068413581662533e+01 3.635875203299804070e+00 1.317101414716022667e+01 4.585209713538329197e+02 8.786960406251476741e+01
5.478474944375221639e+03 1.114338752402865040e+01 3.562760181283120886e+00 1.350191911384927757e+01 4.590477796328818840e+02 8.717144420809300698e+01
5.275040430535786982e+03 1.120161408872492714e+01 3.752105812199179713e+00 1.243520566202984234e+01 4.403356034195330153e+02 8.198342827005632216e+01
5.645407998180663526e+03 1.118962364661633835e+01 3.685756047795155865e+00 1.294962960531147367e+01 4.234613902297481332e+02 8.698082535533926318e+01
5.769490801267434108e+03 1.099572152391149871e+01 3.748401918555618106e+00 1.317748416896242247e+01 4.238357063693799205e+02 8.235165361354690106e+01
5.629756438468676606e+03 1.093393213218515214e+01 3.494618639068785004e+00 1.313724177626554912e+01 4.401129355833043633e+02 8.906011222663724425e+01
6.019284524319594311e+03 1.128898929305359822e+01 3.512250388852663274e+00 1.256085986830270862e+01 4.460625636981926050e+02 8.351008656638511241e+01
5.799214305578424501e+03 1.150296320325944066e+01 3.765534120363337678e+00 1.362670060188104237e+01 4.354782362073149216e+02 8.489603480639927113e+01
5.805223722302085662e+03 1.102388564519411851e+01 3.560309290353515177e+00 1.341740085107327829e+01 4.206362354201763196e+02 8.332986118229302974e+01
6.104238627016234204e+03 1.131610682092983566e+01 3.479912821980272408e+00 1.342564860438510976e+01 4.222714013727345446e+02 8.451727603420637536e+01
6.361230438985441651e+03 1.078626199512013706e+01 3.509808027672111308e+00 1.273394740685527893e+01 4.389870511096693804e+02 8.908532194570210550e+01
6.605622393395039580e+03 1.177555183985503717e+01 3.554147840640827116e+00 1.272674946367038551e+01 4.262532308835891399e+02 8.100550888962717977e+01
