-4.471818100782470884e-01 5.729459557400685910e+00 3.390425197375705135e+00 2.663336125461677195e+00 1.462606658490865811e+03 5.836704654802420009e+02
3.490163402711731067e+01 5.979442493502234335e+00 3.427792887208179540e+00 2.719184096961952068e+00 1.448861118305691434e+03 5.935959395858329799e+02
3.496889144387250070e+01 7.686381944218646289e+00 4.174602221275470981e+00 3.184968895370557718e+00 1.384973738674092829e+03 6.092483662669229716e+02
5.281719897544017073e+01 7.556702801335950959e+00 4.519628094230216497e+00 3.263855876040290482e+00 1.392273846623017107e+03 6.282514177939752926e+02
1.007903806160904594e+02 8.131442340345110154e+00 4.664830619952486934e+00 3.548656071000388046e+00 1.954890069108313639e+02 7.630158969057096385e+01
1.545665050503342570e+02 8.302201605123473271e+00 4.357644271763139621e+00 3.477858156223334163e+00 1.929873355918116999e+02 8.263272603541365413e+01
2.048130248391986754e+02 8.606297864293694033e+00 4.539799841948041426e+00 3.621837471464475211e+00 3.437607364714834262e+02 8.105677130852745904e+01
2.504191652253990128e+02 8.181233545370400151e+00 4.585726683701691897e+00 3.341711918727293007e+00 3.698143991876560790e+02 1.460429059474120095e+02
3.050980380347652954e+02 8.343289328757300893e+00 4.832806788700601430e+00 3.580650036354547705e+00 3.458549355439233182e+02 1.498647210330994710e+02
3.415779686969556224e+02 8.657169785545772100e+00 5.027744700945826040e+00 3.711224082115823109e+00 3.629491533951290307e+02 1.427025598229339494e+02
4.318207468089950680e+02 9.304947140069922185e+00 5.104333089617126618e+00 3.530543180546791060e+00 3.491072143324719264e+02 1.466204928352332502e+02
5.235674511504913653e+02 9.561648684301571777e+00 5.263476347709771908e+00 3.936420504757911942e+00 3.738352445384730345e+02 1.390399915813983966e+02
5.719754181640103070e+02 1.058421650848446482e+01 5.556055542522327251e+00 3.989904050609886177e+00 3.770575003157765650e+02 1.402002264545999140e+02
6.995127119685579373e+02 1.089624746771090891e+01 5.970123304493482941e+00 4.397740678240003476e+00 7.333161478051862332e+02 3.234761531903906189e+02
7.794603041675032955e+02 1.045908436948565345e+01 5.889319536542987343e+00 4.319480880397290612e+00 7.071460032300727789e+02 2.965975990163061056e+02
8.751665698555420931e+02 1.090264104039086490e+01 6.316967988632271158e+00 4.508278608914096708e+00 7.118342666987103939e+02 3.221193430265334428e+02
9.535149944988553443e+02 1.102987219341010849e+01 6.543814065130484359e+00 4.631618644889121228e+00 7.221929470760338745e+02 3.081880852666171222e+02
1.074055181629878007e+03 1.140835164474902363e+01 6.409825823740316508e+00 4.776661570021472514e+00 7.392871863210039010e+02 3.212649780213440067e+02
1.149281598823817376e+03 1.211215348038330752e+01 6.763531610532787397e+00 4.701972019369915046e+00 7.286018317754734426e+02 2.979056625313355084e+02
1.245952676849372892e+03 1.193479162769258117e+01 6.286855567453321747e+00 4.653858701478661430e+00 7.160570105634112679e+02 3.053705015659319315e+02
1.337615861026181619e+03 1.155227732125793061e+01 6.635854742065566469e+00 4.881444755263250279e+00 7.646906282110340953e+02 3.242156896171293852e+02
1.618285396391567701e+03 1.185520992143198349e+01 6.490860767051802149e+00 5.165046954405754676e+00 7.521680452974018181e+02 3.020595692419757370e+02
1.841134588439091431e+03 1.309402534450171984e+01 6.719497227616070489e+00 5.067049869067362877e+00 8.250550958884307420e+02 3.070730467891089006e+02
1.925882137473333842e+03 1.281915962199497372e+01 7.218771199987437548e+00 5.436332919091450222e+00 7.824405800049900108e+02 2.973404672369769628e+02
2.205324181891060562e+03 1.302254153025312355e+01 7.016472286269621605e+00 5.220398598277353308e+00 8.256624829380630217e+02 3.081555927578384058e+02
2.257879247608798778e+03 1.378248042413770591e+01 6.947294403699467047e+00 5.216556824490436561e+00 7.658511165103334406e+02 3.124063405268968836e+02
2.667046947549050856e+03 1.360644338949644450e+01 7.279613690195883002e+00 5.182046106371811511e+00 8.212220157950616795e+02 3.213224969267552069e+02
2.628647993221125489e+03 1.384563298964873113e+01 7.216483176564581825e+00 5.836606912635752487e+00 7.852301968280980873e+02 3.004995047644759438e+02
2.910435592653072490e+03 1.345893937847366217e+01 7.067691158507123816e+00 5.404056055482899801e+00 7.914499108724130565e+02 3.124047511540920254e+02
2.973270111737165735e+03 8.304556199923293747e+00 0.000000000000000000e+00 9.892839799101860621e+00 7.789989313460389440e+02 3.054020501254303213e+02
2.871274332827941635e+03 8.355000495439856678e+00 0.000000000000000000e+00 1.037820269226236825e+01 5.674551956278228317e+04 0.000000000000000000e+00
3.203513730580100855e+03 8.721337924127968932e+00 0.000000000000000000e+00 1.060369339574017644e+01 5.981399782821286499e+04 0.000000000000000000e+00
3.155424514579824063e+03 8.568109257388915267e+00 0.000000000000000000e+00 1.024298344110183656e+01 5.886351966345815163e+04 0.000000000000000000e+00
3.346724482563423862e+03 8.438943424061191578e+00 0.000000000000000000e+00 1.025355511727069491e+01 6.027942713966965675e+04 0.000000000000000000e+00
3.520882188553058768e+03 8.560089277845321476e+00 0.000000000000000000e+00 1.075951885535902797e+01 5.703290776327026106e+04 0.000000000000000000e+00
3.478594923236080376e+03 8.481014892638739866e+00 0.000000000000000000e+00 1.120985241531712262e+01 5.868245999260078679e+04 0.000000000000000000e+00
3.453055469193836416e+03 8.937351045232643898e+00 0.000000000000000000e+00 1.096326245621563089e+01 5.618823707536191796e+04 0.000000000000000000e+00
3.522985632182566860e+03 9.431714635890539711e+00 0.000000000000000000e+00 1.068354848250167954e+01 5.760931448228242516e+04 0.000000000000000000e+00
3.707274422945525203e+03 8.874057778908404970e+00 0.000000000000000000e+00 1.059834330440214067e+01 5.497935538638956496e+04 0.000000000000000000e+00
3.841535601677967406e+03 9.741010102484398914e+00 0.000000000000000000e+00 1.069289330747208666e+01 5.844223035996704857e+04 0.000000000000000000e+00
4.083362261932112688e+03 9.580169840208162313e+00 0.000000000000000000e+00 1.143112336905065618e+01 6.061464280190485442e+04 0.000000000000000000e+00
4.175326621298109785e+03 9.127630307004420018e+00 0.000000000000000000e+00 1.119998886311859998e+01 5.643411050827600411e+04 0.000000000000000000e+00
4.284143315103016903e+03 9.276971209969030241e+00 0.000000000000000000e+00 1.139658584216756054e+01 5.887638485518844391e+04 0.000000000000000000e+00
4.095883668302858041e+03 1.007328776924915914e+01 0.000000000000000000e+00 1.169186712984548926e+01 5.710404259814084071e+04 0.000000000000000000e+00
4.291918791504930596e+03 9.441546999691414754e+00 0.000000000000000000e+00 1.214748098348394301e+01 5.637325787026911712e+04 0.000000000000000000e+00
4.569842838841283083e+03 9.665593277252217064e+00 0.000000000000000000e+00 1.224137302531775617e+01 5.587277747678959713e+04 0.000000000000000000e+00
4.462021040257099230e+03 1.030656874568949988e+01 0.000000000000000000e+00 1.230793283736945831e+01 5.566163557097285229e+04 0.000000000000000000e+00
4.566740732393652252e+03 1.037539570852825221e+01 0.000000000000000000e+00 1.233212847837610227e+01 5.895401207637042535e+04 0.000000000000000000e+00
4.896556190796793089e+03 1.037374571555000458e+01 0.000000000000000000e+00 1.155148199203572013e+01 5.942386051010056690e+04 0.000000000000000000e+00
5.006216122651372643e+03 9.927596447332884821e+00 0.000000000000000000e+00 1.202044304042588330e+01 5.528401617511871154e+04 0.000000000000000000e+00
4.773306545942527009e+03 9.908687493417891901e+00 0.000000000000000000e+00 1.161039823788609837e+01 5.863097021434187627e+04 0.000000000000000000e+00
5.035912178227799814e+03 1.049939724843162736e+01 0.000000000000000000e+00 1.226718722504666204e+01 5.675958796776522649e+04 0.000000000000000000e+00
4.934753751507832931e+03 1.049443689471601182e+01 0.000000000000000000e+00 1.209930136290892477e+01 5.683679386087262537e+04 0.000000000000000000e+00
5.152294257750357247e+03 1.100951478270279082e+01 3.588474043577032813e+00 1.235184712300914001e+01 4.604506416865534106e+02 8.355534437156681804e+01
5.219449863858467324e+03 1.149574603548698626e+01 3.551190250564549178e+00 1.304886244198576328e+01 4.507270183454361927e+02 8.859345822268224424e+01
5.211738149007541324e+03 1.072183304126308201e+01 3.360270760169193682e+00 1.296348625012764089e+01 4.482447965240726262e+02 8.874721054860020786e+01
5.619135711134992562e+03 1.123900296116204522e+01 3.429481263871340335e+00 1.307602456225725618e+01 4.568077186795906073e+02 8.360271853046651813e+01
5.288153004495708046e+03 1.080925085044679435e+01 3.479335737622561098e+00 1.269945230714508000e+01 4.329727830711484557e+02 8.212226254588853180e+01
5.437240494514822785e+03 1.138683743647396795e+01 3.635609959134135316e+00 1.331190300894845535e+01 4.197103292521639446e+02 8.550404842139978712e+01
5.458318289745629045e+03 1.095625889210240977e+01 3.467235191410523054e+00 1.319879491999089716e+01 4.232853975344493165e+02 8.640154546346659004e+01
5.585815663467931699e+03 1.157644028310872741e+01 3.725705469399343883e+00 1.318157569413164332e+01 4.181482069262176537e+02 8.254952197836087180e+01
5.880811881030260338e+03 1.178146366712143234e+01 3.737099601411610905e+00 1.288618537637439943e+01 4.321968520344827311e+02 8.295557444271631198e+01
5.834545995379357919e+03 1.172119474822072149e+01 3.486052649823256022e+00 1.244563266269814505e+01 4.443054829893277997e+02 8.898082528976530625e+01
5.921698206226825278e+03 1.140851611826568046e+01 3.575188350625229106e+00 1.263051515476878883e+01 4.106375007980965393e+02 8.705502245438137265e+01
6.381815922831387070e+03 1.160120841658364910e+01 3.681675869637458298e+00 1.271068560659843172e+01 4.346530755254269138e+02 8.175580007487133116e+01
6.076459420093230619e+03 1.075627476123383097e+01 3.841082714022553191e+00 1.294655790612139334e+01 4.116141403572112267e+02 8.626424951439068423e+01
6.479386365246458809e+03 1.096535988896495262e+01 3.577394389865256485e+00 1.270230273584777159e+01 4.102602643698863858e+02 8.786573378697606529e+01
