-1.796083292698449352e-01 5.774727107937614790e+00 3.469874880894062930e+00 2.876366726000234575e+00 1.419878276930658785e+03 5.703606724675425994e+02
3.245023100110056902e+01 5.619277288438058626e+00 3.187102326659470908e+00 2.916902315185556649e+00 1.437127400326349061e+03 5.864495766648536801e+02
3.394572464848999260e+01 8.086735490826388428e+00 4.514720320538399001e+00 3.167956598722972750e+00 1.404610228225100627e+03 5.972083340718670570e+02
4.779895223683221417e+01 7.944337778058235600e+00 4.555784972657629162e+00 3.276932062947182089e+00 1.425529639282848393e+03 5.835675123346524060e+02
9.837942614568571287e+01 8.301828994838647446e+00 4.313814285470744636e+00 3.492514509250446597e+00 2.018003657580454160e+02 8.059372769785652224e+01
1.441619940858222435e+02 8.496333964987822895e+00 4.392838199917106223e+00 3.315590059419210700e+00 1.927440749677597296e+02 8.031112537819052477e+01
1.936593540050957643e+02 7.959815874897476995e+00 4.796392486936165156e+00 3.352820413398339472e+00 3.581664112735831509e+02 8.148899439491290764e+01
2.530743978825901195e+02 8.086702318314184623e+00 4.761407622329898892e+00 3.587319880094789415e+00 3.446535668314243139e+02 1.456421580811821173e+02
2.882874242131839537e+02 8.846870617560865568e+00 4.778373216405139345e+00 3.684422996460895661e+00 3.693240377988064438e+02 1.432174164916042116e+02
3.383695668978673439e+02 8.683818768147681055e+00 4.961386944271917621e+00 3.571901905897862495e+00 3.722557264884064239e+02 1.377742436396707717e+02
4.236243821217476579e+02 9.018337800556951223e+00 5.058882234392357624e+00 3.801256630334334474e+00 3.764414118639615481e+02 1.444181840967148673e+02
5.006283510643446562e+02 9.211700521005623088e+00 5.080899930083085714e+00 3.750839858965809182e+00 3.628912873766009284e+02 1.458093072510870911e+02
5.916620654562906338e+02 1.054461096653029628e+01 5.916763555431176158e+00 4.091062007738285544e+00 3.567398537535354421e+02 1.460049825584367795e+02
6.361038644976479191e+02 1.066146068441999617e+01 6.061409883940396703e+00 4.418850239830952376e+00 7.208510226137580048e+02 3.115505237041346618e+02
7.854353247715547468e+02 1.049926122313093657e+01 6.054052193466935350e+00 4.526282464111758053e+00 7.554374650562499482e+02 3.272541973253227070e+02
9.434243579506096467e+02 1.106525590251845514e+01 6.290092714096721771e+00 4.608354741241255326e+00 7.484725813920874771e+02 3.090214108095528900e+02
9.614142135236413651e+02 1.139176615801505754e+01 6.253868597273432250e+00 4.520709346104347048e+00 7.139920030833885676e+02 3.118568586915673677e+02
1.057798787791977929e+03 1.175351374741395460e+01 6.208241824548385246e+00 4.675845546732979585e+00 7.505206600166624185e+02 3.077671896229825279e+02
1.185551525313121374e+03 1.155594683613709606e+01 6.348862102673765939e+00 4.719843897122677490e+00 7.231435245630223108e+02 3.085713332291457505e+02
1.250771994272837674e+03 1.190009641866059553e+01 6.581732060188620892e+00 4.849750493912751814e+00 7.584453041840814649e+02 3.214387939421119995e+02
1.417307364226643131e+03 1.227117035263938227e+01 6.600717400554478864e+00 4.812447567536107584e+00 7.447341781059991490e+02 3.113571323776558302e+02
1.670705178779179732e+03 1.172665443794464935e+01 6.964100133360399347e+00 4.963269407551364587e+00 7.348640220203550371e+02 2.987285173777236764e+02
1.832854606890767400e+03 1.219418265270064872e+01 6.872345098041921396e+00 5.348246361597623455e+00 8.030381646124551480e+02 3.156194606302628927e+02
2.036020094444037113e+03 1.236789700378550449e+01 7.263889069744035254e+00 5.164866278970535518e+00 7.668828392706393515e+02 3.175503871948869801e+02
2.300217023710421927e+03 1.340431026586597341e+01 7.014359392847561381e+00 5.298710063834310979e+00 7.638664895811108408e+02 3.250683305950423119e+02
2.338359211759458958e+03 1.379828070158441733e+01 6.903524248337709501e+00 5.538793431846751325e+00 8.114504051978130974e+02 3.156475243426870065e+02
2.698393078947028698e+03 1.289023442483776627e+01 7.407255631004725949e+00 5.489828652651184804e+00 7.950193222339079284e+02 3.043602566071359661e+02
2.547153439761917980e+03 1.379805107759120020e+01 7.012212446299292523e+00 5.430830027068090260e+00 7.966448322400292454e+02 3.025344086483909223e+02
3.032043050356094682e+03 1.369992080789643474e+01 7.154663904134168639e+00 5.730743917912510810e+00 7.715034955015539708e+02 3.134120992660162415e+02
2.948293678387080035e+03 7.956975740419303555e+00 0.000000000000000000e+00 9.308996129743210446e+00 8.192544987018045504e+02 3.204149487940596259e+02
2.840905594202496559e+03 7.997687671783033636e+00 0.000000000000000000e+00 9.862791589374323209e+00 6.067678190379888838e+04 0.000000000000000000e+00
2.965417496450636918e+03 8.520065509505784007e+00 0.000000000000000000e+00 1.004146377311125349e+01 5.710829053356350050e+04 0.000000000000000000e+00
3.105595656757396227e+03 8.159925770919874921e+00 0.000000000000000000e+00 1.043828816097184919e+01 5.719286784463061485e+04 0.000000000000000000e+00
3.298643756014836981e+03 9.074264188216936589e+00 0.000000000000000000e+00 1.070011342395126164e+01 5.668733325786420028e+04 0.000000000000000000e+00
3.507584858598758728e+03 8.707488982779469922e+00 0.000000000000000000e+00 1.063226712817341024e+01 5.654776103583314398e+04 0.000000000000000000e+00
3.490867477468830202e+03 8.673399503756872519e+00 0.000000000000000000e+00 1.027617246623356806e+01 5.662685403171356302e+04 0.000000000000000000e+00
3.601576075190459960e+03 9.065005347345310938e+00 0.000000000000000000e+00 1.114828967811825500e+01 5.951821231578096922e+04 0.000000000000000000e+00
3.679672399208784100e+03 9.556473045738860250e+00 0.000000000000000000e+00 1.118307287844359799e+01 5.971070619859017461e+04 0.000000000000000000e+00
3.782457224109437448e+03 9.641371773058033057e+00 0.000000000000000000e+00 1.111386323409785248e+01 6.059096406953005499e+04 0.000000000000000000e+00
3.715794145392541850e+03 9.032817932959877893e+00 0.000000000000000000e+00 1.149604896799394105e+01 5.784877001211653260e+04 0.000000000000000000e+00
3.795527227182437855e+03 9.162622183567005862e+00 0.000000000000000000e+00 1.160111568596107467e+01 5.969698542297581298e+04 0.000000000000000000e+00
4.193306987178251802e+03 9.492760727753967842e+00 0.000000000000000000e+00 1.181136219589357417e+01 5.721118413368373149e+04 0.000000000000000000e+00
4.318047235389908565e+03 9.352941665660695847e+00 0.000000000000000000e+00 1.138807913547827688e+01 5.922256655921726633e+04 0.000000000000000000e+00
4.071577931929842180e+03 9.425798622615195299e+00 0.000000000000000000e+00 1.203361311585248927e+01 6.039777581954047491e+04 0.000000000000000000e+00
4.400128635512439359e+03 9.530710473320356257e+00 0.000000000000000000e+00 1.163308387213096395e+01 5.693737821160106978e+04 0.000000000000000000e+00
4.482642544267359881e+03 9.971130768879683970e+00 0.000000000000000000e+00 1.141593494874445192e+01 5.668005376307502593e+04 0.000000000000000000e+00
4.603338337187070465e+03 1.004460143612003087e+01 0.000000000000000000e+00 1.169229566206020365e+01 5.689805651475949708e+04 0.000000000000000000e+00
4.524456637071146361e+03 9.844184027671728288e+00 0.000000000000000000e+00 1.230965832176267405e+01 5.551209958909039415e+04 0.000000000000000000e+00
4.810407582209302745e+03 9.652661776879652322e+00 0.000000000000000000e+00 1.153850436223140363e+01 5.592888790783545846e+04 0.000000000000000000e+00
4.896721296562868702e+03 1.027668542058067302e+01 0.000000000000000000e+00 1.179363957462344104e+01 5.778409474473405135e+04 0.000000000000000000e+00
4.844481812825521956e+03 1.051297086966163796e+01 0.000000000000000000e+00 1.261090719359940238e+01 5.744574536689316301e+04 0.000000000000000000e+00
5.127832353138147482e+03 1.065804708537878653e+01 0.000000000000000000e+00 1.260006466381089041e+01 5.981823926157785900e+04 0.000000000000000000e+00
5.350951360967338587e+03 1.054174811267652068e+01 0.000000000000000000e+00 1.234246969584155096e+01 5.687834318493984756e+04 0.000000000000000000e+00
5.403519551021147890e+03 1.069234315832244597e+01 3.657977071971480143e+00 1.278198234724413851e+01 4.425193184503260113e+02 8.280796756636118516e+01
4.976657559257495450e+03 1.094919869571003090e+01 3.334750703609585365e+00 1.284707960754312595e+01 4.252477252057506121e+02 8.393287516760133826e+01
5.391350659406156410e+03 1.159060991663394624e+01 3.403365278936368643e+00 1.255040148059523908e+01 4.619371490923460897e+02 8.320165009100337272e+01
5.515831120566593199e+03 1.085479386511478772e+01 3.702474561030229427e+00 1.348666841256297033e+01 4.356195760105722457e+02 8.104678517262611592e+01
5.607808781592982996e+03 1.104582530825618392e+01 3.540301661172795988e+00 1.344724020992328484e+01 4.377110114126018630e+02 8.610209141014189527e+01
5.422141664765354108e+03 1.068235173231384572e+01 3.455108877873864781e+00 1.243792559342097093e+01 4.170012701807777944e+02 8.418607070814933024e+01
5.403659534124996753e+03 1.064137052160716479e+01 3.634960542305036846e+00 1.353524665932362936e+01 4.540958611508287959e+02 8.676989318826746000e+01
5.781539655751796090e+03 1.088978217131450599e+01 3.450025087624936759e+00 1.296079002449522477e+01 4.151272817485960900e+02 8.151147450176267739e+01
5.945008513563218003e+03 1.166572912149057650e+01 3.547163637591646435e+00 1.307599756720389017e+01 4.354699675257340914e+02 8.486781547713539453e+01
5.780315153771100995e+03 1.127786044301111623e+01 3.678549643767815347e+00 1.266379478907260214e+01 4.113605484609885821e+02 8.210412541079540460e+01
6.326655531418648934e+03 1.150641768106465790e+01 3.758744857763745895e+00 1.322274796293944732e+01 4.495040041937933211e+02 8.381160900956272997e+01
5.996358078778386698e+03 1.144286653652692642e+01 3.536041955026883787e+00 1.365313176879822343e+01 4.224078771898265359e+02 8.275854931305926243e+01
6.472364658235739626e+03 1.094902899057884582e+01 3.678357542061743146e+00 1.340250027885810802e+01 4.440840678008265741e+02 8.924800856931467763e+01
6.090200096455871062e+03 1.179237520798594296e+01 3.570690909326013962e+00 1.300130552437174991e+01 4.130109363849807664e+02 8.456922716781868132e+01
