2.000000000000000111e-01 3.366475559014789898e+00
1.000000000000000056e-01 3.460475559014789759e+00
5.000000000000000278e-02 3.790475559014789830e+00
3.333333333333333287e-02 4.020475559014790257e+00
2.000000000000000042e-02 4.156475559014790377e+00
1.250000000000000069e-02 4.238475559014790228e+00
1.000000000000000021e-02 4.284475559014789603e+00
6.666666666666667095e-03 4.398475559014789482e+00
5.000000000000000104e-03 4.520475559014789368e+00
4.000000000000000083e-03 4.646475559014789702e+00
3.333333333333333547e-03 4.770475559014789368e+00
