9.175814768806644928e-02 6.075174358853561607e+00 3.302090471097181457e+00 2.885664183650505255e+00 1.467675193201674801e+03 6.078205349098210490e+02
3.426145471873206816e+01 6.067768653309823179e+00 3.342003525769753569e+00 2.935865538937987740e+00 1.401718035198631924e+03 5.814687844782489492e+02
3.219819811895258255e+01 7.954488360281230186e+00 4.372432765593366355e+00 3.462191258628804391e+00 1.412330425699771240e+03 5.888338242177615030e+02
4.817867992815219225e+01 7.572647309687405404e+00 4.552354557418868630e+00 3.380711652184837934e+00 1.426637476993412974e+03 5.858958862224349105e+02
9.941205696003936509e+01 8.088620515319288273e+00 4.558398065704790447e+00 3.269723483187180868e+00 1.943995432831668211e+02 8.217558394702507485e+01
1.510805833693634384e+02 8.121907499592746049e+00 4.306801881107864993e+00 3.431193945295790915e+00 2.017470406421440714e+02 8.130441718990053346e+01
2.025434604390112838e+02 8.223251351705370027e+00 4.680004934718941634e+00 3.465258620985628646e+00 3.632449295698293668e+02 8.183192965947799280e+01
2.595699916990805605e+02 8.304318216492298177e+00 4.740790885190323323e+00 3.564176094366605430e+00 3.696511905232926551e+02 1.444216755653683890e+02
2.992409345050226079e+02 8.181977876993022036e+00 4.559643612763498055e+00 3.722760651557792233e+00 3.671842163001400081e+02 1.491826192702495177e+02
3.393102520884464184e+02 9.140466653519974116e+00 4.668890771402359974e+00 3.636054173187761140e+00 3.707764211730258239e+02 1.392696665053768186e+02
3.943260364199971946e+02 8.641961876958950128e+00 5.008484986606129397e+00 3.686829983359342755e+00 3.650639862036861700e+02 1.490511313247522480e+02
5.229843812789946469e+02 9.425641486649837475e+00 5.140984832607903066e+00 3.872866253885319132e+00 3.611819443968291807e+02 1.487072576623412203e+02
5.767893559101322580e+02 1.015910531021434693e+01 5.936969395932525373e+00 4.233140716973234241e+00 3.544329115552908434e+02 1.393840215794113817e+02
7.026460719747041139e+02 1.057602611766882283e+01 5.736778265766753648e+00 4.439399187646082545e+00 7.453389639903699617e+02 2.998947990686863250e+02
7.678439348945490792e+02 1.087047093388526697e+01 6.279887620800102432e+00 4.343943454306268492e+00 7.080980604180988394e+02 3.007500536279518428e+02
9.366649516249664202e+02 1.169322927585253424e+01 5.951786210395444421e+00 4.381754473359719348e+00 7.344025967480821464e+02 2.970545026535234570e+02
9.638246859918154996e+02 1.093941485074002529e+01 6.480427045356464077e+00 4.732973207022740603e+00 7.225473701648393217e+02 3.261150647264415170e+02
1.112851267049273019e+03 1.140996802383630992e+01 6.324761192624008821e+00 4.665533695330293718e+00 7.216326535478864344e+02 3.198879736307233657e+02
1.206153295642707917e+03 1.200362024820765328e+01 6.292907426806188198e+00 4.792852128555687763e+00 7.609451449460792674e+02 3.026288336378694339e+02
1.267468662964176929e+03 1.183743002813687539e+01 6.568346877726418676e+00 4.646319312971883164e+00 7.582596020337291520e+02 2.983453204076744214e+02
1.356285562618621725e+03 1.258167235414846985e+01 6.671385265335977088e+00 4.729416918085942889e+00 7.095440443872297465e+02 3.190176107875945490e+02
1.634488671693930655e+03 1.278694872403583283e+01 6.803188879544671330e+00 4.898237492738996224e+00 7.697490847739119317e+02 3.245777856106097374e+02
1.817718273510717836e+03 1.253316142819646117e+01 7.089595862149426608e+00 5.043412934845521001e+00 7.664312899026524519e+02 3.243816271495747969e+02
1.995954642201824754e+03 1.224350442710041698e+01 6.736489592404207194e+00 5.120163998038405495e+00 7.651820161734183330e+02 3.023720418388112421e+02
2.106884701955276796e+03 1.344068944953535727e+01 7.152681502401603275e+00 5.554657165952499476e+00 8.183361760747905009e+02 3.069285632919847444e+02
2.188600662060911873e+03 1.378284447164094040e+01 7.323419739425398589e+00 5.326373621993050200e+00 8.033280001269483819e+02 3.027452896049302353e+02
2.666904371163935139e+03 1.339106821873325437e+01 7.246045043744500092e+00 5.254784449277551062e+00 8.391597338467622649e+02 3.141971772964485012e+02
2.534353514814858045e+03 1.423216466000587488e+01 7.285370221862755180e+00 5.527586479005779374e+00 7.812549531400375145e+02 3.082968648505944884e+02
2.787137105766003060e+03 1.390828226195655581e+01 7.241636317889534880e+00 5.546302518526037950e+00 7.778113654531263137e+02 3.080722390662744488e+02
2.788934516754203742e+03 7.837306174316389651e+00 0.000000000000000000e+00 1.009835324657207778e+01 7.692559086621971574e+02 3.227328578765845464e+02
3.113452642040158025e+03 7.909109583336827676e+00 0.000000000000000000e+00 9.955421241550761025e+00 5.539822057107583532e+04 0.000000000000000000e+00
3.189442518374562951e+03 8.350811620364234855e+00 0.000000000000000000e+00 1.066430322840527900e+01 5.494277060777600855e+04 0.000000000000000000e+00
3.301812705841482511e+03 8.701928471528390219e+00 0.000000000000000000e+00 1.051727549724971134e+01 5.533702741467649321e+04 0.000000000000000000e+00
3.247556160391458889e+03 8.758485467372514321e+00 0.000000000000000000e+00 9.994036762602856783e+00 5.800890092976773303e+04 0.000000000000000000e+00
3.357816815604373460e+03 8.375094237156710975e+00 0.000000000000000000e+00 1.087077091364234249e+01 5.645962858387987217e+04 0.000000000000000000e+00
3.374587150514505083e+03 8.980933245686545163e+00 0.000000000000000000e+00 1.119636455377853679e+01 5.574826762185854022e+04 0.000000000000000000e+00
3.702196706750039539e+03 8.667227510804577761e+00 0.000000000000000000e+00 1.096245634263833146e+01 5.556285697527913726e+04 0.000000000000000000e+00
3.770478642085667161e+03 9.519121296627220730e+00 0.000000000000000000e+00 1.137399929483784433e+01 5.556462926453117689e+04 0.000000000000000000e+00
3.706262182176817078e+03 9.442056317480862049e+00 0.000000000000000000e+00 1.061122087794361946e+01 5.684420350127165875e+04 0.000000000000000000e+00
3.884092991294589865e+03 9.793896998099789641e+00 0.000000000000000000e+00 1.122519015244876250e+01 5.744937292276864900e+04 0.000000000000000000e+00
4.073174649399109512e+03 9.934177247360169716e+00 0.000000000000000000e+00 1.136646027217019217e+01 5.610464489578420034e+04 0.000000000000000000e+00
4.129161078122772778e+03 9.877144494589385815e+00 0.000000000000000000e+00 1.192395621843954601e+01 5.574642005535573117e+04 0.000000000000000000e+00
3.966484310372764412e+03 9.708623799265271970e+00 0.000000000000000000e+00 1.154237348314725153e+01 5.819634922857888159e+04 0.000000000000000000e+00
4.219998206686283993e+03 1.021960309753763596e+01 0.000000000000000000e+00 1.148933287026174099e+01 5.905635497551580920e+04 0.000000000000000000e+00
4.518722808517753947e+03 9.628853923170918705e+00 0.000000000000000000e+00 1.194779054058829537e+01 5.906032061308622360e+04 0.000000000000000000e+00
4.679636492970847030e+03 9.546191652951945272e+00 0.000000000000000000e+00 1.210862744132198543e+01 5.535540503977960179e+04 0.000000000000000000e+00
4.612633461380908557e+03 1.002121717122450306e+01 0.000000000000000000e+00 1.195903585202643882e+01 5.529462835876058671e+04 0.000000000000000000e+00
4.847401881765856160e+03 1.036430520287536261e+01 0.000000000000000000e+00 1.246673238311350573e+01 5.969422113223718770e+04 0.000000000000000000e+00
4.623934317641508642e+03 9.711764217696442714e+00 0.000000000000000000e+00 1.218509779198985221e+01 5.680443220589996781e+04 0.000000000000000000e+00
4.850232275249695704e+03 1.019219884756096484e+01 0.000000000000000000e+00 1.253767012415532101e+01 5.807982290670237853e+04 0.000000000000000000e+00
4.938566513224479422e+03 1.057052765422595009e+01 0.000000000000000000e+00 1.240445492800013660e+01 5.925001737882797897e+04 0.000000000000000000e+00
5.278500582744509302e+03 1.053086704401215101e+01 0.000000000000000000e+00 1.205899075347253557e+01 5.822376821678948909e+04 0.000000000000000000e+00
5.328164744108898049e+03 1.068110281312546128e+01 0.000000000000000000e+00 1.202287197804695396e+01 5.553143192856343376e+04 0.000000000000000000e+00
4.992122526550829207e+03 1.138897735498575869e+01 3.340590449128939543e+00 1.261612122607639108e+01 4.542129759100798765e+02 8.359752981664334470e+01
5.163929066399352450e+03 1.058376183693551909e+01 3.495753940714215968e+00 1.331740339550558438e+01 4.441721560252413497e+02 8.651456390063997048e+01
5.288751209036327054e+03 1.158798842020998876e+01 3.431030219774677370e+00 1.316173782157901506e+01 4.371886065516599160e+02 8.175922446769601493e+01
5.239278977171968108e+03 1.117864799489463046e+01 3.571985214519062257e+00 1.253983075391953683e+01 4.557964906031914438e+02 8.278650895288460276e+01
5.668824676749801256e+03 1.067835832081880199e+01 3.444391005316082666e+00 1.337144430325503031e+01 4.571162413307390580e+02 8.462088223547509358e+01
5.342144795137935944e+03 1.146941705528525723e+01 3.491384624209686205e+00 1.334201479842110061e+01 4.209560179674031133e+02 8.760752130868027621e+01
5.765330027881784190e+03 1.075817744753583050e+01 3.665114873946027974e+00 1.248384262549775769e+01 4.526752207865218338e+02 8.316443940317265060e+01
5.719624445421157361e+03 1.141899645966796939e+01 3.632803642765449759e+00 1.289095887551316544e+01 4.423638351604637933e+02 8.894609387460246808e+01
5.952038117893722301e+03 1.151592889462533087e+01 3.606742728361484129e+00 1.328069929035678065e+01 4.492108161990100257e+02 8.879853353508153191e+01
5.762477432566907737e+03 1.083171949245390131e+01 3.576085405986891175e+00 1.246289141533327616e+01 4.516188718374381779e+02 8.490165703966410149e+01
5.775192533370757701e+03 1.160380927394523809e+01 3.506522910818994809e+00 1.364844061607364267e+01 4.192045291109851064e+02 8.684888339111189737e+01
6.024814741606758616e+03 1.158070172853523339e+01 3.554370282293721317e+00 1.328983554289828461e+01 4.146643945241692677e+02 8.649779474053261197e+01
6.035817367402969467e+03 1.145308247577485083e+01 3.763403178998582899e+00 1.318638776286261027e+01 4.495424994674306731e+02 8.155129641639379656e+01
6.413575974298584697e+03 1.126678732894197843e+01 3.706008140790674865e+00 1.327746321160604381e+01 4.297284952392272999e+02 8.555149892448163484e+01
