-2.616505878564611143e-01 5.759581016828642319e+00 3.237101624064159910e+00 2.817222041116593800e+00 1.337754034399322563e+03 6.296286927311792851e+02
3.248611952931944558e+01 5.862758576542313804e+00 3.438451705077992582e+00 2.722487843242696659e+00 1.453456057159386319e+03 6.040615125258881335e+02
3.410703945940090875e+01 7.416854534457092640e+00 4.264379997168428638e+00 3.204189387412983425e+00 1.351969649296185707e+03 6.112531452016062303e+02
4.897487516871094471e+01 7.995310565366291478e+00 4.496687423814040407e+00 3.197903840709240164e+00 1.407727898882704494e+03 6.198882388931917831e+02
1.035858981830974983e+02 7.969984497721450012e+00 4.294274382311225935e+00 3.247746482975412796e+00 1.960564622258028464e+02 7.995539326017964754e+01
1.485919378513501385e+02 7.914458430195165484e+00 4.377973078471764978e+00 3.280474600485989267e+00 1.981504231313955131e+02 7.934913465517746545e+01
2.054313343420032822e+02 8.156806181328942529e+00 4.533520682744796915e+00 3.316617141996451856e+00 3.452446362081244047e+02 8.280103674993085860e+01
2.482420332101851841e+02 8.181783703209871916e+00 4.581028768391285588e+00 3.363048682160236780e+00 3.571135539339248908e+02 1.417939283211286465e+02
3.052998804463289844e+02 8.644583639135444031e+00 4.870676164671094099e+00 3.654242294076024855e+00 3.762381159221526445e+02 1.501482731999972202e+02
3.341847854957795221e+02 8.774008921832564312e+00 4.950774078365872022e+00 3.575634877025930081e+00 3.510701086882313575e+02 1.417509138267152480e+02
3.922757376467337735e+02 8.706765001505578638e+00 5.206799531591489227e+00 3.776243193092862604e+00 3.452649850485939282e+02 1.414180048050311314e+02
5.070832860831001767e+02 9.284181146091398773e+00 5.070054976891762877e+00 4.027752050179751464e+00 3.723390468942184270e+02 1.500056794518020240e+02
5.870572493570497272e+02 1.014974436617452014e+01 5.869221762982325785e+00 3.939194473700978527e+00 3.473029284099970369e+02 1.407842863016238368e+02
6.390733174680254933e+02 1.043793738413313754e+01 5.890752238906584282e+00 4.454523039369623127e+00 7.079056270871863035e+02 3.229532837122941373e+02
7.971097134517166296e+02 1.060539363303592708e+01 5.839467671896117373e+00 4.262126130452726258e+00 7.551872176138973600e+02 3.198026195332170118e+02
8.557435580143105653e+02 1.132828590237040167e+01 6.107961544430868805e+00 4.573540873417215380e+00 7.581077992529436642e+02 3.151539171414455609e+02
1.045245986735799306e+03 1.139112138982116562e+01 6.588329581669661650e+00 4.603931256844254527e+00 7.274264778113642933e+02 3.097787405906638014e+02
1.117064101554018862e+03 1.193652645919916644e+01 6.749951187369798156e+00 4.901893018312878603e+00 7.385844000602129427e+02 3.251229372654747749e+02
1.159389517333726189e+03 1.153546947888212770e+01 6.271332428064045672e+00 4.783208151791231266e+00 7.365999773311834815e+02 3.200489797226881592e+02
1.307333724591152304e+03 1.242683842868209254e+01 6.559823482264035555e+00 4.924608872423420713e+00 7.424920049202247583e+02 2.989738704808083867e+02
1.396026536554305267e+03 1.234194670831157836e+01 6.634842743065989090e+00 5.053445645757765448e+00 7.368271162396309819e+02 3.026235944711714865e+02
1.589121952429503608e+03 1.168259333435535652e+01 6.947071363517784981e+00 5.002710033469893069e+00 7.323564674665898337e+02 3.027972609963297828e+02
1.817962955963358809e+03 1.298913073188016476e+01 7.141827047934251382e+00 5.092862021425224484e+00 8.108983150652001086e+02 3.179280663039540968e+02
2.032216696084745990e+03 1.323235644719073179e+01 6.973370275320118772e+00 4.972588742717880983e+00 7.952138538178099907e+02 3.152382093467643358e+02
2.122338701699948615e+03 1.248697568698801774e+01 7.194359567417226486e+00 5.310660145644668262e+00 7.782291476111632846e+02 3.275955136454998069e+02
2.283750847670456096e+03 1.297976107343516006e+01 7.000766678725513614e+00 5.473726883238458463e+00 8.057418500426140326e+02 3.029381497812293560e+02
2.707184795089284762e+03 1.272682648260527216e+01 7.029483002626194299e+00 5.397068726991358645e+00 7.667766025132901859e+02 3.228865478613863615e+02
2.477439783613217060e+03 1.399398462485972949e+01 7.457132206617997028e+00 5.468951782248769433e+00 7.946133816715580451e+02 3.227078915349802628e+02
2.847438995130713920e+03 1.343465718320743640e+01 7.300871400914105358e+00 5.634172535515075353e+00 7.931551154578208980e+02 3.261616953163495509e+02
2.852744605486966066e+03 7.805793900857040946e+00 0.000000000000000000e+00 9.922739762813261422e+00 7.628444082879210555e+02 3.123834338212553803e+02
2.822867070645997046e+03 8.234994820628525503e+00 0.000000000000000000e+00 9.541251695028734048e+00 5.925944049527953757e+04 0.000000000000000000e+00
3.096854107450067659e+03 8.443663541757251423e+00 0.000000000000000000e+00 9.785353620241240336e+00 5.861555583629586909e+04 0.000000000000000000e+00
3.088472274764058056e+03 8.475165742046003814e+00 0.000000000000000000e+00 1.061408287368708159e+01 5.625606921361709828e+04 0.000000000000000000e+00
3.404532727109969528e+03 8.891676264794044826e+00 0.000000000000000000e+00 1.023705764552869724e+01 5.782755630143104645e+04 0.000000000000000000e+00
3.532219325036560349e+03 8.730056205310107842e+00 0.000000000000000000e+00 1.015007757084049622e+01 5.971201668413339212e+04 0.000000000000000000e+00
3.375790567563132299e+03 9.166162128302177692e+00 0.000000000000000000e+00 1.104008111124915992e+01 5.981698043692805368e+04 0.000000000000000000e+00
3.749596214795792548e+03 9.048776093069040627e+00 0.000000000000000000e+00 1.106871695627862628e+01 5.945662359300062235e+04 0.000000000000000000e+00
3.546302027955963695e+03 9.204268463954305091e+00 0.000000000000000000e+00 1.060278530844406752e+01 5.536230496438439150e+04 0.000000000000000000e+00
3.607860541471987744e+03 9.357022456241130826e+00 0.000000000000000000e+00 1.097577607869273564e+01 5.830605739101458312e+04 0.000000000000000000e+00
3.915793767326174930e+03 9.077199103201774477e+00 0.000000000000000000e+00 1.147678849020327974e+01 5.933257673844107194e+04 0.000000000000000000e+00
4.168978228543488513e+03 9.128775157789712935e+00 0.000000000000000000e+00 1.135213650000808627e+01 5.974889115342353762e+04 0.000000000000000000e+00
3.977967807765254292e+03 9.463778291908734985e+00 0.000000000000000000e+00 1.161996800967647303e+01 5.698326235063498461e+04 0.000000000000000000e+00
4.031085575067571881e+03 9.974781481756188839e+00 0.000000000000000000e+00 1.138984276143486163e+01 5.869987395404644485e+04 0.000000000000000000e+00
4.369416544325235009e+03 1.000360605776082323e+01 0.000000000000000000e+00 1.109362221580604846e+01 5.993727923919002205e+04 0.000000000000000000e+00
4.524329793879197496e+03 9.499530200054486784e+00 0.000000000000000000e+00 1.182424820368941987e+01 5.715866475490645098e+04 0.000000000000000000e+00
4.522830598650453794e+03 9.785914922769180180e+00 0.000000000000000000e+00 1.122070017006524623e+01 5.497415120488817774e+04 0.000000000000000000e+00
4.700411655837445323e+03 9.871401825069700209e+00 0.000000000000000000e+00 1.230149597381606696e+01 5.653166256503712066e+04 0.000000000000000000e+00
4.768065457741088721e+03 9.980692804578742638e+00 0.000000000000000000e+00 1.153618657350939714e+01 5.771941173453674128e+04 0.000000000000000000e+00
4.547223720972949195e+03 9.836510241241672503e+00 0.000000000000000000e+00 1.225964840073708295e+01 5.860935520691225975e+04 0.000000000000000000e+00
4.828463476291323786e+03 1.025352080863432214e+01 0.000000000000000000e+00 1.172851405368616362e+01 5.544594484380882932e+04 0.000000000000000000e+00
5.043708796091893419e+03 1.012473853070733121e+01 0.000000000000000000e+00 1.179192575829465106e+01 5.895072494493558042e+04 0.000000000000000000e+00
5.015189332231610933e+03 1.005657944551070848e+01 0.000000000000000000e+00 1.166454314395897995e+01 5.779875751581692748e+04 0.000000000000000000e+00
5.361491532056645156e+03 1.012179661467871483e+01 0.000000000000000000e+00 1.255221159296732836e+01 5.784194469525802560e+04 0.000000000000000000e+00
5.223802678522089082e+03 1.122886767498123461e+01 3.564203634008017207e+00 1.253024154243394328e+01 4.499404011214583647e+02 8.252741598940754386e+01
5.276688848695905108e+03 1.112275968329389997e+01 3.570615466426347417e+00 1.289266275360179748e+01 4.602715969183977904e+02 8.821436193697699935e+01
5.364493419038397406e+03 1.115816370661500123e+01 3.465197455808892268e+00 1.275222656245546382e+01 4.582945176190930852e+02 8.108793992281447061e+01
5.437652551251914701e+03 1.072106736924475179e+01 3.615334434952448994e+00 1.234689120856427103e+01 4.373979233535786193e+02 8.347680211153736707e+01
5.258978868285056706e+03 1.113262202825062275e+01 3.660741977346672726e+00 1.288731679802122621e+01 4.455655743384580774e+02 8.660202216018302579e+01
5.708591746111622342e+03 1.162413267096500746e+01 3.428824793614980937e+00 1.315780795865965835e+01 4.260534729273718426e+02 8.197956194035502619e+01
5.642966951606604198e+03 1.098033556236691055e+01 3.485469614870179367e+00 1.347398659438014512e+01 4.395669515718613525e+02 8.709290967618282764e+01
5.845752676476878150e+03 1.067055281971458491e+01 3.778092592551339113e+00 1.268086242795352447e+01 4.499948734497422151e+02 8.190648184710536839e+01
5.625566669278447989e+03 1.141647209487305759e+01 3.714113471991436377e+00 1.357289013165157776e+01 4.178775259122275543e+02 8.537606192045244313e+01
6.182624771098292513e+03 1.096066224650224008e+01 3.823724054707085873e+00 1.294212399083964371e+01 4.374427699907251395e+02 8.888964974035411615e+01
5.775617040984157939e+03 1.124768702007158261e+01 3.839927243320125694e+00 1.296746420144470058e+01 4.471448719207884324e+02 8.877000068801997656e+01
6.048022187276073964e+03 1.089186231083330725e+01 3.603064687523436671e+00 1.335967035319190011e+01 4.435422458138846764e+02 8.195810433825562313e+01
6.146883309748598549e+03 1.158616054806599394e+01 3.537522270117145595e+00 1.362495478829531059e+01 4.429423675814024364e+02 8.568990745119884878e+01
6.500125739774755857e+03 1.149557368238788868e+01 3.832211009081184727e+00 1.345045652692170002e+01 4.108773351033561312e+02 8.356903656913759448e+01
