-2.484298449085750038e-01 5.788036184738319712e+00 3.453658399013765479e+00 2.791704610739938808e+00 1.364886366585108362e+03 6.261678865486716177e+02
3.260261109426282644e+01 5.924881913789731058e+00 3.196140911141069907e+00 2.834081383300178114e+00 1.375608381197427434e+03 5.955996473297512921e+02
3.403919398055663947e+01 7.428416322943684591e+00 4.177702428840265547e+00 3.433594542328091137e+00 1.411385552328666108e+03 5.985987250947588336e+02
5.121971871548360156e+01 7.688671428436614441e+00 4.407210433905342839e+00 3.224252216402599291e+00 1.361505923307497369e+03 6.100445340340850180e+02
1.050875375678253647e+02 8.167006672674919088e+00 4.243769234117095834e+00 3.298277919931442259e+00 1.993794703542493210e+02 8.372257049475609847e+01
1.438115524937432781e+02 7.985140763220183402e+00 4.445024044953698628e+00 3.268489247167051026e+00 2.079091340120783684e+02 7.781992528259965525e+01
1.914510638265612386e+02 8.608828242798576724e+00 4.571205988359848149e+00 3.390605477095265829e+00 3.570664470792414136e+02 8.114810654952670177e+01
2.444095764764702494e+02 8.318906033441868075e+00 4.484467485423931699e+00 3.593933053053302462e+00 3.691971075205813122e+02 1.439208485067401853e+02
3.039233407740096027e+02 8.862952757850690588e+00 4.979219351239425606e+00 3.387507214985896464e+00 3.594717160869525401e+02 1.411800934556981986e+02
3.567048165690268320e+02 9.095599039463554192e+00 4.797042683347732428e+00 3.706097176660462900e+00 3.652488823775568676e+02 1.440924292113281240e+02
4.309515978935370981e+02 9.203387351044176157e+00 4.763089644584804105e+00 3.757777089421828087e+00 3.713633497154277734e+02 1.486613009734174966e+02
4.973998152091332372e+02 9.551240204550238033e+00 5.442573882552098397e+00 3.992311899356588700e+00 3.678630217449849056e+02 1.471603441087243027e+02
5.923018097505814694e+02 1.074309865453347435e+01 5.585877062875056254e+00 4.095458972875550607e+00 3.523086460292829543e+02 1.432934205791453337e+02
6.361562345095177307e+02 1.104775742034466468e+01 6.011812214537163968e+00 4.499624280707040569e+00 7.680388000927351868e+02 3.055173968862120546e+02
8.042658573132149513e+02 1.080594465162736029e+01 6.294190748929085366e+00 4.442489485150078465e+00 7.035047051400836153e+02 3.014423059625449355e+02
9.017114703341451332e+02 1.129254417542239430e+01 6.495323504834704664e+00 4.586229453979496995e+00 7.180467519813990975e+02 3.149184680857563876e+02
1.022610139329897947e+03 1.118476399944638544e+01 6.259274956292818715e+00 4.746760578318983015e+00 7.760162585605523873e+02 2.978258752853902820e+02
1.123609758713601423e+03 1.192902495898291626e+01 6.734470478450488073e+00 4.700071120615120002e+00 7.229439848459893483e+02 3.130313162301249577e+02
1.158794672211129864e+03 1.227017327746841957e+01 6.601266974520279440e+00 4.675179560287459957e+00 7.694457937240766796e+02 3.027818619570174405e+02
1.278260207972260105e+03 1.146658843435191599e+01 6.362960877971558737e+00 4.945668035832214926e+00 7.074061253127965756e+02 3.266199171653527742e+02
1.395473916842278413e+03 1.258744108988140198e+01 6.908348506661181609e+00 4.647454653121513068e+00 7.032156259191798426e+02 3.198991662003249417e+02
1.523985863893407895e+03 1.244752606329455702e+01 6.398625998851125374e+00 4.752936818149566811e+00 7.373812018338765029e+02 2.980996666934360064e+02
1.863871183289249529e+03 1.282428848594382487e+01 7.102407665046634122e+00 4.966596143050746370e+00 8.148350994319450820e+02 3.014925717689264388e+02
1.961177656460426306e+03 1.217544817620802000e+01 6.665983087882911384e+00 5.248150243490812272e+00 7.963812740425137235e+02 3.014292147127570161e+02
2.136717421719984486e+03 1.326407297751147141e+01 7.182632481700902183e+00 5.078373352690138454e+00 7.899947440064482862e+02 3.065570379777415155e+02
2.267659445971417881e+03 1.358448751103162344e+01 6.761378360058563075e+00 5.144004222488644196e+00 8.270700819511464488e+02 3.113696217700255033e+02
2.650121075986456617e+03 1.383847291157065129e+01 6.738491599912930674e+00 5.515720108233973740e+00 8.064112978727264363e+02 3.031523628793613625e+02
2.629639407320639748e+03 1.324709577318975384e+01 7.517689248186051110e+00 5.537611793994816622e+00 7.762900270046754940e+02 3.120386232386640586e+02
2.994301992809444073e+03 1.425718172214034496e+01 7.221872031817000881e+00 5.821665836025122331e+00 7.615252560393676049e+02 3.047222805270181425e+02
3.009808067368625416e+03 8.256377319494461631e+00 0.000000000000000000e+00 1.007404446046795243e+01 8.348298331595631225e+02 3.156725583880269710e+02
2.846323887916711101e+03 8.171108073436759156e+00 0.000000000000000000e+00 9.937146516090988868e+00 5.645683629909771844e+04 0.000000000000000000e+00
3.003504744645110804e+03 8.737579252484820813e+00 0.000000000000000000e+00 9.788247196791429516e+00 5.846767511452848703e+04 0.000000000000000000e+00
3.229821128677814613e+03 8.632379144434349172e+00 0.000000000000000000e+00 1.022766501972720299e+01 5.609382241391136631e+04 0.000000000000000000e+00
3.406087375272980807e+03 8.511090344166611033e+00 0.000000000000000000e+00 1.004922581554008509e+01 5.819863291303455480e+04 0.000000000000000000e+00
3.291488360440303040e+03 8.790296941327611080e+00 0.000000000000000000e+00 1.014425587027679043e+01 6.033365544067577139e+04 0.000000000000000000e+00
3.425998449449180498e+03 8.939667523178609798e+00 0.000000000000000000e+00 1.019840790658896168e+01 5.741284604533037782e+04 0.000000000000000000e+00
3.679020012941876757e+03 9.050372006949080728e+00 0.000000000000000000e+00 1.041680077440559060e+01 5.672634576651200769e+04 0.000000000000000000e+00
3.751987491358966054e+03 9.232409343951712088e+00 0.000000000000000000e+00 1.127015605760446704e+01 5.947697870481442078e+04 0.000000000000000000e+00
3.791686511899419202e+03 9.661896933256063136e+00 0.000000000000000000e+00 1.157896502583802523e+01 5.628646138048987632e+04 0.000000000000000000e+00
3.720299592281951846e+03 9.040073938396526287e+00 0.000000000000000000e+00 1.166830035343371463e+01 5.876350004061081563e+04 0.000000000000000000e+00
4.143728161923819243e+03 9.257812749052146017e+00 0.000000000000000000e+00 1.089989872231916657e+01 5.533360647513329604e+04 0.000000000000000000e+00
3.912781940089845648e+03 9.520956543940702232e+00 0.000000000000000000e+00 1.136666215618599018e+01 5.884836065177259297e+04 0.000000000000000000e+00
4.148613219281025522e+03 9.768010334429700237e+00 0.000000000000000000e+00 1.202867530475101354e+01 5.980739168683703610e+04 0.000000000000000000e+00
4.433468627256908803e+03 9.470181181718425378e+00 0.000000000000000000e+00 1.189530905125022464e+01 5.884545148714006064e+04 0.000000000000000000e+00
4.270828286659197147e+03 1.020262144345742250e+01 0.000000000000000000e+00 1.156822477829513396e+01 5.909562561740556703e+04 0.000000000000000000e+00
4.515567471574146111e+03 9.878846708090195605e+00 0.000000000000000000e+00 1.226638257997795378e+01 5.803357644649354188e+04 0.000000000000000000e+00
4.553146813569400365e+03 9.889121209521384515e+00 0.000000000000000000e+00 1.143265809243683861e+01 5.592983379135201540e+04 0.000000000000000000e+00
4.469657044078086074e+03 9.845838654484129648e+00 0.000000000000000000e+00 1.241854219943452087e+01 5.500316757232075179e+04 0.000000000000000000e+00
4.562787621777723871e+03 1.021069432123133858e+01 0.000000000000000000e+00 1.189864190521209686e+01 5.938836974286306940e+04 0.000000000000000000e+00
4.768732347329852018e+03 1.045762463735130865e+01 0.000000000000000000e+00 1.149870244921097928e+01 5.977649362930149073e+04 0.000000000000000000e+00
4.816064256029520948e+03 1.053312795162172932e+01 0.000000000000000000e+00 1.198652483927713241e+01 5.940786807604550995e+04 0.000000000000000000e+00
5.083211207859604656e+03 9.921360081227199146e+00 0.000000000000000000e+00 1.253324178704737868e+01 5.575718295254009718e+04 0.000000000000000000e+00
5.091229612819319300e+03 1.022616281420895135e+01 0.000000000000000000e+00 1.167801977262116253e+01 5.512603990449417324e+04 0.000000000000000000e+00
5.052409962896664183e+03 1.123177978125166732e+01 3.466765116361143928e+00 1.328676925340674586e+01 4.440043593331113811e+02 8.743660050223338942e+01
5.186579544220180651e+03 1.119938595803195369e+01 3.467905837451664919e+00 1.328731314363913718e+01 4.621639856023604125e+02 8.488091429011738853e+01
5.457285772834948148e+03 1.070226545702831977e+01 3.601980030637297769e+00 1.327889362872904755e+01 4.604661353535623789e+02 8.749156092515559635e+01
5.578600612288849334e+03 1.114482568780312555e+01 3.535450824644352785e+00 1.284061234391076489e+01 4.493460814191785744e+02 8.107256445554382651e+01
5.650288917303747439e+03 1.120846811241953134e+01 3.503707369659175175e+00 1.282278970043382316e+01 4.445365160720953099e+02 8.169097018142339550e+01
5.354816311737335127e+03 1.061341880408212646e+01 3.761251591746808121e+00 1.300712660751671734e+01 4.307764903533036431e+02 8.738310502955606296e+01
5.909602504992741160e+03 1.132150145700795996e+01 3.689910050536387764e+00 1.304925976453925784e+01 4.534070812579593621e+02 8.549661191990985287e+01
5.529537631759647411e+03 1.137913100832951407e+01 3.696284555030957986e+00 1.251144686938481776e+01 4.264291823156035548e+02 8.911418569137663326e+01
5.843386414573556976e+03 1.129208664887059577e+01 3.467819034734739070e+00 1.282568960423893323e+01 4.132921697327007564e+02 8.699844374390029600e+01
5.996634294734855757e+03 1.093728474846647636e+01 3.520899368737315793e+00 1.301424778737641574e+01 4.387212604242817520e+02 8.753976439699741263e+01
6.351825368238550254e+03 1.109243970037120519e+01 3.574188944194554018e+00 1.355377818021769087e+01 4.363800859186845287e+02 8.613656508094105391e+01
6.110124509689556362e+03 1.121510254142884655e+01 3.826714007949139074e+00 1.262159334270704392e+01 4.333968450015153167e+02 8.395244570177960952e+01
6.313436611505238034e+03 1.102741199681698880e+01 3.614819825795117403e+00 1.356350246605141052e+01 4.314542808395679003e+02 8.583282430403315288e+01
6.383034954248599206e+03 1.176523339075967911e+01 3.674514829817148165e+00 1.317827588789974236e+01 4.325742383759391032e+02 8.149453594133122181e+01
