-4.010926743760550028e-01 5.888687769255902538e+00 3.224261717003881422e+00 2.669744824152630258e+00 1.352617161032582771e+03 5.874614352823128911e+02
3.202859478986862740e+01 5.877832214939764377e+00 3.429689255883876076e+00 2.686349484178411906e+00 1.403548909527209162e+03 6.090721458446602128e+02
3.171881279207056892e+01 7.743239910029799056e+00 4.401680098329315172e+00 3.434832662198632480e+00 1.333406859617769442e+03 5.704060603743342881e+02
5.150526666384676844e+01 7.904146947104096377e+00 4.332237086778730095e+00 3.174841932936165900e+00 1.385607299251668792e+03 6.167734225557896934e+02
1.008382796592306363e+02 8.296356908785622153e+00 4.468603965713389137e+00 3.341938779401872672e+00 2.060836586628154521e+02 8.074791717261432211e+01
1.518093295366116990e+02 8.478885523207980057e+00 4.550724521978591675e+00 3.304154485262075003e+00 2.062913207066770838e+02 8.229453411966083820e+01
2.036375432110868928e+02 8.102934555535526329e+00 4.811285024729827775e+00 3.562028836448227320e+00 3.541982838910888063e+02 8.094362045625726410e+01
2.430727229266113909e+02 8.239048646600053871e+00 4.649777030040127990e+00 3.569029611865410789e+00 3.651410481628602724e+02 1.415215060814245760e+02
3.107241326294400210e+02 8.280666313479949636e+00 4.738471192817310218e+00 3.476617259095567292e+00 3.559862925700630285e+02 1.500519496120666076e+02
3.453749980034991722e+02 8.946035396931742767e+00 4.775399016592612789e+00 3.573082264001369079e+00 3.758886522763611993e+02 1.406518878920782925e+02
4.338426904808661675e+02 9.260858472621617210e+00 5.119958059960019625e+00 3.572009331687238998e+00 3.552142800302149226e+02 1.380864924641001892e+02
5.168817171697471622e+02 9.238978136456681867e+00 5.436367828436924121e+00 4.051055939953799090e+00 3.430185721616949763e+02 1.370256133756020063e+02
6.147135888318654224e+02 9.892402112058077179e+00 5.684219846374393370e+00 4.167364262803561203e+00 3.618128654969098648e+02 1.471809255268337608e+02
6.863907431958035659e+02 1.115100440699485773e+01 6.241234272399219130e+00 4.177060295665684819e+00 7.215327658146304657e+02 3.010291009212587028e+02
8.112298957751723947e+02 1.103128162204234286e+01 6.078383100887969626e+00 4.515378861960705592e+00 7.141653109190862097e+02 3.147152282321766279e+02
8.782057191694813127e+02 1.089804018560527332e+01 5.973509899959640101e+00 4.740442806434079337e+00 7.501336606710367505e+02 2.964538850235680911e+02
1.023782647610599952e+03 1.176042847355241605e+01 6.260992500875238065e+00 4.608781578694984837e+00 7.589877348668286459e+02 3.254752779616039788e+02
1.094525902902439611e+03 1.138033379265687017e+01 6.180596817777598950e+00 4.499304161223807164e+00 7.117135163102122988e+02 2.971874424910522521e+02
1.248458569344311627e+03 1.179919051198078250e+01 6.733785625525867680e+00 4.631201228918266466e+00 7.510157659354882753e+02 3.003296759533245677e+02
1.343410468753686246e+03 1.167712837205812981e+01 6.633718902962984387e+00 4.645403381608513627e+00 7.104927159315487870e+02 3.086863524473359917e+02
1.437738796273801427e+03 1.223159307848277066e+01 6.777235405419409275e+00 4.638450923241102863e+00 7.154922392608151540e+02 3.155807816418808898e+02
1.627174497330776376e+03 1.203635558898440650e+01 6.968316647094483507e+00 5.122805963056787704e+00 7.193797123166997380e+02 2.964831399407829622e+02
1.760293818682850997e+03 1.264692066007968663e+01 6.868838877460802905e+00 5.264344474835112031e+00 7.704570013523243688e+02 3.243846388723238192e+02
2.009902226491820556e+03 1.313280791272017289e+01 7.230483692658394190e+00 5.426508788712352427e+00 8.042990446902671238e+02 3.063002506637670308e+02
2.132378442651202022e+03 1.341211270088928664e+01 7.334390576452005206e+00 5.068365149669753045e+00 8.296016264973843590e+02 3.078907541422971690e+02
2.252102685482830111e+03 1.323330581110569604e+01 7.209908214255699832e+00 5.192528807346403319e+00 7.893486758659493034e+02 3.257539554790446914e+02
2.523616049227695385e+03 1.346999942209383150e+01 7.152535532888305347e+00 5.661473849582496776e+00 7.645128976514766919e+02 3.175876433391343312e+02
2.704837751236575059e+03 1.350465714714003873e+01 7.611716448732039453e+00 5.463573612924902179e+00 8.309938265175837842e+02 3.132372432662332358e+02
2.822536277398028233e+03 1.332029005468818639e+01 7.679951932216387611e+00 5.799440557531892360e+00 7.739017584273847206e+02 3.158100029643745756e+02
2.810409559594437724e+03 7.868525620290179212e+00 0.000000000000000000e+00 9.316607493768499282e+00 8.044106596698204612e+02 3.042132802781758869e+02
3.026385353521940942e+03 8.432616220094359960e+00 0.000000000000000000e+00 1.044754039206283558e+01 5.649541310793211596e+04 0.000000000000000000e+00
3.082593497236598978e+03 8.683890607709496834e+00 0.000000000000000000e+00 9.735351504982281412e+00 5.998111830466413812e+04 0.000000000000000000e+00
3.074046838549349559e+03 8.651638441999322637e+00 0.000000000000000000e+00 1.014623302998425558e+01 5.838419214495264168e+04 0.000000000000000000e+00
3.429869772015358649e+03 8.255031834973205918e+00 0.000000000000000000e+00 1.023231968753962917e+01 5.716516405722055788e+04 0.000000000000000000e+00
3.458452530073069283e+03 8.458510548761053016e+00 0.000000000000000000e+00 1.072372710456487610e+01 5.885010605904490512e+04 0.000000000000000000e+00
3.518305065214784008e+03 8.882203939078074484e+00 0.000000000000000000e+00 1.081545767830297500e+01 5.856162641287253064e+04 0.000000000000000000e+00
3.666779442443968492e+03 8.774800338090496865e+00 0.000000000000000000e+00 1.064351245218723108e+01 5.658428103699546773e+04 0.000000000000000000e+00
3.562246402006294829e+03 9.123663456863754462e+00 0.000000000000000000e+00 1.052536393079582488e+01 5.915951499710977077e+04 0.000000000000000000e+00
3.711156739257997287e+03 9.066794183375032290e+00 0.000000000000000000e+00 1.069240955138473836e+01 5.889765503844558407e+04 0.000000000000000000e+00
3.802798885094462548e+03 9.229500960990145941e+00 0.000000000000000000e+00 1.088184797310216112e+01 5.649195521217050555e+04 0.000000000000000000e+00
3.858013275921129662e+03 9.417243113781479380e+00 0.000000000000000000e+00 1.164932450977247136e+01 5.526537090685246221e+04 0.000000000000000000e+00
3.914127674427695183e+03 9.974035455298954744e+00 0.000000000000000000e+00 1.108276302895332321e+01 5.963837933799752500e+04 0.000000000000000000e+00
4.060153553730816839e+03 9.470181503651133426e+00 0.000000000000000000e+00 1.194330669459268712e+01 5.588187872649358906e+04 0.000000000000000000e+00
4.336252007945140576e+03 9.704087860306936264e+00 0.000000000000000000e+00 1.158623581263802116e+01 5.593877016628065030e+04 0.000000000000000000e+00
4.296265954104139382e+03 1.003344133215726863e+01 0.000000000000000000e+00 1.194340120031948516e+01 5.951402366630322649e+04 0.000000000000000000e+00
4.415117400667008951e+03 9.864892207751841724e+00 0.000000000000000000e+00 1.168918604667299554e+01 5.515647884764203627e+04 0.000000000000000000e+00
4.568536363498545143e+03 1.021415746515912915e+01 0.000000000000000000e+00 1.230746644665187439e+01 5.601997726810367749e+04 0.000000000000000000e+00
4.866391970062438304e+03 9.648560892402104017e+00 0.000000000000000000e+00 1.224749016033748106e+01 5.592155577148940210e+04 0.000000000000000000e+00
4.956266211059141824e+03 1.057390446356222746e+01 0.000000000000000000e+00 1.228518137333700722e+01 5.607992662763826957e+04 0.000000000000000000e+00
4.874981462245176772e+03 9.934263448181329892e+00 0.000000000000000000e+00 1.182429263283992782e+01 5.903831816539844294e+04 0.000000000000000000e+00
5.023856466362400170e+03 1.003743718782790850e+01 0.000000000000000000e+00 1.168087886889041194e+01 5.907897695705203660e+04 0.000000000000000000e+00
4.837401083916610332e+03 9.860079411602644228e+00 0.000000000000000000e+00 1.255556734067548597e+01 5.929207296680154832e+04 0.000000000000000000e+00
5.407252341206684832e+03 1.051842682097785620e+01 0.000000000000000000e+00 1.212779038239767004e+01 5.689487685470832366e+04 0.000000000000000000e+00
5.166644410343938034e+03 1.049608377207571053e+01 3.345401781445634715e+00 1.246922284395230207e+01 4.318734573968952759e+02 8.274559891857447269e+01
5.370099637540872209e+03 1.141445571889285482e+01 3.549113433586643218e+00 1.340482332563806089e+01 4.634529839237740134e+02 8.304130038667346980e+01
5.469096849135949014e+03 1.156403317787912322e+01 3.593683984790057462e+00 1.325431352932932683e+01 4.253887449074955498e+02 8.611987914877103378e+01
5.459461244797864310e+03 1.120255252621937636e+01 3.380499353750389790e+00 1.305670531855209049e+01 4.371502762669766184e+02 8.890892839056253649e+01
5.696541726717076926e+03 1.126045622927898293e+01 3.471323766158255442e+00 1.347611038830636154e+01 4.455125575832853997e+02 8.345080771357851290e+01
5.639539789158576241e+03 1.115096204824667403e+01 3.620685488567008559e+00 1.291767947667173111e+01 4.418113395771451337e+02 8.471447190247847914e+01
5.542356217172157812e+03 1.163240407969402135e+01 3.736175922444656461e+00 1.270027847860944448e+01 4.399773869414574961e+02 8.287412351331859384e+01
5.930213256790332707e+03 1.086802162684113071e+01 3.508322932100020886e+00 1.246780657343234466e+01 4.250731234246119357e+02 8.279355834253217949e+01
6.096269275816458503e+03 1.111079183029363904e+01 3.714005668790120396e+00 1.278031808443091144e+01 4.319046121853322120e+02 8.693590575606503990e+01
5.686461713138017330e+03 1.073390235486349731e+01 3.512796761592042127e+00 1.330613899030872460e+01 4.218242475637835014e+02 8.835477296370427780e+01
5.830965746836739527e+03 1.167325465506873883e+01 3.640915839258874964e+00 1.280608581323149053e+01 4.419570845768891445e+02 8.558835409649495318e+01
6.405870840925510493e+03 1.138626150588667763e+01 3.784017591321381158e+00 1.273122037222779568e+01 4.234872652300414870e+02 8.551401164430838264e+01
6.040173662154551494e+03 1.073598809329233994e+01 3.494536987434576858e+00 1.294463859047851351e+01 4.209433791437280661e+02 8.527195930720088768e+01
6.158706513400779841e+03 1.097427940886657538e+01 3.652093542443219043e+00 1.311900357033890785e+01 4.187375719636663121e+02 8.657542797747260011e+01
