2.000000000000000111e-01 3.175782232373512759e+00
1.000000000000000056e-01 3.235782232373512812e+00
5.000000000000000278e-02 3.487782232373513036e+00
3.333333333333333287e-02 3.779782232373512851e+00
2.000000000000000042e-02 4.089782232373512905e+00
1.250000000000000069e-02 4.241782232373513040e+00
1.000000000000000021e-02 4.283782232373512855e+00
6.666666666666667095e-03 4.381782232373512720e+00
5.000000000000000104e-03 4.509782232373512834e+00
4.000000000000000083e-03 4.659782232373513189e+00
3.333333333333333547e-03 4.811782232373513324e+00
