1.538920528749590400e+00 6.064211050882756915e+00 3.432707091023741608e+00 2.909986818962064792e+00 1.431217300176562048e+03 5.846391728352614336e+02
3.283068295000640546e+01 5.675916324757885434e+00 3.183873948106503260e+00 2.527925035706797718e+00 1.341144151703458874e+03 6.263375993200897938e+02
3.632936261808598033e+01 7.380733510900737926e+00 4.524086963605348899e+00 3.155488923888995156e+00 1.497034491284198339e+03 5.603352198865882201e+02
6.110144473916040653e+01 8.402121456365799546e+00 4.532585135716709956e+00 3.582234930638131587e+00 1.395543462543198302e+03 5.666000361602881412e+02
8.859236862850414695e+01 7.246848000786583199e+00 4.795249376009503628e+00 3.584216300528971999e+00 1.979214914332050341e+02 7.975721379002413869e+01
1.645857859791082092e+02 7.903111261753664962e+00 4.781335566022320016e+00 3.560180335274288232e+00 2.177983827543536961e+02 7.306085334312365376e+01
1.833866749945660786e+02 8.278544502308339048e+00 4.408074317184904167e+00 3.523699883611892680e+00 3.758859373973273250e+02 7.879298269813060074e+01
2.660028606078221287e+02 7.880999694227257102e+00 4.587787738934339110e+00 3.806967581414703261e+00 3.616680357540768682e+02 1.369977421106507336e+02
3.226836251741030424e+02 9.023274219439652910e+00 5.074825717223701460e+00 3.288039917490985786e+00 3.806664411635551915e+02 1.512627129710248255e+02
2.859935651540746449e+02 8.032446626461601014e+00 4.757080187923948600e+00 3.349053625080550489e+00 3.890328283094938229e+02 1.538088504285950648e+02
4.452423937932299509e+02 8.541386010148050545e+00 5.116596714115282829e+00 3.537832852285188068e+00 3.636067533533530991e+02 1.535215877180380915e+02
5.288137688396956264e+02 1.045703944751979186e+01 5.402277932504551572e+00 3.818772491733779528e+00 3.367290382725162203e+02 1.300998207030733909e+02
5.660905448629572447e+02 9.583234854473584363e+00 5.227748708535509437e+00 4.413238956182336636e+00 3.302652272674773712e+02 1.305326831575130200e+02
6.164582595198486388e+02 1.011918706424509296e+01 5.937571695013428297e+00 4.082302231378779567e+00 6.992449851740540225e+02 3.091456781601408466e+02
9.347628825461669066e+02 1.165371997312188235e+01 5.823853048287367606e+00 4.750472655361326346e+00 7.805004092305072163e+02 2.843629414037857828e+02
8.525578037681133310e+02 1.219037613863634739e+01 6.730847105384667906e+00 4.636787890473791585e+00 6.753827692266577287e+02 3.155917790590523282e+02
1.017368842218284044e+03 1.035125101774128531e+01 6.955742228621327072e+00 4.885910897093579841e+00 7.620904545641985806e+02 3.428221531111209401e+02
9.511173059825592873e+02 1.195998819204375607e+01 6.543864019212179528e+00 4.291505206307499876e+00 6.672092506254057298e+02 3.047216846128507655e+02
1.085012986746646448e+03 1.233876243852617804e+01 6.613939829172733376e+00 4.460434024029170885e+00 7.589465429127365041e+02 3.276519577169825652e+02
1.180643374798480181e+03 1.194495272370193106e+01 5.909266982072240992e+00 4.447275512635246564e+00 8.065707576338157878e+02 3.057544497299206796e+02
1.678456578771009617e+03 1.252061528346230013e+01 6.154620377904623574e+00 5.131834688394818933e+00 7.545495297863226369e+02 3.131273329328182626e+02
1.782882384040268107e+03 1.225047316198185321e+01 6.194864747852300013e+00 5.104510987318540138e+00 7.801025498986371076e+02 3.147429149644700033e+02
1.925789918844795011e+03 1.267108827167499463e+01 7.203218364917098882e+00 5.231257146136374381e+00 8.656578931718336207e+02 3.366663891112100373e+02
2.143644670153043080e+03 1.336125449173888846e+01 6.629099189368619527e+00 4.994981076027801059e+00 8.524068283573953977e+02 3.251642440269173449e+02
2.606526866203145801e+03 1.344188135145500773e+01 6.385379215770471184e+00 5.461700587748922864e+00 7.851886647918056497e+02 3.085833821326296516e+02
2.010132822502247109e+03 1.271026067679016336e+01 7.041071333330644499e+00 5.558045982823860420e+00 8.061814827478457346e+02 2.985910257484887893e+02
2.352186540491631149e+03 1.255551331992585773e+01 7.507706383693472318e+00 5.552850087829011017e+00 7.230951966814353682e+02 2.976864970754081128e+02
2.383601920099566996e+03 1.238897826689567161e+01 6.995153334202457884e+00 5.505071040882059563e+00 8.142333865544540004e+02 2.887213174312318529e+02
3.251654849411628220e+03 1.388378480069859222e+01 7.724931781816060550e+00 5.167252983508674014e+00 8.552820196977163505e+02 2.921088925988382243e+02
3.088579301932124054e+03 8.365767394655270195e+00 0.000000000000000000e+00 9.364806885252537683e+00 7.495393679323299239e+02 2.844003530410245162e+02
2.526030676091258101e+03 7.588062470492775269e+00 0.000000000000000000e+00 1.047976897797817308e+01 6.157199124542307982e+04 0.000000000000000000e+00
3.551297423454421732e+03 7.580617494014077806e+00 0.000000000000000000e+00 1.019929272110547913e+01 6.037112065659392101e+04 0.000000000000000000e+00
2.801913874097433109e+03 9.277058019087101925e+00 0.000000000000000000e+00 9.860488905199066068e+00 5.457524422270362265e+04 0.000000000000000000e+00
3.082793025649280935e+03 8.542535877424558777e+00 0.000000000000000000e+00 9.995485697572506822e+00 5.247829786540940404e+04 0.000000000000000000e+00
3.480856610683496456e+03 9.489466624754163249e+00 0.000000000000000000e+00 9.769121152397135077e+00 6.189152265530003933e+04 0.000000000000000000e+00
4.113967697329895600e+03 9.657926590866189542e+00 0.000000000000000000e+00 1.030453181440040744e+01 6.125194469669620594e+04 0.000000000000000000e+00
3.359426413552640952e+03 9.400714977456237520e+00 0.000000000000000000e+00 1.079840266251455816e+01 5.210161574666106753e+04 0.000000000000000000e+00
4.078806049658457596e+03 8.958282084689423996e+00 0.000000000000000000e+00 1.142708000801811608e+01 5.996679940882058872e+04 0.000000000000000000e+00
3.299101007708382440e+03 9.929014854369917487e+00 0.000000000000000000e+00 1.146582628543249349e+01 5.576328874456014455e+04 0.000000000000000000e+00
3.361363842181592190e+03 8.635500759022393780e+00 0.000000000000000000e+00 1.078273153935247386e+01 5.846056595669821399e+04 0.000000000000000000e+00
4.299523904037622742e+03 9.748884407060826263e+00 0.000000000000000000e+00 1.138398570908239726e+01 5.386571284433551045e+04 0.000000000000000000e+00
4.339241577785222944e+03 9.990414599198485845e+00 0.000000000000000000e+00 1.026275253560093326e+01 6.045826315136506309e+04 0.000000000000000000e+00
4.869138424596068944e+03 8.748435070309264816e+00 0.000000000000000000e+00 1.099449061001365457e+01 6.035688805559562752e+04 0.000000000000000000e+00
5.080846678365601292e+03 9.622358660549508613e+00 0.000000000000000000e+00 1.131123677013663098e+01 6.128790175893102423e+04 0.000000000000000000e+00
4.612273460640853045e+03 9.174314932009739465e+00 0.000000000000000000e+00 1.078983809627889556e+01 5.294430082843088167e+04 0.000000000000000000e+00
3.866807859606415605e+03 1.083832144996110891e+01 0.000000000000000000e+00 1.163178765099758216e+01 5.782690850987656449e+04 0.000000000000000000e+00
5.459360329068544161e+03 1.093920857046519046e+01 0.000000000000000000e+00 1.193885837585379051e+01 6.049831094802368170e+04 0.000000000000000000e+00
5.280412707796348514e+03 1.075296103525153768e+01 0.000000000000000000e+00 1.149555220785586762e+01 5.638055633757308533e+04 0.000000000000000000e+00
5.410451699782178366e+03 1.108999424431021197e+01 0.000000000000000000e+00 1.087908233092600341e+01 5.875382662613548018e+04 0.000000000000000000e+00
5.679958310600125515e+03 9.767639593311111312e+00 0.000000000000000000e+00 1.208250805729672983e+01 5.312419086716204038e+04 0.000000000000000000e+00
5.176986097073822748e+03 9.827895977761807345e+00 0.000000000000000000e+00 1.136943260362324892e+01 5.778570312012622890e+04 0.000000000000000000e+00
5.384042855179765866e+03 1.021270558428580877e+01 0.000000000000000000e+00 1.162990037701228196e+01 5.391874800340434012e+04 0.000000000000000000e+00
4.244212315004112497e+03 1.132986310634814942e+01 0.000000000000000000e+00 1.170967117449063188e+01 5.428685754417263524e+04 0.000000000000000000e+00
4.742679245782333965e+03 1.062842952329596002e+01 3.456384580388645489e+00 1.319996009670795800e+01 4.193857681116883214e+02 8.406537326639438845e+01
5.590904966662991683e+03 1.169908770947675336e+01 3.572371742180616927e+00 1.152181490738803404e+01 4.792977071470980377e+02 8.841649801366132522e+01
5.369986805290490338e+03 1.157250544712771223e+01 3.824062978621772579e+00 1.163410577836408066e+01 4.298592876948359844e+02 8.992087044898075021e+01
5.514981070515480496e+03 1.053860631939315340e+01 3.217605231691447631e+00 1.168995945297034211e+01 4.340057516314328723e+02 8.200453862099656988e+01
6.208044461813425187e+03 1.032788013800331406e+01 3.224608612794323204e+00 1.279638536782261582e+01 4.389942144142672760e+02 8.102707846629711241e+01
6.635785929318772105e+03 1.209247374453233981e+01 3.662821779792619026e+00 1.289666404607678096e+01 4.618567770449911905e+02 7.768114399331908260e+01
5.638013560926448008e+03 1.147290071128378841e+01 3.572443895580792894e+00 1.224702953426303154e+01 4.794447065377981403e+02 8.153707415852666429e+01
5.933988738147770164e+03 1.147674888358128875e+01 3.964277162733886417e+00 1.255077696565448520e+01 4.369341577536600312e+02 9.107038196635204486e+01
6.413603193295370147e+03 1.022558837060888948e+01 3.596170246368337153e+00 1.377372059157091932e+01 3.999123312253876747e+02 7.750113044061359346e+01
5.814250539971355465e+03 1.180263593559716107e+01 3.385853493415239779e+00 1.326162354089498230e+01 4.583755818252395784e+02 8.556541399446427931e+01
6.253503780792625548e+03 1.054168999520358163e+01 3.617258263531350160e+00 1.316195076675099429e+01 4.603421333812023590e+02 8.735922614269847486e+01
5.219231479284992929e+03 1.048712339733400611e+01 3.305545608526219148e+00 1.404124851238477945e+01 4.375092113616386769e+02 9.027017846469817641e+01
5.636913984220944258e+03 1.029341354834976663e+01 3.622135840116125660e+00 1.348562677832181578e+01 4.028681837208697516e+02 8.167821449846721293e+01
7.278186698490268100e+03 1.097758186360977284e+01 4.020894889245472115e+00 1.387514011931924962e+01 3.910893616341801362e+02 8.780167764426246890e+01
