2.794752196320763327e-01 5.686372640803289080e+00 3.300157262669449310e+00 2.714747013496662031e+00 1.351952038992229063e+03 6.174899248474796423e+02
3.213295787956563032e+01 5.826872615308481329e+00 3.276804168023693009e+00 2.900162389285939835e+00 1.414713510960509211e+03 6.112407553809142655e+02
3.472257820374744597e+01 7.773624810133621388e+00 4.492423770224656110e+00 3.481277512758512049e+00 1.373985935087520602e+03 5.991617368409326900e+02
4.822399110647714338e+01 8.116747933154135453e+00 4.436135060488207493e+00 3.297273145580527753e+00 1.357148353391021601e+03 6.284503170962981358e+02
9.713022051179730454e+01 7.640183681557805251e+00 4.646440570244254609e+00 3.400459384399800555e+00 2.000309815392448343e+02 7.938791507189485230e+01
1.568470098963822181e+02 8.484646422863200144e+00 4.578565526983517486e+00 3.535433592175580841e+00 1.965545036927573221e+02 8.265293352662182258e+01
2.053925710499236175e+02 8.419551320028569208e+00 4.513659032109821112e+00 3.403459944872289533e+00 3.624026553938443271e+02 8.282415171743630822e+01
2.448206741239882263e+02 8.158077429420790949e+00 4.837922082554537262e+00 3.555198591771659533e+00 3.546072637738102458e+02 1.491441550242521146e+02
2.936686005654170231e+02 8.758017969303367067e+00 4.531248777681016193e+00 3.436741716529273738e+00 3.511600173516375776e+02 1.385323357423040704e+02
3.593289751911665917e+02 8.484455178049959301e+00 4.843016417209240920e+00 3.507357730150105546e+00 3.661301811381330822e+02 1.431880771128443826e+02
4.263250008654642897e+02 8.680771351937414337e+00 5.144859679068321867e+00 3.492834663850888699e+00 3.756471298306804556e+02 1.422691435244617821e+02
5.049085334808349330e+02 9.644847429971596497e+00 5.084091137691556739e+00 3.773426493624365996e+00 3.664051537902446398e+02 1.448957447588759351e+02
6.244535898253053574e+02 9.960760195940890682e+00 5.632943661854765693e+00 4.233796567264045407e+00 3.622857083995597804e+02 1.361928399627423119e+02
7.017328001339949424e+02 1.071538947250571105e+01 5.709649144770182261e+00 4.308510330321465354e+00 7.119827824755227539e+02 2.970096425340569226e+02
8.198040224048094160e+02 1.119298483536949895e+01 5.899230728664483614e+00 4.476451218948697353e+00 7.431481197682518314e+02 3.089819388762159065e+02
8.792529867092913491e+02 1.103198213796704508e+01 6.388938902648695795e+00 4.370764386122579559e+00 7.466361305975960931e+02 3.183728180687455165e+02
1.037093187332930256e+03 1.124071503853240550e+01 6.068950369678564272e+00 4.446852430647195931e+00 7.415423196803045585e+02 3.127938664008652268e+02
1.084598046896372807e+03 1.124810997976709004e+01 6.114998624238353386e+00 4.481903480086510072e+00 7.598589118397279663e+02 3.090862687478816042e+02
1.196756423389769452e+03 1.124699000067990440e+01 6.358562807417268203e+00 4.587545723098051198e+00 7.352266974997651232e+02 3.151588471560334597e+02
1.286534551073070588e+03 1.127395308123651496e+01 6.523324820123606926e+00 4.676515031318864146e+00 7.253752112676855859e+02 3.187221331289561022e+02
1.331938840016244512e+03 1.230934698394470672e+01 6.367557264762009339e+00 5.017327633953919452e+00 7.492322545604763491e+02 3.232259563644890932e+02
1.535502846861376383e+03 1.172884415008831560e+01 6.698100038670325773e+00 4.838879914590667575e+00 7.167380543498313727e+02 3.132364051934442273e+02
1.710485664178886736e+03 1.280850901936224062e+01 6.692853728686631420e+00 5.329363178919276578e+00 8.053731694780829002e+02 3.018099701232421808e+02
2.000260497532703766e+03 1.220472295598196055e+01 6.791643487570647508e+00 5.162530622015754744e+00 8.320902288676261378e+02 3.137808574739401024e+02
2.152629015280488147e+03 1.327655364137513594e+01 6.821723909065351421e+00 5.509515517688593711e+00 7.709178884819408495e+02 3.159367826676649997e+02
2.205094370878930022e+03 1.291608018751745135e+01 6.957300245328029931e+00 5.371200503746807797e+00 7.887191461090965277e+02 3.115552010150502156e+02
2.522499771878583942e+03 1.288767144341266224e+01 7.372204535497460576e+00 5.260385696753311358e+00 8.078606133264997879e+02 3.072314867819037545e+02
2.499359340474658438e+03 1.340829032403001442e+01 7.327412036899459302e+00 5.633902699831751626e+00 8.354806724005906062e+02 3.232128095359092299e+02
2.959028424944183826e+03 1.408093985323689168e+01 7.470456294586102608e+00 5.444435661996402054e+00 7.977043530757456438e+02 3.138801840294296994e+02
2.974682625874958831e+03 7.809698968018555121e+00 0.000000000000000000e+00 1.016179679051752416e+01 7.951043242858281701e+02 3.052356292383873893e+02
2.943825434088979364e+03 7.906796507083873493e+00 0.000000000000000000e+00 9.951081348927893089e+00 5.579704834065048635e+04 0.000000000000000000e+00
3.033952991644975555e+03 7.983029144714337555e+00 0.000000000000000000e+00 1.049595914037356614e+01 5.521246953758860764e+04 0.000000000000000000e+00
3.308052632572852872e+03 8.664412534585643755e+00 0.000000000000000000e+00 1.004704802164820343e+01 5.929387607717271749e+04 0.000000000000000000e+00
3.301216656405230424e+03 8.727620466223999784e+00 0.000000000000000000e+00 1.078495591205724224e+01 5.770224333208929602e+04 0.000000000000000000e+00
3.426154297104977104e+03 9.181737531755484127e+00 0.000000000000000000e+00 1.042039287209247966e+01 5.897579598971485393e+04 0.000000000000000000e+00
3.574056282884620941e+03 8.911173355507965965e+00 0.000000000000000000e+00 1.094127660652891798e+01 5.708581138195572566e+04 0.000000000000000000e+00
3.482998571598603121e+03 9.207069244767463800e+00 0.000000000000000000e+00 1.124923027353815996e+01 5.599780355354779022e+04 0.000000000000000000e+00
3.613456139407962382e+03 9.088018276139942841e+00 0.000000000000000000e+00 1.121677920726658861e+01 5.730564752527466771e+04 0.000000000000000000e+00
3.592379712517041753e+03 9.671948737316345301e+00 0.000000000000000000e+00 1.105271077818118819e+01 5.665711295758427877e+04 0.000000000000000000e+00
3.815426932615312126e+03 9.285083638532196204e+00 0.000000000000000000e+00 1.108746901738819446e+01 5.758226877180772863e+04 0.000000000000000000e+00
3.996307886581926141e+03 9.433471278330779697e+00 0.000000000000000000e+00 1.104924946775445527e+01 5.724856725018819998e+04 0.000000000000000000e+00
3.929691034473019045e+03 9.643022769232825198e+00 0.000000000000000000e+00 1.119897464722651392e+01 5.681289802627320023e+04 0.000000000000000000e+00
4.066582668635717710e+03 9.522292517571671056e+00 0.000000000000000000e+00 1.118444570317782194e+01 5.595864218957153207e+04 0.000000000000000000e+00
4.356194215446290400e+03 1.009888700162437658e+01 0.000000000000000000e+00 1.135447827185863190e+01 6.069192223743215436e+04 0.000000000000000000e+00
4.189712376313766072e+03 9.749099192881391929e+00 0.000000000000000000e+00 1.215440492735710265e+01 5.710873302980089647e+04 0.000000000000000000e+00
4.652914161108904409e+03 9.859655622260149244e+00 0.000000000000000000e+00 1.116892332779624297e+01 5.511985832983034197e+04 0.000000000000000000e+00
4.674103189719034162e+03 9.903677608952863309e+00 0.000000000000000000e+00 1.149452137475119429e+01 5.531855970771125430e+04 0.000000000000000000e+00
4.849574077402791772e+03 1.034927051561780154e+01 0.000000000000000000e+00 1.209294394270417783e+01 5.893693949936253921e+04 0.000000000000000000e+00
4.595489323711221004e+03 1.011103924690271150e+01 0.000000000000000000e+00 1.196889556670237909e+01 5.504600342828846624e+04 0.000000000000000000e+00
5.069845678642486746e+03 1.017578169234797336e+01 0.000000000000000000e+00 1.163763383464860013e+01 5.697615944187541754e+04 0.000000000000000000e+00
4.817893842149153897e+03 9.900835583973220722e+00 0.000000000000000000e+00 1.169472210365449882e+01 5.992063624395342049e+04 0.000000000000000000e+00
4.931237984064463490e+03 1.021468214361168592e+01 0.000000000000000000e+00 1.187652032047655482e+01 5.549111896414239891e+04 0.000000000000000000e+00
5.019636384530042960e+03 1.068403549324833968e+01 0.000000000000000000e+00 1.237686321995456851e+01 5.631103009506259696e+04 0.000000000000000000e+00
5.218729139298838163e+03 1.130133501866673207e+01 3.420622581980018673e+00 1.302605670544304672e+01 4.443195204643265583e+02 8.799825935567611168e+01
5.107061865771154771e+03 1.156812127362555032e+01 3.607934320886556190e+00 1.227875985036463113e+01 4.345761992563196827e+02 8.333123514229660600e+01
5.282142704508555653e+03 1.075781471166864556e+01 3.435606348892790152e+00 1.219159880475263513e+01 4.368665042019572979e+02 8.616184910607225333e+01
5.460915961718200379e+03 1.075190397779482687e+01 3.388419834352497606e+00 1.327200720973380577e+01 4.489308425424796951e+02 8.195292391792523290e+01
5.743373658304789387e+03 1.092320395855966453e+01 3.423390980101371994e+00 1.279885035933121173e+01 4.455437871629934534e+02 8.603036061886022878e+01
5.755749042621535409e+03 1.150580389887371702e+01 3.449410547898378532e+00 1.323873142506775658e+01 4.217375293489521937e+02 8.192550503923182248e+01
5.800461152905240851e+03 1.114100966294291162e+01 3.763561327846802307e+00 1.268760365434094339e+01 4.180801923782812537e+02 8.163673670762274526e+01
5.929920936704585074e+03 1.140867173404834567e+01 3.759600181705039734e+00 1.249319633608686786e+01 4.549480874456072002e+02 8.088670635573188861e+01
5.745491654458382072e+03 1.135719703771100164e+01 3.700070686569695955e+00 1.307078785884125693e+01 4.155007141366489236e+02 8.389999223836839803e+01
6.252364742454800762e+03 1.074839635626523027e+01 3.627942101623141458e+00 1.311718260429774219e+01 4.358070576270326342e+02 8.450445409292842669e+01
6.004936066134543580e+03 1.180615789169891627e+01 3.672597342084653604e+00 1.307046963874032741e+01 4.205629460311163825e+02 8.486615175600759642e+01
6.393731540555990250e+03 1.121901797136669821e+01 3.489533433453984035e+00 1.308786586494592008e+01 4.115453041874117162e+02 8.574983341199497033e+01
6.252006901754890350e+03 1.092092058107941099e+01 3.704040332619101594e+00 1.330523734994258689e+01 4.119067526218502735e+02 8.922212360173344337e+01
6.211183605349911886e+03 1.114579123009129091e+01 3.800021429956425223e+00 1.305293710868990509e+01 4.378073104856184159e+02 8.597420272736582092e+01
