1.450951372250226523e-01 5.887418120280678124e+00 3.457058695935737891e+00 2.713002748296335032e+00 1.417754706197508312e+03 6.241176900040163673e+02
3.120809622566022412e+01 5.809963011018401069e+00 3.216575342977161078e+00 2.745352794942923946e+00 1.434157398130728552e+03 5.969876547464169789e+02
3.095887770051023935e+01 7.778562083393818938e+00 4.551160559269811223e+00 3.483820124883766578e+00 1.374094837450248406e+03 5.979384256673191658e+02
4.821732643629921000e+01 8.081162166369500355e+00 4.460918122357615978e+00 3.275053845855403267e+00 1.354728687317855020e+03 6.183093388110738715e+02
9.816242556518551510e+01 8.130257366407088071e+00 4.626294846217050782e+00 3.379819038795919273e+00 1.963035150718607440e+02 8.225876646713973628e+01
1.425920930646991849e+02 8.449120155450561498e+00 4.688787328165928692e+00 3.332224377183532482e+00 1.985245936421126771e+02 8.136481236602631384e+01
2.029567884294943951e+02 8.219179961406023693e+00 4.550112564785117719e+00 3.389620748703517261e+00 3.699482087121582481e+02 7.640419804626121447e+01
2.424932000673482833e+02 8.005698267956814718e+00 4.762299806791213896e+00 3.428100536072981708e+00 3.721396147023494336e+02 1.427927510469203582e+02
2.882271602420694308e+02 8.862146868187885218e+00 4.555710753084420084e+00 3.377376553223979450e+00 3.453413437072649117e+02 1.492435105576335843e+02
3.567640309028683987e+02 8.758232439333269781e+00 5.051202784892204534e+00 3.566537417454261227e+00 3.701206490412015455e+02 1.399939830525198659e+02
4.043015065916194430e+02 9.317253762048212096e+00 4.904048493055990221e+00 3.567271821702715062e+00 3.503814939458500817e+02 1.404559413062222006e+02
5.126816326515663604e+02 9.759526876398005868e+00 5.360703022625305181e+00 3.681461274185584109e+00 3.508996129774955648e+02 1.492103639640876622e+02
5.787667480362105152e+02 1.015590266296489652e+01 5.495582824005902367e+00 4.027199308320643212e+00 3.509822472960250934e+02 1.419546025797193636e+02
6.755573454887432945e+02 1.111882552062118634e+01 6.060645196564058423e+00 4.497591831160774767e+00 7.152678415584952063e+02 3.116028605230466724e+02
7.840628613957094331e+02 1.152238901369356938e+01 5.970278042828267573e+00 4.431564351112458944e+00 7.327170603009378738e+02 3.124424618546973988e+02
8.901386492234975094e+02 1.130903062928925884e+01 6.258473643860084756e+00 4.642981847690569097e+00 7.211625680096640281e+02 2.984844990759290795e+02
1.038610550054820351e+03 1.159585640232472059e+01 6.326203147160588180e+00 4.535342646355978502e+00 7.173145943071625652e+02 3.123250399806908035e+02
1.148690904679262758e+03 1.153717550982820583e+01 6.722558864397293554e+00 4.764875582331643322e+00 7.477869888489796040e+02 2.968059498927574396e+02
1.198492129766302924e+03 1.228092208706522825e+01 6.362330943517369164e+00 4.942193554186542492e+00 7.267872846563311668e+02 3.084456477700948085e+02
1.266296972507260989e+03 1.204245479858776946e+01 6.592934912365979727e+00 4.645244273203311458e+00 7.450052727978097664e+02 3.227344079208168068e+02
1.399512545462220032e+03 1.196437133553565246e+01 6.602665884823304410e+00 4.673379978611490237e+00 7.576665787187787373e+02 3.086346121080628109e+02
1.528618826115130105e+03 1.217806980133017269e+01 6.825031260312149684e+00 4.798101617066196312e+00 7.381680229221194622e+02 2.994427490439607595e+02
1.711661110150820377e+03 1.234711429458618959e+01 6.956679683552972726e+00 5.200747416636374076e+00 8.184679318422585084e+02 3.136487108962747925e+02
1.994137162277980678e+03 1.283836661859730022e+01 6.941112248766946990e+00 4.975044712218015697e+00 8.352123317986194024e+02 3.129642754307062660e+02
2.236072358952029845e+03 1.344759610599462718e+01 6.989047512254506600e+00 5.114983027996087728e+00 7.843678480562189179e+02 3.000202049547735328e+02
2.315751667327250743e+03 1.272833725462573362e+01 7.044354877774379631e+00 5.499068532969390688e+00 8.052545569361424214e+02 3.179931790595747998e+02
2.658128186855477452e+03 1.330558983680901974e+01 6.897465546511117651e+00 5.255469567311161327e+00 7.646481731465891016e+02 3.226595355957562674e+02
2.678334059214353601e+03 1.314836035509537204e+01 7.236173668680262239e+00 5.398158378985276507e+00 8.209037889004055160e+02 3.039577586334193597e+02
3.036713220717281274e+03 1.315895019995317483e+01 7.253019485191898319e+00 5.773705044641859629e+00 8.083763075310337172e+02 3.026546135353679006e+02
2.763995307138386579e+03 8.027058388432436686e+00 0.000000000000000000e+00 1.016964374168628815e+01 7.932270875166610722e+02 2.987083843960405716e+02
3.038859172411187046e+03 8.031887034316111951e+00 0.000000000000000000e+00 1.037919112509755770e+01 5.822306913740959862e+04 0.000000000000000000e+00
3.122154590090402507e+03 8.685024937261342615e+00 0.000000000000000000e+00 9.908742151793644481e+00 5.627911929817419150e+04 0.000000000000000000e+00
3.151224859203487085e+03 8.333315109518796504e+00 0.000000000000000000e+00 1.031470850070639145e+01 5.761377602600372484e+04 0.000000000000000000e+00
3.334040240933374207e+03 8.813898070306684929e+00 0.000000000000000000e+00 1.091165622312144734e+01 5.760933605822420941e+04 0.000000000000000000e+00
3.534067753725473722e+03 8.850606835303304720e+00 0.000000000000000000e+00 1.065981555910582834e+01 5.796522991264225857e+04 0.000000000000000000e+00
3.487857236496643964e+03 9.215086740594619741e+00 0.000000000000000000e+00 1.091958324361806376e+01 5.940527583955697628e+04 0.000000000000000000e+00
3.483294248242999856e+03 8.827974702804667118e+00 0.000000000000000000e+00 1.053714328548955237e+01 6.047409670570310846e+04 0.000000000000000000e+00
3.540458856320059567e+03 8.769903486861638342e+00 0.000000000000000000e+00 1.068692921788987604e+01 5.953126484220904968e+04 0.000000000000000000e+00
3.694528670183882696e+03 8.903636556943371971e+00 0.000000000000000000e+00 1.144463812180128137e+01 5.552007261057254800e+04 0.000000000000000000e+00
3.925701652547854792e+03 9.652777863012309112e+00 0.000000000000000000e+00 1.118982053983984493e+01 5.747466994558788429e+04 0.000000000000000000e+00
4.065027438157273082e+03 9.871416976733117465e+00 0.000000000000000000e+00 1.133646001013875093e+01 5.858976220192309120e+04 0.000000000000000000e+00
4.196376854580453255e+03 9.813966141082158146e+00 0.000000000000000000e+00 1.114976110010747590e+01 5.951124281509675347e+04 0.000000000000000000e+00
4.041326322422944031e+03 1.009665014596917310e+01 0.000000000000000000e+00 1.102956804159981097e+01 5.874704000130161148e+04 0.000000000000000000e+00
4.477482165350800642e+03 9.685008166917061345e+00 0.000000000000000000e+00 1.210470443987269462e+01 5.507756267390268476e+04 0.000000000000000000e+00
4.569519361197761100e+03 1.029753583793995020e+01 0.000000000000000000e+00 1.163256508117708421e+01 5.996277746284571913e+04 0.000000000000000000e+00
4.569917173389702839e+03 9.548346088779801732e+00 0.000000000000000000e+00 1.120358794200916286e+01 5.654554469625207275e+04 0.000000000000000000e+00
4.630624665144094251e+03 9.598917928428541302e+00 0.000000000000000000e+00 1.146483645058261658e+01 5.622430382900112454e+04 0.000000000000000000e+00
4.775323534079553610e+03 9.999009039542206878e+00 0.000000000000000000e+00 1.133729064599658365e+01 5.623032380927474878e+04 0.000000000000000000e+00
4.952544561238436472e+03 1.056390414254927812e+01 0.000000000000000000e+00 1.192084658355095250e+01 5.785929169843099226e+04 0.000000000000000000e+00
4.788915505638823561e+03 9.941909044129740636e+00 0.000000000000000000e+00 1.193272843644409775e+01 5.705151398292464728e+04 0.000000000000000000e+00
4.946585298771934504e+03 1.032807780632514394e+01 0.000000000000000000e+00 1.248961065678058446e+01 5.921029166771936434e+04 0.000000000000000000e+00
4.954575288683046892e+03 1.057411757983754086e+01 0.000000000000000000e+00 1.171976247019294526e+01 5.585212013687179569e+04 0.000000000000000000e+00
4.953946480738246464e+03 1.062254085183220198e+01 0.000000000000000000e+00 1.226034556981282186e+01 5.519293735477695009e+04 0.000000000000000000e+00
5.234240447852923353e+03 1.075616900376943086e+01 3.513287980031547075e+00 1.222608650728682811e+01 4.275197846784568014e+02 8.494735564691195862e+01
5.210816655307859946e+03 1.155547998235875795e+01 3.599679288848695702e+00 1.297877933106965997e+01 4.419658166713824130e+02 8.775048825937575714e+01
5.474868210327545967e+03 1.074041755852157465e+01 3.586899340296211047e+00 1.290181091614397069e+01 4.454596826493843196e+02 8.454225377770718808e+01
5.164571595076107769e+03 1.115785593251186647e+01 3.464439091162707207e+00 1.223577587627159780e+01 4.554084182573878365e+02 8.196954917066688040e+01
5.334709186739624784e+03 1.149012009914487287e+01 3.564521228568897637e+00 1.292948571648356371e+01 4.502761884846163980e+02 8.321748593698340812e+01
5.686232954034700015e+03 1.102037111137198444e+01 3.430918320806224386e+00 1.268035542856949149e+01 4.287820247105394174e+02 8.498196021738847605e+01
5.719277461379482702e+03 1.106451103727649432e+01 3.585786200933536616e+00 1.319386655165545008e+01 4.278639100204038641e+02 8.314805379952055375e+01
5.510746526398613241e+03 1.089244099091748375e+01 3.759503554411933735e+00 1.336203933671339250e+01 4.464146367414678025e+02 8.138240571911840959e+01
5.746506236556445401e+03 1.111044113110167508e+01 3.738727103378561178e+00 1.298167017417794966e+01 4.536726668394118178e+02 8.492296648258100333e+01
5.763000386283261832e+03 1.177761490972596192e+01 3.684204720875621675e+00 1.240200984228484948e+01 4.476885121288078153e+02 8.091338489294521708e+01
5.853310031308820726e+03 1.109239945418946149e+01 3.559668564185267670e+00 1.306537261160338304e+01 4.507558701161157728e+02 8.563497826451776973e+01
6.070699400532282198e+03 1.105517462046832833e+01 3.698887602560844368e+00 1.275432910539548637e+01 4.486984186872581972e+02 8.199844259015739567e+01
6.063068053432836678e+03 1.125767127094603559e+01 3.739968900298692223e+00 1.307255774575609841e+01 4.099705817776796835e+02 8.150174217011924327e+01
6.061158411642794817e+03 1.084060002002144785e+01 3.590489967326803367e+00 1.313951647784528731e+01 4.319211216475744664e+02 8.125299646670501375e+01
