1.007574928499540556e-01 5.703107582314557611e+00 3.509072626583999099e+00 2.841700576825686664e+00 1.359746678208196727e+03 6.298158063336665009e+02
3.168768982452465011e+01 5.644565639611005103e+00 3.361551097340180760e+00 2.904633138571977913e+00 1.357488892137455878e+03 6.072815026704205366e+02
3.398856229245426874e+01 8.060822154895934233e+00 4.234122067084029162e+00 3.394783032181032834e+00 1.406594641161303343e+03 6.140103192872094269e+02
5.233262283746152121e+01 7.437165431441563612e+00 4.282600656077729440e+00 3.330148700782540327e+00 1.445981008335613978e+03 6.088381250106921243e+02
1.027792368431998966e+02 8.015501735563450580e+00 4.428159352383369551e+00 3.319564455931427460e+00 2.018687133208820228e+02 8.272268051173817582e+01
1.495670175622715021e+02 8.113147001639886113e+00 4.469569412595267188e+00 3.399896515158876475e+00 2.035066331262627273e+02 7.657454130508514822e+01
1.990658333399856019e+02 8.005565192080387860e+00 4.610320874116769829e+00 3.370893522676850829e+00 3.760516377286219267e+02 7.960085389522556909e+01
2.594849638858769936e+02 8.327918820393444221e+00 4.644520776313235011e+00 3.363234049499844502e+00 3.607206772549517950e+02 1.482590365601296014e+02
3.002228959328392648e+02 8.517159558836180366e+00 4.960398176837262696e+00 3.582939820680381526e+00 3.722619810679862553e+02 1.377390048343480942e+02
3.586892995465951230e+02 8.472612853940471922e+00 4.751036272989392906e+00 3.725493624549691241e+00 3.422509961797697429e+02 1.362113249244885935e+02
4.076468610636001699e+02 9.348008369853586075e+00 4.790773108120404800e+00 3.564973308669187269e+00 3.589522110527718723e+02 1.498778323189285118e+02
4.781347147180053980e+02 9.810587895244925249e+00 5.262710435387218055e+00 3.751114092203913231e+00 3.491481561483959695e+02 1.413479195274560425e+02
6.012254623219462246e+02 1.061011974690133286e+01 5.414162674425901045e+00 4.259803389697491838e+00 3.464663571516877596e+02 1.472996187107691810e+02
6.557575279680078211e+02 1.067263891044673763e+01 6.139452366619677193e+00 4.338749382317318215e+00 7.481043434262065830e+02 3.177394590019876546e+02
7.813395385226966710e+02 1.127271562303290509e+01 6.067413817329935455e+00 4.320424629631088642e+00 7.200658934353928089e+02 3.006908678597505400e+02
8.863460375048773585e+02 1.148188760446952017e+01 6.117932221316514152e+00 4.770063736904098128e+00 7.569260512320922771e+02 3.055298797285163346e+02
9.854872091631084459e+02 1.169534475851741107e+01 6.186837000356372407e+00 4.807937468474609233e+00 7.039389900701057741e+02 3.168363144619530658e+02
1.143945506424651967e+03 1.148142029178316470e+01 6.474090595592606689e+00 4.862170191414031173e+00 7.245007240515525382e+02 2.990369434587901765e+02
1.254095839113239890e+03 1.204684378365145214e+01 6.220643492410131259e+00 4.796712947118749071e+00 7.588175796196157989e+02 3.140347525035957119e+02
1.311440258409490070e+03 1.143028508320724868e+01 6.289017699571755493e+00 4.812677041386749011e+00 7.722667704778608595e+02 3.160128588810882775e+02
1.356729163188280154e+03 1.234152929146744349e+01 6.835355829405734163e+00 4.852162200072961618e+00 7.137951110656832725e+02 3.146598641472966733e+02
1.622077848529389485e+03 1.234284198973718460e+01 6.772149938017363979e+00 5.180636211221645304e+00 7.204708445148457940e+02 3.011499805686802915e+02
1.737810171330153025e+03 1.223381677312113958e+01 6.622701378173164954e+00 4.930141248252708941e+00 8.329974595800639463e+02 3.060612735231730994e+02
1.983753674694640949e+03 1.274804241808078942e+01 7.043111381501328871e+00 5.275868120703085751e+00 8.054193192905561318e+02 3.099471667193247413e+02
2.287714447008940169e+03 1.294313479004144263e+01 6.873175331787326314e+00 5.092793199768094858e+00 7.882132593744837550e+02 3.079791214480453618e+02
2.279176452426707783e+03 1.337870828318744287e+01 7.158409356153914160e+00 5.607598819673112800e+00 7.849298422314292338e+02 3.171562250698516436e+02
2.608354038772911281e+03 1.351717585810755118e+01 6.963181307098638584e+00 5.400184741299607794e+00 8.285263513388476895e+02 3.093293291541069721e+02
2.551111526009336558e+03 1.320581836884349514e+01 6.994716019871888513e+00 5.569553082843523129e+00 8.146152817779911857e+02 3.270708913036938839e+02
2.899139087413794641e+03 1.342795932188527175e+01 7.134422742466462353e+00 5.530680678116212334e+00 8.093184706666615966e+02 3.224389507459951005e+02
3.023072723613875041e+03 8.082764717366275775e+00 0.000000000000000000e+00 9.998460146291090922e+00 7.821493416873097431e+02 2.971875662007255414e+02
3.060726932153803773e+03 7.978034418174832609e+00 0.000000000000000000e+00 1.034609986477416932e+01 5.682062257580186997e+04 0.000000000000000000e+00
3.186778839126777257e+03 8.719550733236520301e+00 0.000000000000000000e+00 9.690549297274175800e+00 5.534309682182735560e+04 0.000000000000000000e+00
3.083457190439204624e+03 8.532070276565075773e+00 0.000000000000000000e+00 1.042689003008806203e+01 5.621302176167471043e+04 0.000000000000000000e+00
3.394729559383951255e+03 9.071065351209378846e+00 0.000000000000000000e+00 1.019254062089721202e+01 5.750155888242836227e+04 0.000000000000000000e+00
3.307757938991971514e+03 8.646368123340042899e+00 0.000000000000000000e+00 1.039398977878397545e+01 5.629917673041638045e+04 0.000000000000000000e+00
3.610258440369384971e+03 9.198155842095355084e+00 0.000000000000000000e+00 1.119547408865021865e+01 5.924868016599330440e+04 0.000000000000000000e+00
3.553547195782694416e+03 9.480324470396290337e+00 0.000000000000000000e+00 1.111650021497700713e+01 5.854946093565746560e+04 0.000000000000000000e+00
3.498139938355848699e+03 9.413304379254945786e+00 0.000000000000000000e+00 1.099280249789006447e+01 5.846596198363649455e+04 0.000000000000000000e+00
3.809266240103623659e+03 9.609784964253911710e+00 0.000000000000000000e+00 1.110460626174682019e+01 5.545359095926659938e+04 0.000000000000000000e+00
3.838540659997984676e+03 9.150987087690500843e+00 0.000000000000000000e+00 1.123276530637330417e+01 5.808661066390064661e+04 0.000000000000000000e+00
3.888209874636067525e+03 9.111249922437595572e+00 0.000000000000000000e+00 1.126453734402816309e+01 5.815766735417180462e+04 0.000000000000000000e+00
4.123568113587117296e+03 9.796410982101312115e+00 0.000000000000000000e+00 1.195002491243048937e+01 5.609742316128584935e+04 0.000000000000000000e+00
4.227010247224267005e+03 9.462844197206241148e+00 0.000000000000000000e+00 1.189839177696237016e+01 5.850582495660167478e+04 0.000000000000000000e+00
4.091998450971490911e+03 9.511780396027475604e+00 0.000000000000000000e+00 1.180709247357981795e+01 5.732517273118191952e+04 0.000000000000000000e+00
4.276303578649240080e+03 1.023597729560249725e+01 0.000000000000000000e+00 1.188733087893227491e+01 5.838337307620772481e+04 0.000000000000000000e+00
4.664356894138834832e+03 9.819198002155470562e+00 0.000000000000000000e+00 1.217079412106990866e+01 5.854100126219011145e+04 0.000000000000000000e+00
4.510711711850950451e+03 9.993615365000675155e+00 0.000000000000000000e+00 1.216702182297739121e+01 5.809604040485044970e+04 0.000000000000000000e+00
4.606571556602290912e+03 1.007778996301350460e+01 0.000000000000000000e+00 1.240124399040008640e+01 6.060952695803915412e+04 0.000000000000000000e+00
4.581857319389923759e+03 9.942231781402481872e+00 0.000000000000000000e+00 1.195352198973917979e+01 5.809117657136974594e+04 0.000000000000000000e+00
4.932375892502790521e+03 1.064133912919371028e+01 0.000000000000000000e+00 1.158186482333178979e+01 5.821038191679368902e+04 0.000000000000000000e+00
4.990729457467976317e+03 1.024609059666681965e+01 0.000000000000000000e+00 1.201058864064990139e+01 5.550566598991642968e+04 0.000000000000000000e+00
5.136787397277060336e+03 1.021361122474058192e+01 0.000000000000000000e+00 1.182040550596745376e+01 5.787411756556025648e+04 0.000000000000000000e+00
5.194490557150586028e+03 1.070113794945154773e+01 0.000000000000000000e+00 1.199628923305708916e+01 5.841182703655437945e+04 0.000000000000000000e+00
4.964579933273883398e+03 1.140884796848855842e+01 3.585644109792553991e+00 1.286755639860090916e+01 4.370306684580127694e+02 8.292212983902246037e+01
5.321028213378291184e+03 1.126167721919108544e+01 3.433380096150429495e+00 1.260944414469410901e+01 4.295827070875582194e+02 8.702076911003597104e+01
5.225662682603900066e+03 1.154405949405865961e+01 3.464317231037140843e+00 1.247047080672263597e+01 4.607395835294171889e+02 8.242220775304106439e+01
5.149975386357004936e+03 1.130785090684193328e+01 3.733641954543888808e+00 1.263754725120741362e+01 4.590148696622853777e+02 8.299711113109385963e+01
5.372178072178491675e+03 1.158874978725296145e+01 3.686697245669632306e+00 1.347111659331547351e+01 4.178027802801351527e+02 8.600688021670285366e+01
5.362360894267956610e+03 1.139785714358930235e+01 3.695832780062038747e+00 1.315206807655689047e+01 4.573477630799920917e+02 8.451663636262387058e+01
5.632644937079414376e+03 1.097970155428071948e+01 3.688349414279775029e+00 1.274961395045038159e+01 4.529176405981321523e+02 8.910635086712844100e+01
5.855051819305625031e+03 1.152389531695309621e+01 3.731160404050800850e+00 1.318155358659447174e+01 4.135693903508744143e+02 8.330278831600895728e+01
5.591083272086060788e+03 1.129396767511334687e+01 3.706288116567774349e+00 1.317113899634285801e+01 4.413052637263870110e+02 8.215091114965186136e+01
6.003227662011282519e+03 1.115581649527017660e+01 3.821549168515579797e+00 1.247927753392401051e+01 4.186101990732244076e+02 8.446735114433694491e+01
6.175477658023925869e+03 1.130633254977021274e+01 3.739998045159345086e+00 1.365491925801728534e+01 4.420487918208760902e+02 8.521323188506511315e+01
6.397972286552138030e+03 1.112982229131285727e+01 3.750455822671897366e+00 1.293644915271117135e+01 4.505320498914656469e+02 8.326154881202036506e+01
6.309375881076024598e+03 1.166665757566721950e+01 3.514738393056547228e+00 1.248486185379160140e+01 4.165785264344661982e+02 8.431309887670398950e+01
6.394751443938505872e+03 1.110442382557464214e+01 3.712090982469857803e+00 1.303684749862957126e+01 4.109754552886324177e+02 8.608521623775942544e+01
