-1.443942594542509950e-01 6.056890696579079858e+00 3.283823666751496617e+00 2.884172745456646147e+00 1.343846023994716916e+03 5.877921705499090876e+02
3.336471933423359815e+01 5.763678369937053958e+00 3.482511301763237643e+00 2.784620648095273321e+00 1.447625506832393057e+03 6.016692201493888206e+02
3.254845058191106233e+01 7.693596884057058993e+00 4.437747288759496200e+00 3.210459997189590631e+00 1.467631278030303065e+03 5.965719742974836208e+02
5.191636916600080554e+01 7.718210613226108130e+00 4.334563902461761487e+00 3.318398492910054287e+00 1.373182884146833203e+03 6.264227736122885517e+02
1.022163331431185185e+02 7.557598671044424954e+00 4.362526658537684732e+00 3.403842816856186726e+00 2.063838615821704821e+02 8.345088914647348588e+01
1.502231640297547415e+02 8.446763907367339286e+00 4.502427854642429672e+00 3.416585874716482785e+00 2.092437818302826713e+02 8.295340334781856484e+01
1.920206733630052156e+02 8.289352085435199413e+00 4.622107626187728968e+00 3.630952964981221776e+00 3.606143827520383525e+02 8.256131428016806240e+01
2.518809965954042127e+02 8.045625593302005996e+00 4.731283751548011729e+00 3.363978584107207404e+00 3.452004002811964369e+02 1.374110427895477926e+02
2.965563465397184473e+02 8.892917153027891430e+00 4.880071978216710349e+00 3.715369072114221183e+00 3.525432699507110215e+02 1.376195892478586416e+02
3.372246116830716005e+02 8.484557030531425070e+00 4.873662488591926412e+00 3.652591361548589877e+00 3.759472694306346625e+02 1.406785975559743633e+02
3.996927709744807657e+02 8.523158150013333767e+00 4.844253530771186256e+00 3.471392004987413404e+00 3.511381861963016604e+02 1.437509674279100693e+02
4.855093013684136736e+02 9.765822095324102392e+00 5.158887525978839150e+00 4.048310339344719289e+00 3.534380522966881699e+02 1.482312808598489084e+02
5.840363786543730384e+02 1.024915134567912922e+01 5.403610629196389681e+00 4.294755925076274572e+00 3.772443705713039890e+02 1.420122332338139586e+02
6.664503002755300258e+02 1.112908719048627582e+01 5.758122347890536119e+00 4.330441709023807206e+00 7.619545764691009708e+02 3.056716305449601805e+02
8.122117340604651190e+02 1.096573682093278634e+01 6.255230350017103369e+00 4.549320107930180157e+00 7.456898562067314060e+02 3.151626756588220815e+02
8.911255584211008909e+02 1.072554994231304271e+01 6.275867178912279520e+00 4.483504115626326225e+00 7.136562721830703140e+02 3.203153413147285846e+02
1.016651048003896562e+03 1.126837541539712539e+01 6.352003010708027197e+00 4.654140062342388084e+00 7.305463664963288011e+02 3.137197850659144933e+02
1.078534124081463460e+03 1.105748266365810295e+01 6.584616535346879296e+00 4.544655741340850597e+00 7.399910518217409390e+02 3.218511686400715348e+02
1.160662171995992821e+03 1.216819727905309101e+01 6.611535779469203788e+00 4.942712414832169721e+00 7.259409136518772812e+02 3.104213125835019582e+02
1.284625445929045100e+03 1.143423261295894733e+01 6.825618813929250628e+00 4.989093626478765309e+00 7.371404070968624183e+02 3.145014804478433916e+02
1.454529017599663348e+03 1.177301948942205634e+01 6.408278276635700266e+00 4.636017104127393651e+00 7.077828906928209562e+02 3.010657644836326767e+02
1.612070089066583250e+03 1.174147829093169548e+01 6.463519446717951311e+00 4.861099175171592179e+00 7.110036061117856434e+02 2.993763720896790801e+02
1.869181649500988442e+03 1.235353344115335616e+01 6.516698985038445358e+00 4.893562722446983315e+00 7.929767112157417159e+02 3.118201481219319930e+02
1.954958621713544744e+03 1.308461426925646620e+01 7.197159632853195710e+00 5.423615250297896040e+00 7.911193907745912384e+02 2.976506116607459944e+02
2.096881372397935593e+03 1.303556502883947843e+01 7.299787305448062646e+00 5.174610625706147715e+00 7.870977271843740937e+02 3.245016594228653162e+02
2.235287669154628475e+03 1.370855296468756812e+01 6.759685408750891966e+00 5.525327085827665741e+00 7.717790381207114478e+02 3.221544638203833983e+02
2.553324269609453040e+03 1.291013497225399931e+01 6.976005191800685346e+00 5.485146282749150615e+00 7.799292111794709399e+02 3.226063759687213519e+02
2.484553651928670206e+03 1.314168810540803278e+01 7.056090607387479174e+00 5.698686800500060379e+00 7.926176908555287355e+02 3.100280977530096607e+02
2.884858334377585379e+03 1.310083271866668575e+01 7.648553545475722082e+00 5.865538684514643997e+00 8.045664043830786341e+02 3.254931449104013836e+02
2.971017018773714426e+03 8.251149121195101799e+00 0.000000000000000000e+00 9.395600824217938296e+00 7.972822998710732918e+02 2.980176138810462589e+02
2.976288714700131550e+03 8.302085629420338009e+00 0.000000000000000000e+00 9.698966587849589871e+00 5.650624724958748993e+04 0.000000000000000000e+00
3.014336684550734390e+03 8.209573085066761422e+00 0.000000000000000000e+00 1.003581209169172617e+01 5.987347719818194309e+04 0.000000000000000000e+00
3.118264786742773140e+03 8.526201370125058077e+00 0.000000000000000000e+00 1.042986881064855709e+01 5.943363541091841762e+04 0.000000000000000000e+00
3.328459686001129285e+03 8.369780657863122642e+00 0.000000000000000000e+00 1.094655721981775010e+01 5.863319164528621332e+04 0.000000000000000000e+00
3.373874293537990525e+03 8.708790573416230529e+00 0.000000000000000000e+00 1.012601055488926249e+01 5.801092062233021716e+04 0.000000000000000000e+00
3.420934239363753932e+03 8.510998583357222813e+00 0.000000000000000000e+00 1.056208427304939335e+01 5.957441737938444567e+04 0.000000000000000000e+00
3.696103041821404531e+03 9.041648242846571648e+00 0.000000000000000000e+00 1.080286995738836886e+01 6.021650057018202642e+04 0.000000000000000000e+00
3.766976345453706472e+03 9.017503025049846244e+00 0.000000000000000000e+00 1.138960601647869453e+01 5.551686979927164793e+04 0.000000000000000000e+00
3.821970369087200652e+03 9.728332877789979349e+00 0.000000000000000000e+00 1.120346121164890363e+01 5.940060257588324021e+04 0.000000000000000000e+00
4.059490538316370021e+03 8.967629478712488833e+00 0.000000000000000000e+00 1.117982695349969013e+01 6.060440174514533282e+04 0.000000000000000000e+00
4.143270897226203488e+03 9.374342723942788780e+00 0.000000000000000000e+00 1.124302094705502775e+01 6.062994749772063369e+04 0.000000000000000000e+00
4.043307104470764443e+03 1.001997667143455750e+01 0.000000000000000000e+00 1.099555472139351409e+01 5.565362047250910837e+04 0.000000000000000000e+00
4.376432959593773376e+03 9.197096684221202523e+00 0.000000000000000000e+00 1.167373149063165627e+01 5.589717917940051120e+04 0.000000000000000000e+00
4.175755478561694872e+03 9.864543504093125748e+00 0.000000000000000000e+00 1.141511614799831520e+01 6.043804698023765377e+04 0.000000000000000000e+00
4.429488235618239742e+03 1.032276154361728082e+01 0.000000000000000000e+00 1.201118341116104737e+01 5.882630752165353624e+04 0.000000000000000000e+00
4.264762670708852966e+03 9.713173612746066610e+00 0.000000000000000000e+00 1.149255229640081843e+01 5.822470525618206739e+04 0.000000000000000000e+00
4.601849039614251524e+03 1.029738618301759701e+01 0.000000000000000000e+00 1.225714797563340852e+01 5.794564411243671202e+04 0.000000000000000000e+00
4.762070226850999461e+03 1.035562100597899438e+01 0.000000000000000000e+00 1.158995358514583174e+01 5.958876140565709647e+04 0.000000000000000000e+00
4.727919964976740630e+03 1.057599372498420642e+01 0.000000000000000000e+00 1.196424201717164593e+01 5.879901183881780162e+04 0.000000000000000000e+00
5.054277305993653499e+03 1.067982442792313869e+01 0.000000000000000000e+00 1.230291789514817147e+01 5.935581820186752157e+04 0.000000000000000000e+00
4.938684477087656887e+03 1.054126817784346315e+01 0.000000000000000000e+00 1.205667723981385819e+01 5.690915121293650009e+04 0.000000000000000000e+00
5.074504982711695448e+03 1.058662220741864246e+01 0.000000000000000000e+00 1.251909725814073759e+01 5.659559985249962483e+04 0.000000000000000000e+00
4.902723488716141219e+03 1.003985102775824245e+01 0.000000000000000000e+00 1.206840453277449576e+01 5.895668683552626317e+04 0.000000000000000000e+00
5.205785268750282739e+03 1.125187028030435066e+01 3.548592405637932767e+00 1.333206766671518473e+01 4.508305974595284624e+02 8.563787298086361943e+01
5.099847183418499299e+03 1.066886773251508913e+01 3.343953646108432487e+00 1.314655095325321277e+01 4.242294374977327607e+02 8.582405198818356951e+01
5.078927603298094255e+03 1.125942353239806160e+01 3.558269566219033120e+00 1.274208152558024487e+01 4.451995772120136508e+02 8.307696401512266959e+01
5.121576586184954976e+03 1.106555956904692728e+01 3.668159416599983569e+00 1.310309068383220499e+01 4.355923470918789917e+02 8.171173722679826312e+01
5.355164858831031779e+03 1.136626592776932476e+01 3.500789065225051733e+00 1.316388135510409896e+01 4.274860598525424962e+02 8.182398929166332380e+01
5.586287688863518269e+03 1.104644032645282792e+01 3.556367991794332273e+00 1.314118613316652606e+01 4.438050098881304848e+02 8.228155408490057710e+01
5.543469910465388239e+03 1.069819765920913568e+01 3.482221117685997847e+00 1.281910479052929830e+01 4.397288272069621939e+02 8.637106097192190646e+01
5.672107560176780680e+03 1.133047742583869244e+01 3.792790013759738343e+00 1.294602171272327062e+01 4.414586871578515002e+02 8.687306644491819441e+01
5.992922669661332293e+03 1.104921818941641476e+01 3.693766829302880694e+00 1.277881644715358078e+01 4.535470921394217498e+02 8.271645080098817004e+01
6.167910674807614669e+03 1.161396373204142485e+01 3.490868918306444524e+00 1.357660513387833667e+01 4.392218320812239085e+02 8.889731586269166996e+01
6.373095822071064504e+03 1.080965174434499865e+01 3.496720388094460397e+00 1.309829108159912892e+01 4.297660532412700150e+02 8.701591080874898410e+01
5.921558971644920348e+03 1.109189389209191390e+01 3.677792752298525425e+00 1.355083639665331141e+01 4.369195197309829837e+02 8.115008666249219971e+01
6.224351970630583310e+03 1.146705462375994955e+01 3.499429087007442707e+00 1.299631869005503049e+01 4.444272210229377720e+02 8.281553632029142875e+01
6.321569554367581986e+03 1.116055199610590876e+01 3.510815481800783733e+00 1.262513528156593168e+01 4.439379108972289032e+02 8.481268912342858357e+01
