4.840850261622874351e-01 6.008628306033087618e+00 3.194904154594457868e+00 2.838735776485584505e+00 1.469323508352056024e+03 6.051247891239863748e+02
3.109509778575398187e+01 6.051336737263208754e+00 3.367245758861244997e+00 2.707743748147104501e+00 1.392554519851559007e+03 6.046803164837941722e+02
3.257111553025295336e+01 7.682009696281563826e+00 4.309858217132127578e+00 3.401094364875755893e+00 1.419844483309304223e+03 5.865458576383298350e+02
5.156411245174585645e+01 7.759596545001175905e+00 4.235447080399162623e+00 3.197199818129796700e+00 1.395566954478747448e+03 6.270039197028754643e+02
1.028402213917898393e+02 8.230113120051768760e+00 4.442060963960993369e+00 3.249940202649505672e+00 1.962469896109549836e+02 8.362017142528992508e+01
1.459894344661794321e+02 7.827531246855358837e+00 4.320750082790726587e+00 3.279724030832254389e+00 1.984394071716977805e+02 8.337480927175533907e+01
2.044183232371117356e+02 8.513023263635192350e+00 4.719301508901511788e+00 3.627482999016922616e+00 3.599655432477895829e+02 7.802620397365541294e+01
2.514253702621827529e+02 8.627724466681993221e+00 4.625865994638373557e+00 3.562782483728063276e+00 3.619078529492627467e+02 1.449432142467067877e+02
3.047461681463100831e+02 8.542792474529006697e+00 4.923006290812821817e+00 3.615470254401820238e+00 3.556087223725727426e+02 1.449043785283598993e+02
3.503265595885805510e+02 8.985958552418823686e+00 4.782567878071231071e+00 3.700384086909093373e+00 3.685846954212049127e+02 1.453395182438987376e+02
4.148324998646505719e+02 8.605769582730463441e+00 4.788795326805784569e+00 3.800973797876724181e+00 3.435065759509849954e+02 1.485228420990415259e+02
5.049299408408896852e+02 9.871265410136874863e+00 5.165401710916505351e+00 3.871668087410845782e+00 3.675262151410005913e+02 1.467719673946066621e+02
6.133762076694565621e+02 9.895724985220546444e+00 5.446865405810398464e+00 4.103090662843583480e+00 3.541519921405329683e+02 1.359191468775409817e+02
6.651158807892084042e+02 1.051462723255070486e+01 5.889624937223954859e+00 4.150576929195672449e+00 7.475482033252798146e+02 3.191105002133390371e+02
7.674442312973681055e+02 1.138547223368565220e+01 6.429746250613427527e+00 4.573694525978111436e+00 7.046878920299012634e+02 3.130564609003829446e+02
9.377965721045628698e+02 1.152274895286866752e+01 6.199281851428324330e+00 4.581590273526716217e+00 7.541617593575575711e+02 3.005933406773652905e+02
9.974145938647881167e+02 1.119909184544902736e+01 6.307158572310535227e+00 4.772563883615850600e+00 7.167146903845041379e+02 3.160903578219372889e+02
1.081054692110033557e+03 1.192146932644511459e+01 6.710620845738882068e+00 4.473814971013648112e+00 7.415452831556473257e+02 2.972646385161026501e+02
1.183835039285906078e+03 1.129227175348596113e+01 6.616306733671577511e+00 4.832720815766029077e+00 7.499811096544491420e+02 3.265348695783489461e+02
1.310334135985676312e+03 1.141802464863728162e+01 6.595475193944809966e+00 4.908544477830616870e+00 7.737899929519395528e+02 3.263551044545190507e+02
1.399965003334818221e+03 1.162496221827059273e+01 6.392730221891631537e+00 4.664094326974347560e+00 7.544221515972134284e+02 3.173082650368672262e+02
1.607782599562267478e+03 1.250438357895154340e+01 6.932004505736941269e+00 5.225026126562599238e+00 7.732311818672632171e+02 3.014087316146387252e+02
1.719586352891331217e+03 1.279620296465914109e+01 6.863831552483790510e+00 5.054865169115417167e+00 7.935701743635380581e+02 3.062864324857717975e+02
2.059867336532458012e+03 1.221492558643896942e+01 7.043441780407814434e+00 5.371168776145987422e+00 8.069914047244049016e+02 3.174385145071400416e+02
2.100850691504011138e+03 1.311270585471781835e+01 7.304040470133151608e+00 5.461450682734964701e+00 8.249370342238339617e+02 3.202411341310238413e+02
2.288691176184372125e+03 1.283254785760715500e+01 6.881718963700736325e+00 5.368046822717213118e+00 7.767792934442385331e+02 3.165930037416983396e+02
2.527051380443810558e+03 1.340715372451752607e+01 7.351580281849457776e+00 5.307354339295480727e+00 7.687786604740205121e+02 3.145345403600651935e+02
2.669998882551315091e+03 1.400701604932674726e+01 6.990508178298163067e+00 5.710201952754855093e+00 7.864976046969765093e+02 3.111810024681377627e+02
3.042327386756929627e+03 1.390694883058379716e+01 7.374781268206811013e+00 5.496676512841008666e+00 8.047639387443584837e+02 3.247936881639974445e+02
2.839838365841888390e+03 7.845615036258736019e+00 0.000000000000000000e+00 9.792895128208465749e+00 7.656883526396361503e+02 3.086491579141056150e+02
2.959016712983936031e+03 8.206191211149445053e+00 0.000000000000000000e+00 9.775279685447106459e+00 5.500045360731609253e+04 0.000000000000000000e+00
2.948166483694478757e+03 8.243032028359509766e+00 0.000000000000000000e+00 1.029740581762394491e+01 5.708604446575191105e+04 0.000000000000000000e+00
3.171560240669816721e+03 8.260614895784188505e+00 0.000000000000000000e+00 1.005442397730781323e+01 5.939302646423556871e+04 0.000000000000000000e+00
3.256217356728787308e+03 8.506047564153229601e+00 0.000000000000000000e+00 1.054516961245667872e+01 5.725551744444994256e+04 0.000000000000000000e+00
3.275661700396490232e+03 9.131637332116856243e+00 0.000000000000000000e+00 1.081165436533733626e+01 5.837091534284083173e+04 0.000000000000000000e+00
3.447176442733365548e+03 8.975725688682350878e+00 0.000000000000000000e+00 1.082835733197783945e+01 5.690837325915459223e+04 0.000000000000000000e+00
3.634813817953050602e+03 9.439963139991855101e+00 0.000000000000000000e+00 1.119362691905894458e+01 5.590810252559219953e+04 0.000000000000000000e+00
3.725849575667594308e+03 9.201800621462840724e+00 0.000000000000000000e+00 1.102997344183213357e+01 5.817272792214393849e+04 0.000000000000000000e+00
3.653293394120230005e+03 8.985768874264589812e+00 0.000000000000000000e+00 1.119825991362698048e+01 5.601803393344060896e+04 0.000000000000000000e+00
3.779847145014809030e+03 9.800095974639452479e+00 0.000000000000000000e+00 1.082473381755763420e+01 5.874471007947219914e+04 0.000000000000000000e+00
3.929823010736459764e+03 9.809226420297665783e+00 0.000000000000000000e+00 1.085198679793463405e+01 6.071054735389513371e+04 0.000000000000000000e+00
4.134575675406443224e+03 9.329940250517275047e+00 0.000000000000000000e+00 1.175289653719094751e+01 5.504427066449352424e+04 0.000000000000000000e+00
4.273951959043005445e+03 9.372282043727581780e+00 0.000000000000000000e+00 1.201915358281843993e+01 5.716078750561501511e+04 0.000000000000000000e+00
4.254767050034806743e+03 9.403898280899060325e+00 0.000000000000000000e+00 1.207039298331885391e+01 5.682831973359894619e+04 0.000000000000000000e+00
4.405970314479098306e+03 9.562091867009595347e+00 0.000000000000000000e+00 1.200967141478070133e+01 5.644109602045011707e+04 0.000000000000000000e+00
4.489069750364822539e+03 9.955069738860480300e+00 0.000000000000000000e+00 1.155899598192312006e+01 5.937194058935098292e+04 0.000000000000000000e+00
4.619695152699081518e+03 9.549816783450857827e+00 0.000000000000000000e+00 1.238202580716031243e+01 5.808948470164015453e+04 0.000000000000000000e+00
4.769470913577550164e+03 9.772872319187756673e+00 0.000000000000000000e+00 1.151265860967896693e+01 5.831899920648224361e+04 0.000000000000000000e+00
4.911954262297567766e+03 9.760032812145094994e+00 0.000000000000000000e+00 1.140403751849972380e+01 5.928127902433698910e+04 0.000000000000000000e+00
4.787839562835292782e+03 1.000257329373504334e+01 0.000000000000000000e+00 1.157429098541296320e+01 5.878071914535920951e+04 0.000000000000000000e+00
5.003826412954641455e+03 1.049352747714448242e+01 0.000000000000000000e+00 1.237471466830836242e+01 5.590371779291123676e+04 0.000000000000000000e+00
5.208627022742697591e+03 1.068525711573459880e+01 0.000000000000000000e+00 1.202927412232473614e+01 5.862332881100926897e+04 0.000000000000000000e+00
5.405424588732085795e+03 1.028336223193766408e+01 0.000000000000000000e+00 1.241873922289842724e+01 5.826264418084868521e+04 0.000000000000000000e+00
4.967071478378207757e+03 1.137279419916474410e+01 3.517761365151947928e+00 1.307652090194488892e+01 4.369336638094553678e+02 8.307354642415849355e+01
4.972400472023603470e+03 1.082407533560891899e+01 3.656591408050290593e+00 1.225616816294840916e+01 4.235016946497548247e+02 8.815298415225042561e+01
5.456088246440428520e+03 1.116706811815086020e+01 3.549191553426012113e+00 1.257349416426871080e+01 4.441454896754986521e+02 8.537031917563443528e+01
5.337637339675357907e+03 1.111956513303161209e+01 3.538230890617316327e+00 1.322311040339905652e+01 4.540806595031640995e+02 8.698642335686304250e+01
5.479022382176082829e+03 1.095435304584349190e+01 3.649235534854110341e+00 1.268452142015710038e+01 4.276571608795192674e+02 8.599734577086034903e+01
5.685600923830113970e+03 1.093668433450528887e+01 3.604241016571577916e+00 1.262266485413862149e+01 4.337129063094194521e+02 8.879535128311690073e+01
5.445757737323892798e+03 1.070879032748617021e+01 3.742506961284330469e+00 1.297836484618275144e+01 4.171197067802784204e+02 8.873306303400458717e+01
5.707744298500485456e+03 1.166451864715518560e+01 3.609653558266823214e+00 1.294766328673226852e+01 4.173950791104156792e+02 8.495299870298703127e+01
6.042550721276471450e+03 1.101800736946314885e+01 3.705660612755865113e+00 1.346895346022760442e+01 4.460620295334736625e+02 8.528833468308744159e+01
5.825316581674766894e+03 1.091688747850587227e+01 3.567133938628523904e+00 1.266895570688818040e+01 4.413160476037937769e+02 8.134976373917506010e+01
6.243653929178838553e+03 1.102696840880684270e+01 3.678438089046588200e+00 1.304643313423638240e+01 4.226550510257188193e+02 8.886004524929042248e+01
6.241517428186102734e+03 1.170250496114889849e+01 3.571740491904656256e+00 1.263141266560844400e+01 4.109301603643923499e+02 8.372792892014982158e+01
6.210025957741745515e+03 1.127709849134713416e+01 3.503602115111749349e+00 1.249489267377805746e+01 4.097564529596681382e+02 8.577386901075092851e+01
6.497982098679724004e+03 1.113192208936495753e+01 3.817473423480368666e+00 1.334196548962182582e+01 4.419507819228969083e+02 8.632615540183138592e+01
