3.080089474269868122e-01 5.555950349283512502e+00 3.475732205655769569e+00 2.743039362532380565e+00 1.385274239141189810e+03 6.029128350212346277e+02
3.108422689445757214e+01 5.810804291194835436e+00 3.293233536453994859e+00 2.937670869250127215e+00 1.376096839041773592e+03 6.002731689399987545e+02
3.450239505980008659e+01 7.904423930818873956e+00 4.269258407271074418e+00 3.220508403854575263e+00 1.402522497981417246e+03 5.735292267938528994e+02
4.759121639347961263e+01 7.552874253969482865e+00 4.298875158806420238e+00 3.404857383832780471e+00 1.402926280568256061e+03 6.137541453150589632e+02
1.027658742098673201e+02 8.031383138944994116e+00 4.486891738238197647e+00 3.526199968651988481e+00 2.093969399949107242e+02 8.286504679674064278e+01
1.453088552105521387e+02 7.880643910388472229e+00 4.613124839732670956e+00 3.561807118066179889e+00 1.993046211680016313e+02 8.215416937051440982e+01
1.899244739361087682e+02 8.286651160792672499e+00 4.664880806652934808e+00 3.561809666131086072e+00 3.471647573779885647e+02 8.132788906383602523e+01
2.624832855053722938e+02 8.029671579663252956e+00 4.528880292456251233e+00 3.418867676366035280e+00 3.736173498195467459e+02 1.412044594465804721e+02
2.851360811869043346e+02 8.749244356227496411e+00 4.822227633121667800e+00 3.570015288693321853e+00 3.428659602154922936e+02 1.391115629107463292e+02
3.641823799068715175e+02 8.997417074220820155e+00 4.982847564072122815e+00 3.594362270506652468e+00 3.759210367320231398e+02 1.431185167493303254e+02
4.066491733987144244e+02 8.523712764846024470e+00 5.008493669659747738e+00 3.532294584854497987e+00 3.701948515247654541e+02 1.491945550422320537e+02
4.840346934748549756e+02 9.479842643494707843e+00 5.123778384051087542e+00 4.007063504536946930e+00 3.461273201509428077e+02 1.425326199496002744e+02
5.766279318887980025e+02 1.026368851372818192e+01 5.464085740750102893e+00 4.314988309071556394e+00 3.583253804196495480e+02 1.390377375043283905e+02
6.796219513594911632e+02 1.083283732117437381e+01 5.949867409619311154e+00 4.461177280390851152e+00 7.059363040760879358e+02 3.140782218699479813e+02
8.101555954763274485e+02 1.092666920114913864e+01 5.829394371001862751e+00 4.480993592309332918e+00 7.337949084592227109e+02 2.978619280798758950e+02
8.908361138574621236e+02 1.142538068488494574e+01 6.481212641207540592e+00 4.532392899061030711e+00 7.476576930462891823e+02 3.261701440036389386e+02
1.029814670237755990e+03 1.139896471907888298e+01 6.674658091965203432e+00 4.741478419061357918e+00 7.143166070097155398e+02 3.180157469331729203e+02
1.051121389772255043e+03 1.200375488622613673e+01 6.136783675832124807e+00 4.754830447543233696e+00 7.098878234299814949e+02 3.190448101551090190e+02
1.186126224235715199e+03 1.225810424190887282e+01 6.811071151272341417e+00 4.815823697782022350e+00 7.121707596647878518e+02 2.967531813449195965e+02
1.257281961756273176e+03 1.156136443839415229e+01 6.625837457801260655e+00 4.822433375536348876e+00 7.114828840330039839e+02 2.987186027331373452e+02
1.413311694730223962e+03 1.139524151610497960e+01 6.297660000365088884e+00 5.030463134344710596e+00 7.151718559081331250e+02 3.098033038086318243e+02
1.631450560843629319e+03 1.277449938337098700e+01 6.686534395842114620e+00 5.000459323437782544e+00 7.454424755180975808e+02 3.109905060328074455e+02
1.752063117994512140e+03 1.232608906245086189e+01 6.687704353734428508e+00 5.195538345129247837e+00 8.341094627835648225e+02 3.015086454099419484e+02
1.954841810617907186e+03 1.249874686838242255e+01 7.112983670170045514e+00 5.139728159156957688e+00 7.697588834591388149e+02 3.135133236698850965e+02
2.110961421031783175e+03 1.299317474201059497e+01 7.216277791620600901e+00 5.059753443171122633e+00 8.020263006456076482e+02 2.976335588151257525e+02
2.330236478740364419e+03 1.283960834099680959e+01 7.061493295947372850e+00 5.298444614585427814e+00 7.993853905168341498e+02 3.246708893630643615e+02
2.541851656330100468e+03 1.326514768779694009e+01 7.148587582361395576e+00 5.272492802880917928e+00 7.604875018146223056e+02 3.267966622010453079e+02
2.660311489653274293e+03 1.336480214677111888e+01 7.364971503900252792e+00 5.839343602314176707e+00 8.399761387255525733e+02 3.242502819064178539e+02
2.846461512835475332e+03 1.437751435990622184e+01 7.512244147281474049e+00 5.402618188176151470e+00 8.397641008975657542e+02 3.188762284823195046e+02
3.011972852986602447e+03 8.049892839882128115e+00 0.000000000000000000e+00 9.477344299894712165e+00 7.695771202780558724e+02 2.986844271982007513e+02
2.937373093872045956e+03 7.934270585396007824e+00 0.000000000000000000e+00 9.532513142254261496e+00 5.707814487946833833e+04 0.000000000000000000e+00
2.967117559324651211e+03 8.126475337458634485e+00 0.000000000000000000e+00 9.710437912535301308e+00 5.724070533044343756e+04 0.000000000000000000e+00
3.264206588311474661e+03 8.345903986817210907e+00 0.000000000000000000e+00 9.939741857228373334e+00 5.551310887876806373e+04 0.000000000000000000e+00
3.264370187126779911e+03 8.408964150473238419e+00 0.000000000000000000e+00 1.073388910080646141e+01 6.068547271132397873e+04 0.000000000000000000e+00
3.354917330569020123e+03 9.216733393581799660e+00 0.000000000000000000e+00 1.057788148627701474e+01 5.575181105819428194e+04 0.000000000000000000e+00
3.313887973431878436e+03 8.973290657390759151e+00 0.000000000000000000e+00 1.048183822744828575e+01 5.669935654407079710e+04 0.000000000000000000e+00
3.398417510402141033e+03 8.981210509884986593e+00 0.000000000000000000e+00 1.069927040353174696e+01 5.756515016330034996e+04 0.000000000000000000e+00
3.709274478542512952e+03 9.049039165145078556e+00 0.000000000000000000e+00 1.121912861479076540e+01 5.989935851110320073e+04 0.000000000000000000e+00
3.796393437047308453e+03 9.742452249583942958e+00 0.000000000000000000e+00 1.123492474383879092e+01 5.780466978466173168e+04 0.000000000000000000e+00
3.679249795653966430e+03 9.080077309259108276e+00 0.000000000000000000e+00 1.090563669148632187e+01 5.987164271293148340e+04 0.000000000000000000e+00
4.041530496629336994e+03 9.815004323770743611e+00 0.000000000000000000e+00 1.092880795336503041e+01 5.942191149917551957e+04 0.000000000000000000e+00
3.986398239650651249e+03 1.004157557996632555e+01 0.000000000000000000e+00 1.140155032887966335e+01 5.856728469187853625e+04 0.000000000000000000e+00
4.368754833922851503e+03 9.405246354617107230e+00 0.000000000000000000e+00 1.204249897971778793e+01 5.999643372323115182e+04 0.000000000000000000e+00
4.179938041022482139e+03 1.007746286319265749e+01 0.000000000000000000e+00 1.162068679787042313e+01 5.591997976585022843e+04 0.000000000000000000e+00
4.275168108565804687e+03 1.025665702716290006e+01 0.000000000000000000e+00 1.126921994179778785e+01 5.821016888757438574e+04 0.000000000000000000e+00
4.385878711429346367e+03 9.427212760160628591e+00 0.000000000000000000e+00 1.196559900629603490e+01 5.812970436289617646e+04 0.000000000000000000e+00
4.371973979401288489e+03 9.909563471454761796e+00 0.000000000000000000e+00 1.232296912707525038e+01 5.588274140302852175e+04 0.000000000000000000e+00
4.828608214990564193e+03 1.013488159724837701e+01 0.000000000000000000e+00 1.143666334629218895e+01 5.744032464552340389e+04 0.000000000000000000e+00
4.658108761081275588e+03 1.002502087680198528e+01 0.000000000000000000e+00 1.199286666863385165e+01 5.790718736327406805e+04 0.000000000000000000e+00
4.704269904606179807e+03 9.744145068330029247e+00 0.000000000000000000e+00 1.234307451121915555e+01 5.661710351981493295e+04 0.000000000000000000e+00
4.800365169957976832e+03 1.045843644043652709e+01 0.000000000000000000e+00 1.183918991429633039e+01 5.514528947580078238e+04 0.000000000000000000e+00
5.132563668953093838e+03 1.063781829166758541e+01 0.000000000000000000e+00 1.160379519773944423e+01 5.588061056821059901e+04 0.000000000000000000e+00
5.032553122228843677e+03 1.008551325148786404e+01 0.000000000000000000e+00 1.202222972232181242e+01 5.725851174726652243e+04 0.000000000000000000e+00
5.355603473789674354e+03 1.061358044455016980e+01 3.390831336607650126e+00 1.297625858651288056e+01 4.440807012234669742e+02 8.679478367047983056e+01
5.169765272454565093e+03 1.068442738347581766e+01 3.494337196014412061e+00 1.279990842065706858e+01 4.454511797060371805e+02 8.643780441041367624e+01
5.331382307300833418e+03 1.071330785178753331e+01 3.564046311387511601e+00 1.271382701802202675e+01 4.448408927165677937e+02 8.786908776002860577e+01
5.556556581250103591e+03 1.134849878083931252e+01 3.535851316044913872e+00 1.315998098340447520e+01 4.326605907557482169e+02 8.097387701993925191e+01
5.380002916577450378e+03 1.070752759737756499e+01 3.516478543119539335e+00 1.255069213532946826e+01 4.523768663626923967e+02 8.709572352381655946e+01
5.757305726917109496e+03 1.168101993843917974e+01 3.729248387715207169e+00 1.287923797200724607e+01 4.475935233764638497e+02 8.406585959349847315e+01
5.442014927326615179e+03 1.094833090475491488e+01 3.710786903819505156e+00 1.347450785042768295e+01 4.440969457644725367e+02 8.137406669639530321e+01
5.942772068252463214e+03 1.071417821697453832e+01 3.617078401743371696e+00 1.260412219508189402e+01 4.398702429044899418e+02 8.112511778898753789e+01
5.769925028616566124e+03 1.086390651451629807e+01 3.547346107945536176e+00 1.329085122431028765e+01 4.317256492564478663e+02 8.075925237878324481e+01
5.934169933198290892e+03 1.102746097623919219e+01 3.510612419111609928e+00 1.311335816618681882e+01 4.428642734714330800e+02 8.509043861762208394e+01
6.043794034589424882e+03 1.074414217411316663e+01 3.597117888022648202e+00 1.351486473259030063e+01 4.453429899575419881e+02 8.272444852328763432e+01
6.059080378417334032e+03 1.136806786787944823e+01 3.624664452848241680e+00 1.337594085147851075e+01 4.150965817554510977e+02 8.656373854621955388e+01
6.568334654536930429e+03 1.077803663483968144e+01 3.646023263631069433e+00 1.361780006667096643e+01 4.458752252908081459e+02 8.419363054510378674e+01
6.250694764832037436e+03 1.145010856670256416e+01 3.487925026525457106e+00 1.371210648509995345e+01 4.214729223696430154e+02 8.392609818325270510e+01
