-1.468418059155263133e-01 6.055252125573238331e+00 3.459375470259383079e+00 2.934832166603281500e+00 1.340729735919199811e+03 6.182958578133758465e+02
3.143443778514095399e+01 5.697224195871182673e+00 3.261458773847528025e+00 2.678500480553753338e+00 1.408915661072423291e+03 6.060460590334247399e+02
3.400211856935652577e+01 7.525580585244495246e+00 4.542717465615087491e+00 3.210056950162324174e+00 1.347192598018070612e+03 6.065061357542654150e+02
5.109682624913311599e+01 8.144384648729579013e+00 4.376896457966692466e+00 3.233481441209905771e+00 1.354362460834532840e+03 5.710471458017470923e+02
1.015292838162788485e+02 7.816637832722762802e+00 4.279814669726844656e+00 3.497152909306726176e+00 2.015328376864208622e+02 7.799345258761167088e+01
1.497747203770659041e+02 8.469339928630336800e+00 4.375382379403598421e+00 3.384337711309760355e+00 1.947218662037250283e+02 8.243666015761384358e+01
1.981570246387258010e+02 8.498841727250619371e+00 4.546722638604346223e+00 3.385364387170985978e+00 3.771320495122824923e+02 7.737712990863097673e+01
2.617127644937681339e+02 8.685888728722531482e+00 4.530734151445625635e+00 3.645981123827395809e+00 3.424283613556380033e+02 1.399123623069728808e+02
3.003502012794293137e+02 8.761181774381805454e+00 4.886219092461385749e+00 3.709308143670887237e+00 3.556508859347678140e+02 1.407642992212694253e+02
3.661269662471477204e+02 8.549934371960459245e+00 5.076758887848608737e+00 3.554401218446719302e+00 3.607445309948050749e+02 1.371266923603425028e+02
4.145413582447505974e+02 8.739418994230922166e+00 4.754607476088957618e+00 3.481864943654862099e+00 3.701682722786346176e+02 1.450973817749826935e+02
4.969779292382725089e+02 9.766313974793442654e+00 5.473152930076119915e+00 3.875050541535026039e+00 3.473789541445138411e+02 1.369390184095078382e+02
6.254973609418866545e+02 9.917454115417951854e+00 5.386426996181205240e+00 4.264053434904909956e+00 3.746662605621281159e+02 1.403065700038334569e+02
6.786608433616554521e+02 1.121515877547770934e+01 5.869894811706111604e+00 4.153811558531432802e+00 7.223791377028593388e+02 3.269841608673021938e+02
8.376883752469990441e+02 1.134146086319201174e+01 6.048783884650941189e+00 4.593617923325675534e+00 7.225195660383861878e+02 3.172917086836009162e+02
8.826074368271644062e+02 1.108212779493328881e+01 6.346306888587479378e+00 4.671673874783540015e+00 7.412240819189522654e+02 3.104335401834859454e+02
1.019997226330050353e+03 1.128245776315110582e+01 6.104077921678402241e+00 4.674477552561902449e+00 7.731850713054437847e+02 3.102483156548843795e+02
1.049094516777086483e+03 1.131015103273939282e+01 6.247543582025351760e+00 4.707163656850013922e+00 7.259692182896786790e+02 3.124316431474207434e+02
1.227829359007224866e+03 1.163522857436603353e+01 6.232617233576683624e+00 4.915575639277859565e+00 7.317437467268823639e+02 3.062711247407153792e+02
1.274301551321309944e+03 1.189863784337351937e+01 6.666673221367110713e+00 4.873754431978357005e+00 7.074015585287359045e+02 3.212587221845121235e+02
1.355918591831183676e+03 1.225861153014703220e+01 6.627104583312562802e+00 4.943720369845679308e+00 7.450158998421001115e+02 3.036918823696435652e+02
1.569964303956394815e+03 1.200144464667659072e+01 6.560244534685669926e+00 5.171426415488685535e+00 7.494129315791166164e+02 3.274679687337561518e+02
1.745812120654208002e+03 1.243440200233357018e+01 6.617928198618428404e+00 5.258641125459194932e+00 7.856087047401074415e+02 2.984288821517566817e+02
2.022888585410797532e+03 1.237954059109854832e+01 6.695421474414693819e+00 5.276479072723870622e+00 8.264794186173061235e+02 3.034616870932393340e+02
2.188740428801627331e+03 1.354661909621260918e+01 7.076054021496858581e+00 5.519544746807508950e+00 8.124555407163441032e+02 3.030733770151688873e+02
2.225185222223310575e+03 1.296936507377263048e+01 7.389599446142000261e+00 5.474756639485949705e+00 8.296925074704508916e+02 3.166611406839825804e+02
2.612538738427587759e+03 1.315102580168328039e+01 7.430006005558237980e+00 5.657438021498400360e+00 8.392353039607241953e+02 2.998555901984450998e+02
2.631660805934507607e+03 1.419391266847564914e+01 7.111716110329092011e+00 5.752539421731396097e+00 8.151427760574322292e+02 3.148571563510507758e+02
2.845317678610223993e+03 1.365824225317107299e+01 7.237184885695889136e+00 5.697946883465186296e+00 8.030168620037626397e+02 2.967945062705928763e+02
2.949433849591629496e+03 7.956162121256777020e+00 0.000000000000000000e+00 9.474299501942420321e+00 7.849527354874988987e+02 3.045786829016445836e+02
3.006835369400022500e+03 8.014340310527071409e+00 0.000000000000000000e+00 9.968998053248844471e+00 5.661881445903763233e+04 0.000000000000000000e+00
2.919559345302863676e+03 8.777932065894658464e+00 0.000000000000000000e+00 9.874829407596779518e+00 5.653634776487729687e+04 0.000000000000000000e+00
3.040204500321794967e+03 8.295007972300137311e+00 0.000000000000000000e+00 1.047480787985156070e+01 5.609313794149079331e+04 0.000000000000000000e+00
3.221296480153586799e+03 8.595998512543166825e+00 0.000000000000000000e+00 1.078380843638341169e+01 5.797238346374649700e+04 0.000000000000000000e+00
3.481517717300289405e+03 8.962921765084955084e+00 0.000000000000000000e+00 1.069719346318580300e+01 5.632617810566931439e+04 0.000000000000000000e+00
3.505797880851620448e+03 8.885781021000163094e+00 0.000000000000000000e+00 1.091396408009984675e+01 5.561455099100146617e+04 0.000000000000000000e+00
3.497999207556254078e+03 8.898430275901921149e+00 0.000000000000000000e+00 1.057153990154859180e+01 5.552423833919388562e+04 0.000000000000000000e+00
3.688173515281035634e+03 9.544009703516747933e+00 0.000000000000000000e+00 1.059764266040597214e+01 5.740370504351141426e+04 0.000000000000000000e+00
3.791036381938315571e+03 9.679861574136236158e+00 0.000000000000000000e+00 1.059581411747200086e+01 5.581553166245824104e+04 0.000000000000000000e+00
3.906804651486793318e+03 9.754164661838782280e+00 0.000000000000000000e+00 1.165108587325336487e+01 5.967075499443859007e+04 0.000000000000000000e+00
4.066308967241980099e+03 9.357353368103073166e+00 0.000000000000000000e+00 1.077432273758421211e+01 5.950129555197201989e+04 0.000000000000000000e+00
3.893398842374478136e+03 9.459727154046507991e+00 0.000000000000000000e+00 1.190323870278787233e+01 5.522607553962968814e+04 0.000000000000000000e+00
4.338919369043082042e+03 9.554481431955311521e+00 0.000000000000000000e+00 1.175085367833537831e+01 5.848784876243681356e+04 0.000000000000000000e+00
4.287681803423393831e+03 9.624233842591220167e+00 0.000000000000000000e+00 1.155385042620645919e+01 5.645281767056960962e+04 0.000000000000000000e+00
4.170814627029901203e+03 9.784779314632416458e+00 0.000000000000000000e+00 1.168059254368708366e+01 5.819812656489911751e+04 0.000000000000000000e+00
4.272070301680096236e+03 1.017130607819405341e+01 0.000000000000000000e+00 1.205642862194563669e+01 5.683546103985164518e+04 0.000000000000000000e+00
4.445261024517098122e+03 1.019710245913099023e+01 0.000000000000000000e+00 1.176757858476237395e+01 5.768181824121005775e+04 0.000000000000000000e+00
4.501728759094743509e+03 1.002983631412261900e+01 0.000000000000000000e+00 1.202956594577476324e+01 5.763996276230961666e+04 0.000000000000000000e+00
4.942882995042700713e+03 9.709497466237111851e+00 0.000000000000000000e+00 1.199607257717738484e+01 5.860165425444349967e+04 0.000000000000000000e+00
4.935316780886174456e+03 1.041364644674349549e+01 0.000000000000000000e+00 1.166137261229418876e+01 5.766466231650653936e+04 0.000000000000000000e+00
4.826747768862446719e+03 1.047225924975442624e+01 0.000000000000000000e+00 1.218915579773146263e+01 5.976215261351656955e+04 0.000000000000000000e+00
5.322726303364204796e+03 1.065263257336601832e+01 0.000000000000000000e+00 1.242925238807904975e+01 5.856085674667685089e+04 0.000000000000000000e+00
5.262421333108163708e+03 1.001573495959873839e+01 0.000000000000000000e+00 1.211743168552919059e+01 5.697373191959562973e+04 0.000000000000000000e+00
4.943591433265632077e+03 1.091054598003432830e+01 3.486711268225898053e+00 1.334194783511889426e+01 4.548820522817277379e+02 8.749720194358302194e+01
5.093150007376553731e+03 1.156997777029997643e+01 3.580232393370121002e+00 1.260102590889037621e+01 4.600390631968212460e+02 8.651115689252350194e+01
5.239336859264632949e+03 1.057719253479410959e+01 3.497529029186158933e+00 1.267221330218769815e+01 4.650150139226053057e+02 8.149842145844257857e+01
5.108865454482204768e+03 1.124682315136628219e+01 3.440741621425671859e+00 1.248402533178137830e+01 4.294357553247538135e+02 8.785187504229902800e+01
5.246490774460208740e+03 1.077730615698592054e+01 3.695319918463485731e+00 1.245385872269930161e+01 4.588661786864709029e+02 8.340097632524860671e+01
5.311343040542336894e+03 1.109881172903733493e+01 3.658825045236231421e+00 1.246538820771573342e+01 4.566094762821412587e+02 8.766216789303861390e+01
5.509326158936844877e+03 1.150312453447285677e+01 3.586768960239866022e+00 1.311076063250652091e+01 4.284519814000930751e+02 8.292188078610384139e+01
5.600814895943221927e+03 1.094848603691073663e+01 3.581756872547314785e+00 1.333372323033788831e+01 4.248941414420896763e+02 8.461265213063613544e+01
6.100118056740491738e+03 1.123317582032059470e+01 3.504217999462216238e+00 1.268946992958720443e+01 4.360316191359969480e+02 8.307656101286451644e+01
5.710819146808741607e+03 1.113642000906682838e+01 3.723264409501465977e+00 1.264331959252022486e+01 4.301083194058866752e+02 8.622445889422793641e+01
6.367001019946993438e+03 1.175741945893677887e+01 3.644243756077635510e+00 1.266591400302004189e+01 4.240798101170301493e+02 8.189836274706989627e+01
5.976685870780484947e+03 1.147443057350175977e+01 3.532142283916245962e+00 1.286225120081495099e+01 4.150966602005999562e+02 8.484827430704942230e+01
6.524146929052030828e+03 1.130378043023902990e+01 3.661325705884192594e+00 1.287360836205400716e+01 4.203617522349044862e+02 8.611082156445108637e+01
6.386382563608120108e+03 1.071863975233648780e+01 3.568334651453054729e+00 1.372469729089289636e+01 4.257989091015408007e+02 8.829642113388671021e+01
