3.073853214962080083e-01 6.019822529798593003e+00 3.467543406439604681e+00 2.824826212794821156e+00 1.347617711462321495e+03 5.861378484047738766e+02
3.188299308035667323e+01 5.624469720200504064e+00 3.246489619856966602e+00 2.799651770243531512e+00 1.343027040561595413e+03 5.796054936074029911e+02
3.283879405785494754e+01 7.463440814227289444e+00 4.183912178170255736e+00 3.341753574394457971e+00 1.381322989908397403e+03 6.292245480662395494e+02
5.115974882491765641e+01 7.719482999861887684e+00 4.245196141446356819e+00 3.246811769350121502e+00 1.348347427601941490e+03 5.857201599540002235e+02
1.023454508474634110e+02 8.144417273128597756e+00 4.331989536778004357e+00 3.490593127794849426e+00 1.958936025420897806e+02 7.829110284328660896e+01
1.445581867069860778e+02 8.463406707832035636e+00 4.607555466452826209e+00 3.586354742792170924e+00 2.045257523236069517e+02 7.896109654505372077e+01
2.008262002648810380e+02 7.888268428327222637e+00 4.401115537474291628e+00 3.474109640135096377e+00 3.774631339624464204e+02 7.688357247039490971e+01
2.509255401492138446e+02 8.748049233394390001e+00 4.622919938330876555e+00 3.642279443053455079e+00 3.518064194090182468e+02 1.441209474397858230e+02
3.007937351722119956e+02 8.319013266250355088e+00 4.561269085142109603e+00 3.415950369599136671e+00 3.448524859604108315e+02 1.415795380653079292e+02
3.494730119186210686e+02 8.870675334445158100e+00 4.825210350634355549e+00 3.418924813171321908e+00 3.630899161475348365e+02 1.434806698266926617e+02
4.207329708768539831e+02 9.098014431311794326e+00 5.179405102417474538e+00 3.494170237428166459e+00 3.750088385011245578e+02 1.404239630935635716e+02
5.119220234476064775e+02 9.362516087340678084e+00 5.521548162313748342e+00 3.829717278897282640e+00 3.551136818461721418e+02 1.368281272069339423e+02
5.730828698362189471e+02 1.046688784759003532e+01 5.657648576782681182e+00 3.977531387539308572e+00 3.644143695940776979e+02 1.377245848951570508e+02
6.759377782931258025e+02 1.122339150763856708e+01 6.113543828948058589e+00 4.241472745727667082e+00 7.339774926257674679e+02 3.200682745663490891e+02
7.808528538613264800e+02 1.087965813623847922e+01 6.247968298123771191e+00 4.630207907143582879e+00 7.218291888143108963e+02 2.997103446924692776e+02
8.766077710073044500e+02 1.094604457961260380e+01 6.432388991732482353e+00 4.424013016706606294e+00 7.396591854463441678e+02 3.160916182571912714e+02
1.040827373143774366e+03 1.137683809696851434e+01 6.267811406424023346e+00 4.510181914782576129e+00 7.529962378870270641e+02 3.160378706452761435e+02
1.085412722767380046e+03 1.144170028667963734e+01 6.231898694307264286e+00 4.477500806824213697e+00 7.392390959695214860e+02 3.073443031872114375e+02
1.149143891722774697e+03 1.177787400228009140e+01 6.637500633103632808e+00 4.755093858356233660e+00 7.099342095218784152e+02 3.000021444042385497e+02
1.239678912435260827e+03 1.216790529136271992e+01 6.457048482688540147e+00 4.697676798627811401e+00 7.148203609191838268e+02 3.092114838765892841e+02
1.416181410077401551e+03 1.246780330667336401e+01 6.589423682476547306e+00 4.741805276861995821e+00 7.390462687128851940e+02 3.097820667329233970e+02
1.610478083487428194e+03 1.262319797193937099e+01 7.025709538990932757e+00 5.213983450566684219e+00 7.437995783213444838e+02 3.074700782833183439e+02
1.716204998759714044e+03 1.217963195923353759e+01 6.512204154164164649e+00 5.059573005354474518e+00 7.672131971841600944e+02 3.075749422268775675e+02
2.069691562966249421e+03 1.232891554990870908e+01 7.189455407110813212e+00 5.370691900334444213e+00 7.605875459972240833e+02 3.067275085695129633e+02
2.170906524527214970e+03 1.275392700913491772e+01 7.101896521823981345e+00 5.183301542479304302e+00 8.291447291639503874e+02 3.156080237838799007e+02
2.360566039764520610e+03 1.302913447485850718e+01 6.792211477120336127e+00 5.222926537822111470e+00 7.859716630379272146e+02 3.062135582634788875e+02
2.565826253067852122e+03 1.368818096680238128e+01 7.201471922399208303e+00 5.362965263132166704e+00 7.750739189915548195e+02 3.260211563252312317e+02
2.552772372181177161e+03 1.318424475373160831e+01 7.379152287189850057e+00 5.808160351511819641e+00 7.707416635688680344e+02 3.107904179545907937e+02
2.998250563430903640e+03 1.427301523166324770e+01 7.223978461932155426e+00 5.724758129614348157e+00 8.223950238158212187e+02 3.153588594502177784e+02
2.899960800144342556e+03 7.708316334644822021e+00 0.000000000000000000e+00 9.585773658094876026e+00 8.088967285053744263e+02 3.190396349960826683e+02
2.885875526370017269e+03 7.899802995345345025e+00 0.000000000000000000e+00 1.006545032793994032e+01 5.890777192432996526e+04 0.000000000000000000e+00
3.194110577892250149e+03 8.356036529410152625e+00 0.000000000000000000e+00 9.980129665244488635e+00 5.700838469491917203e+04 0.000000000000000000e+00
3.086547847203951278e+03 8.910908873327018753e+00 0.000000000000000000e+00 9.995938387883770204e+00 5.952107265697771072e+04 0.000000000000000000e+00
3.370526955737057051e+03 8.303804859397491356e+00 0.000000000000000000e+00 1.043317189002503120e+01 5.510572804360235023e+04 0.000000000000000000e+00
3.336123005936750360e+03 8.843537172851874573e+00 0.000000000000000000e+00 1.057019770129748970e+01 5.659118313028511329e+04 0.000000000000000000e+00
3.551793813298427267e+03 8.644874913532127891e+00 0.000000000000000000e+00 1.109088725491589500e+01 5.681927279739030200e+04 0.000000000000000000e+00
3.605046566940317462e+03 9.366462959456427484e+00 0.000000000000000000e+00 1.110782540975768562e+01 5.938186572714179783e+04 0.000000000000000000e+00
3.570046078291404683e+03 8.727631038395456287e+00 0.000000000000000000e+00 1.118990573679503164e+01 5.947641808545000822e+04 0.000000000000000000e+00
3.929911186707252000e+03 9.437869390703719219e+00 0.000000000000000000e+00 1.074895268465958154e+01 5.636049890824603790e+04 0.000000000000000000e+00
3.727979024945023866e+03 9.256435173328643629e+00 0.000000000000000000e+00 1.108457477493963594e+01 5.605041187926495331e+04 0.000000000000000000e+00
3.886401574285388961e+03 9.157744212920889026e+00 0.000000000000000000e+00 1.151062330504854891e+01 5.860173375811481674e+04 0.000000000000000000e+00
3.911987494343610251e+03 9.896018404047113748e+00 0.000000000000000000e+00 1.140707392651624197e+01 5.953171774885766354e+04 0.000000000000000000e+00
4.363076365976924535e+03 9.238451031154358617e+00 0.000000000000000000e+00 1.137136288826039277e+01 5.814925423908334051e+04 0.000000000000000000e+00
4.089423201278701072e+03 9.786686699141027290e+00 0.000000000000000000e+00 1.191307746760038810e+01 5.712481181452201417e+04 0.000000000000000000e+00
4.553535506153678398e+03 9.467035748907639103e+00 0.000000000000000000e+00 1.171972567030370982e+01 5.755315403929800959e+04 0.000000000000000000e+00
4.432450444993470228e+03 1.003383651327076009e+01 0.000000000000000000e+00 1.155192119518971339e+01 5.792005329456812615e+04 0.000000000000000000e+00
4.525251042118602527e+03 9.493731992414456755e+00 0.000000000000000000e+00 1.152106943809422468e+01 5.845982174235479033e+04 0.000000000000000000e+00
4.895617504043334520e+03 1.019115690647576677e+01 0.000000000000000000e+00 1.240975335642680655e+01 5.997128323377122433e+04 0.000000000000000000e+00
4.611402469825532535e+03 1.045740513209961264e+01 0.000000000000000000e+00 1.172801782588935637e+01 5.586933955047895870e+04 0.000000000000000000e+00
4.854757266487438756e+03 1.057461651818744564e+01 0.000000000000000000e+00 1.178580955364633454e+01 5.614262921617993561e+04 0.000000000000000000e+00
5.153853031011744861e+03 9.914338518465662276e+00 0.000000000000000000e+00 1.221255068916572384e+01 5.603008060527090856e+04 0.000000000000000000e+00
5.292055172106517603e+03 1.054779941665358933e+01 0.000000000000000000e+00 1.245101054359200887e+01 5.729320526789991709e+04 0.000000000000000000e+00
4.983647769463032091e+03 1.048160604564451148e+01 0.000000000000000000e+00 1.215192730036429047e+01 5.646308733031997690e+04 0.000000000000000000e+00
5.122804178368948669e+03 1.107586620440227065e+01 3.573634377461668787e+00 1.230910747588695386e+01 4.506380104744844175e+02 8.719453483196127763e+01
5.327857560110548548e+03 1.058757972942827408e+01 3.481921381308566321e+00 1.317033588944025269e+01 4.648407764986966981e+02 8.520798697259215260e+01
5.352593949589802833e+03 1.064233384809026184e+01 3.615075484997361421e+00 1.262288381385415903e+01 4.632887861079523191e+02 8.820896202920044971e+01
5.506086738701319518e+03 1.073379726197608441e+01 3.514584848447895649e+00 1.294397352818737446e+01 4.181385258541114354e+02 8.576812559342828024e+01
5.725108638601862367e+03 1.113640715738220166e+01 3.738044851758089315e+00 1.271572799168669654e+01 4.242557469374709171e+02 8.075220997325807559e+01
5.789739164992449332e+03 1.162588174320827328e+01 3.640887477836654451e+00 1.353517159367287448e+01 4.457474940457174739e+02 8.806023937434554227e+01
5.926880023507749684e+03 1.121571664259082191e+01 3.637847291990057297e+00 1.244029206159938461e+01 4.419847056306455784e+02 8.217556987620167774e+01
5.556487628252638387e+03 1.123214622077693114e+01 3.655875377317518105e+00 1.239740354943521616e+01 4.333727913411530608e+02 8.113615575368298494e+01
5.612284397233580421e+03 1.149495580292232688e+01 3.471962051410843575e+00 1.286542223580034339e+01 4.407787595166626602e+02 8.557396751057420659e+01
5.771076722023368347e+03 1.079879010329760725e+01 3.641453667695615959e+00 1.349532663100561436e+01 4.244981940045637430e+02 8.158515239513135953e+01
5.911740114295474086e+03 1.171724397941914475e+01 3.590891982737396404e+00 1.330205169301518353e+01 4.490203513712280596e+02 8.583025068864276363e+01
6.200760643568074556e+03 1.153895252416679185e+01 3.723972016501087001e+00 1.282063611772967171e+01 4.291641758031243512e+02 8.445512374712710368e+01
6.165611352952334528e+03 1.088744604791965642e+01 3.609338869675243533e+00 1.267786588679373594e+01 4.303267630422697039e+02 8.338920998685627239e+01
6.492198910667611017e+03 1.096714942863660802e+01 3.713615834675263905e+00 1.253936583160840179e+01 4.321703453014024490e+02 8.277817301337125855e+01
